-1.103464321940123873e-02
5.296212098867109606e-03
5.399986203752266123e-02
3.606832974053039015e-02
3.386782730284990106e-02
-3.379770195028026364e-02
-8.939897905310416615e-01
-1.254930093454837525e+00
-3.562525230570706691e-01
1.004468651534257823e-01
2.354387772718900540e-01
2.346566524617977323e-01
-8.917821946495263497e-02
-2.478533972467118762e-03
8.208503362221816757e-02
1.300193179559646917e-01
1.265233515952658705e-01
1.152752311736350010e-01
9.789190894128678433e-02
9.483881443248341758e-02
6.617873556444142658e-02
1.122375869724709652e-01
9.129167411726592241e-02
4.231086658166401809e-02
5.219132371073618992e-02
5.907912230831741801e-02
-7.188743679204516457e-02
-3.789304293413772035e-02
9.270883523484971245e-03
3.149247899903541426e-02
5.746547386317553407e-02
8.384652517199722710e-02
6.663608683824170931e-02
-1.009033144225268908e+00
-3.033512260838740371e+00
-7.770333094745465186e-01
-9.064685501268529566e-02
-1.541855171055532270e-01
1.770425972713953744e-01
-4.466963481382213441e-02
-2.952483643570161242e-01
-4.923223595456607815e-02
1.402443798804466901e-01
4.270601941106577093e-01
4.976790679722116195e-01
4.639582218380451928e-01
-3.018495298800745463e-02
-3.037462483687679640e-02
7.542720833618082876e-02
2.173202725767282018e-01
2.437015016261494249e-01
2.186369476590250827e-01
-2.503309569505465237e-01
-1.397490514827843811e+00
-2.270213679702413612e-01
2.127762398870695626e-01
3.550941767370477953e-01
2.295987241397746403e-01
1.940692537187642952e-01
2.879162910063440273e-01
2.719928024939559097e-01
2.419869089914317983e-01
-1.848048711007620193e-01
-2.570505449981401180e-01
1.243296352506184088e-01
2.996697769953399204e-01
3.452430221770445562e-01
3.536205487051075624e-01
3.566665301690704615e-01
2.829330041056041245e-01
7.440063297483832938e-02
8.346316661330509257e-02
1.824349300056385959e-01
2.115402234457199326e-01
1.515223542020795455e-01
1.631618566626109323e-01
2.171872646934148721e-01
2.500055120102523953e-01
1.422300846638496763e-01
2.911014128999110662e-02
1.612880637413312834e-01
1.540121418720702962e-01
6.868315070006687784e-02
9.859144104791657537e-02
1.820277524750954223e-01
2.017857212184749061e-01
2.941165374441755409e-01
3.007699403149409756e-01
2.351467030772435296e-01
2.699858746049154656e-01
2.640948584921762321e-01
2.671859714962180887e-01
1.877192630992911004e-01
1.551359827467604369e-01
2.006547421411136456e-01
2.255910319591369340e-01
2.246249658515804271e-01
2.825144877981081715e-01
3.201030911423531355e-01
2.606356082940762819e-01
2.439748791933826766e-01
1.939123678887381130e-01
1.581585344189609110e-01
1.722665878635823988e-01
1.373104782923657285e-01
2.107477163455912517e-01
2.832043369813322942e-01
3.397357476978076773e-01
4.119690985481524459e-01
3.599235122601385228e-01
2.263416834630901653e-01
5.729885572548357175e-02
-1.542537132523237597e-02
-7.544131132565683462e-01
-1.235584842025713170e+00
-3.770717019894795907e-01
1.562683428092506432e-01
3.731117235159853718e-01
8.943648469650465616e-02
-7.017706208012713942e-02
3.710526031088873244e-01
6.023650054999170056e-01
6.038840231461676256e-01
4.499802108196278017e-01
3.084269694777633797e-01
-8.551332236867260905e-02
3.479346953685519273e-01
6.085088612378701800e-01
6.043680823397845625e-01
6.082235284360564265e-01
6.776383892509246776e-01
6.429622193061564905e-01
-5.369151770812436997e-01
-8.976965833645886850e-01
2.664800806745289963e-01
6.701322553242934355e-01
6.065835484355391882e-01
6.801979083299206641e-01
7.762095989088241277e-01
8.372988216607244460e-01
7.598755533209965440e-01
-3.745887802479560547e-01
-1.790196369147333044e+00
1.160376217547097605e-01
7.807797065224990618e-01
9.465990967066870709e-01
9.201955362712628261e-01
9.118971131736650637e-01
9.484417685753330218e-01
9.587933276771720692e-01
7.593184957376990507e-01
7.288487950557056561e-01
6.579215224494810998e-01
5.647381799678977687e-01
5.744907223991599921e-01
5.132475210799787302e-01
4.920918674640553103e-01
5.454165258938841188e-01
6.385757442451773791e-01
6.888108058220030472e-01
7.630328275744040489e-01
7.769813880657707728e-01
8.049261984181423912e-01
9.245704409944530688e-01
9.038872481623878574e-01
9.181386905490673822e-01
8.831563380347124959e-01
8.758203120465331004e-01
8.787594756415731956e-01
9.031835848905452879e-01
9.396147438892569204e-01
9.700372616718910823e-01
1.000884279761579121e+00
1.013132631869956946e+00
1.013110557063024775e+00
9.995071987403728597e-01
9.868634183472946297e-01
9.774063879587795434e-01
9.844193787590517219e-01
9.855368532264597858e-01
9.948323011598315668e-01
1.012671200452470277e+00
1.038960787858454582e+00
1.080273680279734139e+00
1.131651224780739984e+00
1.145955200490468062e+00
1.171308210040457265e+00
1.163174354469728611e+00
1.173561615051923912e+00
1.161909796473471257e+00
1.154914219507872986e+00
1.154241167267809454e+00
1.168558130891082181e+00
1.189175750922684571e+00
1.216574501582150081e+00
1.262981722381978145e+00
1.293390386591419361e+00
1.323898895899721762e+00
1.328688799370490559e+00
1.311777075742397880e+00
1.287998108936565522e+00
1.280512085688382484e+00
1.276180755794274813e+00
1.277400434003381768e+00
1.293324872845086349e+00
1.322758892005676312e+00
1.353143135520076257e+00
1.357073502195678127e+00
1.364629986422787322e+00
1.371084698806335211e+00
1.354966295753110561e+00
1.343637647247459821e+00
1.337561338957479862e+00
1.341988580738742165e+00
1.349243990792798442e+00
1.363259710568639704e+00
1.396310135162431187e+00
1.422183660617979406e+00
1.434774997457043622e+00
1.428243901663481363e+00
1.414291434653249802e+00
1.397601018221014790e+00
1.394414292370316222e+00
1.393995018957976839e+00
1.390229940343665760e+00
1.393316114803009098e+00
1.395352476292894828e+00
1.407482773034675283e+00
1.428125252226834174e+00
1.446978669527693606e+00
1.458142730164352141e+00
1.456750162579590224e+00
1.453285992401685434e+00
1.438167958219700449e+00
1.432218846739641283e+00
1.413155462167193566e+00
1.405497802516916472e+00
1.408458919081325700e+00
1.412834860038287843e+00
1.429723433019121748e+00
1.453744774306283905e+00
1.464233872088835930e+00
1.478661577064617649e+00
1.456782455989874103e+00
1.427777457963274266e+00
1.407199748006374485e+00
1.386635705801569252e+00
1.380767912718915191e+00
1.375473960383228444e+00
1.384935057179359941e+00
1.403611626071812779e+00
