-6.776173862313344997e-04
-9.149907746972707088e-04
2.777098228518955474e-03
7.788315895163926139e-03
1.122684092640543162e-02
1.010628892223796454e-02
-4.752655572641859699e-02
-1.707462245010032131e-01
-2.485346696735948324e-01
-2.413231314790048043e-01
-2.012636090689316481e-01
-1.575565755524824252e-01
-1.378357390426526718e-01
-1.328566001145069508e-01
-1.182907078918561256e-01
-9.732916559356441510e-02
-7.571533515847465867e-02
-5.683478136983359519e-02
-4.122540092405106715e-02
-2.804332676065293684e-02
-1.782951586339655281e-02
-7.173701018530702356e-03
3.978035286849770924e-03
1.008868954271513810e-02
1.363509072794843839e-02
1.796233552703708700e-02
1.435595902022231314e-02
5.863507863296354983e-03
2.983077028660062382e-03
4.404775967795543021e-03
8.568223956246397849e-03
1.547234887896337119e-02
2.223276846886342029e-02
-3.857791042918774088e-02
-2.789560242577336369e-01
-4.740150189101364209e-01
-4.835886402904623349e-01
-4.586300974905818673e-01
-4.199755892192176265e-01
-3.803290965733837070e-01
-3.724902808308315771e-01
-3.646636442710926573e-01
-3.322992133554689698e-01
-2.746921989314210499e-01
-2.017334409556157393e-01
-1.331979093043977325e-01
-1.026959405015302473e-01
-1.024033054600002046e-01
-9.536345067016824273e-02
-7.404493735700720669e-02
-4.478523380122814701e-02
-1.793103435793783410e-02
-2.340200959443369463e-02
-1.250181950829836464e-01
-2.103655898393639312e-01
-1.954902674858056688e-01
-1.487122968994083749e-01
-1.059154230115578188e-01
-7.616288367868483122e-02
-4.519815330136318920e-02
-1.252122499075645351e-02
1.472526446500253133e-02
1.190298453982238311e-02
-1.892270794470187270e-02
-2.754578398334192602e-02
-3.109006010037645290e-03
3.190991726199091105e-02
6.705463299929911858e-02
9.996417190239378914e-02
1.258779937240725733e-01
1.328472332660329269e-01
1.283091578149518353e-01
1.310111868787754430e-01
1.410477341845923771e-01
1.483523910683536839e-01
1.525449312482712039e-01
1.605294015488787640e-01
1.730504400812462318e-01
1.798873369237858622e-01
1.733005387905678374e-01
1.692154340292669756e-01
1.726308929118990643e-01
1.702263971551713495e-01
1.651889286475939078e-01
1.675106214819157002e-01
1.756389449037095429e-01
1.899437612437941125e-01
2.087322190506907260e-01
2.223812709680010047e-01
2.334720350011889878e-01
2.454007173275616627e-01
2.563606554961775363e-01
2.618818022796545186e-01
2.606722486157075358e-01
2.607453899052263324e-01
2.651020588299995429e-01
2.706057305604537278e-01
2.793112196667913438e-01
2.930108383194088284e-01
3.041777148842274570e-01
3.102156539754137299e-01
3.119413597499147706e-01
3.087241193346287327e-01
3.048485232056014627e-01
3.001448267014283910e-01
2.985584317102068508e-01
3.058449917211832902e-01
3.201937257456022312e-01
3.410749349263992869e-01
3.612048285640519496e-01
3.686843424046950535e-01
3.578755390554196336e-01
3.342805959519623005e-01
2.634724492223342041e-01
1.277896537150999545e-01
2.947823257363767213e-02
2.046609018399012797e-02
5.508657560532288777e-02
8.107514500624363185e-02
7.878653385326009340e-02
9.467986171502051906e-02
1.481498771681052651e-01
2.100647790787368852e-01
2.573517901707025324e-01
2.834280893774144827e-01
2.754135828161552446e-01
2.728785915547030649e-01
3.112581614867186985e-01
3.609642822603134071e-01
4.066639706761991380e-01
4.532669160361196825e-01
4.980568267030187068e-01
4.650595008791691964e-01
3.468773121062233566e-01
2.905285389086046388e-01
3.294857515957835270e-01
3.838260977995586187e-01
4.344592865983453733e-01
4.909556750355856813e-01
5.520352305995221975e-01
6.069350217411922932e-01
5.835814317973383458e-01
4.120454368690870117e-01
2.932168909851263217e-01
3.328839867487269344e-01
4.164621122921525753e-01
5.004126666489234765e-01
5.752424577017073437e-01
6.457249055940195159e-01
7.133032889870698501e-01
7.639827634695254277e-01
7.978805927219964067e-01
8.235217902563410908e-01
8.379676261949878802e-01
8.472322404346224189e-01
8.531570886052203262e-01
8.544475271729078392e-01
8.582919442638125007e-01
8.710622175534937783e-01
8.915597437712632356e-01
9.181669180681065745e-01
9.480212746465226381e-01
9.783371725683942532e-01
1.015528882958409040e+00
1.055577550123267372e+00
1.092521461435679520e+00
1.125619497826935822e+00
1.154161805222325921e+00
1.180750147855307297e+00
1.207457909120452033e+00
1.236223928079398737e+00
1.267180562550278111e+00
1.299835512946740490e+00
1.332938924146279236e+00
1.364670080987251399e+00
1.393641965952039818e+00
1.419402352000048939e+00
1.442486614190426009e+00
1.464317558371671435e+00
1.485564429669381958e+00
1.506442588425280560e+00
1.527964964185950292e+00
1.551072830279624837e+00
1.577027700988217429e+00
1.607052418193035015e+00
1.639097085112067864e+00
1.671599342744228389e+00
1.703110327110109345e+00
1.732990746660271197e+00
1.761090156778016391e+00
1.786620575812881695e+00
1.810463272038417060e+00
1.834043018560164606e+00
1.858612563875589041e+00
1.884857140029503553e+00
1.914184380949051745e+00
1.946423511503182713e+00
1.980443156874508670e+00
2.014537182311504804e+00
2.045942258778966405e+00
2.073269733307139262e+00
2.097500368539731319e+00
2.120016586915625556e+00
2.141481578408489295e+00
2.163196117255069328e+00
2.186790125156779396e+00
2.212916523968682103e+00
2.239787898222808327e+00
2.266082808352168687e+00
2.291999558425683592e+00
2.316132181785442334e+00
2.337666540430255235e+00
2.357424042526440999e+00
2.376497431155893736e+00
2.395706144254595049e+00
2.415607982899699913e+00
2.437689736022154996e+00
2.462393884196472982e+00
2.488279605082528434e+00
2.513334957656355506e+00
2.536113917305873766e+00
2.556238947210588197e+00
2.574619835343386676e+00
2.592336407769043394e+00
2.609391650943093222e+00
2.626070343472759472e+00
2.642721686496145139e+00
2.659904577652364210e+00
2.678661210419586602e+00
2.699224058983003438e+00
2.720867509105320270e+00
2.742302112895851351e+00
2.762721930576911955e+00
2.781391369688645199e+00
2.798374362401577109e+00
2.813529025369892356e+00
2.826972926978714273e+00
2.840142651522016948e+00
2.853737942254725102e+00
2.868562315158563525e+00
2.885646965851733636e+00
2.904365798851133107e+00
2.924062161375833302e+00
2.942652375107196683e+00
2.957760307343602069e+00
2.969810562007808130e+00
2.979540820727268002e+00
2.988045874478209907e+00
2.996281445679752853e+00
3.005195361640531804e+00
3.016113589179571175e+00
