-3.556426306255668912e+00
-3.544107740585517696e+00
-3.561484622279160739e+00
-3.552735119752634674e+00
-3.545070219181475579e+00
-3.526133269888942046e+00
-3.561580905008581155e+00
-3.553681196904959094e+00
-3.545232904142650021e+00
-3.530325106857530315e+00
-3.503675928721934341e+00
-3.455340004406789234e+00
-3.423500271413305818e+00
-3.417433107283138760e+00
-3.380544172394158053e+00
-3.295140101709575831e+00
-3.115625283014344937e+00
-2.704230258739602100e+00
-1.279477632124112585e+00
-1.268855245871773718e+01
-5.836793691193184586e+00
-4.625896449732730176e+00
-4.210834246315515728e+00
-4.162524026827679968e+00
-4.168771103693583058e+00
-4.109224054153781225e+00
-4.440457848898731186e+00
-1.232042429596891964e+01
8.152218928072596071e+00
-8.510965427134806305e+00
-4.927850593092102827e+00
-4.228867659836570425e+00
-4.024913077934886729e+00
-3.385301078337084490e+00
-3.525234695292164933e+00
-3.527341810837727021e+00
-3.511334785744959497e+00
-3.490193759556758035e+00
-3.462541708596207801e+00
-3.431319432281516146e+00
-3.419931621589978654e+00
-3.406680435182002586e+00
-3.369663458316079385e+00
-3.276734858703420628e+00
-2.987375152108925569e+00
-8.789666420066031272e-01
4.122319236215137295e-01
-2.351142829215309149e+00
-2.515075971575783331e+00
-1.791732326004293885e+00
-3.389152250632328389e+01
-5.494725917099839485e+00
2.909734107512159085e+02
-3.252584209208795762e+00
-3.360216603823974246e+00
-3.291920791789566536e+00
-3.082763698772475358e+00
-2.565219927113630671e+00
-1.325456431029256699e+00
-1.323710041027575990e+01
-5.066457633074432643e+00
-4.497944413873157465e+00
-5.127457148887966554e+00
-1.017418957729231188e+00
-1.770210972623140755e+00
-8.846603778015257546e+00
-4.478422158971385514e+00
-4.089400530625511010e+00
-3.945803151075944371e+00
-3.883010019929049150e+00
-3.888341562640918347e+00
-3.924823015606946797e+00
-3.917174373894334316e+00
-3.876727877649398302e+00
-3.852439880005397832e+00
-3.837728300790235192e+00
-3.811081628006541600e+00
-3.777824137457014064e+00
-3.761305055229172023e+00
-3.769804473314423809e+00
-3.768111939454264814e+00
-3.749414412730657009e+00
-3.743833016062080077e+00
-3.741711018777740261e+00
-3.723897664186061718e+00
-3.699912772438692432e+00
-3.673632520108805366e+00
-3.649951085835421161e+00
-3.634037153943189047e+00
-3.620543738545619838e+00
-3.607344947814729252e+00
-3.595107273898534572e+00
-3.584351876722139174e+00
-3.574398391030014555e+00
-3.564023910289888519e+00
-3.553588677958193554e+00
-3.543452986029826057e+00
-3.534037819219285392e+00
-3.525692144594636090e+00
-3.516874910026338341e+00
-3.507083158181044880e+00
-3.496250297316989553e+00
-3.483910189961614279e+00
-3.471691179242045067e+00
-3.459130528599104970e+00
-3.449003197894364714e+00
-3.444640265099803145e+00
-3.443484736796390777e+00
-3.444216941124212727e+00
-3.442203033882528018e+00
-3.432503889446414380e+00
-3.412044676461747805e+00
-3.381346179123920326e+00
-3.257097201865730263e+00
-6.669465660925704142e+00
-4.010080982550421780e+00
-4.278156141060265760e+00
-1.088121322420884107e+00
-2.853031090848978213e+00
-2.801440637379134735e+00
-3.017292155909986562e+00
-3.260168544539390645e+00
-3.346012024277772223e+00
-3.369967806462276005e+00
-3.367387103105068391e+00
-3.329935340670516553e+00
-3.308427062741355229e+00
-3.343821599484440910e+00
-3.371368052562121687e+00
-3.384189372083327818e+00
-3.392751754205510117e+00
-3.397099873692355665e+00
-3.353545653509583779e+00
-3.170204185121972440e+00
-3.043724875820194242e+00
-3.214454800427906989e+00
-3.293800957498589810e+00
-3.327739383788894223e+00
-3.350782256149363647e+00
-3.366935205797288333e+00
-3.374044585801856400e+00
-3.337814518674055542e+00
-3.077659195504472756e+00
-2.531967046319347325e+00
-3.034810841472286747e+00
-3.230887647303305243e+00
-3.299978604458712717e+00
-3.329283382545162429e+00
-3.345253616821931786e+00
-3.354845021093892932e+00
-3.354898117342621333e+00
-3.349098809022203582e+00
-3.341675484163005638e+00
-3.331190688692542423e+00
-3.320483302204655374e+00
-3.309694865869891256e+00
-3.297936998190632352e+00
-3.288908695064790777e+00
-3.285377420451961683e+00
-3.285269361920756914e+00
-3.287012859155275635e+00
-3.288673540159753106e+00
-3.289254384972186251e+00
-3.292098326137707254e+00
-3.294500223012095219e+00
-3.294532881809136171e+00
-3.292561082813129758e+00
-3.288929023473640356e+00
-3.284948482532961123e+00
-3.281412610499155669e+00
-3.278859411561896753e+00
-3.277026065258306531e+00
-3.275545965432826723e+00
-3.273870599113736901e+00
-3.271438226571740771e+00
-3.267962379073408918e+00
-3.263528398071816383e+00
-3.258486739997985993e+00
-3.253410112949143951e+00
-3.248444771458335545e+00
-3.243604162005340630e+00
-3.239184195007181799e+00
-3.235406078991499790e+00
-3.232577536265647922e+00
-3.230915543340000085e+00
-3.229427625618790820e+00
-3.227664738753794893e+00
-3.225224649415273870e+00
-3.222147077701039919e+00
-3.218491832647225603e+00
-3.214139092444582069e+00
-3.209492492921678597e+00
-3.205040640783957784e+00
-3.201099866221745138e+00
-3.197759475473661350e+00
-3.195353859203859059e+00
-3.193595862993273471e+00
-3.192033049113479848e+00
-3.190114622782071585e+00
-3.187122373363771466e+00
-3.182905229126514079e+00
-3.178024269765074017e+00
-3.172970945304200985e+00
-3.167920987922549170e+00
-3.163233340453222020e+00
-3.159304287746818041e+00
-3.156151196070325682e+00
-3.153038862822088007e+00
-3.149614003118070826e+00
-3.146027911267252009e+00
-3.141870511212108141e+00
-3.137032915965997759e+00
-3.131883531652782438e+00
-3.126788972542850154e+00
-3.121947415874569032e+00
-3.117460634586268320e+00
-3.113727959127457368e+00
-3.110714146226721155e+00
-3.107842037675646374e+00
-3.104497163007060578e+00
-3.100379091891601213e+00
-3.095541865668231196e+00
-3.090406782447471024e+00
-3.085320316286543907e+00
-3.080226257224888187e+00
-3.075196117307100963e+00
-3.070298189665916944e+00
-3.065682803009023516e+00
-3.061624190924336464e+00
-3.058084538897918314e+00
-3.054746335775231803e+00
-3.051188301516745138e+00
-3.047241998870245716e+00
-3.042756678394147318e+00
-3.037876439248158977e+00
-3.032585957044255487e+00
-3.026991250324466254e+00
-3.021579514597201310e+00
-3.016498200427312426e+00
-3.011940510584510733e+00
-3.008140488733890727e+00
-3.004737910267876622e+00
-3.001493933510183787e+00
-2.997689963504948096e+00
-2.992711728904214219e+00
-2.986941730785020788e+00
-2.980721415032843602e+00
-2.974456097101940255e+00
-2.968402884448789969e+00
-2.962817592701144420e+00
-2.958044313434421202e+00
