-3.315424191929815939e-02
-8.877935225758028584e-03
4.076422589326260393e-02
1.984926506757598436e-02
1.266082372479928470e-02
-4.823420843502961020e-02
-8.584506469254549188e-01
-1.129452092352663861e+00
-1.979812223887937594e-01
2.195802547193980714e-01
2.994208233982972311e-01
2.556967483515703576e-01
-8.188238541122740133e-02
6.152208060752097085e-03
8.172703903619496502e-02
1.136189658437933847e-01
1.019635615229484427e-01
8.111756162834586614e-02
5.807529331085038715e-02
5.642123181671228338e-02
2.658935577195624747e-02
7.459075677648158154e-02
5.297427530758759551e-02
1.866981663638873652e-03
1.456110412105099915e-02
2.618095766626378496e-02
-9.905305599829783425e-02
-5.618553517920081564e-02
-6.654169281983853511e-03
1.135781498940834598e-02
3.270332450283264247e-02
5.487303654928416680e-02
3.433779467153316722e-02
-9.856629503916124468e-01
-2.821709386628777683e+00
-4.611015279506384124e-01
1.668099275818499261e-01
3.205909342889004532e-02
2.949604360643958700e-01
3.045908171207339921e-02
-2.340387314311339617e-01
6.151515413570188273e-03
1.705596602519030003e-01
4.150471507095210844e-01
4.352289972231799808e-01
3.688993571355674850e-01
-1.204392828791956138e-01
-1.004449313591544019e-01
1.550711072277117727e-02
1.470379220218749061e-01
1.630945742758815042e-01
1.321256210376709483e-01
-3.158219541000485409e-01
-1.371507280859386668e+00
-1.484855584109888715e-01
2.533697092099625459e-01
3.435027085612679665e-01
1.727771978591610691e-01
1.290078460698933505e-01
2.066388140613788227e-01
1.711615255637724820e-01
1.401351846107727339e-01
-2.687465300261002721e-01
-3.108284228082300316e-01
8.946279112168317726e-02
2.493092649095620950e-01
2.603669474481231094e-01
2.441935668211043797e-01
2.355024157636894377e-01
1.761386496179781769e-01
-3.764312061276397364e-02
9.234461121002016798e-03
1.069505780366353520e-01
1.148209858291764779e-01
6.174822156991138788e-02
7.514994148952322539e-02
1.237175726115038454e-01
1.437714413068217068e-01
3.768016600877695244e-02
-7.363074537794719876e-02
7.449066864732611926e-02
8.926894186243707063e-02
1.514876897159233085e-02
3.953048858083019201e-02
1.033397197113481714e-01
1.101287489927346153e-01
1.826736695190795401e-01
1.746682175844412599e-01
1.230394793242087503e-01
1.430477035944089648e-01
1.252218896172981599e-01
1.264465155337060054e-01
4.810804782011748881e-02
2.630459146417509636e-02
8.262362866646782988e-02
1.320273149117542899e-01
1.298776018822979106e-01
1.644792995551047909e-01
1.857498363334622593e-01
1.376972100945581257e-01
1.050113674924702395e-01
6.224589590299908076e-02
2.815477044547168989e-02
4.448874902814921317e-02
1.480610637874132246e-02
7.816665907561860804e-02
1.325692654741837950e-01
1.742509866122021744e-01
2.457336754164245463e-01
1.812694246366594597e-01
4.227691791361856688e-02
-1.152462293679425154e-01
-1.601575818947085506e-01
-8.558648137144363455e-01
-1.231136829588006076e+00
-3.313503244776901391e-01
1.677953496914678100e-01
3.240792202711877956e-01
2.250910312737452318e-03
-1.619699390525294325e-01
2.461310292985924020e-01
4.400146943101156949e-01
3.867998690052111277e-01
2.172040759375669650e-01
8.651959432838934871e-02
-2.694918966176823028e-01
1.588698736383429011e-01
3.994569072204350868e-01
3.698351572124312647e-01
3.517497928856765932e-01
4.089160485892170405e-01
3.747126257866194576e-01
-7.623349020387013564e-01
-9.905345071067892526e-01
1.938076904126237177e-01
5.437138304863375904e-01
4.311975324209498250e-01
4.564686520113718227e-01
5.220915875103473436e-01
5.584500836191607087e-01
4.558114070414376329e-01
-6.569247181279036507e-01
-1.861231951208931923e+00
1.106483829529617546e-01
6.890887599914352624e-01
7.956871521548367632e-01
7.109255328564851872e-01
6.075792343206867230e-01
6.285823279845755840e-01
6.625231805799713936e-01
4.580131121805186001e-01
4.233533545797967257e-01
3.237060434748436077e-01
2.348532246669206014e-01
2.620311711073569638e-01
2.033736445045939145e-01
1.898457807799941721e-01
2.662148763559282205e-01
3.780582007673422007e-01
4.392735270250900936e-01
4.895390999961566902e-01
4.965016680058756959e-01
4.980925037510706144e-01
6.298777048538629630e-01
5.825796320454295074e-01
5.983316951182087173e-01
6.081757404906785736e-01
6.268571613761928507e-01
5.998797541650113807e-01
6.052253854274221023e-01
