-1.056274447486366640e-02
5.802399742161716382e-03
5.185886403343969303e-02
3.105892988119135847e-02
2.756305023878119834e-02
-3.804455329213835002e-02
-8.575447563953355612e-01
-1.143155426103854122e+00
-2.164358282420565383e-01
2.081679224010288543e-01
2.979948742700805342e-01
2.601905911100588775e-01
-7.613066203358945239e-02
9.628788170452373674e-03
8.677029687129769742e-02
1.243225418247090180e-01
1.118682874080765693e-01
9.486785619807641678e-02
7.456033756292672343e-02
7.020606685623875798e-02
4.197969495763371334e-02
8.743304439592756994e-02
6.531717494075922614e-02
1.837861423204378841e-02
3.107698643721315546e-02
3.933949893763557387e-02
-8.527712691902834818e-02
-4.348904287872161489e-02
5.982619852646364755e-03
2.719944880446754226e-02
5.055032690063662737e-02
7.300883612385426769e-02
5.280428170642206126e-02
-9.783601762129172652e-01
-2.845888877486909774e+00
-5.015292422593580213e-01
1.364590764675727153e-01
1.625315785664371848e-02
2.951185183029376713e-01
3.358505064748767976e-02
-2.267019114943835678e-01
1.083951605990002287e-02
1.772577810534018417e-01
4.285381098525425370e-01
4.605212599037643573e-01
3.982480974084581793e-01
-9.379695856146008648e-02
-7.462641160621896752e-02
4.047076540455507576e-02
1.791289491919989540e-01
1.970051389385435170e-01
1.660562137781450565e-01
-2.860889727321063170e-01
-1.355297279868842741e+00
-1.381566993243339425e-01
2.737795425751691214e-01
3.742852930257571931e-01
2.192641559172913146e-01
1.687782383217772408e-01
2.492745595004875470e-01
2.211904201524605984e-01
1.844391068888410756e-01
-2.277630220950359052e-01
-2.711266611437426755e-01
1.171032045092381957e-01
2.760848873144605142e-01
3.017780909642497900e-01
2.940556006310178772e-01
2.852747713590573220e-01
2.062419278498703323e-01
5.589545182181077099e-03
2.744953439230252146e-02
1.310212783065949627e-01
1.586400261775895160e-01
9.913554571839344742e-02
1.128565312469033133e-01
1.656831775103561055e-01
1.943507648627565421e-01
8.710557031002588713e-02
-1.686195864667380806e-02
1.202950076665585954e-01
1.121525244146616418e-01
3.016074638239740757e-02
6.427669866065341409e-02
1.460956839768439708e-01
1.608895113650042341e-01
2.450706267503503233e-01
2.423665287304165861e-01
1.727132645110138753e-01
2.056235168445411099e-01
1.974235019546271008e-01
1.990207503400185374e-01
1.218487912154765929e-01
9.522195705703134783e-02
1.442672809442707704e-01
1.690651623570277873e-01
1.672029682426472985e-01
2.220744394863379823e-01
2.538869279200726137e-01
1.915692335221016451e-01
1.758080632137380417e-01
1.291983358574009810e-01
9.930145193005879278e-02
1.183231540790867786e-01
8.790703756235174193e-02
1.627458329087669298e-01
2.305077325879397177e-01
2.787290173115299363e-01
3.399910718806499754e-01
2.798416408604694205e-01
1.481676265188264785e-01
-7.393774205327607874e-03
-6.125880973514385985e-02
-7.525573126217279807e-01
-1.152606125517843028e+00
-2.558475189441407616e-01
2.508479999024318396e-01
4.201612192963176673e-01
1.069514910936754104e-01
-5.664219190097530970e-02
3.686256532585951984e-01
5.628037167489838843e-01
5.295532133664624386e-01
3.575213717748293996e-01
2.147669716652308436e-01
-1.579833679527960222e-01
2.862691597904232221e-01
5.278396232763576945e-01
5.010578373758591830e-01
4.889011837967528473e-01
5.439443388290964299e-01
4.981683276479926814e-01
-6.377456169343290737e-01
-9.092163268402639886e-01
2.817197883516747714e-01
6.452025995727599383e-01
5.412889962230517105e-01
5.854031632874514557e-01
6.537749373594218261e-01
6.892625608917662960e-01
5.948954170131283137e-01
-5.001425876219180999e-01
-1.786165862895984890e+00
1.817237320568543535e-01
7.931763706857246632e-01
8.900483186933396684e-01
8.098203754886054151e-01
7.646597846774333407e-01
7.738762810548227566e-01
7.632148239155849279e-01
5.571579058680892205e-01
5.307094342934757236e-01
4.669852863739081261e-01
3.856709393153335830e-01
4.069997395040706456e-01
3.564417354092696000e-01
3.461700103121895244e-01
4.058802532999785662e-01
4.978327224322834921e-01
5.418625750127268326e-01
6.068506879618937866e-01
6.111341923929713982e-01
6.306899791824345236e-01
7.384361814713045202e-01
7.060694221576964136e-01
7.123628746532002509e-01
6.729285203892163558e-01
6.642307214979723540e-01
6.665731077702179430e-01
6.896569131066419001e-01
7.229334393472488518e-01
7.487389512417856885e-01
7.741322602519651319e-01
7.811179416813720522e-01
7.771697393445051727e-01
7.616184355739024081e-01
7.488847072259847693e-01
7.404893420484737199e-01
7.485636640156934085e-01
7.504006820250470611e-01
7.600350857931081894e-01
7.772825722166960549e-01
8.016510284164080069e-01
8.391526000661688744e-01
8.844071692938977325e-01
8.921735443459262171e-01
9.115641918316914616e-01
8.989179979785018038e-01
9.062438418392353423e-01
8.928419355590606621e-01
8.856263370603016938e-01
8.853845523977406096e-01
8.997275993871098887e-01
9.192743917261709807e-01
9.443068926656301709e-01
9.863723322689030848e-01
1.011038541834138993e+00
1.035386796048400004e+00
1.034822523520427584e+00
1.014990722972616277e+00
9.911023462140593487e-01
9.850578271957144416e-01
9.825488322340798497e-01
9.855096990769633969e-01
1.002287845044541159e+00
1.030836780033294930e+00
1.058573473699501388e+00
1.059703104736045898e+00
1.065151330533643748e+00
1.069909839036627730e+00
1.053395921657479750e+00
1.043206497873791605e+00
1.038963692469380806e+00
1.045078907604735541e+00
1.053418587717654287e+00
1.067697864541589770e+00
1.099371035684983067e+00
1.122323594224999166e+00
1.131726133226070186e+00
1.123115973256831879e+00
1.108882973533069638e+00
1.093576960891653460e+00
1.092479581288180679e+00
1.094045088279719025e+00
1.092232629780307107e+00
1.097074918120057863e+00
1.100524761627029946e+00
1.113430336600891302e+00
1.133666519231310232e+00
1.151044239862218266e+00
1.160367467281796738e+00
1.157690970151276755e+00
1.153882044768880011e+00
1.139661529937825879e+00
1.135521234036776850e+00
1.119144495877556267e+00
1.114780656758471267e+00
1.120600048753248590e+00
1.127079359913031986e+00
1.144946903714898045e+00
1.168391433016580994e+00
1.177520170691670032e+00
1.190351315312957681e+00
1.168120840403097827e+00
1.141263973075473004e+00
1.124507350964693231e+00
1.108647278374761846e+00
1.107478561711571441e+00
1.106322335004494395e+00
1.118866751099516943e+00
1.138948641024750241e+00
