-3.375666136613299229e-02
-9.979482651676674018e-03
4.055371964288612130e-02
2.065447328992162795e-02
1.377666806061379930e-02
-4.809845622475492771e-02
-8.746658233900324042e-01
-1.174776283272071842e+00
-2.520592583487639149e-01
1.802997809300156684e-01
2.785881563932605109e-01
2.488033650557263665e-01
-8.528961920360060567e-02
1.890329766420797974e-03
7.951312729399855062e-02
1.146232523843858514e-01
1.056198465372841649e-01
8.620234727444310574e-02
6.351389230973203404e-02
6.177737910198828619e-02
3.134668775822972014e-02
7.936038387135545269e-02
5.810030161831127721e-02
6.032089829858900375e-03
1.750958837780110591e-02
2.864943685881746194e-02
-9.902574801959829198e-02
-5.903838070907417579e-02
-1.009853421924837742e-02
8.535083301120578725e-03
3.099121071880036465e-02
5.470110584137154869e-02
3.526499092628183202e-02
-1.002754290677474014e+00
-2.900697130291099324e+00
-5.704821964877717644e-01
8.115882943315699816e-02
-2.948050378571559493e-02
2.537810429749662311e-01
3.285998357490493849e-03
-2.596907413488308558e-01
-1.801515931857722297e-02
1.539936770158015222e-01
4.109502811372094389e-01
4.443561988350649417e-01
3.869452966840593033e-01
-1.055937273750976457e-01
-9.479758865977393201e-02
1.682013979435675877e-02
1.493003166644634727e-01
1.683417848536399863e-01
1.392966942848108958e-01
-3.157801465652276263e-01
-1.402551473974837926e+00
-1.960495253484505762e-01
2.189725917065830363e-01
3.263420138455703223e-01
1.665410533151354955e-01
1.275034199127909884e-01
2.094092825197459706e-01
1.776369139834112487e-01
1.483051252534864639e-01
-2.671596043806327980e-01
-3.209171694878927839e-01
7.739482218903681598e-02
2.446256872006095096e-01
2.637220745480706174e-01
2.533901024331047247e-01
2.486704164791781468e-01
1.911025208859650493e-01
-2.604343556873094795e-02
1.608643224783876113e-02
1.128190214289891830e-01
1.216033054006450675e-01
6.840247748637079406e-02
8.120680251559596330e-02
1.304562394305213702e-01
1.521430061110733978e-01
4.567523113302111859e-02
-6.946957485188053061e-02
7.688814613777270046e-02
9.286207679741165233e-02
1.852517157850588903e-02
4.211327162874295427e-02
1.068824436331790445e-01
1.154793174972457842e-01
1.908100252279809617e-01
1.858368366013229134e-01
1.354410597722797149e-01
1.560105387467893845e-01
1.386303133089922257e-01
1.399988625651030216e-01
6.041917404314633977e-02
3.618985730095047870e-02
9.146013468135424929e-02
1.418638593866745901e-01
1.411893751403427433e-01
1.775221121868776897e-01
2.010228726895874063e-01
1.541181220355863635e-01
1.210320989619551590e-01
7.676723336458693425e-02
4.036670027517419435e-02
5.482955999601496488e-02
2.350606187699685878e-02
8.639471995179401342e-02
1.424079641932318452e-01
1.868780227609629918e-01
2.623799306617530247e-01
2.008306412085507919e-01
6.057030804187629736e-02
-1.027589322908639136e-01
-1.550771316564251712e-01
-8.695491294472971200e-01
-1.275900628125535619e+00
-3.884561087657955603e-01
1.238307982825836984e-01
2.999184555199119195e-01
-1.090511823069499620e-02
-1.748249924323955762e-01
2.384257007888000435e-01
4.456831632140649813e-01
4.042817690865934677e-01
2.395982977271771119e-01
1.077254295729516698e-01
-2.574970071795253945e-01
1.665970619207822190e-01
4.148109363089560464e-01
3.939157841444542174e-01
3.815872635327072215e-01
4.438777458720800095e-01
4.138086943704152310e-01
-7.412206763620948768e-01
-1.003691700255625596e+00
1.734262017167618464e-01
5.419040898430111941e-01
4.462412848672769883e-01
4.827807348092273965e-01
5.583754927782231814e-01
6.038531870420360548e-01
5.067748086513785832e-01
-6.234319036376456680e-01
-1.878970252629677207e+00
7.292609650634948593e-02
6.763256356804080438e-01
8.118263778331665792e-01
7.484837057614616151e-01
6.579262896768274249e-01
6.873779322501341049e-01
7.286788571050181185e-01
5.266093206883647460e-01
4.903021854123254530e-01
3.873285877794169774e-01
2.931236180663268076e-01
3.157005262410095270e-01
2.531438228737051266e-01
2.357601324199726789e-01
3.105941104789280427e-01
4.245897725901915942e-01
4.902925217383151124e-01
5.458305171272068712e-01
5.577120845802626681e-01
5.632345179320601414e-01
7.005200802270642457e-01
6.585811329896332778e-01
6.780845393071063265e-01
6.913349381285237572e-01
7.132495918437380400e-01
6.886876132894285130e-01
6.957578006697600070e-01
