-6.691742577506252327e-04
-8.749706753402688216e-04
2.788347225661659545e-03
7.602076152024662102e-03
1.075512085370356440e-02
9.362943442816386297e-03
-4.768331584929760836e-02
-1.670872539552084590e-01
-2.381543783580668261e-01
-2.249707949757285275e-01
-1.814215054077686906e-01
-1.365965963309520581e-01
-1.172070642597071582e-01
-1.127119235669243741e-01
-9.883369048198900608e-02
-7.899713876104232091e-02
-5.895558621183519254e-02
-4.192620927008446075e-02
-2.827278768147796495e-02
-1.702199848621203243e-02
-8.644150767899727930e-03
3.208653427086254062e-04
9.819871848091167588e-03
1.440325333961757492e-02
1.667420379987050519e-02
1.991630628149235194e-02
1.544934718344294355e-02
6.590833900514375676e-03
3.631924349082036197e-03
5.005415214493385764e-03
9.033766580888965766e-03
1.564213859230689091e-02
2.192935549295850842e-02
-3.861158335376681239e-02
-2.737323173367529616e-01
-4.558467588522275848e-01
-4.530234793826014017e-01
-4.193892034108286926e-01
-3.752089604603868200e-01
-3.329594136789545966e-01
-3.239285508729400909e-01
-3.152536195700766375e-01
-2.829494071574319980e-01
-2.268830412880662173e-01
-1.573724261561512128e-01
-9.383357722244366206e-02
-6.884481083246497823e-02
-7.293826158935351467e-02
-6.922972473913935332e-02
-5.085885209564190712e-02
-2.469654572686623070e-02
-1.115116748521410850e-03
-9.502599467898201549e-03
-1.115682677343988738e-01
-1.931856896628620923e-01
-1.746868638921023065e-01
-1.264059145064961864e-01
-8.411241479254766285e-02
-5.592163732469701554e-02
-2.710545982502074805e-02
2.845526479122457986e-03
2.704069230232840695e-02
2.142285341035935972e-02
-1.073668088604941631e-02
-1.952855242337851738e-02
4.398618122850653234e-03
3.795376764645947559e-02
7.078407585180282457e-02
1.007945781729698009e-01
1.235099710306012399e-01
1.274948685063076459e-01
1.207744310648881103e-01
1.218941017449389624e-01
1.304829393350744882e-01
1.363635502855299053e-01
1.393082364856604860e-01
1.461444021061371612e-01
1.574222156962250263e-01
1.629319324598460794e-01
1.553422987031576052e-01
1.507566492106142964e-01
1.537260150764884481e-01
1.509242032330784522e-01
1.457383321890291794e-01
1.479813108829069468e-01
1.558145317784189743e-01
1.695055525175384326e-01
1.872027416013260781e-01
1.994314797650152404e-01
2.090487964567000201e-01
2.194373723701172341e-01
2.288285959710284201e-01
2.328405458473041811e-01
2.304234849956413034e-01
2.296088029213221027e-01
2.331792007712527037e-01
2.378794153232464959e-01
2.457215588586534605e-01
2.583401503435718283e-01
2.682011992076773765e-01
2.729512148470987221e-01
2.735354410562593208e-01
2.694626366394832773e-01
2.650483483242188631e-01
2.600311518675974543e-01
2.583122161207755951e-01
2.653475201614788892e-01
2.790781952540499766e-01
2.988455272327996681e-01
3.173491518554797386e-01
3.230802829040452240e-01
3.109880696739251715e-01
2.870329090213025180e-01
2.173480485942631546e-01
8.618650075264633337e-02
-4.317148038123663767e-03
-5.921611147654731559e-03
3.357739100785615827e-02
6.195657658087053155e-02
6.109817758895345202e-02
7.800435827592269722e-02
1.308971737869756846e-01
1.902827784565777336e-01
2.337457492190831987e-01
2.557182135836027492e-01
2.442601724909138905e-01
2.396123343363763813e-01
2.756603162693430642e-01
3.219679736951075455e-01
3.634626367850891104e-01
4.053251418174304010e-01
4.449282222937018250e-01
4.074874108437037123e-01
2.889495325482823729e-01
2.357794954523953768e-01
2.769631542069290742e-01
3.311113754953849408e-01
3.797941167247477212e-01
4.329401511710104233e-01
4.894247441430396584e-01
5.388009841284006063e-01
5.104319291467558362e-01
3.385258457453167447e-01
2.255180397953430727e-01
2.701853929749848948e-01
3.550663416786413729e-01
4.369679120938439465e-01
5.074919660769598995e-01
5.722223000820425565e-01
6.330642560394068585e-01
6.765588832032550792e-01
7.036505337535439164e-01
7.231064346690867506e-01
7.321685081420089558e-01
7.369619791950142718e-01
7.391719142278960764e-01
7.374863749645580446e-01
7.389423033822311027e-01
7.495411792415969110e-01
7.677108415024864740e-01
7.916593607463978666e-01
8.184178128211851977e-01
8.452761938337646219e-01
8.786327830749834922e-01
9.143138878760882493e-01
9.465652636824284372e-01
9.748148736218913424e-01
9.985623175829295706e-01
1.020494424973839687e+00
1.042678363234294858e+00
1.066971850899465446e+00
1.093410163484655362e+00
1.121444607231285362e+00
1.149804937330906052e+00
1.176718083348962329e+00
1.200884519184691523e+00
1.221953626626969935e+00
1.240529470297923709e+00
1.258055403107062320e+00
1.275167931148219580e+00
1.292056818828754450e+00
1.309689017427936752e+00
1.328937900485144041e+00
1.350978560456498556e+00
1.376922446664339938e+00
1.404639239768489922e+00
1.432603089080214609e+00
1.459410115773479344e+00
1.484524712109175137e+00
1.507852810180496439e+00
1.528689871295366487e+00
1.547966702860218202e+00
1.567107220122095468e+00
1.587311328714324565e+00
1.609195587812027428e+00
1.634083902035048164e+00
1.661706342083728805e+00
1.690899828723472220e+00
1.719968777153323192e+00
1.746246776765911557e+00
1.768491259007666461e+00
1.787799122432825571e+00
1.805584880669555137e+00
1.822507007691609227e+00
1.839830832249070180e+00
1.859105344098110679e+00
1.880880906298218802e+00
1.903310740573491033e+00
1.925103295761869004e+00
1.946484017182479320e+00
1.966083679661662309e+00
1.983170987902481475e+00
1.998617286332248222e+00
2.013521027884660253e+00
2.028668651206647855e+00
2.044574302549015510e+00
2.062659069071581364e+00
2.083270398481664731e+00
2.104923402887477479e+00
2.125633582757232798e+00
2.144040684142292985e+00
2.159858672396460122e+00
2.174059060481338790e+00
2.187723357376543110e+00
2.200840179420068488e+00
2.213684421121421941e+00
2.226580433554587124e+00
2.240059763571307538e+00
2.255111487420025096e+00
2.271904305829043569e+00
2.289676314079176933e+00
2.307146777814195193e+00
2.323557382342174016e+00
2.338227138715100573e+00
2.351282411104934855e+00
2.362613699153788716e+00
2.372380001523501925e+00
2.382011323027385163e+00
2.392163559344287371e+00
2.403589060827841184e+00
2.417243065153306780e+00
2.432432256722238062e+00
2.448485979211497909e+00
2.463337890401493091e+00
2.474727339118702130e+00
2.483190401428088556e+00
2.489518669676082041e+00
2.494823641846582341e+00
2.500027940528720016e+00
2.506032438256618811e+00
2.514081421979078357e+00
