-1.082947712752682819e-02
5.530889267965299894e-03
5.309001055770023320e-02
3.383980054050637898e-02
3.096186218977443547e-02
-3.592975345485172056e-02
-8.784587668558558882e-01
-1.205449530883609732e+00
-2.918132316168330354e-01
1.534597265842453373e-01
2.700183930248892805e-01
2.531287186425769109e-01
-7.688930411150286803e-02
8.705669258515324679e-03
8.948124594292555800e-02
1.322972410635815388e-01
1.242070898558757797e-01
1.097244053279266135e-01
9.037318567505384093e-02
8.614385033871099773e-02
5.715393449344743915e-02
1.025471763458801894e-01
8.072765727912109557e-02
3.230932691754782871e-02
4.319987475894956214e-02
5.055188000171759177e-02
-7.775335319471914086e-02
-4.028058384397402436e-02
8.099173313226449428e-03
3.007160274395984448e-02
5.501169284506288171e-02
7.969484298028317593e-02
6.108238983893292395e-02
-9.953875019799430790e-01
-2.950370243841079265e+00
-6.504423530704379619e-01
2.023170584497361452e-02
-6.489984556621467005e-02
2.449112110281904675e-01
5.832595148452333206e-03
-2.496621149196001921e-01
-7.878070088409374477e-03
1.709696105206277295e-01
4.413736100008466279e-01
4.936182804463170593e-01
4.454080421046613392e-01
-5.006153703102150104e-02
-4.337814590383902436e-02
6.565133992536359431e-02
2.056367889272149030e-01
2.277737891145004967e-01
1.994908532683346558e-01
-2.628423184838292737e-01
-1.376141913725567711e+00
-1.832860901829684031e-01
2.466467178337134747e-01
3.718146413100251180e-01
2.333523657826879483e-01
1.906350398950815983e-01
2.778274751944051491e-01
2.556113090203505078e-01
2.215995746731935223e-01
-1.998627636765010485e-01
-2.599063008944409447e-01
1.248017296182440394e-01
2.932894951077709145e-01
3.299776946693118163e-01
3.306830779407409215e-01
3.276623130167513609e-01
2.505860758844556946e-01
4.451375106197734410e-02
5.856638010798524696e-02
1.592999784764674853e-01
1.875745421005926838e-01
1.275316366458987827e-01
1.398552318285316287e-01
1.931684982772402526e-01
2.239275610495929103e-01
1.160203050233723360e-01
6.586789842093519060e-03
1.408844100052981385e-01
1.332018702179728620e-01
4.923255697703073086e-02
8.095412721891866170e-02
1.637091891709533398e-01
1.812150709937773163e-01
2.697680490602750725e-01
2.719079455811440060e-01
2.039225402938503184e-01
2.373221032888354343e-01
2.298377634211401788e-01
2.317026333428005569e-01
1.526782958731088824e-01
1.222586056368382412e-01
1.690494751454177103e-01
1.937135511727129944e-01
1.921131074263471017e-01
2.484133891901658953e-01
2.831189651768650228e-01
2.219110241409397444e-01
2.051359529478519184e-01
1.561302635940290950e-01
1.225950474756630215e-01
1.386523735495083232e-01
1.055573841300807142e-01
1.795633290064744259e-01
2.498883680313562228e-01
3.025446890512839548e-01
3.695354216371372624e-01
3.132590018581241642e-01
1.797174126084112589e-01
1.592812963448799260e-02
-4.879357737517530519e-02
-7.668323828487009219e-01
-1.211294801763144635e+00
-3.330767432831618913e-01
1.916454113444859275e-01
3.894267371457186822e-01
9.309984573358415227e-02
-6.859700791182751778e-02
3.654181161593386129e-01
5.798757272960987086e-01
5.648235877469519606e-01
4.011114702251358244e-01
2.571367715459765280e-01
-1.291191300581178425e-01
3.083694258944015276e-01
5.601727532110013508e-01
5.452034772512195371e-01
5.407446999008123090e-01
6.023968121378723284e-01
5.612501128597749966e-01
-6.011636278738615724e-01
-9.231329105395391643e-01
2.546607456772256306e-01
6.424973781118406002e-01
5.616157479153612853e-01
6.216555869528685996e-01
7.043130795716864290e-01
7.524853603461059137e-01
6.655930926963806726e-01
-4.538596533069867989e-01
-1.813652222976054107e+00
1.222432835505340432e-01
7.666496553364258171e-01
9.032780112988618715e-01
8.524782094230675122e-01
8.261341633025841569e-01
8.483081261602933854e-01
8.468285904997484570e-01
6.412834069929406189e-01
6.100097551699956711e-01
5.360798550885141900e-01
4.480831970270571785e-01
4.624993038370372456e-01
4.046513941366502998e-01
3.897279476662665054e-01
4.439620028940985952e-01
5.403569441507783955e-01
5.881969300623428598e-01
6.523522727112515129e-01
6.656805928577538278e-01
6.859664176614824749e-01
8.024272310858907575e-01
7.718271870313195837e-01
7.747299699103142867e-01
7.875900036607749177e-01
8.104607506528633820e-01
7.937566405825581262e-01
8.032846185735413869e-01
