-3.220622238622763284e-02
-7.268431000119599319e-03
4.083648878977799712e-02
1.840800004297448236e-02
1.091226806676534947e-02
-4.827496541364852817e-02
-8.328497398787010342e-01
-1.061370380714409478e+00
-1.230433178443202102e-01
2.659529457849174605e-01
3.154118803579241681e-01
2.513114918011498666e-01
-8.889538094293555903e-02
2.478954909449895827e-03
7.610396075628027279e-02
1.041365635960336544e-01
8.961400333833154097e-02
6.779356814570401679e-02
4.528115648987937614e-02
4.457249720933952747e-02
1.628106385355396896e-02
6.461017568092893015e-02
4.278069195990253509e-02
-6.490193302711024653e-03
8.204066963171012875e-03
2.052777042042132349e-02
-1.009113243092297635e-01
-5.399454431236416080e-02
-4.212527570104847643e-03
1.232820142009337198e-02
3.169590268086124735e-02
5.146644697636030413e-02
2.946842755704003752e-02
-9.618463000216926906e-01
-2.703983447716765021e+00
-3.090634776283419649e-01
2.699135221229737036e-01
9.275270167502641661e-02
3.233199059558208299e-01
3.933722622415680714e-02
-2.244124109085111618e-01
1.526291832291493122e-02
1.692132407334837052e-01
3.962093642368521573e-01
3.990017553750142554e-01
3.228988293273712396e-01
-1.571899158452849665e-01
-1.206920071803233713e-01
2.295305595303484547e-03
1.320818569268286669e-01
1.436376694395207487e-01
1.103161554934403293e-01
-3.256018802278157209e-01
-1.333228882912656843e+00
-9.041635665735364702e-02
2.852682733378567592e-01
3.466735092737728285e-01
1.600823417844385588e-01
1.110792527405392999e-01
1.841053999487074488e-01
1.449673863456089895e-01
1.133105592707466941e-01
-2.835210391220189807e-01
-3.073730199564363996e-01
9.425688939287824031e-02
2.414201977800108923e-01
2.403404646239395148e-01
2.165325828690015109e-01
2.035599084910271750e-01
1.433942984383851371e-01
-6.337136849052119048e-02
-8.409632623427823472e-03
9.077541484138454408e-02
9.723511341959560628e-02
4.463415059012043606e-02
5.919453528194766612e-02
1.068720867016699078e-01
1.247340624638572648e-01
1.985586547323583972e-02
-8.505782821951925199e-02
6.551351528362582555e-02
7.817360129450090511e-02
4.492912228243911565e-03
3.015000037001056010e-02
9.244407094494042076e-02
9.665488635030390629e-02
1.653335279346485887e-01
1.534688893590069880e-01
1.010480714417316961e-01
1.211916909174573509e-01
1.035846928475870621e-01
1.053838093131350406e-01
2.969895279285827971e-02
1.205750239509206789e-02
7.000869986777136234e-02
1.178425871066497155e-01
1.136727323153335911e-01
1.460704758026960814e-01
1.645843270795233071e-01
1.157053054534222525e-01
8.456438862926379807e-02
4.482765643826888691e-02
1.469915812616465201e-02
3.395507019578850039e-02
6.695237343645077388e-03
7.051457394902763132e-02
1.222708504844498001e-01
1.598577593229534022e-01
2.257489785447996944e-01
1.579586827118990011e-01
2.229875438454320680e-02
-1.253701417530337370e-01
-1.590191801470711708e-01
-8.264947458961455773e-01
-1.157187103525853411e+00
-2.459543659502820279e-01
2.259600805502391396e-01
3.486849911693108428e-01
1.062915132942181262e-02
-1.522936582672514971e-01
2.486207893735065677e-01
4.231413501512990005e-01
3.545576213380786657e-01
1.811004316916868806e-01
5.555128862684582947e-02
-2.839107968384236846e-01
1.509887613677627638e-01
3.793981463738854698e-01
3.373811938138732702e-01
3.125153029128337479e-01
3.641705017272562350e-01
3.262315920784872869e-01
-7.798028358680336725e-01
-9.557873658860548405e-01
2.336797151596138045e-01
5.502975204783843166e-01
4.114807250891624468e-01
4.214925613213040267e-01
4.748608190167838417e-01
5.008972220802613284e-01
3.938598424618162674e-01
-6.874099153348314228e-01
-1.811791353484618394e+00
1.825260080675181751e-01
7.146964960290196345e-01
7.751050969665728152e-01
6.603860411946044229e-01
5.425637194081354142e-01
5.560804939442166583e-01
5.839615307166697855e-01
3.808718302736795458e-01
3.529771249204207706e-01
2.616133319628084486e-01
1.831519710879953022e-01
2.185015583816830587e-01
1.664035868259811091e-01
1.589945466899137516e-01
2.375961582576745501e-01
3.461100459034631704e-01
4.010409663205302122e-01
4.445658970536060517e-01
4.459977697468242575e-01
4.439878791138386349e-01
5.698399551229804683e-01
5.173203796182224146e-01
5.305365540364892496e-01
5.383624626226299892e-01
5.552512234260925661e-01
5.277441035423301452e-01
5.334834090723937772e-01
