-1.552473525047311398e+00
-1.553312091489992941e+00
-1.556777587137427643e+00
-1.542952593381022197e+00
-1.549462002779890657e+00
-1.547607742876872639e+00
-1.552560121113619962e+00
-1.553074779211506495e+00
-1.553989811662157328e+00
-1.555488540608096271e+00
-1.557685382542683739e+00
-1.560741781367669612e+00
-1.563326200848993430e+00
-1.565088934328545012e+00
-1.568014284463016939e+00
-1.572591184345810689e+00
-1.579185762973674967e+00
-1.588087028301884196e+00
-1.599620446064695667e+00
-1.615577205683707884e+00
-1.636139618737457058e+00
-1.677550441199999742e+00
-1.811597482314982299e+00
-2.096757883367220465e+00
-2.640385388512633380e+00
8.673530438840906243e-01
-2.286157848594758679e+00
-1.748308143040983254e+00
-1.705323433246343390e+00
-1.711256803467321230e+00
-1.750149214977337220e+00
-1.914899038119239005e+00
-3.535806291028091852e+00
-1.592101915214023000e+00
-1.561034561045612667e+00
-1.558687194772590434e+00
-1.559968710467416253e+00
-1.561811155865403755e+00
-1.564117239490530276e+00
-1.566727402620355925e+00
-1.568340796721933827e+00
-1.570000151016521794e+00
-1.573040894947039137e+00
-1.578622174383418564e+00
-1.588863931123130513e+00
-1.606627910071771081e+00
-1.620573494487876909e+00
-1.620695490021995866e+00
-1.624702409685852444e+00
-1.639705997862910269e+00
-1.672777752988830802e+00
-1.733941049311106042e+00
-1.708721890455179304e+00
-1.607724233510168910e+00
-1.589195716177031370e+00
-1.592633103242064863e+00
-1.603669502822632209e+00
-1.618824951024531389e+00
-1.634636190964171787e+00
-1.660914259821196781e+00
-1.712852562358102571e+00
-1.813893496093842428e+00
-1.782320874968815527e+00
-1.683764572708499774e+00
-1.669269716759316458e+00
-1.714453935807026319e+00
-1.902859389323123818e+00
1.275412597058585895e+00
-1.253459943162869017e+00
-1.381453313008466521e+00
-1.399932190824409783e+00
-1.390888943594437821e+00
-1.402492075156998919e+00
-1.423738673557481071e+00
-1.435415224935868261e+00
-1.441997795676185579e+00
-1.452229170964183247e+00
-1.464575866938106596e+00
-1.470194843991319944e+00
-1.464217257569755848e+00
-1.459770620962616894e+00
-1.464840746176531150e+00
-1.466092115557403819e+00
-1.464627745926978752e+00
-1.468549437300079807e+00
-1.475853511528114170e+00
-1.485600857081380788e+00
-1.495334226711240611e+00
-1.501560661952602516e+00
-1.506236302311265041e+00
-1.510330201532486427e+00
-1.513712857961278635e+00
-1.515652411352744533e+00
-1.516102996951926407e+00
-1.517038842467829163e+00
-1.519423707971099935e+00
-1.522251863688325324e+00
-1.525233877519234449e+00
-1.528433192142324204e+00
-1.531088445313905311e+00
-1.533027364851296426e+00
-1.534445156075759931e+00
-1.535415833056805734e+00
-1.536297790215620074e+00
-1.537110503716686782e+00
-1.538139993980123243e+00
-1.539779235243691424e+00
-1.541773618047189931e+00
-1.543974797325672998e+00
-1.545952377916392617e+00
-1.547445336370895763e+00
-1.548551885264675132e+00
-1.549495875221485131e+00
-1.549505587416945662e+00
-1.555839294911546489e+00
-1.554273909700883083e+00
-1.555489735703928122e+00
-1.557883917927666007e+00
-1.560530891029797029e+00
-1.561345389262571270e+00
-1.563791025173439042e+00
-1.575723094000440305e+00
-3.259208099129826230e+00
-1.518330646864693323e+00
-1.531078384021940852e+00
-1.527694787393371723e+00
-1.525474999530269660e+00
-1.538487809343644708e+00
-1.544745358442225935e+00
-1.547840045453979796e+00
-1.549965549863331127e+00
-1.551598161765350037e+00
-1.553124660673623980e+00
-1.556926593824222049e+00
-1.566494227511311177e+00
-1.559823958070323258e+00
-1.557641130064680635e+00
-1.557267743088067702e+00
-1.557250228777367296e+00
-1.557419397638593717e+00
-1.557862341641358173e+00
-1.559869456245426056e+00
-1.571993177660267804e+00
-1.677482161081146561e+00
-1.597465830396702646e+00
-1.572404751271150758e+00
-1.565990247399735580e+00
-1.563837189819387907e+00
-1.562954353987138667e+00
-1.562522618592439461e+00
-1.562669508664870310e+00
-1.563248473239258640e+00
-1.564065490711827877e+00
-1.565169922253654367e+00
-1.566379147314357123e+00
-1.567669235980034381e+00
-1.569102645053042089e+00
-1.570424956574455688e+00
-1.571360361305221609e+00
-1.571941739476364841e+00
-1.572319431078148533e+00
-1.572634780035010005e+00
-1.572990321625724608e+00
-1.573148625352811081e+00
-1.573263875885084762e+00
-1.573517495278683676e+00
-1.573807274764684516e+00
-1.574124234207139539e+00
-1.574525485138360770e+00
-1.575014303943011340e+00
