-1.271857954025855255e-06
-6.498239803253952720e-06
-3.589535196709165931e-06
2.674150323909981955e-05
7.753154559987369791e-05
1.357022417420651367e-04
7.216142482100686617e-05
-5.136886332627314160e-04
-1.685763290856287684e-03
-2.964207248315291025e-03
-4.043295987332487171e-03
-4.855707916121119842e-03
-5.467177840561863317e-03
-6.035974697820074668e-03
-6.551962048667914033e-03
-6.971244349814660450e-03
-7.277638411240202818e-03
-7.483223807762497300e-03
-7.606907764588970687e-03
-7.666379031051310904e-03
-7.674156630949359285e-03
-7.642071137112590659e-03
-7.558580957145896902e-03
-7.438674847431985850e-03
-7.307142847892520061e-03
-7.163313358730528935e-03
-7.018374963021643299e-03
-6.922738234062119841e-03
-6.861201763217549855e-03
-6.802416855867592441e-03
-6.728755417126830798e-03
-6.625851682845220782e-03
-6.485702300335655091e-03
-6.441896937056753279e-03
-7.177691968668080576e-03
-9.300268156790214916e-03
-1.177333055304547252e-02
-1.405684797500231231e-02
-1.611495157602565315e-02
-1.787915970385942077e-02
-1.948863657779112760e-02
-2.106861549986406221e-02
-2.252108543118256853e-02
-2.372572456239041561e-02
-2.456634070739376757e-02
-2.503635463681163839e-02
-2.524668773777285699e-02
-2.544202463644888376e-02
-2.565306310844344892e-02
-2.580980167410381818e-02
-2.584081434683917558e-02
-2.573714973556496394e-02
-2.557549575919018658e-02
-2.569564777531754482e-02
-2.645844008277157752e-02
-2.733256661967084500e-02
-2.798754454064242281e-02
-2.836862049386291648e-02
-2.855961275712520439e-02
-2.860270931741534794e-02
-2.848116362337395346e-02
-2.821596695930097057e-02
-2.788700087093997151e-02
-2.769369109625888919e-02
-2.764233704358841706e-02
-2.753448024230004121e-02
-2.725986003963046592e-02
-2.680324400312925764e-02
-2.617956031559912078e-02
-2.541536190540635842e-02
-2.458184427744922532e-02
-2.378032700667371060e-02
-2.300771591137792255e-02
-2.221057801200532547e-02
-2.137519808695682172e-02
-2.052681722875157599e-02
-1.966025801962689029e-02
-1.874853444058683510e-02
-1.778972059547855727e-02
-1.684514658043747073e-02
-1.595530789474577590e-02
-1.506671776150508152e-02
-1.417891142267363284e-02
-1.332544741045690699e-02
-1.248724110859527475e-02
-1.162125747280001384e-02
-1.070428424256888132e-02
-9.700962619852329660e-03
-8.618478547367176487e-03
-7.490260224052568486e-03
-6.313280077358511197e-03
-5.091526712376766815e-03
-3.838003869343584520e-03
-2.593084339516727507e-03
-1.370558717847119657e-03
-1.469437528361112327e-04
1.093365688224103580e-03
2.357315004336363318e-03
3.671320577921628574e-03
5.044049217870627891e-03
6.444487205912863628e-03
7.851259356153793278e-03
9.237398087256152787e-03
1.058810314838945846e-02
1.190741335861601399e-02
1.319467552653308048e-02
1.449069958220291533e-02
1.583873962940749933e-02
1.727107984827910489e-02
1.880686929513196437e-02
2.040197555457049991e-02
2.196776992628512309e-02
2.341594928718271351e-02
2.463096020228569202e-02
2.526491698082952708e-02
2.521633207291484532e-02
2.495676466998342224e-02
2.484293010161378254e-02
2.495725148362326271e-02
2.514240745573307137e-02
2.533981815274255478e-02
2.574639167898842493e-02
2.647432108226834696e-02
2.748514252580404327e-02
2.866042577343065959e-02
2.986082912128298905e-02
3.095477029943831046e-02
3.213892448228479470e-02
3.355700259708435662e-02
3.520333672161821831e-02
3.705952573911524411e-02
3.912767900127720605e-02
4.123994101386410649e-02
4.284442241352736519e-02
4.388053073658312181e-02
4.493836547991006403e-02
4.629003768188504758e-02
4.791195424810760356e-02
4.980282191292795951e-02
5.198280517896392700e-02
5.444227472558465369e-02
5.698973720765967282e-02
5.896126557103166521e-02
5.994303931122135776e-02
6.082929534225226670e-02
6.211596342646067553e-02
6.387350081074488761e-02
6.603819503700031346e-02
6.855368783300223867e-02
7.139234299249770654e-02
7.450110934013536024e-02
7.776224990441676921e-02
8.112229506802873247e-02
8.453117846360974630e-02
8.794324017130530913e-02
9.135191683624643844e-02
9.473449302331882205e-02
9.808925188630979175e-02
1.014542362749414617e-01
1.048808762899013092e-01
1.084013858012731202e-01
1.120428622587111428e-01
1.158071129577792208e-01
1.197069273907770265e-01
1.237783522651785262e-01
1.280055806269188856e-01
1.323712668820039018e-01
1.368462895792022793e-01
1.414139676101111576e-01
1.460694048618881857e-01
1.508197744154587128e-01
1.556776025969081045e-01
1.606522084424850394e-01
1.657490860164848867e-01
1.709636915853552652e-01
1.762835694699582401e-01
1.816911172149161813e-01
1.871705618145802219e-01
1.927114842639409409e-01
1.983113376642553216e-01
2.039676423805343863e-01
2.096819256213392768e-01
2.154607232316528009e-01
2.213157001440905491e-01
2.272652719074370609e-01
2.333268594372930604e-01
2.395019781862216812e-01
2.457894826869312654e-01
2.521774465336941162e-01
2.586579157673371543e-01
2.652169541000031217e-01
2.718430978516847007e-01
2.785312297108843982e-01
2.852845218601370858e-01
2.921104587733445723e-01
2.990210763359387736e-01
3.060336866672860867e-01
3.131582637978293504e-01
3.203991085540798256e-01
3.277466166467387088e-01
3.351801031069270853e-01
3.426786470838356635e-01
3.502308215279530401e-01
3.578301222050077057e-01
3.654750471629861219e-01
3.731724419688379757e-01
3.809353244030804220e-01
3.887734636577382941e-01
3.966844292094755531e-01
4.046650603752312558e-01
4.127099610867108748e-01
4.208052401182739710e-01
4.289393535166989846e-01
4.371061505447541018e-01
4.453054796828238571e-01
4.535400201406210585e-01
4.618172884885852758e-01
4.701516632056877421e-01
4.785527525317049835e-01
4.870203208475423207e-01
4.955439520216857741e-01
5.041094204909423171e-01
5.127041351450777329e-01
5.213229932396817867e-01
5.299635331132835914e-01
5.386230673377668809e-01
5.473016080393430238e-01
5.560003931899363261e-01
5.647255840289860940e-01
5.734868410152218487e-01
5.822916472133299326e-01
5.911415897911421746e-01
6.000317641952430670e-01
6.089545867844045057e-01
6.178994110878899271e-01
6.268583237710937395e-01
6.358209719909605484e-01
6.447831283698131077e-01
6.537467871046247492e-01
6.627165594927427739e-01
6.717026187025079143e-01
6.807163871902169872e-01
6.897630709460134124e-01
6.988434564957806128e-01
7.079423187387255956e-01
7.170410151246128239e-01
7.261263739046077692e-01
7.351893890451034475e-01
7.442284337874671696e-01
7.532452200451088542e-01
7.622484558713608083e-01
