-2.071041655486821398e+00
-2.067485815559962692e+00
-2.050939394227884627e+00
-2.101002534498966234e+00
-2.081668356572258460e+00
-2.087609058387722705e+00
-2.070764602710315927e+00
-2.068541802379402217e+00
-2.064597689018263349e+00
-2.057918484047565055e+00
-2.047665880833160923e+00
-2.032639755560661232e+00
-2.020470368656365867e+00
-2.013266806670281017e+00
-1.999656580024428365e+00
-1.976957853763561701e+00
-1.942862466094813279e+00
-1.895634221258926111e+00
-1.834097565228222759e+00
-1.747702611854469179e+00
-1.640452400810700428e+00
-1.394155845234395619e+00
-2.663904683076421254e-01
2.693239858177132184e+00
5.337491898653604849e+00
-1.240627105606502312e+01
-2.102086358755169693e-01
-1.465896686518857406e+00
-1.581781729568496164e+00
-1.557365528906628160e+00
-1.438906517781631367e+00
-1.011099524522891313e+00
7.684825493844054112e-01
-1.935453361840345776e+00
-2.040225396457654661e+00
-2.047408545488937470e+00
-2.040987418905327200e+00
-2.032193266333476522e+00
-2.021209052389092431e+00
-2.008868820305309555e+00
-2.001925307911558427e+00
-1.994809217990187511e+00
-1.980711057088872851e+00
-1.953333746763122658e+00
-1.899773293816184427e+00
-1.799087890586906546e+00
-1.733072477637213948e+00
-1.759781298822598483e+00
-1.755537350205767844e+00
-1.693212980428136838e+00
-1.545036624241324263e+00
-1.274481560919852985e+00
-1.461252920870879102e+00
-1.870319522874629659e+00
-1.935242017258884450e+00
-1.917418905256305095e+00
-1.868085360044334564e+00
-1.801027890322204783e+00
-1.733570733897340732e+00
-1.622178875569979528e+00
-1.404438715901034085e+00
-1.009821624193481426e+00
-1.235862638550842441e+00
-1.607573824574182186e+00
-1.656144744347062048e+00
-1.497881387734521175e+00
-9.145816819080505589e-01
1.646451691227247949e+01
-3.559987237759121292e+00
-2.873174810414076852e+00
-2.825739347585977335e+00
-2.951228527112319533e+00
-2.900656984706911246e+00
-2.761266937657700371e+00
-2.696009081875600621e+00
-2.665127325081144249e+00
-2.602175809790305827e+00
-2.524454641390177834e+00
-2.496697642390069749e+00
-2.553945226167798843e+00
-2.598103688887213103e+00
-2.560871652324133940e+00
-2.557373891012162836e+00
-2.575717485306034504e+00
-2.546805951168844118e+00
-2.493032245996233520e+00
-2.425542040923166276e+00
-2.364272765425785572e+00
-2.329775324364639300e+00
-2.305558958185176532e+00
-2.284872757090937512e+00
-2.268423461645740602e+00
-2.261078465451327624e+00
-2.263126821815919953e+00
-2.261093689547182706e+00
-2.248485980262477035e+00
-2.233064703041656607e+00
-2.216883541702105553e+00
-2.199553704382736896e+00
-2.186158139816171797e+00
-2.177506990138113885e+00
-2.172224285004565658e+00
-2.169915501755006026e+00
-2.168067596635617988e+00
-2.166708403960632801e+00
-2.163472908092405333e+00
-2.155128205318391554e+00
-2.143942803341834846e+00
-2.131119855189827383e+00
-2.120326922289737404e+00
-2.113968243759572374e+00
-2.112087295353630267e+00
-2.114016626335500249e+00
-2.159306002750583708e+00
-2.014508932107439865e+00
-2.040943143963596995e+00
-2.035062004341399611e+00
-2.016790760388947223e+00
-1.996346627282992170e+00
-1.994189859927613551e+00
-1.977270666695930768e+00
-1.866120055811300471e+00
-3.182526077662491737e+00
-2.278236789613345081e+00
-2.219319510351856373e+00
-2.265560492057936415e+00
-2.304792464318007994e+00
-2.189038136451328498e+00
-2.139209948285367702e+00
-2.117233144836311975e+00
-2.102923422937895914e+00
-2.092592979796639163e+00
-2.090253320911340751e+00
-2.113873399534146102e+00
-2.348606088796670210e+00
-2.112298969580064245e+00
-2.087709375379061427e+00
-2.078294315290998284e+00
-2.071941965982252221e+00
-2.067009291400299542e+00
-2.062588371798534048e+00
-2.054915221045962248e+00
-2.009367450118265896e+00
-2.501757573512779498e+00
-1.907853830974520104e+00
-2.021416565794229125e+00
-2.037748641576226483e+00
-2.041451701414763065e+00
-2.041895345955257124e+00
-2.041350597386533572e+00
-2.039173710928395611e+00
-2.035712899916039653e+00
-2.031530830174018476e+00
-2.026355099253733805e+00
-2.020886817315988182e+00
-2.015184890352393232e+00
-2.008975349783726383e+00
-2.003374357140476736e+00
-1.999557064539937201e+00
-1.997267301505543324e+00
-1.995772846400267309e+00
-1.994438876865797017e+00
-1.992849805191615253e+00
-1.992089966936856360e+00
-1.991435547543125129e+00
-1.990140116175123985e+00
-1.988688094944695894e+00
-1.987130446681597551e+00
-1.985215986123615828e+00
-1.982948999528472367e+00
