-2.042575910113874293e+00
-2.038307966251326597e+00
-2.044934247979927733e+00
-2.041334799262502830e+00
-2.038487525623633001e+00
-2.032662142910317105e+00
-2.045093821581566385e+00
-2.041673542461222901e+00
-2.038585721650404636e+00
-2.033743145137402841e+00
-2.026255590591665268e+00
-2.014927081678380638e+00
-2.005482509566615335e+00
-1.999956392425658480e+00
-1.989065436881030546e+00
-1.969496406099371377e+00
-1.936766332291982806e+00
-1.882822496235005749e+00
-1.787059742461178713e+00
-1.563598623675110932e+00
-7.855558318946566088e-01
-3.641983476618370741e+00
-2.502679821674873573e+00
-2.389558667971394712e+00
-2.353073084320551178e+00
-2.306433816304271911e+00
-2.386832985145532326e+00
-2.904786237897408974e+00
-3.736442370180619310e+00
-3.166779965538856878e+00
-2.623179441971932757e+00
-2.366130951657220649e+00
-2.268512482938417563e+00
-1.926390037141673783e+00
-2.024822873244854993e+00
-2.028745313437557929e+00
-2.024124944131657333e+00
-2.017891138972953691e+00
-2.009989810331995308e+00
-2.000918541894861402e+00
-1.995643898926666937e+00
-1.990194372857151839e+00
-1.979343041747107623e+00
-1.957295379513850575e+00
-1.909092084255575195e+00
-1.793587672707289027e+00
-1.689455318967808983e+00
-1.730450795456036639e+00
-1.719467974612482797e+00
-1.584898602289586123e+00
-9.076459303797383971e-01
-5.709369429805795093e+00
1.562078317388151838e+00
-1.870871266007077871e+00
-1.941041930683375716e+00
-1.923786620062121422e+00
-1.868122269965452720e+00
-1.764216319518753462e+00
-1.599170933917478887e+00
-9.695324614743807690e-01
-4.401786605369131244e+00
-2.706030508159542158e+00
-2.909330846761719158e+00
2.631000944704164901e-02
-9.549779107330402805e-01
-5.699364331841923814e+00
-2.560658280084892713e+00
-2.322770844051391670e+00
-2.237749506442523462e+00
-2.199178079439893629e+00
-2.191415859294331803e+00
-2.196711014985638588e+00
-2.191296594365240491e+00
-2.176859217907474608e+00
-2.166577110861362954e+00
-2.159533785219437618e+00
-2.149439129954479277e+00
-2.137120485522895574e+00
-2.129485381561628365e+00
-2.129532715268713350e+00
-2.127771507410841423e+00
-2.121447196100322063e+00
-2.118393567251521503e+00
-2.116601364221863513e+00
-2.110806762004401982e+00
-2.102726824367602720e+00
-2.093377025576834694e+00
-2.084259812597513140e+00
-2.077487393433456564e+00
-2.071706883202588223e+00
-2.066170047622981620e+00
-2.061057696644697845e+00
-2.056543730438397777e+00
-2.052436398269588569e+00
-2.048253651185453883e+00
-2.044019976140293959e+00
-2.039879101294542973e+00
-2.035936379536929408e+00
-2.032321227888154169e+00
-2.028704068576213437e+00
-2.024886837748918200e+00
-2.020805493684155962e+00
-2.016294483294633011e+00
-2.011712751246803155e+00
-2.006982190752415018e+00
-2.002760260085466371e+00
-2.000086762951046371e+00
-1.998583609579199116e+00
-1.997973810735970357e+00
-1.996921914124335729e+00
-1.993760403475953957e+00
-1.987490992044122384e+00
-1.978236913116495854e+00
-1.949960818037691279e+00
-1.751638799697028848e+00
-2.878825203672409572e+00
-3.037275774324212030e+00
-1.310255791968773842e+00
-1.710475179033394078e+00
-1.706339163844738716e+00
-1.786361302160684561e+00
-1.892942426931103261e+00
-1.937913633662224910e+00
-1.954020646015416807e+00
-1.957573565929813242e+00
-1.948458343890456135e+00
-1.942327668780219785e+00
-1.952782903558275773e+00
-1.962793636623642701e+00
-1.968566492129633527e+00
-1.972754344998349119e+00
-1.975375137357907596e+00
-1.963894300632617940e+00
-1.922303419568889726e+00
-1.888951893129481974e+00
-1.912915291100067527e+00
-1.933187924217922848e+00
-1.944844143700104944e+00
-1.954007644599454530e+00
-1.961098306768326971e+00
-1.965102628007012520e+00
-1.955843519795987140e+00
-1.900139138877894318e+00
-1.814244810348911496e+00
-1.858742884896138703e+00
-1.905081312382382208e+00
-1.929570701700090929e+00
-1.942598684932882236e+00
-1.950731047885685854e+00
-1.956144593011191812e+00
-1.957975026461625356e+00
-1.957354636105170798e+00
-1.955748458456851413e+00
-1.952867939904765704e+00
-1.949543018461560528e+00
-1.945954245448253239e+00
-1.941889350903812872e+00
-1.938377507543135092e+00
-1.936339531532517810e+00
-1.935454000649602602e+00
-1.935348061195956149e+00
-1.935489445541566322e+00
-1.935483279879150142e+00
-1.936197518739207979e+00
-1.936959586941088940e+00
-1.937088445552229921e+00
-1.936610133115006072e+00
-1.935551713541260099e+00
-1.934273990027122192e+00
-1.933026626579695595e+00
-1.932009331960597098e+00
-1.931199421232401292e+00
-1.930515256102926402e+00
-1.929807566157405674e+00
-1.928896378416679935e+00
-1.927669381709845364e+00
-1.926118458284710178e+00
-1.924326334231178937e+00
-1.922452917662728744e+00
-1.920562876270760500e+00
-1.918674656134841339e+00
-1.916885773578964169e+00
-1.915279359171629725e+00
-1.913964649936070295e+00
-1.913033200341594853e+00
-1.912237560687775950e+00
-1.911421132879072005e+00
-1.910449334402023691e+00
-1.909289309753622099e+00
-1.907945034359719294e+00
-1.906363389696646315e+00
-1.904646706695896974e+00
-1.902937282695245313e+00
-1.901347046550221354e+00
-1.899926716669686932e+00
-1.898791518085930052e+00
-1.897893881317187503e+00
-1.897109565399774045e+00
-1.896274768359313967e+00
-1.895154540866015314e+00
-1.893659599297130569e+00
-1.891912329621320055e+00
-1.890050633025431637e+00
-1.888136680230519282e+00
-1.886286099466863764e+00
-1.884635675370745389e+00
-1.883223865389906493e+00
-1.881867963181168335e+00
-1.880450718040812319e+00
-1.878997138238835740e+00
-1.877384939897927207e+00
-1.875557330383540666e+00
-1.873601873998592238e+00
-1.871622281970933166e+00
-1.869689208637552724e+00
-1.867846927278820068e+00
-1.866222761828572718e+00
-1.864837277064293586e+00
-1.863542706030945739e+00
-1.862154509723858542e+00
-1.860555916631880358e+00
-1.858731497350415207e+00
-1.856779771375202337e+00
-1.854802940958916846e+00
-1.852798450872916725e+00
-1.850791735897522550e+00
-1.848811478881857928e+00
-1.846906460617656176e+00
-1.845166907908465159e+00
-1.843601946233125233e+00
-1.842132854014530086e+00
-1.840635902741124763e+00
-1.839043051753745495e+00
-1.837294458790087903e+00
-1.835409219844099660e+00
-1.833379429833157825e+00
-1.831224333113592673e+00
-1.829083421169410251e+00
-1.827017452273642206e+00
-1.825096953239358388e+00
-1.823410066078088310e+00
-1.821879744823849290e+00
-1.820436598492828129e+00
-1.818874624351026537e+00
-1.816979784295805089e+00
-1.814816748741939989e+00
-1.812468762493068208e+00
-1.810049043856446938e+00
-1.807648374550919090e+00
-1.805356399351877750e+00
-1.803296640291427888e+00
