-2.466335748603554201e+00
-2.463254299337670261e+00
-2.447426171400668871e+00
-2.487905690917139978e+00
-2.474409479030472259e+00
-2.478433087475470309e+00
-2.466143695252130286e+00
-2.464199195053803138e+00
-2.460740990692112717e+00
-2.454729940328123305e+00
-2.445153467160826821e+00
-2.430478676061956111e+00
-2.419048364165392151e+00
-2.413177093011971142e+00
-2.400396153049309866e+00
-2.377749946123113745e+00
-2.342060221481431448e+00
-2.290339491847483977e+00
-2.220256243200107171e+00
-2.115285033538458315e+00
-1.980093012024933596e+00
-1.571145730804690333e+00
1.633220960473195049e+01
-6.349387559718921992e+00
-6.507584394097030156e+00
-4.560301173242235606e+00
-1.963276881907518590e-01
-1.950588838223426214e+00
-2.052784778054524306e+00
-2.020730202311418644e+00
-1.888920615302247530e+00
-1.328008256602318582e+00
5.974075410627835758e+00
-2.362562296585928756e+00
-2.442961391947843452e+00
-2.447661907743079013e+00
-2.441544485707794365e+00
-2.433322864757451853e+00
-2.422990973265570780e+00
-2.411392954113541709e+00
-2.405394140880671383e+00
-2.399184703229199300e+00
-2.385912785963380855e+00
-2.358653404329897008e+00
-2.301034154882853677e+00
-2.178016377016444238e+00
-2.106660486829215806e+00
-2.164028332575325564e+00
-2.169542315821403111e+00
-2.103787956576111284e+00
-1.925181645249725015e+00
-1.536210474421118466e+00
-1.871732910854742027e+00
-2.305090816029907508e+00
-2.357829888203522017e+00
-2.339439685534204560e+00
-2.290748336404841989e+00
-2.221760781611902935e+00
-2.150620874279685957e+00
-2.023868824979240699e+00
-1.736843102836099328e+00
-1.060453151762487778e+00
-1.590706346882478917e+00
-2.062210599208796680e+00
-2.108381823754786666e+00
-1.934399225588406823e+00
-1.069855631275343555e+00
-5.558210871715525414e+00
-3.278091645416585820e+00
-2.984581247213490052e+00
-2.978003130789180553e+00
-3.074851415122100029e+00
-3.051300705184305961e+00
-2.961975333043639580e+00
-2.921560962818373852e+00
-2.903612071347555279e+00
-2.859821229467979897e+00
-2.803896822366738206e+00
-2.785836740215713370e+00
-2.833809398960815962e+00
-2.868997576234909808e+00
-2.838171162602688646e+00
-2.835666191156215099e+00
-2.850114298427959714e+00
-2.826202776601010047e+00
-2.783866775064606891e+00
-2.731852966900999213e+00
-2.685625743705102320e+00
-2.660422499978679411e+00
-2.642806574104262118e+00
-2.627602668446490153e+00
-2.615453097905404256e+00
-2.610443420564871886e+00
-2.612789405568046508e+00
-2.611339173162741112e+00
-2.600968781762750481e+00
-2.588496265122972151e+00
-2.575579244449392124e+00
-2.561891599800012465e+00
-2.551485353047686644e+00
-2.544830205294799974e+00
-2.540755358524645402e+00
-2.538928022115302330e+00
-2.537301729807605266e+00
-2.535950820741526002e+00
-2.532954436262988107e+00
-2.525893972812137012e+00
-2.516835446303750778e+00
-2.506816107567192198e+00
-2.498523867068386917e+00
-2.493423694643761124e+00
-2.491276011244988098e+00
-2.491439690416623165e+00
-2.524885834088017589e+00
-2.442820982436612276e+00
-2.450748816274879616e+00
-2.444802665493299720e+00
-2.430366456871761560e+00
-2.413528088772081581e+00
-2.411175805052546472e+00
-2.396345393392325995e+00
-2.283475569125502869e+00
-2.795581789709599363e+00
-2.581910044247740732e+00
-2.555185260878007014e+00
-2.585838507328674929e+00
-2.612266728026984453e+00
-2.539625002245177399e+00
-2.508223783342792501e+00
-2.494004820711755777e+00
-2.484434457974081578e+00
-2.477277952282119333e+00
-2.473907468931503484e+00
-2.478881532972944335e+00
-2.369221531866906982e+00
-2.475624348501753502e+00
-2.467741982524956246e+00
-2.463708710314572059e+00
-2.460510219459490777e+00
-2.457691671357017160e+00
-2.454677508764124383e+00
-2.447070780259643641e+00
-2.380391150027008074e+00
-2.640944432541797671e+00
-2.222828632712626540e+00
-2.415017498527832984e+00
-2.433530068654639056e+00
-2.437788751871440951e+00
-2.438641063861297198e+00
-2.438491892682140616e+00
-2.436703181148926145e+00
-2.433663298284122423e+00
-2.429940672504514509e+00
-2.425261247062750147e+00
-2.420349794764142359e+00
-2.415250903071463284e+00
-2.409685339815261340e+00
-2.404802868470017785e+00
-2.401758029726635879e+00
-2.400189828880251675e+00
-2.399307767543269687e+00
-2.398477275637017847e+00
-2.397320571587568505e+00
-2.396941114184037769e+00
-2.396592760672263012e+00
-2.395583192912937864e+00
-2.394412574492563728e+00
-2.393137817950353075e+00
-2.391515106178764061e+00
-2.389562553553937541e+00
