1.158938301318334849e-02
1.871159884472549731e-02
5.671084259355467505e-02
3.227888164227306345e-02
3.130146022171104159e-02
-3.484913460167606003e-02
-7.988471909778177560e-01
-9.916779734209387742e-01
-5.065498292155889981e-02
3.121598306318565941e-01
3.384667187383140763e-01
2.575164499854949440e-01
-8.286281753891297508e-02
9.806140141050564973e-03
8.409131802536792821e-02
1.172243758400617064e-01
9.620519310998013052e-02
7.981464939192035868e-02
6.220061048339185772e-02
5.650098783361307692e-02
3.291495341221846449e-02
7.607752935850506382e-02
5.274222229508838955e-02
1.378981744800488601e-02
3.036174506727972594e-02
3.654910699996841150e-02
-7.823437717054793072e-02
-2.779313228278046388e-02
2.199380000095478224e-02
4.227309995066359793e-02
6.197955954291098357e-02
7.820045336684686155e-02
5.436140240619259656e-02
-9.159796652769499614e-01
-2.578722464547911208e+00
-1.618147993859491152e-01
3.687608847111727428e-01
1.621158386159952669e-01
3.794412932385665127e-01
7.467807222929923050e-02
-1.778706048808181839e-01
5.687360978691580193e-02
2.004296292499114229e-01
4.155236686504069632e-01
4.151893047914789192e-01
3.309853622136753604e-01
-1.422096692953266073e-01
-8.459892459602107173e-02
4.508414266932903036e-02
1.840186568358132546e-01
1.900355538393503352e-01
1.515270575370048778e-01
-2.758494828985081915e-01
-1.239100341387205262e+00
2.136785298075630224e-02
3.781530597721202702e-01
4.175061777070313562e-01
2.374547729311393129e-01
1.664309799118316446e-01
2.382200345530985919e-01
2.071530332897039695e-01
1.621393254751745394e-01
-2.236063778329825391e-01
-2.236340871560625609e-01
1.562490996863639126e-01
2.846174425886497383e-01
2.948890272176280525e-01
2.747041580422248108e-01
2.532321722401002506e-01
1.535098940831567116e-01
-1.623880250446610440e-02
1.909790963789792517e-03
1.167834047484938853e-01
1.585278533914411814e-01
9.117486365182372876e-02
1.067782125633255641e-01
1.600202609655487496e-01
1.892163425181715430e-01
8.132217869341495931e-02
-2.180469174577537306e-03
1.285077513457360265e-01
9.485508851258697693e-02
1.085240541062423847e-02
6.021762041798009446e-02
1.544439487080791207e-01
1.669508248036030151e-01
2.485259236705518182e-01
2.368642779278131716e-01
1.458875713785207640e-01
1.910356303054108196e-01
1.896212527455952146e-01
1.895835645760747812e-01
1.174475727974109707e-01
9.463032574453617007e-02
1.402869193508361478e-01
1.399330517737942259e-01
1.376243090095501387e-01
2.073145641225444535e-01
2.394571298822723571e-01
1.592740668875542998e-01
1.622460262687956956e-01
1.164508646717722917e-01
9.815430988839607407e-02
1.243967007894596355e-01
9.702577949655533107e-02
1.814517290545310524e-01
2.512242706756631083e-01
2.907309371670512843e-01
3.253441151246326268e-01
2.600629056150990381e-01
1.416259422722508932e-01
9.413865889317196700e-03
-2.731033211313677045e-02
-6.459322374271887490e-01
-9.602132530790336018e-01
-3.670837420000473694e-02
4.112125171392602141e-01
5.113225265130433295e-01
1.669855547916135885e-01
7.507853462856151072e-03
4.302085601653204971e-01
5.743633132256267260e-01
5.198775314857981833e-01
3.325662206296161605e-01
1.896790317747680810e-01
-1.570197437364187487e-01
3.188669793683288067e-01
5.289274500001555079e-01
4.727533936874461773e-01
4.479070082196857649e-01
4.854582757702791129e-01
4.189754353099461870e-01
-6.387855518809164579e-01
-8.212615178441911024e-01
3.917769269707809809e-01
6.864138255592966420e-01
5.255970863570492702e-01
5.484957974803417180e-01
5.859929745101331022e-01
5.927672140466606621e-01
4.930366068157887582e-01
-5.120703652099212189e-01
-1.679882352259087330e+00
3.453316276554360131e-01
8.753699953450080340e-01
8.493443533216131769e-01
7.028268854381352071e-01
6.753286558830290387e-01
6.469243748259378979e-01
5.779468099503430878e-01
3.772694736472113064e-01
3.760122100100445897e-01
3.546683461495248046e-01
3.005728334405319835e-01
3.301691411592820868e-01
2.965922282697179835e-01
3.022416591430602262e-01
3.444543229605799839e-01
4.172221883795959041e-01
4.334759232852460897e-01
4.881870466621499594e-01
4.850790471409632820e-01
5.051941233605063974e-01
5.793255067294911242e-01
5.412490288835318797e-01
5.189909046991213470e-01
5.260077195030324892e-01
5.435592941389825183e-01
5.305429264249155175e-01
5.401995782291065806e-01
