-4.037345652131413226e-06
-2.402463793197395149e-05
-4.550782581070622487e-05
-4.577683255303586086e-05
-3.103254509272406777e-05
-1.492719721675630731e-05
-1.247441722084761137e-04
-7.619098255842115218e-04
-1.993419079236499920e-03
-3.340370779910304365e-03
-4.495247392867804219e-03
-5.388557291024938072e-03
-6.083741654660542938e-03
-6.737854466694810120e-03
-7.339908111859450544e-03
-7.846272952964365027e-03
-8.241903025146955775e-03
-8.538170631675440561e-03
-8.755095779597986058e-03
-8.911164842181315202e-03
-9.017845772295054324e-03
-9.087010793632941882e-03
-9.105798538246896723e-03
-9.088960966975891814e-03
-9.063303240813828932e-03
-9.028367869572279450e-03
-8.994017723144290960e-03
-9.011293381379816697e-03
-9.065504091928924812e-03
-9.125665086626854813e-03
-9.175336755052849319e-03
-9.200572709863392637e-03
-9.192715196477236131e-03
-9.284730799026121029e-03
-1.016122757287431753e-02
-1.243575381889501855e-02
-1.507545033327766133e-02
-1.753748575188235695e-02
-1.978473703735236788e-02
-2.174855125498928454e-02
-2.356531089176924429e-02
-2.536041729785176030e-02
-2.703396892118024863e-02
-2.846338606675399494e-02
-2.953144627874955408e-02
-3.023197926772176400e-02
-3.067461024383722618e-02
-3.110377357384263783e-02
-3.155256943897113281e-02
-3.195283716919936762e-02
-3.223564713708809704e-02
-3.239163246947193708e-02
-3.249609424656266926e-02
-3.288912726597475328e-02
-3.393560561335844800e-02
-3.510752409092736392e-02
-3.607442277815874759e-02
-3.678108456597778408e-02
-3.731267798026367127e-02
-3.770663188184346371e-02
-3.794483134452361628e-02
-3.804870903534316590e-02
-3.809469595713921297e-02
-3.828217136374011814e-02
-3.861888027200864604e-02
-3.890102147901796509e-02
-3.901538088189059755e-02
-3.895061330232927471e-02
-3.872378564817439278e-02
-3.835746260604717267e-02
-3.791457309818624388e-02
-3.749878346582602440e-02
-3.709972543742363904e-02
-3.666759613565805098e-02
-3.619753815572163830e-02
-3.571378036979780402e-02
-3.521116301581946051e-02
-3.466523667931103309e-02
-3.407735736396932252e-02
-3.350981856298912431e-02
-3.300573900958251455e-02
-3.250466074394554872e-02
-3.199318731451634978e-02
-3.150081166448614328e-02
-3.101530297153301183e-02
-3.050375131483866811e-02
-2.994868751590596540e-02
-2.931952031647019202e-02
-2.862250985547047308e-02
-2.788338943958931088e-02
-2.710339101204748552e-02
-2.629112959281862741e-02
-2.545972495887776840e-02
-2.464888769574209021e-02
-2.386928051414968083e-02
-2.309020707961060778e-02
-2.228352983811816151e-02
-2.144214706880333970e-02
-2.054971585541694873e-02
-1.960153912004415286e-02
-1.862436102593165166e-02
-1.764519261194686869e-02
-1.669160448661606913e-02
-1.578058111338606281e-02
-1.490976618461902284e-02
-1.408097810430722525e-02
-1.325931880772788021e-02
-1.240744890396676577e-02
-1.149304948599531341e-02
-1.049001102858785478e-02
-9.441673605249523496e-03
-8.439869156163478867e-03
-7.574373874935123180e-03
-6.960026362197334858e-03
-6.950221641744278728e-03
-7.646163250584372788e-03
-8.577270689892712088e-03
-9.385325126364285273e-03
-9.986197887582920832e-03
-1.053625003379991126e-02
-1.109474215438842164e-02
-1.146845877023477435e-02
-1.154208093137136341e-02
-1.135587652447810764e-02
-1.102341469401393013e-02
-1.067531455260046711e-02
-1.043853586762893623e-02
-1.012268012133627978e-02
-9.582432180227177035e-03
-8.820653049472370125e-03
-7.854605419992090332e-03
-6.677090344172561219e-03
-5.449643176272720053e-03
-4.726116914163204161e-03
-4.561469870866706293e-03
-4.369757938292817730e-03
-3.880238347502960698e-03
-3.116647197271593325e-03
-2.084442621561398423e-03
-7.614082740241910185e-04
8.464300762326898778e-04
2.543251990147466467e-03
3.657703650580940678e-03
3.792815025087507320e-03
3.839909763780779365e-03
4.289942411306641237e-03
5.226243760272371308e-03
6.586075116720791281e-03
8.293479004891418302e-03
1.033055306042208153e-02
1.266916101128985270e-02
1.519574466830370812e-02
1.784678269643036330e-02
2.055182084509810450e-02
2.325696310603532491e-02
2.595532913792833116e-02
2.861986959644177708e-02
3.124817328688684823e-02
3.388846814410725189e-02
3.660635592796977755e-02
3.944359585491249987e-02
4.242405769568841079e-02
4.554848827106244141e-02
4.882605706887505059e-02
5.230196002013388912e-02
5.595866158807479007e-02
5.978843364944946143e-02
6.378864330889433276e-02
6.795454244690130041e-02
7.226567799194179298e-02
