-1.042901188923150459e-02
5.928954216900254870e-03
5.123016698951325665e-02
2.970254247224066169e-02
2.596221946446464549e-02
-3.894568865821129711e-02
-8.469160106449424852e-01
-1.112595019161052079e+00
-1.809630944198427072e-01
2.321518477664112901e-01
3.085337323189439318e-01
2.609836610943210289e-01
-7.743101697039961318e-02
9.228900036266057816e-03
8.514069939418239530e-02
1.205820247576000342e-01
1.064480105747045297e-01
8.863609373951777948e-02
6.820663327631808215e-02
6.403896324131878870e-02
3.635165960207105418e-02
8.189770519952194183e-02
5.966957719652789954e-02
1.348110082801576293e-02
2.702274181391919189e-02
3.563934965438660118e-02
-8.723410796333455619e-02
-4.349620083963232076e-02
6.269969089544972368e-03
2.691621121717588036e-02
4.936075557642723155e-02
7.067171842166621032e-02
4.970382402659135473e-02
-9.687224430676020237e-01
-2.793295018215579351e+00
-4.299485868942033440e-01
1.890576622889357239e-01
5.066797235987985371e-02
3.146113693325705007e-01
4.320092752263954283e-02
-2.179636727750791092e-01
1.860515595182488102e-02
1.798069662330073204e-01
4.225967210445120137e-01
4.457492581876253412e-01
3.778544010793950525e-01
-1.111833705971012887e-01
-8.513299761990937575e-02
3.307941497704959544e-02
1.709695643866247505e-01
1.866839255640179995e-01
1.544637696219759437e-01
-2.925043404360438970e-01
-1.339975918964189550e+00
-1.123355860071528767e-01
2.891829318046871822e-01
3.769892507318688413e-01
2.141230539768257946e-01
1.604421937954659816e-01
2.382368416575047498e-01
2.078339899239645683e-01
1.702497833909852876e-01
-2.369151440048846147e-01
-2.720304030415995333e-01
1.174272066619516108e-01
2.712811976100892863e-01
2.914887054193964211e-01
2.798242147178988670e-01
2.685283567383890402e-01
1.888706264655561629e-01
-8.842665060192878013e-03
1.683926326558785047e-02
1.215325441103771720e-01
1.485328385535029938e-01
8.908644850085198352e-02
1.032950144446499741e-01
1.556630894619041028e-01
1.831257566791455460e-01
7.612892250988756437e-02
-2.524075520904722758e-02
1.130478603542801053e-01
1.044012187938006264e-01
2.319322549601440797e-02
5.826555145404180291e-02
1.393700762675100235e-01
1.526575915492595359e-01
2.345928005265719429e-01
2.295269111346642243e-01
1.591694679797128753e-01
1.919068569150030878e-01
1.833753927203360390e-01
1.848276245822477182e-01
1.085370962600859523e-01
8.366375123983227358e-02
1.335889561268097103e-01
1.581965732777741440e-01
1.559898419640370348e-01
2.099644755250373307e-01
2.402127960733449474e-01
1.772991283647510907e-01
1.619831507137108884e-01
1.164531015061773811e-01
8.817611992313489910e-02
1.083989325225252487e-01
7.901957422356531424e-02
1.539519866519714619e-01
2.201711439749002852e-01
2.660406773579553352e-01
3.244296082101043033e-01
2.624550307580436059e-01
1.318273454363053099e-01
-1.967233319963979099e-02
-6.844123159246517929e-02
-7.469033067657009362e-01
-1.125967577880067072e+00
-2.220141098271069535e-01
2.740409646337008676e-01
4.286546533932757419e-01
1.075129943139204458e-01
-5.629458725093301752e-02
3.651114023772579209e-01
5.498288293272338700e-01
5.084995555254003818e-01
3.334335229031054615e-01
1.921812797099379799e-01
-1.733206303931830727e-01
2.741444265927174828e-01
5.103627665700597449e-01
4.777834051050279807e-01
4.620829993799272506e-01
5.141452417071775693e-01
4.663724922730368982e-01
-6.560241371109074571e-01
-9.030952290294289586e-01
2.923899727733498821e-01
6.422497233473195566e-01
5.265350464928783003e-01
5.630196438590256980e-01
6.248381775243523339e-01
6.546947940624066042e-01
5.573219307033846492e-01
-5.249085113589475604e-01
-1.774584473142076568e+00
2.066205464245138290e-01
7.994212205613415723e-01
8.759317756646212150e-01
7.816834630007090112e-01
7.282682495744332574e-01
7.321806041736217407e-01
7.179587634386006556e-01
5.122287077247354992e-01
4.885133652759575673e-01
4.278208630216970842e-01
3.503435038264319790e-01
3.749405895403461475e-01
3.271161213701463399e-01
3.194281687946088910e-01
3.803180432890427287e-01
4.713558850216306162e-01
5.133029720087265435e-01
5.756278606491540550e-01
5.774057034373591968e-01
5.949946301943502824e-01
6.998769924731693681e-01
6.649048583719190386e-01
6.697158804007286026e-01
6.297620268590111703e-01
6.212887359890504335e-01
6.239163688188062995e-01
6.469520268452761957e-01
6.796096614306272876e-01
7.043936037880129675e-01
7.285702771135522671e-01
7.344438297670141669e-01
7.297839092078233225e-01
7.140574372543833093e-01
7.016026629195022402e-01
6.937163470747105265e-01
7.022055444080839148e-01
7.043029867890806539e-01
7.140559466211102713e-01
7.311481355514584113e-01
7.550047293579342789e-01
7.915101287414714193e-01
8.352033971821473113e-01
8.414159989973621911e-01
8.594960241636200315e-01
8.459964801284436398e-01
8.528606428429965636e-01
8.393273998244954459e-01
8.323425219212381432e-01
8.324302994436778569e-01
8.469153002871148139e-01
8.662598450896128455e-01
8.907303278642699773e-01
9.317146632267525597e-01
9.549894351553529503e-01
9.779157408106300409e-01
9.762295310924002933e-01
9.559833130552317648e-01
9.324184737667970957e-01
9.270229284648157098e-01
9.251604546870941803e-01
9.286603029016684552e-01
9.456719905472676935e-01
9.739534232828601645e-01
1.000967301451927138e+00
1.001406050544621618e+00
1.006403703790411441e+00
1.010843449092197588e+00
9.943791086953290836e-01
9.846311792378874550e-01
9.809606902409662155e-01
9.875464144743335559e-01
9.961521300406031010e-01
1.010458268874836918e+00
1.041712559013572736e+00
1.063872120008027000e+00
1.072485216021299870e+00
1.063455961153596085e+00
1.049315855149402399e+00
1.034527845821569869e+00
1.034073020766979489e+00
1.036187973252071348e+00
1.034875855729205707e+00
1.040134481124435073e+00
1.043892162486954600e+00
1.056925072252693720e+00
1.076974789431658586e+00
1.093911261429805215e+00
1.102749372542261685e+00
1.099792695784265639e+00
1.095982857833466273e+00
1.082098256746163223e+00
1.078505244230797633e+00
1.062873590213910813e+00
1.059363685067975069e+00
1.065859940397868577e+00
1.072780937220897179e+00
1.090776516829272236e+00
1.113945747538183983e+00
1.122645610296439944e+00
1.135042006649378266e+00
1.112779918883454844e+00
1.086586897947723340e+00
1.070893584628193285e+00
1.056257391447559257e+00
1.056227054976577762e+00
1.055998843087700312e+00
1.069151395800146176e+00
1.089384664895024724e+00
