1.434001693596489975e-06
1.031975091129391893e-05
3.520824932368444557e-05
8.983798426323932624e-05
1.647312084794850238e-04
2.473870199710007187e-04
2.126371068818670761e-04
-3.070682890513466278e-04
-1.324572227661134725e-03
-2.354287151464390989e-03
-3.133539251587316374e-03
-3.639622738601017062e-03
-3.966327401702432129e-03
-4.276361354504743494e-03
-4.554193152578008170e-03
-4.756081854389730516e-03
-4.868051759103523071e-03
-4.904977290416447436e-03
-4.884177816991442343e-03
-4.820453194900550277e-03
-4.724515600870751036e-03
-4.604926193720289447e-03
-4.449427302173526375e-03
-4.271909255062281141e-03
-4.091998365011117154e-03
-3.905715782709443841e-03
-3.723474094709929190e-03
-3.590115745100989214e-03
-3.484764924961348837e-03
-3.375541072735895997e-03
-3.246061912859166034e-03
-3.084675919839127440e-03
-2.887197288504973151e-03
-2.785364368574062138e-03
-3.419114744886786374e-03
-5.285871419676735350e-03
-7.307272260801172398e-03
-9.017186196108467958e-03
-1.044626918015693039e-02
-1.157116312840664532e-02
-1.255954335422238867e-02
-1.353622794933233807e-02
-1.440414523816556207e-02
-1.505697764216384210e-02
-1.539876725263943265e-02
-1.544095882414412736e-02
-1.530187438369592576e-02
-1.521046848422363124e-02
-1.516984527919063713e-02
-1.509647360120359126e-02
-1.491693859620873454e-02
-1.462717719222349222e-02
-1.430479064361661265e-02
-1.426858730232373820e-02
-1.482084254124491421e-02
-1.540304484347780264e-02
-1.572179396465220313e-02
-1.576243633525975171e-02
-1.562940404547577197e-02
-1.537583536403191661e-02
-1.498927807203731186e-02
-1.449229297658531472e-02
-1.396447059951477082e-02
-1.358751841167388924e-02
-1.334297786303872795e-02
-1.303475278748065722e-02
-1.257025673066800193e-02
-1.194502724733279009e-02
-1.118092546500384400e-02
-1.031199894689437471e-02
-9.414324289664283835e-03
-8.574933477725754649e-03
-7.784886130126394445e-03
-6.982389068419274890e-03
-6.146506919283013792e-03
-5.303844488577999505e-03
-4.447906259483934074e-03
-3.550490057145280591e-03
-2.609400140971631504e-03
-1.683895374500698604e-03
-8.052674444527244341e-04
7.614401061291548901e-05
9.474386746693076082e-04
1.774267933044937264e-03
2.585399492936375256e-03
3.430990738408064376e-03
4.333914658253616888e-03
5.327007987958293223e-03
6.395579291896787318e-03
7.497605475576245987e-03
8.641672243623346739e-03
9.828324791602498223e-03
1.104525802619275333e-02
1.225468706650489209e-02
1.344506993327741241e-02
1.463582132197656892e-02
1.583089850465605603e-02
1.703755908944723160e-02
1.829024238571281408e-02
1.959727029295792525e-02
2.092220180937399629e-02
2.225141726213299143e-02
2.356175583934669998e-02
2.484483509948677560e-02
2.610911542611361880e-02
2.735659692346250824e-02
2.863260720896372916e-02
2.998005413247213299e-02
3.142317017634502219e-02
3.296681703768530175e-02
3.456314744765465879e-02
3.613185336576166251e-02
3.759839720412574970e-02
3.886324278458000436e-02
3.961822291207260649e-02
3.980988892466789941e-02
3.991937342537533323e-02
4.026033049471456488e-02
4.086634418522260698e-02
4.155532069578490861e-02
4.226802348630748218e-02
4.319534088548303286e-02
4.442223115240651055e-02
4.589419241645222025e-02
4.748579303230978516e-02
4.906151039306758804e-02
5.050919166705539198e-02
5.204327320126650447e-02
5.379223465927748110e-02
5.573362018134816326e-02
5.784171040841468159e-02
6.011051508670836596e-02
6.237081707952515236e-02
6.411524313102329176e-02
6.534146912854890688e-02
6.665116866567843967e-02
6.827304522315988389e-02
7.014698291955413778e-02
7.225544521729167224e-02
7.460193400672540665e-02
7.716365429196458958e-02
7.975593043300266416e-02
8.176698802959145307e-02
8.285929067025445127e-02
8.396046495163368706e-02
8.550773893460836272e-02
8.749620495381743579e-02
8.982475965025391029e-02
9.243919792295494930e-02
9.529443505936951997e-02
9.831346976647609148e-02
1.013856968150576854e-01
1.044827882662985041e-01
1.075852207767899194e-01
1.106688534562048215e-01
1.137382711110384442e-01
1.167825815576562232e-01
1.198078600150030842e-01
1.228440453391976273e-01
1.259295434314254281e-01
1.290823981389158104e-01
1.323239751578709211e-01
1.356545823274017404e-01
1.390858435791662295e-01
1.426412608632832701e-01
1.462992541883097741e-01
1.500393242680659878e-01
1.538583636301376067e-01
1.577573631172838609e-01
1.617273377183482685e-01
