-3.945025246855479728e-02
-1.494747304775748305e-02
3.745111751838271080e-02
1.894881923548039429e-02
1.176752778552969843e-02
-5.043920222342477416e-02
-8.977442743126472502e-01
-1.236336707143146363e+00
-3.271489190157231830e-01
1.227441571759586986e-01
2.447381287470117295e-01
2.345000834082903163e-01
-9.304391541360886031e-02
-4.976077896927190262e-03
7.638555925995341167e-02
1.158344647906332930e-01
1.116492809843633860e-01
9.424863882169633167e-02
7.210127318442796640e-02
7.123801762959056094e-02
3.990096238856515043e-02
8.856061801744891104e-02
6.795667190209493669e-02
1.365933079817616483e-02
2.327027970821769418e-02
3.421927391145913183e-02
-9.719134902775523888e-02
-6.136593829257509791e-02
-1.368152194106268468e-02
4.785068153696878969e-03
2.811769331944059119e-02
5.378779302057293960e-02
3.581406973746256717e-02
-1.024781763338970642e+00
-3.003239527125351138e+00
-7.165937248451094144e-01
-3.777070599645707127e-02
-1.184257173471118113e-01
1.912126289764513043e-01
-3.773974315865016860e-02
-2.964921594775412617e-01
-4.978672856545509479e-02
1.345419519043750400e-01
4.096468596489719061e-01
4.614416606118904585e-01
4.181018269732533210e-01
-7.605282205862483325e-02
-7.671351521204491930e-02
2.925360333590779072e-02
1.613703240273441641e-01
1.840210678428781110e-01
1.576169542415912228e-01
-3.064786012967476991e-01
-1.434190867195348051e+00
-2.520099195287363036e-01
1.769710531033681367e-01
3.055496508239170517e-01
1.582958708372058931e-01
1.283112850321626308e-01
2.166415057535026611e-01
1.894663492362572976e-01
1.645505258035828422e-01
-2.586745829280960307e-01
-3.284983935976637515e-01
6.882805326061000595e-02
2.460816291587203664e-01
2.734154808329785635e-01
2.698376183706244213e-01
2.711576619808958588e-01
2.207932588622880110e-01
-3.358255584857369660e-03
3.733890480677374418e-02
1.311500249894677339e-01
1.365539910135835644e-01
8.400814358787814240e-02
9.543505966266231655e-02
1.442246548362711989e-01
1.658804552188242187e-01
5.871807011222395650e-02
-6.380677192700508205e-02
8.165700582930977836e-02
1.036222905129820376e-01
3.048390816528935218e-02
5.070630285387330016e-02
1.126120380123088044e-01
1.215961878359246573e-01
1.979545455776701990e-01
1.957949201947895290e-01
1.508159281567194587e-01
1.693847661255113990e-01
1.503352100778747036e-01
1.514528846256089634e-01
6.949877867049400471e-02
4.239526628619837145e-02
9.715362495349937066e-02
1.537163303362499289e-01
1.548860190858505903e-01
1.891465667962766994e-01
2.131914327760235373e-01
1.706460713147001373e-01
1.332030392441612698e-01
8.721291669289336912e-02
4.615599485775694066e-02
5.672408596282104559e-02
2.251441618498605662e-02
8.152504072976721194e-02
1.361505263947366817e-01
1.824377602464138381e-01
2.652698246226017353e-01
2.067803565310327440e-01
6.311709272572996188e-02
-1.090933213182393169e-01
-1.706145170749223672e-01
-9.131535513665018922e-01
-1.359566783155240932e+00
-4.918313862528021496e-01
3.474047273678434328e-02
2.351132085897317536e-01
-6.116766410555121020e-02
-2.233493631894727105e-01
1.945307468229988679e-01
4.215938596247578163e-01
3.942053308646999987e-01
2.387176229263213989e-01
1.092991463985240330e-01
-2.641333673844789565e-01
1.507046643823474474e-01
4.090590040666042815e-01
3.999677246758521765e-01
3.949279565707129458e-01
4.653036734818953857e-01
4.439703944391172885e-01
-7.358088844970605003e-01
-1.038027373514656571e+00
1.247982823223328375e-01
5.141521527906114386e-01
4.397793464182041534e-01
4.885734000250536169e-01
5.782866800104824456e-01
6.376551549770060889e-01
5.475933972323708820e-01
-6.100074014887478802e-01
-1.920632302980172845e+00
4.239073546978796344e-04
6.283321860253169300e-01
8.054043087129034717e-01
7.722619377299509980e-01
6.890839851327675847e-01
7.342390629695551008e-01
7.966978922921348349e-01
5.999465863043623726e-01
5.603440674265071086e-01
4.457632645250148573e-01
3.409965517694856785e-01
3.565263786049353567e-01
2.849874629880154164e-01
2.589810962257135807e-01
3.333831289924664709e-01
4.519639079040654317e-01
5.261531403409551721e-01
5.861859217975831093e-01
6.038021122417259745e-01
6.109350442766641187e-01
7.595629594955317643e-01
7.221743692524382752e-01
7.496378643095598093e-01
7.668247715334673975e-01
7.919652497924968282e-01
7.678129138953448951e-01
7.751770331400295033e-01
