-1.235801534780821382e-06
-6.145381285930191510e-06
-2.815666024085162376e-06
2.637326739214794009e-05
7.283951146965117636e-05
1.234008884575671914e-04
5.364029456220283044e-05
-5.098684655123783376e-04
-1.589653506359023621e-03
-2.700144584016692453e-03
-3.569270371314162398e-03
-4.165692571527537455e-03
-4.577948945537100092e-03
-4.968309926923596652e-03
-5.322363397605822492e-03
-5.597156522039238927e-03
-5.779670788255275929e-03
-5.884044164554736757e-03
-5.929039850065613050e-03
-5.930649606707688072e-03
-5.899041571208983592e-03
-5.843384489566198423e-03
-5.750478576638656802e-03
-5.634306348444933013e-03
-5.516969674554991765e-03
-5.394996760514693748e-03
-5.277718939594102862e-03
-5.211323727035027144e-03
-5.176058898153151552e-03
-5.140183138935951711e-03
-5.087881612866982685e-03
-5.007232880262142173e-03
-4.892849010068684931e-03
-4.876368880765141224e-03
-5.605656309806196849e-03
-7.599207136335882004e-03
-9.784820342995163150e-03
-1.167950348711047255e-02
-1.330198693078913676e-02
-1.462254219119884895e-02
-1.580346143439490675e-02
-1.697124871097859672e-02
-1.802810986791960474e-02
-1.886452449121088851e-02
-1.938152245737317925e-02
-1.958916220529419161e-02
-1.960467881535537735e-02
-1.966027362473811782e-02
-1.976569776047636118e-02
-1.984067538181325321e-02
-1.981358794301128420e-02
-1.967879888984982312e-02
-1.951254381590097897e-02
-1.963722250822369855e-02
-2.036697434430245410e-02
-2.114854768274037830e-02
-2.168100233592055656e-02
-2.194262974771299043e-02
-2.203612945980871693e-02
-2.200968234238885254e-02
-2.184999652395691952e-02
-2.158047317249904215e-02
-2.127854561727377317e-02
-2.112925801601740067e-02
-2.111918611887405109e-02
-2.104711209237510733e-02
-2.081548015215661102e-02
-2.042182001629364030e-02
-1.988891119089389314e-02
-1.924666160490364278e-02
-1.856444612579399162e-02
-1.793438359011302607e-02
-1.734287364699808182e-02
-1.673295330699402922e-02
-1.609179246381017489e-02
-1.544427013463892107e-02
-1.478383067595082610e-02
-1.408426243300904199e-02
-1.334569901756262229e-02
-1.262809677746732154e-02
-1.196589931179167961e-02
-1.130268486048758431e-02
-1.063915424055639387e-02
-1.000748974108974301e-02
-9.386874804236399611e-03
-8.736310054552070062e-03
-8.036694731677325107e-03
-7.257806416069363317e-03
-6.411632406102599040e-03
-5.532490976068280171e-03
-4.616578199599255181e-03
-3.667617508823563764e-03
-2.697719864543740315e-03
-1.744295585642248979e-03
-8.165678331826125604e-04
1.112427202493264378e-04
1.054311950916307986e-03
2.018551236597944300e-03
3.028295679262805150e-03
4.089050043993376106e-03
5.168922943100295181e-03
6.248405383287143622e-03
7.303692484633826643e-03
8.323981412671255936e-03
9.316190476738987064e-03
1.028145462505346795e-02
1.126011109179799255e-02
1.229117629361255182e-02
1.340104253628797079e-02
1.460269902645792636e-02
1.584900182783872610e-02
1.705540010513796959e-02
1.814415734391293042e-02
1.901414478380136774e-02
1.934714757475266764e-02
1.908400939859006273e-02
1.870546678674699093e-02
1.853464371577727421e-02
1.861425402894312589e-02
1.876603054122460978e-02
1.892932029476245698e-02
1.929245107176049898e-02
1.994683733182690127e-02
2.083810186292083325e-02
2.184501859978583635e-02
2.283739147326439151e-02
2.370253519882615026e-02
2.464642365541677704e-02
2.580147166010277049e-02
2.714975320305336795e-02
2.866690225745240767e-02
3.035157664391719551e-02
3.203873749092836509e-02
3.321147842482123635e-02
3.386320446301651493e-02
3.459130897265759452e-02
3.563128035072500588e-02
3.692853267063656714e-02
3.846409393563206963e-02
4.024526140182090039e-02
4.225332922364745392e-02
4.429796014183853825e-02
4.575311880595717140e-02
4.628414692389376528e-02
4.681211394827262950e-02
4.778117725302592073e-02
4.920873061131633697e-02
5.099811499052320229e-02
5.307724658002018620e-02
5.541162772114234525e-02
5.794663791815830856e-02
6.057113398798918275e-02
6.324323692998697066e-02
6.592315866578460359e-02
6.857800026302948715e-02
7.121172275575320121e-02
7.380931549166172556e-02
7.637601226060596049e-02
7.895221996611899440e-02
8.158843920456779197e-02
8.431143243457571435e-02
8.714054090587282364e-02
9.007374072566022571e-02
9.311974845119642963e-02
9.631059826952084735e-02
9.962450484309422205e-02
1.030464383668669714e-01
1.065729207966772951e-01
1.102017934221924261e-01
1.139186847172315442e-01
