-2.168565906742631277e+00
-2.164125127251576242e+00
-2.142973716439854126e+00
-2.204248517444717947e+00
-2.181418306086488457e+00
-2.188491060986301306e+00
-2.168237412150416432e+00
-2.165454503878306625e+00
-2.160514727113668432e+00
-2.152097786183672756e+00
-2.139068232187447904e+00
-2.119790322937309845e+00
-2.104343220563261951e+00
-2.095496577922537629e+00
-2.078272667687745212e+00
-2.049205066887992643e+00
-2.005244794127088781e+00
-1.944147391946113412e+00
-1.864640970913606699e+00
-1.753001342640410298e+00
-1.616051429501863534e+00
-1.294381270150262608e+00
2.694641905887771305e-01
4.388695527556679465e+00
6.824286089125740418e+00
-1.756459848387994072e+01
-5.215883122098707858e-02
-1.452259016095686750e+00
-1.584668299472663522e+00
-1.553334639392170757e+00
-1.411211878875064940e+00
-9.090955091995270854e-01
1.037584957599082980e+00
-2.004994242249794834e+00
-2.131104409634057006e+00
-2.139556902465222343e+00
-2.131333552682736610e+00
-2.120138040175204797e+00
-2.106153354930676347e+00
-2.090471510086085338e+00
-2.081836164485845408e+00
-2.072979959436268782e+00
-2.055137450622057660e+00
-2.020128477354046659e+00
-1.950863022728185125e+00
-1.818789633217724022e+00
-1.735987917702439987e+00
-1.776996543336415213e+00
-1.774753054333315649e+00
-1.697691174506633427e+00
-1.512473306612868607e+00
-1.176350367827299070e+00
-1.422721011337955588e+00
-1.924762352017992395e+00
-2.002872952428424114e+00
-1.979895140295381717e+00
-1.917640994804169496e+00
-1.833183742199503197e+00
-1.748881708711938598e+00
-1.609845419776273712e+00
-1.338786011047563784e+00
-8.547732970509325234e-01
-1.153923621420529066e+00
-1.607368861465626075e+00
-1.665132650546195414e+00
-1.472566647038020093e+00
-7.749540601021326358e-01
1.425636492632739127e+01
-4.082910366546217418e+00
-3.188986015638188842e+00
-3.140030174191288825e+00
-3.326333675735490214e+00
-3.262484404006674499e+00
-3.071072782346023988e+00
-2.984460253763898674e+00
-2.944975617578200033e+00
-2.860026963501357322e+00
-2.755235480232808953e+00
-2.719600008671959834e+00
-2.801298444248254249e+00
-2.864701673007775895e+00
-2.812462000885217250e+00
-2.808611261552083960e+00
-2.835497666146958640e+00
-2.795042865235621399e+00
-2.720548503570793919e+00
-2.628506841288769103e+00
-2.546578631563430672e+00
-2.501535304154707262e+00
-2.470282396108550493e+00
-2.443681563969806625e+00
-2.422664682599362962e+00
-2.413804894751872432e+00
-2.417495930590468411e+00
-2.415479147089964584e+00
-2.398989743261013885e+00
-2.378776075646237942e+00
-2.357625678971238870e+00
-2.335016047673596162e+00
-2.317776232366417499e+00
-2.306905546294792941e+00
-2.300534680011700139e+00
-2.298154597449291625e+00
-2.296355772316727162e+00
-2.295213971105380057e+00
-2.291439271397173627e+00
-2.280568598694783233e+00
-2.265820552077841832e+00
-2.248876311456128985e+00
-2.234803034563352053e+00
-2.226899425716449610e+00
-2.225343900800305974e+00
-2.229453196858014685e+00
-2.303896442693406321e+00
-2.094029216190008480e+00
-2.127615947930829421e+00
-2.119753403967022720e+00
-2.095110909188682591e+00
-2.067484125694785568e+00
-2.065054148852532911e+00
-2.042416981555611244e+00
-1.888365431064683797e+00
-3.435141097097064833e+00
-2.437444462002313017e+00
-2.364593862942338198e+00
-2.431613627502651642e+00
-2.490284402120430229e+00
-2.328519298453990416e+00
-2.260901160358314677e+00
-2.231628287123938126e+00
-2.212695090611104476e+00
-2.199125436083032792e+00
-2.197382997132358629e+00
-2.241910188843371010e+00
-3.142294982645380319e+00
-2.239997670714704014e+00
-2.197893189822347271e+00
-2.183416089376226221e+00
-2.174054107240319222e+00
-2.167005494572264102e+00
-2.160975121976659530e+00
-2.151688882235392786e+00
-2.097150757509879782e+00
-2.494536290743623930e+00
-1.974767299194111869e+00
-2.114430089992100470e+00
-2.131992886429048717e+00
-2.135425144087095717e+00
-2.135297862697853155e+00
-2.134138549702257581e+00
-2.131118926321018403e+00
-2.126611710233087482e+00
-2.121262663107748025e+00
-2.114720573917283186e+00
-2.107844271200763675e+00
-2.100698147655133852e+00
-2.092939478045113155e+00
-2.085967277398328434e+00
-2.081244620039925941e+00
-2.078424057974602945e+00
-2.076573923147869927e+00
-2.074898494379254998e+00
-2.072886856956989376e+00
-2.071908592999006871e+00
-2.071045624327310541e+00
-2.069373981402505169e+00
-2.067508621984559980e+00
-2.065515421896901849e+00
-2.063078550269628941e+00
-2.060207309105307694e+00
