-1.079803382244915247e-02
5.565112352408582014e-03
5.294801710006816209e-02
3.350421639663329898e-02
3.053630319444832278e-02
-3.622183872548451200e-02
-8.760398705186959178e-01
-1.197970331952193490e+00
-2.823754699264728885e-01
1.608342508224175904e-01
2.744117801229232767e-01
2.550454708800498627e-01
-7.583373602779114320e-02
9.677311577150553984e-03
8.994509363304888094e-02
1.320565130390039532e-01
1.233547086247143570e-01
1.084736999638230420e-01
8.891419838946298948e-02
8.458741542263047142e-02
5.561803383902023251e-02
1.009654344243061663e-01
7.906239400788674099e-02
3.077470895032290849e-02
4.185016577589494025e-02
4.929237991092498550e-02
-7.859120184894569094e-02
-4.059516673373848167e-02
7.945124149844731698e-03
2.985534758339141934e-02
5.462209695228119333e-02
7.904173783824858246e-02
6.022421976203009425e-02
-9.932870095111252517e-01
-2.937770452104721652e+00
-6.318147570373469080e-01
3.579531788745473481e-02
-5.303474169143054112e-02
2.533111018486805532e-01
1.156348853149055667e-02
-2.446054261932161245e-01
-3.399902312288968775e-03
1.739007268757595259e-01
4.419178729447296727e-01
4.915516068085917789e-01
4.413889957675787290e-01
-5.399312276099157287e-02
-4.604696416568480888e-02
6.359728249092461150e-02
2.033691082439015863e-01
2.249357540323315696e-01
1.962502768363543204e-01
-2.649752030020024463e-01
-1.373073856915194346e+00
-1.770329057311042509e-01
2.511149649525870609e-01
3.735222348198682929e-01
2.330795435076128963e-01
1.893377405503270661e-01
2.756111672824013148e-01
2.525530583155274345e-01
2.180602530118361804e-01
-2.024581246046831540e-01
-2.605826221572870582e-01
1.245981408314123934e-01
2.920057237945148376e-01
3.273603520065330730e-01
3.269697002311459100e-01
3.231302824873935609e-01
2.456677295888397838e-01
4.009057677151590254e-02
5.497932749228225807e-02
1.560127153934413313e-01
1.841812738985349474e-01
1.241619148738594691e-01
1.366135380815625133e-01
1.898364605422841467e-01
2.203056829160092711e-01
1.124165885431389900e-01
3.578220661571197142e-03
1.382010652070234658e-01
1.304538537100271289e-01
4.669742261299670433e-02
7.869231201962695321e-02
1.613335672778726526e-01
1.784985436865984820e-01
2.664939374256537485e-01
2.679893088501993925e-01
1.997098624377057763e-01
2.329568039076116148e-01
2.252954686344131041e-01
2.270383519093669977e-01
1.481452053877807540e-01
1.181048919844246425e-01
1.651181713841955723e-01
1.897611438361398450e-01
1.880872226109438494e-01
2.441711105030560103e-01
2.784730852409691981e-01
2.170522400079865633e-01
2.003143893502776773e-01
1.515182785699090429e-01
1.183566520714074144e-01
1.347289962770855665e-01
1.019259026307748894e-01
1.760164115674705265e-01
2.460175121844716262e-01
2.981030402534423640e-01
3.643390040014755082e-01
3.074918469509300145e-01
1.740450932071088697e-01
1.112884741239350897e-02
-5.234770180051781518e-02
-7.672077863047939150e-01
-1.206224276691090669e+00
-3.253667809486748830e-01
1.976599506538400108e-01
3.923051586537818491e-01
9.399640969213048092e-02
-6.799133026716089323e-02
3.649431340467458318e-01
5.768984216189060321e-01
5.594804974055495039e-01
3.945002263468120329e-01
2.503901870151570841e-01
-1.344946409705509716e-01
3.037020778547378508e-01
5.542289604829268024e-01
5.377220740166200885e-01
5.321542325819128560e-01
5.928011421556456106e-01
5.508627822607331526e-01
-6.086740302654122248e-01
-9.246901803695060096e-01
2.549502782308967763e-01
6.401532150923027187e-01
5.565723292275432943e-01
6.146059381973190128e-01
6.953650278358392001e-01
7.417636312653844710e-01
6.536676374807420808e-01
-4.632307278592934785e-01
-1.814405663432292037e+00
1.256911315256612482e-01
7.666259236466516080e-01
8.986638495965436624e-01
8.442234479560660754e-01
8.153410790773476524e-01
8.356031645242087968e-01
8.326311822704198784e-01
6.270307301261173194e-01
5.961074734728180058e-01
5.267599311949308083e-01
4.379185193190086589e-01
4.523093090249120096e-01
3.955602222758696218e-01
3.792476438886835388e-01
4.353508408810599084e-01
5.275076686852629981e-01
5.740716895096268368e-01
6.428813183154608035e-01
6.509463529632898426e-01
6.734562098095220328e-01
7.857731824229630124e-01
7.576427970469783446e-01
7.661861408676869933e-01
7.272132030277849157e-01
7.174941868699733494e-01
7.185319678101200758e-01
7.407670496476894684e-01
7.741369283026865444e-01
8.007444466687481111e-01
8.273054671924597869e-01
8.352988503989736691e-01
8.316470373836110097e-01
8.154000716284310890e-01
8.010851042156439394e-01
7.906044646179958280e-01
7.966712557303480269e-01
7.967242326543472197e-01
8.047996818318070567e-01
8.209673741610586939e-01
8.449059122387762022e-01
8.828751132993100104e-01
9.296638754063112353e-01
9.390438325232567385e-01
9.596614630152091596e-01
9.474441008855999380e-01
9.544565954494114157e-01
9.400932917021672663e-01
9.311918166267126873e-01
9.289990044000093761e-01
9.416497000124379735e-01
9.600787170977027607e-01
9.846320198618054853e-01
1.027163415484280140e+00
1.052907553618617653e+00
1.078444590984548368e+00
1.078576050445517964e+00
1.058177447482833822e+00
1.032340836373602855e+00
1.023652826167001706e+00
1.018398019434178625e+00
1.018728377406589614e+00
1.033372760089435349e+00
1.060671471384876607e+00
1.088004595690261755e+00
1.088740226124024435e+00
1.093401494475493285e+00
1.097142103225212217e+00
1.078949199837464734e+00
1.066341967725193296e+00
1.059387589818259201e+00
1.062918243538107044e+00
1.069009922164000370e+00
1.081463924249233211e+00
1.112119573633132852e+00
1.134771292197411352e+00
1.143931468585648981e+00
1.134463671676535723e+00
1.118457809908719902e+00
1.100575917973847906e+00
1.096610117461529477e+00
1.095416104181385464e+00
1.090901661837743397e+00
1.093173849434285749e+00
1.094244909709701563e+00
1.105099683434276336e+00
1.123864394465861283e+00
1.140266528440392779e+00
1.148743143879936701e+00
1.144894478670973381e+00
1.139423762462860257e+00
1.122926211534129859e+00
1.116089736477682726e+00
1.096623816272280338e+00
1.088928808110172231e+00
1.091692620700638106e+00
1.095526495986410165e+00
1.111319992892952024e+00
1.133445906320041496e+00
1.141593664660825125e+00
1.153507531316469326e+00
1.129688973488092607e+00
1.100000131264897263e+00
1.079638544292455649e+00
1.059817003658526380e+00
1.054777157908566965e+00
1.050095870527635977e+00
1.059683363409573253e+00
1.077651998476897521e+00
