-1.663697057335772111e+00
-1.661564344490484402e+00
-1.657428171726006871e+00
-1.650969282804362726e+00
-1.646723825083191262e+00
-1.650304821946694922e+00
-1.660904375118249510e+00
-1.660951812257112081e+00
-1.658668711933558804e+00
-1.654509201800327567e+00
-1.648417510088390658e+00
-1.640162642961785266e+00
-1.633413097059229990e+00
-1.628851532335934271e+00
-1.621470632103684917e+00
-1.610651456527249614e+00
-1.596353588818008262e+00
-1.579299924002679711e+00
-1.561127925746788270e+00
-1.540898672031015604e+00
-1.521101908819392889e+00
-1.492991004033861424e+00
-1.447933146559494011e+00
-1.421911764993401661e+00
-1.415127851204869502e+00
-1.396636647749797344e+00
-1.434968114290976038e+00
-1.483098893942764063e+00
-1.496406383218212621e+00
-1.495545332523219972e+00
-1.487453618952842671e+00
-1.468502284007649816e+00
-1.446268750950756576e+00
-1.574821437505950383e+00
-1.635348329382154464e+00
-1.642639221031383157e+00
-1.639037546368480314e+00
-1.633787754394222524e+00
-1.627337477837264013e+00
-1.620218571685365205e+00
-1.616024319979172397e+00
-1.611759563297400000e+00
-1.603902959980736620e+00
-1.590018980689025252e+00
-1.566789718158040356e+00
-1.532604205119185714e+00
-1.511031474115921203e+00
-1.512493306951617100e+00
-1.508156870769078006e+00
-1.490810505381354512e+00
-1.460841332189563024e+00
-1.424777032065291493e+00
-1.443021656251460616e+00
-1.538763608202018407e+00
-1.569581806686263903e+00
-1.562737556949735929e+00
-1.543815709707025974e+00
-1.522893168526099350e+00
-1.505684502090323118e+00
-1.482921111891805088e+00
-1.453395960008067256e+00
-1.422735427420662280e+00
-1.433814799845148480e+00
-1.474426217199842570e+00
-1.482802286100420641e+00
-1.456966670059633318e+00
-1.409905006630011837e+00
-1.345224290076243445e+00
-1.252528009625239136e+00
-1.115841662410671731e+00
-1.070237378434928388e+00
-1.104397388024777493e+00
-1.054935879031786650e+00
-9.552692625849857899e-01
-8.910509571713284283e-01
-8.519366055915651437e-01
-7.449119515917141943e-01
-5.192685378986252598e-01
-4.523681797168978003e-01
-7.891048596449061758e-01
-9.372807590920632093e-01
-8.836020677237136356e-01
-8.435659428967137163e-01
-8.546283222887937070e-01
-8.110140135026946417e-01
-7.169748272532696642e-01
-4.866515650999015397e-01
5.819873607857217745e-02
9.688983787974295714e-01
2.872923852058180572e+00
6.950268781533130102e+00
1.425045127334269424e+01
5.049193863775078839e+00
8.996413629219076613e-01
1.828297216515596402e-01
6.103900201127053782e-01
3.184854117377477589e+00
-2.989489213392664979e+01
-5.001494652696334420e+00
-3.567270682880780974e+00
-3.324466576556853958e+00
-3.610583962092064780e+00
-5.173292339057802280e+00
-1.117041259702198914e+02
1.707011142357635958e+00
1.336459016072230055e-01
-1.432280816323100447e-01
-5.531634140881014350e-02
1.153182584054348592e+00
1.434669141925615321e+01
4.337854252977167313e+00
-4.644356173255451692e-01
-1.119854964755816251e+00
-1.426172228338182357e+00
-1.543368548765314596e+00
-1.572597191212784296e+00
-1.572650507327652436e+00
-1.562612649616193838e+00
-1.554614651167885997e+00
-1.555011479330466351e+00
-1.550543753143234671e+00
-1.533284316733529717e+00
-1.508281602876887062e+00
-1.486028126053393184e+00
-1.473590190166416347e+00
-1.483375194186857371e+00
-1.488025916278596927e+00
-1.464338619570267230e+00
-1.421430297966064238e+00
-1.365933843274907522e+00
-1.276571230276914992e+00
-1.108392305523921095e+00
-1.275383722142539478e+00
-1.461204825248600736e+00
-1.494316670589687090e+00
-1.464747225907887973e+00
-1.409591670918143747e+00
-1.331606807915193036e+00
-1.173883035735306279e+00
-6.520004158178365206e-01
1.389681809097593757e+01
-2.512582517523197501e-01
-1.415738227021371642e+00
-1.499013925688495341e+00
-1.470324028264058835e+00
-1.381109074286344551e+00
-1.140454517662324863e+00
-7.541606360531483144e-02
-3.784541725348208541e+00
-2.249903250928050547e+00
-2.022230004050897367e+00
-1.943174793581732285e+00
-1.906526612796693776e+00
-1.894050481201337233e+00
-1.887836709602626950e+00
-1.885444119428268284e+00
-1.889658275707440271e+00
-1.888853135598222099e+00
-1.872879170458204845e+00
-1.847377196172605096e+00
-1.821871024365528280e+00
-1.800350606034978984e+00
-1.783328115026815652e+00
-1.766573942188927493e+00
-1.751749024208557381e+00
-1.739849825634795399e+00
-1.729460712226858377e+00
-1.720437444584384856e+00
-1.712746210791568968e+00
-1.706084453565252179e+00
