-2.148507775389043358e-03
-4.692471470227796947e-03
-2.538958430613334500e-03
1.271224658190397636e-03
3.376827299702715116e-03
1.053316012977909867e-03
-5.746259472426842180e-02
-1.816537851982732987e-01
-2.605274598480235571e-01
-2.542817693945380042e-01
-2.150309984554086562e-01
-1.719331773798742358e-01
-1.526158529261815722e-01
-1.478594854701623384e-01
-1.334120462171944355e-01
-1.128176537426838905e-01
-9.162624875327339546e-02
-7.320362139784475364e-02
-5.836809638955654800e-02
-4.590735780008198957e-02
-3.634806107615175252e-02
-2.626235902045433862e-02
-1.544843961395450833e-02
-9.905341512722541306e-03
-7.218358824356051542e-03
-3.557221096863944984e-03
-7.738979979109525224e-03
-1.693067683139118720e-02
-2.052800824094128118e-02
-1.998813419224319821e-02
-1.692521861384230566e-02
-1.112108604890690508e-02
-5.358198657344880565e-03
-6.702947633429695573e-02
-3.084186528822489559e-01
-5.048426701220403157e-01
-5.155870224142520275e-01
-4.916264105467517131e-01
-4.542920072295338341e-01
-4.158684329023761284e-01
-4.091415043944536256e-01
-4.023733534759263986e-01
-3.706733884049684402e-01
-3.135385733557574106e-01
-2.412674640813826377e-01
-1.735619949719313659e-01
-1.437195630934491319e-01
-1.442818009708568272e-01
-1.384161939730304824e-01
-1.187377106145996730e-01
-9.144644455549472140e-02
-6.641839387424186558e-02
-7.355130117095741438e-02
-1.770010770188524818e-01
-2.646197705923525878e-01
-2.522946120258808822e-01
-2.081544806918584622e-01
-1.685243841044840318e-01
-1.417677139408832776e-01
-1.131360681681538444e-01
-8.301821170384590665e-02
-5.807319709714683920e-02
-6.268977874674616646e-02
-9.556585339894321796e-02
-1.057477169915676390e-01
-8.179506898824309702e-02
-4.752749296086492686e-02
-1.398808477658447513e-02
1.723907433506324458e-02
4.301726806960846916e-02
5.016227830658662179e-02
4.637619558353725524e-02
5.073907026859184044e-02
6.080187470117612292e-02
6.739060236004017213e-02
7.119325926361631807e-02
7.850021367715931397e-02
8.963267833920234018e-02
9.471888891503270347e-02
8.587098680586116584e-02
7.966509362813263551e-02
8.314058392895466720e-02
8.273223558051687188e-02
7.948711097224372968e-02
8.184370938231609605e-02
8.850372297602671079e-02
1.002860006559439104e-01
1.157748019261652661e-01
1.271995517338964654e-01
1.364529952126204426e-01
1.452982184012967803e-01
1.527218620773075075e-01
1.547108872333702312e-01
1.502337341151505079e-01
1.478290617197311474e-01
1.518664566997128818e-01
1.586750024847722873e-01
1.675290845857671795e-01
1.796779993585731205e-01
1.897522099050141242e-01
1.945213337051503177e-01
1.942117630641953530e-01
1.888477409953271957e-01
1.823374892151328475e-01
1.748603691038211061e-01
1.698411072371488473e-01
1.723343348313468304e-01
1.810077757305900703e-01
1.969345200322632772e-01
2.129054302325994741e-01
2.157809644906346358e-01
1.997885551818980310e-01
1.712445324795948687e-01
9.504963950628859959e-02
-4.621943285294737025e-02
-1.497393416909336694e-01
-1.639567204064652506e-01
-1.344134359758683839e-01
-1.135082469494317348e-01
-1.208100809752916394e-01
-1.106384899482662082e-01
-6.299694785012605047e-02
-7.051955815433059993e-03
3.411055278358800236e-02
5.539847514196089007e-02
4.428691275609333150e-02
3.837979041023994314e-02
7.274278126033964509e-02
1.189827660082491134e-01
1.613712344274499111e-01
2.050192114359240814e-01
2.482234447974305813e-01
2.138888844595545902e-01
9.531021659238857191e-02
3.930824983854096233e-02
7.782136297380135015e-02
1.316206129171613448e-01
1.809758764548349552e-01
2.356672716403031276e-01
2.955404886345197046e-01
3.493068624633282604e-01
3.228017219261460347e-01
1.499189826630697164e-01
3.234414386355900783e-02
7.163162582081311625e-02
1.553959164209766652e-01
2.415447447431938732e-01
3.156982613778440694e-01
3.835399902915583303e-01
4.526058278123541445e-01
5.078225563538274479e-01
5.457515465801220378e-01
5.723281124024661715e-01
5.846940561798317226e-01
5.914146067254618666e-01
5.943287542524584577e-01
5.916973668512519602e-01
5.924021157962169326e-01
6.044254500379981909e-01
6.267682075330782698e-01
6.556509866135903364e-01
6.874158505544503139e-01
7.189012817812915346e-01
7.580185232588980693e-01
8.007565187578158383e-01
8.403344833636461342e-01
8.799211804130945280e-01
9.196497503426076525e-01
9.570283602915132803e-01
9.914002581471412778e-01
