7.647918495241936296e-04
2.667423918213724602e-03
7.460891854935541509e-03
1.276584881202992051e-02
1.641700217148942334e-02
1.543562043063465353e-02
-3.998509512522159526e-02
-1.522060306481221037e-01
-2.115633483198326170e-01
-1.888853861267163758e-01
-1.406458332129022493e-01
-9.528215497294967307e-02
-7.760026162463586064e-02
-7.473690586570420902e-02
-6.256701021111421568e-02
-4.465579987678440499e-02
-2.701526930112168809e-02
-1.259642128752501943e-02
-1.243137358983736895e-03
7.813193056453719698e-03
1.418357700833504723e-02
2.134987877187106975e-02
2.891363061027674500e-02
3.202665256330044369e-02
3.350966701387431135e-02
3.602698050334108421e-02
3.107998932769014469e-02
2.263724429308768341e-02
2.047107049333319467e-02
2.271718938100140278e-02
2.756839155450635168e-02
3.464345045973205722e-02
4.096668035689292331e-02
-1.835860344709381448e-02
-2.435938145326444759e-01
-4.031431523007270590e-01
-3.806432563547448300e-01
-3.348662120829739020e-01
-2.837593788503868786e-01
-2.393661670300376298e-01
-2.300429630799922520e-01
-2.210807166398683909e-01
-1.899384972033766605e-01
-1.372579567840438997e-01
-7.362614299687139652e-02
-1.784217505448193464e-02
-9.937017986835564032e-04
-1.057173342481588542e-02
-1.007614929592584412e-02
6.122960226409209297e-03
3.002872751139417512e-02
5.082664113009249113e-02
4.009426636840304065e-02
-5.994884982960198977e-02
-1.323956416294529148e-01
-1.056145993046214704e-01
-5.322161749753550469e-02
-9.855948549751636367e-03
1.757309105551840833e-02
4.427050917136092500e-02
7.164500700155462809e-02
9.272762001365726647e-02
8.422884066617483678e-02
5.212504440419648416e-02
4.477329679591093847e-02
6.833058624799394354e-02
1.001529047209579470e-01
1.307133646300937535e-01
1.576483748784908989e-01
1.754557476989566378e-01
1.749294488831067973e-01
1.646635118841314194e-01
1.624878268328914244e-01
1.695940700452003846e-01
1.745746201950979237e-01
1.764707769916645796e-01
1.825978218900388139e-01
1.935699516636228412e-01
1.988466004923107600e-01
1.919815443652490572e-01
1.886653451081866106e-01
1.907444624362048813e-01
1.853781805879514966e-01
1.784520207137265668e-01
1.808151232684741261e-01
1.897072856115011863e-01
2.047563450305892596e-01
2.235742776682760058e-01
2.352243265691547069e-01
2.439104235158892631e-01
2.545077837776683616e-01
2.644415591757687811e-01
2.690405275172082500e-01
2.674239555412554203e-01
2.671474914219302832e-01
2.693407621787319295e-01
2.712701263823824593e-01
2.775853474368278895e-01
2.899721809773807002e-01
2.987029844580299520e-01
3.025933014574904156e-01
3.032734469101148744e-01
2.998234910377920448e-01
2.969281326288231160e-01
2.937856077094563867e-01
2.947375974539894194e-01
3.053427746970923118e-01
3.226227683961433446e-01
3.442191644148968610e-01
3.629533024523222684e-01
3.692812665724570231e-01
3.592104409800601084e-01
3.385647066528097437e-01
2.750264981593629199e-01
1.556628767689691162e-01
8.147539737964287765e-02
9.450985999902358770e-02
1.436162113355865244e-01
1.773437697832914439e-01
1.804762204025390226e-01
2.017055181277951914e-01
2.565092674215363466e-01
3.150162830897818567e-01
3.560501111335132585e-01
3.743841331269782136e-01
3.593343275526511005e-01
3.540486973839291895e-01
3.896949228738654236e-01
4.332720964561951327e-01
4.707277442294508507e-01
5.075540794193587057e-01
5.403339247303301507e-01
4.975317415343779581e-01
3.798919608484053190e-01
3.325687246265141006e-01
3.779466370262468677e-01
4.318394366288963448e-01
4.780424598701973893e-01
5.270204506642859332e-01
5.769456143000989412e-01
6.185538913097601288e-01
5.856845943615449634e-01
4.155420168175220086e-01
3.119929497234879001e-01
3.651829349762780730e-01
4.509904439454822667e-01
5.263249845519231140e-01
5.899263909588796650e-01
6.476076039484681690e-01
6.962072217520098860e-01
7.245726271794932227e-01
7.384450166727284381e-01
7.486715477029620702e-01
7.525162976620050070e-01
7.540740903024870656e-01
7.544546928167595867e-01
7.528680368637474807e-01
7.542281448109507958e-01
7.628177321887923412e-01
7.766677204364483833e-01
7.948685530282963985e-01
8.156320593212649239e-01
8.369125228965034191e-01
8.634532691637581969e-01
8.908347188892299373e-01
9.133928520900332915e-01
9.339002387376079684e-01
9.547943666928286888e-01
9.747230043241994490e-01
9.934404748821318298e-01
