-2.186195020396738270e-03
-4.907451346627438732e-03
-2.918040647631014572e-03
9.438689557900938228e-04
3.229857973015184958e-03
1.072663197381378344e-03
-5.846962090352274266e-02
-1.883601950213670828e-01
-2.775152029522519048e-01
-2.811379037075614207e-01
-2.486237744598282506e-01
-2.089285758612263733e-01
-1.907207540639758447e-01
-1.865202123080889618e-01
-1.720514667315561907e-01
-1.505580473022699595e-01
-1.275876228854974093e-01
-1.067410663563375939e-01
-8.911597647769486930e-02
-7.372517413769658079e-02
-6.122535600215182894e-02
-4.830072768255966320e-02
-3.462174919457895045e-02
-2.632914725692504093e-02
-2.123408980955256500e-02
-1.545268590762378935e-02
-1.785476116275631908e-02
-2.601916151688123818e-02
-2.909656099174530094e-02
-2.819062520806530497e-02
-2.474130655713066562e-02
-1.840204941269690114e-02
-1.189501293456823178e-02
-7.387869036676054935e-02
-3.227527874290636589e-01
-5.382953665881675676e-01
-5.687541156744609916e-01
-5.601544390367406701e-01
-5.340606312334956751e-01
-5.026890888725993323e-01
-5.006558762619864877e-01
-4.976812792345110537e-01
-4.681013347222740539e-01
-4.105523077763096329e-01
-3.346413136611953720e-01
-2.604855658375661021e-01
-2.227986656483574301e-01
-2.165468423227128736e-01
-2.050571816194296237e-01
-1.801740828648754900e-01
-1.474235742779908542e-01
-1.166366058794516408e-01
-1.184479094558669732e-01
-2.200668126269268998e-01
-3.121140412591041913e-01
-3.047827177781185504e-01
-2.631482924383307109e-01
-2.233710333481811194e-01
-1.949409093039717600e-01
-1.636480649181888680e-01
-1.298567054634767737e-01
-1.005678769034202419e-01
-1.009729807876250940e-01
-1.315637524382419210e-01
-1.411702420276998715e-01
-1.162647723130983274e-01
-7.969918179136994962e-02
-4.259671223477371621e-02
-6.867210355990360782e-03
2.401712454021999454e-02
3.620980316885731576e-02
3.648262043508869457e-02
4.415339287091740728e-02
5.732710064299897240e-02
6.690032570992461569e-02
7.336442843277181380e-02
8.310892508300940507e-02
9.671214996325977475e-02
1.042852710314502301e-01
9.737399262029189373e-02
9.225121326702381830e-02
9.662852231174202944e-02
9.708469754336213065e-02
9.441061507926878926e-02
9.720447472514961995e-02
1.044874214062557483e-01
1.172149367636954737e-01
1.342062387742006258e-01
1.475549282024614106e-01
1.588638984557081968e-01
1.698670462293097039e-01
1.794572952934853916e-01
1.834989555595473443e-01
1.806155049683438041e-01
1.793167647730756764e-01
1.843209678421760811e-01
1.922319507212233436e-01
2.023725183403405348e-01
2.161179451770547655e-01
2.280975292649310149e-01
2.347953029847092421e-01
2.361899055651494883e-01
2.320863742641536831e-01
2.263023479975372898e-01
2.191133813424578358e-01
2.139920209142739949e-01
2.163685381125250440e-01
2.252537079539445319e-01
2.419721011412463152e-01
2.594698410197319172e-01
2.641072364918918280e-01
2.492429376790072371e-01
2.204675171923625998e-01
1.418083465161412704e-01
-7.062123181391211091e-03
-1.234754478088762597e-01
-1.508502610661655585e-01
-1.314496392456539486e-01
-1.173289852367274677e-01
-1.299360803042350077e-01
-1.243114416152583251e-01
-7.881301664648358851e-02
-2.191941176778604283e-02
2.246976133442488838e-02
4.790118490096849369e-02
4.051470673993757404e-02
3.682227480826423538e-02
7.382762751664206924e-02
1.243748573628696008e-01
1.724719188952142379e-01
2.228810025887242308e-01
2.738136073951139560e-01
2.465330396533138846e-01
1.293979979501830579e-01
6.957289618382614393e-02
1.050501075846504151e-01
1.589245389191593361e-01
2.108360684256941342e-01
2.701897597753216695e-01
3.367429410781024313e-01
3.988642915388599386e-01
3.803387382671965522e-01
2.089838617015359334e-01
8.386766259613148700e-02
1.159213093679068440e-01
1.971293217168912926e-01
2.855228640243113181e-01
3.655013163197426418e-01
4.415684556420805817e-01
5.207597355288379193e-01
5.874629190356110975e-01
6.370068585443434683e-01
6.747239940471209119e-01
6.971720831077314884e-01
7.125740050001002635e-01
7.229011785567818205e-01
7.263488362578816027e-01
7.319744504125332840e-01
7.483725862432905052e-01
7.752263277237806394e-01
8.091272195545713419e-01
8.465733762200484680e-01
8.843256774785193119e-01
9.303077403196894357e-01
9.808376843359876140e-01
1.028847547621259739e+00
1.077351502194576316e+00
1.126392812788905129e+00
1.173381908974947097e+00
1.217436826677190442e+00
