-1.057875299944828658e-02
5.786020784134133718e-03
5.193235778687493864e-02
3.122552994961447226e-02
2.776846614359151227e-02
-3.791265414271917378e-02
-8.587903025985539340e-01
-1.146887092442425260e+00
-2.209873513293247882e-01
2.047777936309833902e-01
2.961051532519163310e-01
2.594524828571184161e-01
-7.657727796372404416e-02
9.106771471537905560e-03
8.641613259984867734e-02
1.242465723220246843e-01
1.120289575782351388e-01
9.516682755857214238e-02
7.491520864734450835e-02
7.057625551147142517e-02
4.231892107624925931e-02
8.778846929526644416e-02
6.571336997606251618e-02
1.871173823701516303e-02
3.132894671251407193e-02
3.956399531915216067e-02
-8.524770493678417160e-02
-4.369428390682594809e-02
5.731319706285174786e-03
2.700786959423705572e-02
5.046501194853526828e-02
7.306634798688452226e-02
5.296698371455985793e-02
-9.797048620602678559e-01
-2.852477116823595615e+00
-5.108268247451114297e-01
1.289875516101764985e-01
1.069231091705014070e-02
2.912043929252604579e-01
3.081736328319301110e-02
-2.293569887431065601e-01
8.290497532821961002e-03
1.753262107347051124e-01
4.276468296593557428e-01
4.607650974532566668e-01
3.992889887856748699e-01
-9.297204664885205805e-02
-7.453126476760331409e-02
4.023499033884627568e-02
1.790096862972402614e-01
1.971801511189189282e-01
1.664338897504082648e-01
-2.862744352451325747e-01
-1.358078792397759083e+00
-1.423644849688594505e-01
2.706387503246250881e-01
3.725839904969834304e-01
2.185128953534194174e-01
1.684619386677041197e-01
2.493453079173623410e-01
2.216150234963270016e-01
1.850466132391600238e-01
-2.276777139607984446e-01
-2.719999243454724325e-01
1.160564210701848509e-01
2.756357488995080374e-01
3.020124905234486401e-01
2.948250128139461301e-01
2.864300596758080908e-01
2.075677805796911080e-01
6.655510172593581686e-03
2.811996933983365587e-02
1.315944975462001731e-01
1.593224424001375150e-01
9.985319751219060014e-02
1.135567086143429161e-01
1.664773379316759061e-01
1.953340240871445366e-01
8.811320791796811713e-02
-1.611688891251444877e-02
1.209325344200295194e-01
1.128773536184317083e-01
3.082362322511345010e-02
6.485015849351408179e-02
1.467760275527570379e-01
1.617805508277471993e-01
2.462718642638941358e-01
2.439088525639879212e-01
1.744117536255872514e-01
2.074140567754789166e-01
1.993250173043286111e-01
2.010110837415292617e-01
1.238046935429006901e-01
9.702966042622124254e-02
1.460189846457154439e-01
1.708860597884333532e-01
1.691150150839809685e-01
2.241468480368255523e-01
2.562077745508316573e-01
1.940336815165511486e-01
1.782921357546425334e-01
1.316215778602353170e-01
1.015901748198617671e-01
1.205164150795713374e-01
9.001879526828832079e-02
1.648830513950719223e-01
2.328702764912481404e-01
2.814275994719264706e-01
3.431051622284892466e-01
2.832651790762017452e-01
1.515639108927882561e-01
-4.400052448980562581e-03
-5.882457034921578787e-02
-7.516423376729268746e-01
-1.154288245670453517e+00
-2.586143138526899588e-01
2.491372827072725060e-01
4.200987246513330220e-01
1.078354668455459298e-01
-5.569925262402039556e-02
3.700518805090248220e-01
5.654171390030950928e-01
5.332496671733296667e-01
3.617373693380837585e-01
2.189603944759376253e-01
-1.545260458637393031e-01
2.894068963481756240e-01
5.316773165395853873e-01
5.056937949533177878e-01
4.941003292250673584e-01
5.496568505607498656e-01
5.042918792715135323e-01
-6.330626527831224593e-01
-9.074086016970540625e-01
2.828660255084059494e-01
6.478933226798666567e-01
5.454234669615927178e-01
5.905580751957276719e-01
6.598671615254965150e-01
6.962179727455408695e-01
6.024272759625328710e-01
-4.939217328383158634e-01
-1.784203931730639514e+00
1.819056536556028225e-01
7.954107942073509463e-01
8.947076580991735195e-01
8.162873876327331191e-01
7.723240600248149068e-01
7.824217586796824442e-01
7.724517270192163831e-01
5.666291456610900168e-01
5.401053334296801456e-01
4.762430161355859504e-01
3.946681454998323124e-01
4.157760270849010231e-01
3.650427237752865706e-01
3.545978971754081277e-01
4.142905906906921842e-01
5.064756732607427203e-01
5.508915664922378053e-01
6.163529847892691427e-01
6.211112146488055874e-01
6.410926233973839317e-01
7.493830894206880977e-01
7.175492909931153740e-01
7.242535215200147647e-01
6.851205033372538278e-01
6.766333861046831544e-01
6.791747297090560131e-01
7.024940568683275544e-01
7.360747971752887864e-01
7.622375350867589550e-01
7.880184980870696965e-01
7.953873376676559026e-01
7.917807231989706374e-01
7.765099975410263422e-01
7.640019667922135493e-01
7.558018350994839540e-01
7.640790109111317285e-01
7.661354775793871585e-01
7.760055602237887484e-01
7.935220976231505130e-01
8.182049343762669569e-01
8.560839033523834907e-01
9.017918105655158278e-01
9.100222931846755348e-01
9.298575264151416331e-01
9.176090669193364135e-01
9.252893709472547190e-01
9.122042879016867278e-01
9.052615858227683887e-01
9.052786172966280631e-01
9.199008587929606851e-01
9.397681568601463642e-01
9.651669643801632503e-01
1.007666038250426999e+00
1.032811896837449783e+00
1.057653207926718242e+00
1.057555455469859851e+00
1.038111639215791637e+00
1.014523721084614305e+00
1.008736980669331373e+00
1.006481588868372690e+00
1.009705343830030966e+00
1.026780766397015654e+00
1.055687543929869854e+00
1.083840847748391845e+00
1.085390150961337508e+00
1.091234541711866513e+00
1.096376952055815313e+00
1.080205398778142367e+00
1.070310888899799195e+00
1.066344737602166859e+00
1.072745986071319102e+00
1.081394778385294853e+00
1.096012017191322130e+00
1.128078504878051280e+00
1.151474510907075643e+00
1.161327162766288890e+00
1.153128877375217520e+00
1.139249183768756613e+00
1.124244784177090395e+00
1.123430831323338541e+00
1.125287816070543734e+00
1.123770750125555828e+00
1.128916977116295683e+00
1.132683158526050171e+00
1.145926796311039997e+00
1.166540184806914571e+00
1.184329336122978305e+00
1.194074225062665473e+00
1.191799470235351155e+00
1.188361437353555150e+00
1.174472151617823812e+00
1.170636025661786039e+00
1.154537306613860892e+00
1.150434635455723331e+00
1.156532657068418235e+00
1.163316851047989431e+00
1.181526597707651227e+00
1.205363748723125905e+00
1.214908190458321879e+00
1.228160512257885362e+00
1.206307488655629978e+00
1.179745246698553185e+00
1.163231244746033344e+00
1.147588625829764286e+00
1.146641241308363313e+00
1.145726759066165723e+00
1.158548123584469458e+00
1.178961185371087517e+00
