-1.347901113097134939e-06
-7.359872705631771407e-06
-5.747673291301021781e-06
2.679142101781036166e-05
8.826500595677607048e-05
1.678871398511480508e-04
1.279157270549897106e-04
-4.991643246347100306e-04
-1.897367825338404455e-03
-3.644710105570716022e-03
-5.396127823772390274e-03
-7.012774589258198056e-03
-8.496383872173537966e-03
-9.974158953378919543e-03
-1.142503755418011746e-02
-1.278657457199028173e-02
-1.401938448668365277e-02
-1.511444632887854085e-02
-1.607517152708520108e-02
-1.690919570016910858e-02
-1.762299610421559290e-02
-1.822579445855179725e-02
-1.870346856752620052e-02
-1.906845598190723759e-02
-1.934818716911150538e-02
-1.954699238446424431e-02
-1.968056260000437124e-02
-1.981082070766093661e-02
-1.993745080673647516e-02
-2.003640920020035091e-02
-2.009153127742160233e-02
-2.008661728643969593e-02
-2.000943093535749104e-02
-1.999745754716526422e-02
-2.081924675985072359e-02
-2.332368482568376172e-02
-2.664137980326125241e-02
-3.018728256413002325e-02
-3.383892485852295351e-02
-3.744066355138975233e-02
-4.105805664515461972e-02
-4.478378418009748563e-02
-4.849254037661158978e-02
-5.201372826039649122e-02
-5.516031591893159891e-02
-5.784802885302612468e-02
-6.012776374428114440e-02
-6.223081054930823530e-02
-6.420755586458724851e-02
-6.599829079752540795e-02
-6.752480806366938093e-02
-6.876330846432932020e-02
-6.978272966201574945e-02
-7.095665580473160816e-02
-7.276510330913331381e-02
-7.476477709182847986e-02
-7.659823321866941759e-02
-7.815043063688061065e-02
-7.945662957828540651e-02
-8.053067779795175518e-02
-8.133151858759082864e-02
-8.185778735131232775e-02
-8.217843017998828492e-02
-8.251445799798680369e-02
-8.291771027166384977e-02
-8.320676969214466090e-02
-8.325108351267711260e-02
-8.300545700056848053e-02
-8.245865000949810508e-02
-8.161776764987771493e-02
-8.054605375393503186e-02
-7.935740867069773774e-02
-7.807144735416426951e-02
-7.664737773086063854e-02
-7.507492572672068432e-02
-7.338460859993468921e-02
-7.157885110053206767e-02
-6.963352457269683660e-02
-6.754529031738419620e-02
-6.538068063684505937e-02
-6.319772282634619764e-02
-6.095642976709216010e-02
-5.866097977574323552e-02
-5.635423101587499345e-02
-5.402767666206671759e-02
-5.164017422990708345e-02
-4.916340546216827617e-02
-4.655122347117809922e-02
-4.379736981557234149e-02
-4.092855628335551749e-02
-3.793902114893288324e-02
-3.482977705244275773e-02
-3.161276095017588605e-02
-2.833321531436151092e-02
-2.501588076990243770e-02
-2.164562495083634241e-02
-1.820966791499835022e-02
-1.470174810163638046e-02
-1.109259980568614440e-02
-7.366451735955200850e-03
-3.550708018517038673e-03
3.306124841131975398e-04
4.243310617492881617e-03
8.161239181629458689e-03
1.207748149660650347e-02
1.598157492257153492e-02
1.990944444576687317e-02
2.390951529436935799e-02
2.802649304134936098e-02
3.229663930271556294e-02
3.668904925503506387e-02
4.111244057618922143e-02
4.545660281398291452e-02
4.956825952126131529e-02
5.301576078258252167e-02
5.556404623628403983e-02
5.760767887704450890e-02
5.953056253325232638e-02
6.148523002020574169e-02
6.336642395446022424e-02
6.513373473547263981e-02
6.701757925505129332e-02
6.919768425804954937e-02
7.170328575330307819e-02
7.445891677037615175e-02
7.733744389626391602e-02
8.018567774933109404e-02
8.318770438549677460e-02
8.651818840687622303e-02
9.021218621492631262e-02
9.428339829913610914e-02
9.876190445596791379e-02
1.034940359927855325e-01
1.078594936664757226e-01
1.116574257446720508e-01
1.154178609631717201e-01
1.194604236872436193e-01
1.238236662432006113e-01
1.285566361644820965e-01
1.337281059123065496e-01
1.393742686234266948e-01
1.453290689316080742e-01
1.508617015300555975e-01
1.553611390842129791e-01
1.596020265067183141e-01
1.641410967183022929e-01
1.691542851788622459e-01
1.746700375644013592e-01
1.807012088558378193e-01
1.872742665022545105e-01
1.943779280109669272e-01
2.019129053358028059e-01
2.098230882720808765e-01
2.180451990765887027e-01
2.265127634670453249e-01
2.351955437713047214e-01
2.440465706617037100e-01
2.530395263465772260e-01
2.621935936843597381e-01
2.715551629082038620e-01
2.811593180296704242e-01
2.910398307987870914e-01
3.012103718759940318e-01
3.116936374747085181e-01
3.225418271744347476e-01
3.337534042305325688e-01
3.453244074515935957e-01
3.572588228379552922e-01
3.695607606903055231e-01
3.822188025966480329e-01
