-1.730940751787166887e+00
-1.730767944819887827e+00
-1.731042535513486191e+00
-1.730891116865879598e+00
-1.730774333875917392e+00
-1.730544404875325126e+00
-1.731050669462266933e+00
-1.730905015224450283e+00
-1.730778658859907004e+00
-1.730585620645290978e+00
-1.730296081541162989e+00
-1.729873352673976239e+00
-1.729512318828858808e+00
-1.729279804701347345e+00
-1.728860896457206309e+00
-1.728143043546508162e+00
-1.726989217149164313e+00
-1.725169300897554159e+00
-1.722126733144990984e+00
-1.715858270764480942e+00
-1.699534458199020603e+00
-1.956904607579653232e+00
-1.754176464173443195e+00
-1.746811582250966000e+00
-1.744425631031974344e+00
-1.742090677983881175e+00
-1.744583396885065030e+00
-1.758261267061494104e+00
-1.772480429579966543e+00
-1.763983761951135598e+00
-1.751559341306915929e+00
-1.743575524982313496e+00
-1.740032407675377479e+00
-1.725173294403960389e+00
-1.730133031343770167e+00
-1.730336767761337491e+00
-1.730162108353055839e+00
-1.729922392735101289e+00
-1.729619603625022428e+00
-1.729271591939317787e+00
-1.729057133163131033e+00
-1.728835376079238983e+00
-1.728415833378134092e+00
-1.727597125233217623e+00
-1.725903086532328601e+00
-1.722219030289291242e+00
-1.718710872549879420e+00
-1.719145884309492667e+00
-1.718245562168314144e+00
-1.713058010792860131e+00
-1.690084756707930902e+00
-1.995283729073092704e+00
-1.547134098243474254e+00
-1.723004294752575882e+00
-1.726363555104664105e+00
-1.725717386318162960e+00
-1.723476239030477641e+00
-1.719334329234615266e+00
-1.712750494265133039e+00
-1.688717328646098581e+00
-1.845466564830954059e+00
-1.759204518177330812e+00
-1.763994990380254535e+00
-1.509438333236820640e+00
-1.660623630335115619e+00
-1.812534013005076217e+00
-1.750920693296688313e+00
-1.742248427171424252e+00
-1.738896642365474365e+00
-1.737310523975495569e+00
-1.736899631346471740e+00
-1.736983108438556522e+00
-1.736722476668148163e+00
-1.736168811086192809e+00
-1.735758720537885491e+00
-1.735465478839200770e+00
-1.735075345649865097e+00
-1.734609811328274631e+00
-1.734301886244996593e+00
-1.734257073899541979e+00
-1.734159935087654203e+00
-1.733915083647930677e+00
-1.733776108381874570e+00
-1.733680588622947605e+00
-1.733458852686672769e+00
-1.733160622655637084e+00
-1.732817167463979846e+00
-1.732476766877992347e+00
-1.732211978160595356e+00
-1.731981565300938719e+00
-1.731761063065075268e+00
-1.731555973632750378e+00
-1.731370322959308261e+00
-1.731196790571133848e+00
-1.731022274850893439e+00
-1.730849001523815600e+00
-1.730679954488347549e+00
-1.730520186240051883e+00
-1.730375392167978754e+00
-1.730229347432209908e+00
-1.730073423088567042e+00
-1.729905566059557032e+00
-1.729718910494170814e+00
-1.729528352965937321e+00
-1.729330952933970655e+00
-1.729152865539380413e+00
-1.729037294417993698e+00
-1.728971321809175565e+00
-1.728944928985650442e+00
-1.728903916595902368e+00
-1.728778138338469939e+00
-1.728525820669801982e+00
-1.728151803498751082e+00
-1.727055150912746528e+00
-1.720840723734508027e+00
-1.927348172126265080e+00
-1.846893619256851027e+00
-1.702519274613231826e+00
-1.715970887227159736e+00
-1.715574248382920608e+00
-1.718958427355167240e+00
-1.723870936609612325e+00
-1.726028670137000232e+00
-1.726838988418667675e+00
-1.727062012963779702e+00
-1.726723957575983626e+00
-1.726494114400327184e+00
-1.726949441458620171e+00
-1.727395552299963555e+00
-1.727665493593413260e+00
-1.727865645832899366e+00
-1.727997240160564552e+00
-1.727554728584306032e+00
-1.725950313049487539e+00
-1.724632505333415944e+00
-1.725438977367863114e+00
-1.726214571028216849e+00
-1.726691873983143388e+00
-1.727083177626262955e+00
-1.727395183890646946e+00
-1.727581272790485123e+00
-1.727230009090331642e+00
-1.725104902543730168e+00
-1.721908657759469330e+00
-1.723279526501526604e+00
-1.725020114618361688e+00
-1.726023738976565358e+00
-1.726587325964459074e+00
-1.726952179959146294e+00
-1.727202263809777705e+00
-1.727301810870378596e+00
-1.727296192983308831e+00
-1.727245798052956971e+00
-1.727140259766248409e+00
-1.727012684032096290e+00
-1.726871290809246728e+00
-1.726708101597167699e+00
-1.726563510714645311e+00
-1.726474889615249975e+00
-1.726432098137332005e+00
-1.726421719010410971e+00
-1.726423486654064643e+00
-1.726421264352630214e+00
-1.726448574729654517e+00
-1.726479742429164022e+00
-1.726486876334510256e+00
-1.726470146966734065e+00
-1.726429813420740755e+00
-1.726379758363663752e+00
-1.726329872195549120e+00
-1.726288349998804428e+00
-1.726254760427116342e+00
-1.726226162274691944e+00
-1.726196815177885036e+00
-1.726159516901915492e+00
-1.726109580218303075e+00
-1.726046359619150650e+00
-1.725972889522973119e+00
-1.725895374278034744e+00
-1.725816511106667894e+00
-1.725737153784140832e+00
-1.725661286349502443e+00
-1.725592410429211299e+00
-1.725535102775958451e+00
-1.725493337273577232e+00
-1.725457744539480309e+00
-1.725421993763584627e+00
-1.725380600112626617e+00
-1.725331861464987959e+00
-1.725275737539718524e+00
-1.725209884126560178e+00
-1.725138164030188825e+00
-1.725066183478711102e+00
-1.724998543246363036e+00
-1.724937495460226566e+00
-1.724887850567209613e+00
-1.724848089162740239e+00
-1.724813409316476420e+00
-1.724777292543426155e+00
-1.724730137586678591e+00
-1.724667932232458289e+00
-1.724595120693984684e+00
-1.724517064490742824e+00
-1.724436272427899652e+00
-1.724357444986879928e+00
-1.724286263969022404e+00
-1.724224613234928594e+00
-1.724165502106000725e+00
-1.724104175764900493e+00
-1.724041501305355384e+00
-1.723972519575307283e+00
-1.723894699495900129e+00
-1.723811338595723885e+00
-1.723726536681176702e+00
-1.723643225008149704e+00
-1.723563324323750701e+00
-1.723492117466876250e+00
-1.723430761776647557e+00
-1.723373533526337154e+00
-1.723312969465765621e+00
-1.723244091764853270e+00
-1.723165953688356122e+00
-1.723082269163815239e+00
-1.722997126727131789e+00
-1.722910498586453176e+00
-1.722823448086584719e+00
-1.722737220107826372e+00
-1.722653868852288550e+00
-1.722577202505155558e+00
-1.722507823258202286e+00
-1.722442698842277187e+00
-1.722376809347966331e+00
-1.722307221253851717e+00
-1.722231314796945689e+00
-1.722149624788943179e+00
-1.722061723740183625e+00
-1.721968242982989672e+00
-1.721874846013046634e+00
-1.721784169924014174e+00
-1.721699271840126277e+00
-1.721624017799626483e+00
-1.721555549527517881e+00
-1.721491088913774892e+00
-1.721422185810661754e+00
-1.721339670233295038e+00
-1.721245723264436700e+00
-1.721143530417611700e+00
-1.721037650676018327e+00
-1.720931933977865702e+00
-1.720830241401706040e+00
-1.720737965764430166e+00
