1.288511269475544306e-02
2.285723615546981016e-02
6.797643093005306669e-02
4.979767702450561828e-02
5.142538547342251354e-02
-2.016086138999391431e-02
-8.797546763937350578e-01
-1.237492901521207278e+00
-3.377717640888658890e-01
1.174714588691742057e-01
2.515345971678089043e-01
2.482424413307861566e-01
-7.663331119351957099e-02
8.043046240604354025e-03
9.267989900123504987e-02
1.442855654707905777e-01
1.383637107309921843e-01
1.300983201987410964e-01
1.154304719531553253e-01
1.098447779993834694e-01
8.322235635026317691e-02
1.267401676384327380e-01
1.049621662388720428e-01
6.080433773896154470e-02
7.168124814928823751e-02
7.560193032685305625e-02
-5.321997821605901902e-02
-1.840779441096188768e-02
2.922979826098578288e-02
5.455705883260790479e-02
8.224155464331643628e-02
1.082970626084334143e-01
9.095913375895038622e-02
-9.849001931078820160e-01
-3.003145846785978623e+00
-7.435630410344316044e-01
-6.052956810154619394e-02
-1.235127384762081393e-01
2.119880451494761675e-01
-1.489326874846430560e-02
-2.620256693261481251e-01
-1.945058687677855835e-02
1.672980330759281653e-01
4.531203195673597639e-01
5.274289333308175287e-01
4.922823146749980561e-01
-2.878167751376559114e-03
1.631575546400351739e-03
1.094301128947490903e-01
2.584086401881249273e-01
2.854443727699402800e-01
2.596689148084577736e-01
-2.089248305561685615e-01
-1.350413454192884943e+00
-1.749492320284772862e-01
2.680271133550610196e-01
4.112039722065740088e-01
2.958520357327906747e-01
2.514454255184789266e-01
3.457760883737909241e-01
3.353644240104816099e-01
2.987610534078299906e-01
-1.275050214926676806e-01
-1.937926354127943729e-01
1.766849191322164003e-01
3.460868932652642060e-01
4.011664211994014351e-01
4.147754617706548297e-01
4.156123758659874823e-01
3.203495184489874581e-01
1.262431117414247184e-01
1.121905587504645474e-01
2.163583251779327143e-01
2.647160278944334921e-01
1.987910357735847844e-01
2.112615254990094227e-01
2.694389989853919198e-01
3.105745522605514175e-01
2.026273880048428122e-01
1.001236451293100738e-01
2.230978583406343640e-01
1.913851515446732543e-01
9.652822514788314545e-02
1.354152758593648864e-01
2.364195610834113059e-01
2.641032661718557550e-01
3.678378295223704297e-01
3.795767443932978602e-01
2.957594234040831771e-01
3.434633870741344297e-01
3.479920386938154531e-01
3.525335872194086395e-01
2.759728643805109960e-01
2.407316886424363256e-01
2.797698323085408556e-01
2.783322500904882868e-01
2.749321074795482156e-01
3.513988698061338845e-01
3.987350446754406308e-01
3.244198895160947393e-01
3.251911961764799019e-01
2.728744717768317729e-01
2.433746352736965712e-01
2.621864949099393383e-01
2.283330457722707041e-01
3.147114786046449342e-01
4.014215449920218171e-01
4.649100099951433696e-01
5.257714059141316287e-01
4.769161911050693314e-01
3.523257502574642097e-01
1.899726172785112799e-01
1.137523689895140744e-01
-6.082090387122235375e-01
-1.093978625198253729e+00
-2.297374343155397514e-01
3.045172490030348400e-01
5.235113761639340613e-01
2.427398419978654964e-01
8.437713950468817004e-02
5.409423240026642876e-01
7.656431103170446839e-01
7.811231604491015723e-01
6.228701190194962933e-01
4.700827278698497258e-01
6.416490226329885083e-02
5.158932258421835559e-01
7.732269974034018389e-01
7.666969621729204931e-01
7.730170114568581941e-01
8.370598987425389437e-01
7.873771181364831451e-01
-3.813172620460850148e-01
-7.657593493455792100e-01
4.083982515732345053e-01
8.142119590718241984e-01
7.489115383049445018e-01
8.348301908197350851e-01
9.280176138053923829e-01
9.826365846172629981e-01
9.099644209790167526e-01
-1.951190796994942689e-01
-1.661742686056109086e+00
2.512485733528473930e-01
9.340763561820580874e-01
1.072286621493363068e+00
1.035736626883789091e+00
1.078261720117209332e+00
1.099190722955158073e+00
1.058745181994187767e+00
8.519607223261483897e-01
8.279623565464582224e-01
7.864644669287867984e-01
7.087704670820256236e-01
7.184832867550459135e-01
6.683596652566277108e-01
6.587934192226054808e-01
6.944289319009977479e-01
7.740736878979493918e-01
8.041616477042747846e-01
8.773959609497391510e-01
8.934712906901378648e-01
9.307092066800923824e-01
1.028475997289927779e+00
1.011438232598008913e+00
9.999072200201754024e-01
1.014270043468011417e+00
1.040322926056229669e+00
1.034241429483136354e+00
1.049404115208063537e+00
