-3.811923028471828245e-06
-2.171169175024835677e-05
-3.828258934679389786e-05
-3.384266866591699419e-05
-1.771573757339364277e-05
-3.541922079408150521e-06
-1.095270849404881251e-04
-6.861629781820164330e-04
-1.725155175919274074e-03
-2.742883771351627750e-03
-3.499838197016584378e-03
-3.993438207300823405e-03
-4.325794440760461108e-03
-4.656748389328353895e-03
-4.964159348089247636e-03
-5.205062143542112107e-03
-5.369486680644335735e-03
-5.471801647582961309e-03
-5.531026042134387644e-03
-5.561869322719514841e-03
-5.571287693541907352e-03
-5.566487802216640510e-03
-5.532087242004367703e-03
-5.481680569463423525e-03
-5.437378482818110668e-03
-5.393758517130602462e-03
-5.357808790223282137e-03
-5.373255267578603764e-03
-5.417528517858923726e-03
-5.459820661866082551e-03
-5.487564371444745952e-03
-5.491338436522709594e-03
-5.467131513261468123e-03
-5.543601899381130765e-03
-6.337777449572000454e-03
-8.298835282015375528e-03
-1.033669927809126830e-02
-1.202718714841811629e-02
-1.343605132782186087e-02
-1.456141697472787717e-02
-1.557562108129635983e-02
-1.659955939314770867e-02
-1.752973749580047369e-02
-1.826220281850993166e-02
-1.871031226235166448e-02
-1.889637555387260054e-02
-1.893835480737987575e-02
-1.905459024085689665e-02
-1.923836560969852463e-02
-1.940417105856759306e-02
-1.948475321028320800e-02
-1.947806680838837928e-02
-1.945890376559538532e-02
-1.973460920521636144e-02
-2.058371258833228620e-02
-2.144230240550699940e-02
-2.204163625446128177e-02
-2.238880325961814868e-02
-2.260072730079319345e-02
-2.272207751685742516e-02
-2.273890712025234545e-02
-2.267548085829566504e-02
-2.260249591401285521e-02
-2.269218683269755288e-02
-2.291647338026105499e-02
-2.306983233962157931e-02
-2.306629832336260996e-02
-2.291892701429564666e-02
-2.265780352309480078e-02
-2.231007401903445375e-02
-2.193500183242433690e-02
-2.161941360247895960e-02
-2.133478544152454456e-02
-2.102741637689187551e-02
-2.069486843589679256e-02
-2.036037513546017086e-02
-2.001628072486878740e-02
-1.963960999195450696e-02
-1.923500160841556950e-02
-1.886122538517706962e-02
-1.854928050880937443e-02
-1.823370472972067266e-02
-1.790576475973665663e-02
-1.759511325524985154e-02
-1.728770401587288730e-02
-1.695404053703806341e-02
-1.658267680255114118e-02
-1.615042469585254575e-02
-1.567031743156190385e-02
-1.516874987006396579e-02
-1.464515304559531154e-02
-1.410664506219037884e-02
-1.356374716591422086e-02
-1.305022959631610933e-02
-1.256854762598229487e-02
-1.208525916027536166e-02
-1.157595215965250349e-02
-1.103831400686219183e-02
-1.046049084344084779e-02
-9.842564670897930787e-03
-9.212111513267753210e-03
-8.591947985250583328e-03
-8.002852058126711313e-03
-7.454011777138671094e-03
-6.937546455499507200e-03
-6.452006535876710774e-03
-5.963076271300746939e-03
-5.440165946830017446e-03
-4.860366585608550880e-03
-4.208204371216443113e-03
-3.532148137993607571e-03
-2.915309123060550508e-03
-2.426909845375723948e-03
-2.155192777789285453e-03
-2.398935224971262149e-03
-3.182997952254656114e-03
-4.026386357547223453e-03
-4.639557996675821618e-03
-5.012671092732734479e-03
-5.336874096439215252e-03
-5.670300241958854508e-03
-5.832443366096741987e-03
-5.744335431549125147e-03
-5.472378938458420314e-03
-5.131474483269008596e-03
-4.833517473900003289e-03
-4.671333891665356737e-03
-4.439775210362486083e-03
-4.017244686994214664e-03
-3.430372141930585449e-03
-2.706995568916738606e-03
-1.845917165724939718e-03
-1.003521487725902474e-03
-6.682259998685110593e-04
-7.975985313923452226e-04
-8.011344847400495364e-04
-4.830254117681092381e-04
7.542701038037942550e-05
8.397888827012659797e-04
1.812614761880751348e-03
2.974225024068580941e-03
4.134233359049895896e-03
4.696226071955663176e-03
4.409343022132415288e-03
4.203223185992385411e-03
4.461303987007497231e-03
5.166564223362177070e-03
6.198343656677832159e-03
7.458953918111244086e-03
8.924953757086408548e-03
1.056697664581960142e-02
1.228281661101178306e-02
1.403086631842706371e-02
1.576337594413941209e-02
1.745058989040645242e-02
1.910427619788222786e-02
2.071068175038045037e-02
2.227839304326760181e-02
2.385815694315279387e-02
2.550716601352007520e-02
2.725341420221142480e-02
2.910755421926406947e-02
3.106062065678521014e-02
3.311586814820680069e-02
3.530987927913607771e-02
3.761739341727664970e-02
4.002912069356145963e-02
4.254190712146056763e-02
4.515113076006790904e-02
4.783850224156498132e-02
