-3.224123983161825135e-02
-7.326839635593939380e-03
4.083541199964208640e-02
1.846110844422352987e-02
1.097484260009138832e-02
-4.827643357265654078e-02
-8.337966084462501426e-01
-1.063858132269331680e+00
-1.257414950658148900e-01
2.643119510183734588e-01
3.148496016304578871e-01
2.514391289167234866e-01
-8.872971498931517265e-02
2.485586835040159981e-03
7.616155422715165102e-02
1.043210670873877394e-01
8.989218423448468165e-02
6.810003945742612586e-02
4.556549863952094603e-02
4.482405736724735801e-02
1.648083917681388358e-02
6.480543736968143176e-02
4.299086089407410521e-02
-6.340717549868622044e-03
8.288663780852634222e-03
2.059540838940936147e-02
-1.009761640903284186e-01
-5.419855752775015051e-02
-4.416630350379138412e-03
1.218311976724452926e-02
3.162479062885521081e-02
5.148241247213760502e-02
2.953551791352290040e-02
-9.628407877071766263e-01
-2.708415232226951908e+00
-3.146639495972309852e-01
2.661452731279220218e-01
9.048473950180696557e-02
3.221472127999891466e-01
3.877636905809606072e-02
-2.250905117354083385e-01
1.454471093833425988e-02
1.688347890659003814e-01
3.964333309539674888e-01
3.998234826045192758e-01
3.240441315862113703e-01
-1.564080999317254417e-01
-1.205107282177454997e-01
2.241949627326461636e-03
1.321169276445966767e-01
1.438543327797259797e-01
1.106295234313054154e-01
-3.257234240964007599e-01
-1.335100995680296609e+00
-9.295687358454807203e-02
2.837214039773456875e-01
3.461660672661260874e-01
1.601165109861129032e-01
1.112669043714432510e-01
1.844360182310697815e-01
1.454148023802214751e-01
1.137719338469589392e-01
-2.835051290876540175e-01
-3.080115996325027972e-01
9.359653196019100674e-02
2.412401108905923575e-01
2.406035181626849651e-01
2.170669884364917479e-01
2.042448602775981670e-01
1.441075106596382271e-01
-6.291039940556841792e-02
-8.227537979253532474e-03
9.092695255119126463e-02
9.745792612541867572e-02
4.485460346959609101e-02
5.938698333021938391e-02
1.071115336444094790e-01
1.250660778524526895e-01
2.015280737854557858e-02
-8.498421070643333297e-02
6.551491003876165620e-02
7.826739051527219215e-02
4.579962527582193133e-03
3.019977051556631265e-02
9.255905038472392321e-02
9.687129654388895728e-02
1.656974043054428858e-01
1.539780045437198486e-01
1.015899601732531965e-01
1.217363004364523937e-01
1.041316728405230763e-01
1.059223685763323319e-01
3.015381867801847360e-02
1.237622677257638193e-02
7.028646733563995164e-02
1.181950613417447060e-01
1.141124036686491927e-01
1.466022247055259187e-01
1.652273124092642764e-01
1.163878501010209843e-01
8.520160050213421155e-02
4.536813901209096889e-02
1.511139015430665311e-02
3.427916791991225676e-02
6.948369580905028320e-03
7.076793890745738946e-02
1.226351448672611255e-01
1.603818274634055407e-01
2.264849949884044089e-01
1.588207145393331632e-01
2.304415115659921853e-02
-1.249738265530643266e-01
-1.590147455635584350e-01
-8.275061008179440680e-01
-1.159799877966346315e+00
-2.489338327437677911e-01
2.239994780634420868e-01
3.479250465502081169e-01
1.040297832714991155e-02
-1.526244808721164414e-01
2.485184717036594826e-01
4.237171115795440035e-01
3.556605025894647998e-01
1.823141981507092890e-01
5.656271859232957222e-02
-2.835041972603640770e-01
1.511819369200312346e-01
3.800624175155515871e-01
3.385085009049206839e-01
3.138943152262287928e-01
3.657587215651589285e-01
3.279681468902385655e-01
-7.791944297382532580e-01
-9.570477021178596111e-01
2.323119657541879712e-01
5.501925760693388012e-01
4.123323873054161037e-01
4.228808419566364440e-01
4.766794284653227964e-01
5.030835703653857571e-01
3.962060256728343055e-01
-6.862128833823120111e-01
-1.813485364479958006e+00
1.801205004372401497e-01
7.140543259072985594e-01
7.761482458862362099e-01
6.624840986152480404e-01
5.451502469282615282e-01
5.589195410325039637e-01
5.870221568303206627e-01
3.838950580328324147e-01
3.557867263459860707e-01
2.641683241336775234e-01
1.853845978473527278e-01
2.204996152488937211e-01
1.682248146923585042e-01
1.606519613320571693e-01
2.392286114302333289e-01
3.479146195258477903e-01
4.031166841637268128e-01
4.469226527239340552e-01
4.485879514351905906e-01
4.467415840362007895e-01
5.728472305260527975e-01
5.205554554243266852e-01
5.339050986676088240e-01
5.418511189478051326e-01
5.588567553575042313e-01
5.314239948482168963e-01
5.372083711194891587e-01
