-3.926732869230583268e-06
-2.284064630658046020e-05
-4.172523240188285144e-05
-3.934942884223017860e-05
-2.357445899012288826e-05
-8.208692698490683063e-06
-1.160946582678209658e-04
-7.222916372019858510e-04
-1.853081067722459931e-03
-3.023099874422690084e-03
-3.956909378692278698e-03
-4.620022865504927814e-03
-5.098555476009705885e-03
-5.554114507643550212e-03
-5.972121516801099685e-03
-6.310248591181584661e-03
-6.556740379318057137e-03
-6.725150969660076243e-03
-6.835521211778301277e-03
-6.904713402096363840e-03
-6.941960706157515766e-03
-6.956627386863342526e-03
-6.934336249393192875e-03
-6.889014673320332377e-03
-6.844870859024276485e-03
-6.798612059374063710e-03
-6.758279432744665471e-03
-6.770815962688899424e-03
-6.817012861435961524e-03
-6.865374063426725286e-03
-6.901066610585991461e-03
-6.912356797371172271e-03
-6.893061713355138655e-03
-6.974311553999302561e-03
-7.806288921319226408e-03
-9.915455566162438214e-03
-1.223218257891458931e-02
-1.426745363760785305e-02
-1.603676701210045991e-02
-1.750928976736491199e-02
-1.884441607466261215e-02
-2.016943072025562111e-02
-2.138513951815257733e-02
-2.238001266926266386e-02
-2.305421982697967304e-02
-2.341841334992336016e-02
-2.358903526715576404e-02
-2.379902240828574850e-02
-2.406137348027397038e-02
-2.429779026621623969e-02
-2.443883248319101212e-02
-2.447808276432317590e-02
-2.449039158534928665e-02
-2.479901311922141222e-02
-2.572304622676047439e-02
-2.671215612044288562e-02
-2.746359943616688906e-02
-2.795393193530388079e-02
-2.828665652300281497e-02
-2.850532557630385683e-02
-2.859576863872450442e-02
-2.858219567006260731e-02
-2.853914078109692776e-02
-2.865249608530288580e-02
-2.891091855354655307e-02
-2.910798792894574161e-02
-2.914329259056838706e-02
-2.901824820232843521e-02
-2.875761644144908535e-02
-2.838742990731302901e-02
-2.796964912651790300e-02
-2.759974062003943407e-02
-2.725771793694774583e-02
-2.689093370564561367e-02
-2.649510875586394074e-02
-2.609361998203420935e-02
-2.567976356162504289e-02
-2.522958095906027709e-02
-2.474601099865823828e-02
-2.428959775030996304e-02
-2.389712601443140516e-02
-2.350507656085068509e-02
-2.310194428726566190e-02
-2.271715180247145527e-02
-2.233743625085519297e-02
-2.193150266725269609e-02
-2.148499459642199891e-02
-2.097136234868590340e-02
-2.040076098049260420e-02
-1.979977455035442785e-02
-1.916907270191730087e-02
-1.851666710389841472e-02
-1.785441956747724560e-02
-1.721894451279929947e-02
-1.661644908950988750e-02
-1.601437280386647233e-02
-1.538610118184278140e-02
-1.472686811852948197e-02
-1.402272760463477846e-02
-1.327165808429109362e-02
-1.250114601397392562e-02
-1.173629227769379044e-02
-1.100118860214554378e-02
-1.030857969947264127e-02
-9.652850996223819730e-03
-9.033658272345016296e-03
-8.415975160524788792e-03
-7.765659201224500013e-03
-7.055281779591296952e-03
-6.264580715558937252e-03
-5.440166709162143691e-03
-4.670011159302890277e-03
-4.033422922428087955e-03
-3.631018693165192959e-03
-3.786822437418741003e-03
-4.559923197028856352e-03
-5.469759403569123685e-03
-6.189922278468117968e-03
-6.674737684734134008e-03
-7.101232307882627236e-03
-7.531052142322356910e-03
-7.779361911951544924e-03
-7.751155145885770502e-03
-7.502546168552743505e-03
-7.150313491770257483e-03
-6.817200190642196296e-03
-6.613010300516667869e-03
-6.338848086203307738e-03
-5.860429136571625869e-03
-5.192963976858734620e-03
-4.360086409856671168e-03
-3.358661753977291824e-03
-2.348602083864151716e-03
-1.850582372684746700e-03
-1.867401096502534132e-03
-1.805892493156704189e-03
-1.430438597405988633e-03
-7.949051688040762332e-04
7.798875685693994024e-05
1.197842671582159419e-03
2.549267707078236699e-03
3.937044050137863266e-03
4.726966736440956808e-03
4.599210485958021496e-03
4.471222374793757184e-03
4.784497799901971452e-03
5.570524567307505968e-03
6.733102873685363129e-03
8.180708994928440059e-03
9.888980954325178249e-03
1.182656437769654886e-02
1.388399065273806382e-02
1.600820304724175427e-02
1.814066329206866918e-02
2.024082305895508888e-02
2.231282522671465193e-02
2.433805133134080145e-02
2.632124735082931252e-02
2.831332134976063605e-02
3.037655432257212185e-02
3.254599312754591356e-02
3.483846056104166616e-02
3.724908404717833244e-02
3.978325942373712315e-02
4.248104941558979164e-02
4.532019721294567455e-02
4.829138230469096071e-02
5.139114015586221385e-02
5.461438457094021370e-02
5.794151010413590985e-02
