-2.006932096357100459e+00
-2.003741569911283715e+00
-2.008707748137513072e+00
-2.006005465354927519e+00
-2.003873730766781325e+00
-1.999530830211839749e+00
-2.008830192350793631e+00
-2.006259009178966046e+00
-2.003947861897553029e+00
-2.000333548195965871e+00
-1.994762742724322413e+00
-1.986363557486386267e+00
-1.979332891899383107e+00
-1.975165632532128068e+00
-1.967040767457277184e+00
-1.952501920288050030e+00
-1.928235299026242355e+00
-1.888274050869571896e+00
-1.817305136174326652e+00
-1.651604882876871905e+00
-1.069135982657727135e+00
-3.189910971952520491e+00
-2.348984214824453520e+00
-2.263963222190775948e+00
-2.236099321837667464e+00
-2.201576263798570743e+00
-2.257795486789806461e+00
-2.600466802489542761e+00
-3.083983102781199026e+00
-2.763898324324228994e+00
-2.419435119447204130e+00
-2.242611367615925388e+00
-2.172879742953717219e+00
-1.918008875024742155e+00
-1.993542225977566140e+00
-1.996542615932944020e+00
-1.993112255070764505e+00
-1.988477121170180162e+00
-1.982602501714797238e+00
-1.975852221516210205e+00
-1.971894212581482897e+00
-1.967803803905589621e+00
-1.959706146780493263e+00
-1.943306060040740357e+00
-1.907557477880055030e+00
-1.822201461233158071e+00
-1.743751527767771980e+00
-1.772117522512327792e+00
-1.762555528933132720e+00
-1.658430347409179717e+00
-1.117780920855600213e+00
-4.370734426730838784e+00
1.472562545086090191e+00
-1.875936400476527099e+00
-1.930021935142429257e+00
-1.917144378699399354e+00
-1.875118097589754562e+00
-1.796101099279117541e+00
-1.668732591231817608e+00
-1.163648878435049383e+00
-3.590487019811489766e+00
-2.485545101282071734e+00
-2.617213378019731529e+00
-1.112965072125813304e-01
-1.105064917013218739e+00
-4.103042138550183182e+00
-2.378915218939732235e+00
-2.211685076374756420e+00
-2.150313258043708320e+00
-2.122132021224712783e+00
-2.116203229698720101e+00
-2.119713734001236638e+00
-2.115625276889592676e+00
-2.105122894658466137e+00
-2.097583723784015586e+00
-2.092371800222689870e+00
-2.084991866300819119e+00
-2.076016012989913229e+00
-2.070383405319583314e+00
-2.070250307394426503e+00
-2.068845609599576640e+00
-2.064198143154195364e+00
-2.061870515539331095e+00
-2.060442669542527305e+00
-2.056186979391338099e+00
-2.050306563379101554e+00
-2.043518918081771663e+00
-2.036887094890029282e+00
-2.031913148216265341e+00
-2.027647468929868246e+00
-2.023561700236081951e+00
-2.019780884275089061e+00
-2.016416343980370840e+00
-2.013325463780909708e+00
-2.010188368043694052e+00
-2.007034239649457596e+00
-2.003952673317570987e+00
-2.001029423183480205e+00
-1.998364404763459667e+00
-1.995684666533709350e+00
-1.992837968582690467e+00
-1.989781150996682735e+00
-1.986388986572300785e+00
-1.982940245564097204e+00
-1.979375989029943161e+00
-1.976197455860576380e+00
-1.974199710227033888e+00
-1.973096861867687402e+00
-1.972678369742169702e+00
-1.971927605765507518e+00
-1.969573754809177846e+00
-1.964858906684613160e+00
-1.957876608278773300e+00
-1.936553019432855960e+00
-1.789497088201754460e+00
-2.679603722066822069e+00
-2.780698630375747271e+00
-1.437563751501900411e+00
-1.749440414505414987e+00
-1.745964304891024277e+00
-1.808454997903496064e+00
-1.891547900929992476e+00
-1.926504026681801651e+00
-1.939071694650025268e+00
-1.941949139566809368e+00
-1.935134694761275531e+00
-1.930549662980325598e+00
-1.938550514283643000e+00
-1.946224209488903512e+00
-1.950678134618692550e+00
-1.953919149988305293e+00
-1.955964314552705030e+00
-1.947366919042785582e+00
-1.916118072075192913e+00
-1.890896759734148391e+00
-1.908728915818084015e+00
-1.924008081863564978e+00
-1.932853861511455218e+00
-1.939834334919653402e+00
-1.945250403652091675e+00
-1.948331597266570236e+00
-1.941415689641895481e+00
-1.899615935700479374e+00
-1.834894919627976684e+00
-1.867836508198154277e+00
-1.902762766831309849e+00
-1.921343665326036065e+00
-1.931273951096240005e+00
-1.937493656383586949e+00
-1.941646605451238683e+00
-1.943086249339253335e+00
-1.942667114204301493e+00
-1.941495017111369625e+00
-1.939355650841461332e+00
-1.936872459904994903e+00
-1.934183349589904788e+00
-1.931129602032998438e+00
-1.928483966120139392e+00
-1.926941423033684542e+00
-1.926266456435107077e+00
-1.926181482127370614e+00
-1.926287698762632505e+00
-1.926286827782702993e+00
-1.926829391843079886e+00
-1.927411713169925100e+00
-1.927519866473110133e+00
-1.927171704432093957e+00
-1.926385893770471647e+00
-1.925432772870680820e+00
-1.924500065330997822e+00
-1.923738584633415183e+00
-1.923132356403424614e+00
-1.922620655903959808e+00
-1.922091634163331841e+00
-1.921409815326856618e+00
-1.920490223072537139e+00
-1.919326012806158666e+00
-1.917978822807651529e+00
-1.916568605770018419e+00
-1.915144318869208995e+00
-1.913720125501842340e+00
-1.912369674009727571e+00
-1.911156004343032011e+00
-1.910161897979315793e+00
-1.909457035575552242e+00
-1.908856113474982630e+00
-1.908240929993576973e+00
-1.907509819003688545e+00
-1.906637143355154773e+00
-1.905625457651890509e+00
-1.904434237946787345e+00
-1.903140098301612460e+00
-1.901850133758214101e+00
-1.900649043616501555e+00
-1.899575603386081557e+00
-1.898717174403157903e+00
-1.898038734454603471e+00
-1.897446922070296971e+00
-1.896818235174917877e+00
-1.895974988111168269e+00
-1.894848831249835719e+00
-1.893531061692747652e+00
-1.892125377576258094e+00
-1.890678756732821597e+00
-1.889278656157914238e+00
-1.888028833262598960e+00
-1.886959127766604016e+00
-1.885932304420963934e+00
-1.884859653827491099e+00
-1.883759737231427867e+00
-1.882540031320165896e+00
-1.881157028534948594e+00
-1.879676393283174818e+00
-1.878176374861721509e+00
-1.876710617623337685e+00
-1.875312940317909849e+00
-1.874080039473206671e+00
-1.873028233510464435e+00
-1.872046208857127692e+00
-1.870994214155877522e+00
-1.869783224682797673e+00
-1.868400803062767679e+00
-1.866920945345456495e+00
-1.865420977257393975e+00
-1.863899144316372825e+00
-1.862374803730956652e+00
-1.860869890278569860e+00
-1.859421573279078199e+00
-1.858098632326474320e+00
-1.856908524704407482e+00
-1.855791888332659845e+00
-1.854654829462983656e+00
-1.853445310719133099e+00
-1.852117469548078432e+00
-1.850685247519249454e+00
-1.849142390758715671e+00
-1.847503161464704391e+00
-1.845873496323979568e+00
-1.844299950267442867e+00
-1.842836564750212291e+00
-1.841550984875846231e+00
-1.840385272558419549e+00
-1.839286764277521691e+00
-1.838098653834757013e+00
-1.836657116268488155e+00
-1.835010279655833410e+00
-1.833220979203824763e+00
-1.831375234314274847e+00
-1.829542487412548546e+00
-1.827791477627344729e+00
-1.826217104848121053e+00
