-1.291543733632622411e-06
-6.705070138132588043e-06
-4.072371098899031607e-06
2.686907635912672742e-05
8.021674722879346782e-05
1.431610046366410538e-04
8.413678460020420583e-05
-5.135143526142641390e-04
-1.740054035103473506e-03
-3.123432098976004247e-03
-4.341939236127596163e-03
-5.307568786186808718e-03
-6.070485578778160411e-03
-6.783444153019926176e-03
-7.436156094004572545e-03
-7.982485273150860539e-03
-8.403021088606544078e-03
-8.707368198999275444e-03
-8.913414217509935122e-03
-9.039022810933605712e-03
-9.097587746626098482e-03
-9.102293385366066331e-03
-9.042593336957839914e-03
-8.934201332364310674e-03
-8.803659628900326051e-03
-8.652264754037977679e-03
-8.492725774150835030e-03
-8.378399788917701915e-03
-8.297403190648635837e-03
-8.219437217807653434e-03
-8.126455413725114374e-03
-8.003023719359739913e-03
-7.839714429509621677e-03
-7.771027656624638139e-03
-8.500739899135890953e-03
-1.069069028308786487e-02
-1.333366953949645904e-02
-1.586484426564015518e-02
-1.821869561056196213e-02
-2.030201296366088495e-02
-2.223628094522896170e-02
-2.414131224059277644e-02
-2.591537114695294242e-02
-2.742909822299072209e-02
-2.855336099646811968e-02
-2.926847531692501961e-02
-2.967791154544572457e-02
-3.003045502042405931e-02
-3.036752305768162033e-02
-3.062545229144679818e-02
-3.073384987928337933e-02
-3.068252132821343639e-02
-3.054866746752888176e-02
-3.068240471733023680e-02
-3.147347204529099551e-02
-3.240777150892278080e-02
-3.314238409450141060e-02
-3.360467625548449466e-02
-3.386627699677286635e-02
-3.396376625511316610e-02
-3.387640594334587196e-02
-3.362205857216066934e-02
-3.328051670202364365e-02
-3.305868175098907596e-02
-3.297472839747786488e-02
-3.283343345857389628e-02
-3.251849138644243020e-02
-3.200734336544201059e-02
-3.130956853237267662e-02
-3.044866216118380722e-02
-2.949582692649193802e-02
-2.855712489733878284e-02
-2.763577972854039735e-02
-2.668128486876542027e-02
-2.568028250349315561e-02
-2.465882976539721105e-02
-2.361305232592953926e-02
-2.251599533850251814e-02
-2.136482823113919696e-02
-2.022176983120595184e-02
-1.913104884192482966e-02
-1.804145602800488746e-02
-1.695246680989294374e-02
-1.589883225438616654e-02
-1.486288252608984617e-02
-1.380081759108883234e-02
-1.268720745294915457e-02
-1.148353524414126928e-02
-1.019370709948391393e-02
-8.849955234318317848e-03
-7.449138202917755629e-03
-5.995034469871533822e-03
-4.500898321394869624e-03
-3.008699214365061388e-03
-1.535010717010519381e-03
-5.809648782855239557e-05
1.437439342889544440e-03
2.958825177759050531e-03
4.533521271615163079e-03
6.172061425255093679e-03
7.844170981719618060e-03
9.527614731225458877e-03
1.119361100507495176e-02
1.282482532404104029e-02
1.442319307391831326e-02
1.598648795035540610e-02
1.755527784352566359e-02
1.917493332950951854e-02
2.088120438064220222e-02
2.269727580190182559e-02
2.458153339554437419e-02
2.644374675188007617e-02
2.818972524890321976e-02
2.969505361057881571e-02
3.059316278881638734e-02
3.075462448467060003e-02
3.064031732900736674e-02
3.062201133785581730e-02
3.080436336872063516e-02
3.104427663207295560e-02
3.128721604323786432e-02
3.173736843809595726e-02
3.252140529313941875e-02
3.361342535053275793e-02
3.490018809002905231e-02
3.623989757882462720e-02
3.749136559132629221e-02
3.884563873384350857e-02
4.045226229501282245e-02
4.231297989174342272e-02
4.441388759253338953e-02
4.676026121019093845e-02
4.918382586275403534e-02
5.111287454784051859e-02
5.245312251798506242e-02
5.378509413704037068e-02
5.539789709354147468e-02
5.728534184371063959e-02
5.945801603689557929e-02
6.194592751600634661e-02
6.474738733807164359e-02
6.767296272932099566e-02
7.003860126706368261e-02
7.138272023006590750e-02
7.257738338427141556e-02
7.414208195249701039e-02
7.617704764201566059e-02
7.864048894202907425e-02
8.148943319280187170e-02
8.470445523920031028e-02
8.823704062317634655e-02
9.196831392609941536e-02
9.583938769033485683e-02
9.979375894523753732e-02
1.037782411837065571e-01
1.077792767266875784e-01
1.117681641132677456e-01
1.157377958458475908e-01
1.197230484599150352e-01
1.237753427635777670e-01
1.279289788093155855e-01
1.322141098036958284e-01
1.366355863911919710e-01
1.412086727152268850e-01
1.459727242166211914e-01
1.509150103932858644e-01
1.560198949938645663e-01
1.612606374046314794e-01
1.666254228184487485e-01
1.721182431226462584e-01
1.777591408360888192e-01
1.835721792132825880e-01
1.895676482803771712e-01
1.957510880278466314e-01
2.021195460476273020e-01
2.086628105810827138e-01
2.153655179997780722e-01
2.222138231056741964e-01
2.291991150910284714e-01
2.363211063339558660e-01
2.435797875799840251e-01
2.509775442639455845e-01
2.585151152300412813e-01
2.661995552027479617e-01
2.740479548480893035e-01
2.820791579723584408e-01
2.902976514883424120e-01
2.987059322075674705e-01
3.072957476790427189e-01
3.160625481973673989e-01
3.249955960150600620e-01
3.340861756462450427e-01
3.433317235126892020e-01
3.527381709408090593e-01
3.623164268684872513e-01
3.720825942875022885e-01
3.820588477345128187e-01
3.922604634550644898e-01
4.026969049333675721e-01
4.133633351391967081e-01
4.242427862556396034e-01
4.353165352810685063e-01
4.465737443151848729e-01
4.580084249054276468e-01
4.696197442009202860e-01
4.814157222730351404e-01
4.934113260930902967e-01
5.056189752075790356e-01
5.180388766412175050e-01
5.306702201196876745e-01
5.435097921705344115e-01
5.565456237838769527e-01
5.697687257780847947e-01
5.831751885371859734e-01
5.967667998201501289e-01
6.105482685390798414e-01
6.245294491938832016e-01
6.387274551394078737e-01
6.531550594897602702e-01
6.678149874587337997e-01
6.826991620488971346e-01
6.977954064890997676e-01
7.130940102890389598e-01
7.285923016184259193e-01
7.442896666524692062e-01
7.601847414320449525e-01
7.762786181593083201e-01
7.925736421091001960e-01
8.090770546946032260e-01
8.258000020535714025e-01
8.427517491476544942e-01
8.599353761429709975e-01
8.773461915468736549e-01
8.949759127722559660e-01
9.128122381463136259e-01
9.308448988447470818e-01
9.490606510982166899e-01
9.674521265382910462e-01
9.860183871952493684e-01
1.004761465086599692e+00
1.023689557811505724e+00
1.042813041976259125e+00
1.062137567895915513e+00
1.081664350735702884e+00
1.101377509160543777e+00
1.121256549533902858e+00
1.141285592347657252e+00
1.161452390213888464e+00
1.181752190215004328e+00
1.202183926220377508e+00
1.222753990376846733e+00
