-1.385886991334885465e+00
-1.387445341863261294e+00
-1.393653356701563650e+00
-1.365950110891772873e+00
-1.379911232274849908e+00
-1.376066593335263821e+00
-1.386063756881677378e+00
-1.387012302451741785e+00
-1.388702923346468499e+00
-1.391441382966670970e+00
-1.395392872411790774e+00
-1.400791767732928905e+00
-1.405394385456213646e+00
-1.408642326171354986e+00
-1.413848655460975490e+00
-1.421811854850588919e+00
-1.433079575268970229e+00
-1.448057863460280092e+00
-1.467237244745105196e+00
-1.493315231301953538e+00
-1.526657041169649398e+00
-1.589736666887819672e+00
-1.764753244876178462e+00
-2.074969814235246179e+00
-2.570167240850578239e+00
-1.935895357050387133e+01
-2.582145581689602842e+00
-1.763921795920467828e+00
-1.684932121271444982e+00
-1.696820275638194930e+00
-1.772133073987826712e+00
-2.089564058387432866e+00
-5.257790772278221780e+00
-1.465364316836539782e+00
-1.402897916213179386e+00
-1.398002303852563522e+00
-1.400217125404611185e+00
-1.403485685796216131e+00
-1.407584210744233344e+00
-1.412226857158523696e+00
-1.415157364782314131e+00
-1.418177873463528860e+00
-1.423596302456614948e+00
-1.433343327163128400e+00
-1.450771475923094744e+00
-1.479968291856417872e+00
-1.503603234364394581e+00
-1.506428635393168847e+00
-1.515013950486674643e+00
-1.541416644727965579e+00
-1.597049481150667471e+00
-1.696466397441338980e+00
-1.666665633962366444e+00
-1.492636646880520779e+00
-1.457179594442528980e+00
-1.463016424313080543e+00
-1.482796886837383754e+00
-1.509833068890221508e+00
-1.538062459106729785e+00
-1.584431920013920303e+00
-1.674022990648362796e+00
-1.843274353006124633e+00
-1.806835287301935544e+00
-1.637724845643546479e+00
-1.611177272968266738e+00
-1.695198857976394136e+00
-2.036625182826278468e+00
6.599847879567917630e+00
-7.954370273110482614e-01
-1.055575570744715197e+00
-1.097130037023358096e+00
-1.086854575650143095e+00
-1.110761994016217002e+00
-1.149708456248323740e+00
-1.171789724347446882e+00
-1.184708161662227477e+00
-1.203277468067070144e+00
-1.225223365631946670e+00
-1.235819526198014273e+00
-1.226989221673296271e+00
-1.220489935544628590e+00
-1.229198447937354111e+00
-1.231803498130401131e+00
-1.229957137806005907e+00
-1.236612990934394807e+00
-1.248826388033231094e+00
-1.265266414609199419e+00
-1.282035277548361663e+00
-1.293121824895331784e+00
-1.301593928426368008e+00
-1.309058152049701107e+00
-1.315283014921161175e+00
-1.319037184443047961e+00
-1.320238953343589206e+00
-1.322184095841157259e+00
-1.326489991434508298e+00
-1.331540912461792070e+00
-1.336863453909333366e+00
-1.342570090245852388e+00
-1.347386029533801599e+00
-1.350995688364369007e+00
-1.353717948036800234e+00
-1.355681466362933074e+00
-1.357481009597583332e+00
-1.359159975667847409e+00
-1.361174059286404336e+00
-1.364150456155384994e+00
-1.367695894639100018e+00
-1.371575561380391495e+00
-1.375110471354276331e+00
-1.377894487016386282e+00
-1.380124002160812324e+00
-1.382207529395165224e+00
-1.383943233976213660e+00
-1.385309867115782190e+00
-1.386902963772500996e+00
-1.389270951766089057e+00
-1.393091029381756663e+00
-1.397277059955384315e+00
-1.398893222616713672e+00
-1.402886422574918690e+00
-1.420276746423067227e+00
-1.823209336943806269e+00
-1.325570829298120090e+00
-1.350248943787512479e+00
-1.346021908108080645e+00
-1.343676427209138602e+00
-1.364286234068799120e+00
-1.374293578272526073e+00
-1.379377725006932343e+00
-1.382916187274306097e+00
-1.385678511812360236e+00
-1.388731228241160798e+00
-1.397175172863157844e+00
-1.415637828303317303e+00
-1.403653065513985831e+00
-1.398440696413892237e+00
-1.397089912591635841e+00
-1.396593803806145839e+00
-1.396572124755234068e+00
-1.397171895128789476e+00
-1.400863096921024731e+00
-1.422427458825280988e+00
-1.544646744649605941e+00
-1.466335490694133936e+00
-1.425470674219095457e+00
-1.413246033048748407e+00
-1.408843981584893879e+00
-1.406902630376267060e+00
-1.405866393705511586e+00
-1.405966016021900744e+00
-1.406912898394099720e+00
-1.408327594109027414e+00
-1.410291375722306118e+00
-1.412465795364305388e+00
-1.414802059637078058e+00
-1.417411326305202612e+00
-1.419839604121599264e+00
-1.421591103372707998e+00
-1.422710311125944482e+00
-1.423454400539061471e+00
-1.424071754366611930e+00
-1.424748740458234408e+00
-1.425065105855048087e+00
-1.425290309991322557e+00
-1.425755917675386453e+00
-1.426283890190082726e+00
-1.426860167484631958e+00
-1.427587940387138987e+00
-1.428476032610387136e+00
