7.096973067645155995e-06
4.661774128737610509e-05
1.238180540981084928e-04
2.483091583271863738e-04
4.114596909509872676e-04
6.020730473537424078e-04
6.839951040850009937e-04
2.489433603341284257e-04
-7.743574191115937776e-04
-1.908241970088611844e-03
-2.842694565212035805e-03
-3.504463012899492001e-03
-3.956993329267359701e-03
-4.359269765836852085e-03
-4.704027249746651693e-03
-4.945416997247706510e-03
-5.061907583791109243e-03
-5.066183728632311749e-03
-4.973098355478716356e-03
-4.797889339281504427e-03
-4.556622478457418406e-03
-4.261664648724530768e-03
-3.905894369260482467e-03
-3.505293979077860923e-03
-3.079444202270280144e-03
-2.628007420557221772e-03
-2.166927128815273901e-03
-1.746391559720870696e-03
-1.351574284887181688e-03
-9.505435514952031116e-04
-5.216896857734444181e-04
-4.859204112853560695e-05
4.757483807463466275e-04
9.153185220470040758e-04
5.780323577466668422e-04
-1.158456719066445258e-03
-3.265916428833861435e-03
-5.197656029855634609e-03
-6.903829418490058795e-03
-8.301901866535647476e-03
-9.529274903422341181e-03
-1.070810544037523356e-02
-1.174441585434113887e-02
-1.251956624325921592e-02
-1.291274027946964949e-02
-1.290807196047093035e-02
-1.261570283715000330e-02
-1.228347782826732203e-02
-1.194121380962743541e-02
-1.151681901455112525e-02
-1.093139296596590260e-02
-1.017587901477856605e-02
-9.330979700425385756e-03
-8.741637843682512760e-03
-8.774228654547059150e-03
-8.897901598090953226e-03
-8.774029551825121218e-03
-8.337982432234167587e-03
-7.661854058485753627e-03
-6.798752319355476879e-03
-5.733665245085934822e-03
-4.484277253999868935e-03
-3.140790049681113465e-03
-1.907407872648261881e-03
-7.933724801563464112e-04
3.817013226991346903e-04
1.722904851353606248e-03
3.261843588472481195e-03
4.993597555521868750e-03
6.881681593559429641e-03
8.829951037652047224e-03
1.074125801484829973e-02
1.259284247781195659e-02
1.444733487390943705e-02
1.634534945894017613e-02
1.825850993818402615e-02
2.019154642744147923e-02
2.217940849397062944e-02
2.423487148525410584e-02
2.629931036961110150e-02
2.833814388099973811e-02
3.038257265694906811e-02
3.239385944410698437e-02
3.432502709412331432e-02
3.621477667396286182e-02
3.813736345317925852e-02
4.013509295951190464e-02
4.226011085045112969e-02
4.450485998144031174e-02
4.681353207395366062e-02
4.920214232278694727e-02
5.168105141642787698e-02
5.423771175001863842e-02
5.682894386767027572e-02
5.942986262247533513e-02
6.204100086892135046e-02
6.463962281580400149e-02
6.723193674738339731e-02
6.987534455262832400e-02
7.259187417694730471e-02
7.533820003938809795e-02
7.810956452802006456e-02
8.087991978502109824e-02
8.363967940439075155e-02
8.639686322540443553e-02
8.915352809866645967e-02
9.196840074778786511e-02
9.490424710149200638e-02
9.799571127046916019e-02
1.012435056465129796e-01
1.046025882671786922e-01
1.079929916767712328e-01
1.113272374386237440e-01
1.144820638447168470e-01
1.171145002087811693e-01
1.191045643936579357e-01
1.209197533268551034e-01
1.229211896367659040e-01
1.251993857950852718e-01
1.276022573906752111e-01
1.300750734253567076e-01
1.328299206265402543e-01
1.359782084562294602e-01
1.394944677695230673e-01
1.432486169206785009e-01
1.470731238880410852e-01
1.508160754958603467e-01
1.546894795582674786e-01
1.588359876776283264e-01
1.632461805657934029e-01
1.679011503383844306e-01
1.727897561474904531e-01
1.777248470168041883e-01
1.821481488607848143e-01
1.859609872789113882e-01
1.897600552124971973e-01
1.938323940353909314e-01
1.981657896006397412e-01
2.027790756307050746e-01
2.076925796907191923e-01
2.128909219698385535e-01
2.181972406804398579e-01
2.229579712688206650e-01
2.266786601501311615e-01
2.302483044899973352e-01
2.341927198899450002e-01
2.385619215078176314e-01
2.433025177634691172e-01
2.484258476419328177e-01
2.538804581956604633e-01
2.595405588045468503e-01
2.652739217959332874e-01
2.710519275110495063e-01
2.768766149405293420e-01
2.827262343869973993e-01
2.885944763577090177e-01
2.944700153284812161e-01
3.003539799001096466e-01
3.062524969086084514e-01
3.121814295284687790e-01
3.181452025017360574e-01
3.241748777061960740e-01
3.302821583479771395e-01
3.364906013627235182e-01
3.428138661635005691e-01
3.492355313785049931e-01
3.557225927690998435e-01
3.622689094035899116e-01
3.688796270244557030e-01
3.755551895223233072e-01
