-2.573513524004782393e+00
-2.571883440329358450e+00
-2.571161511935502020e+00
-2.569199368191680044e+00
-2.566592536890352605e+00
-2.561261017695431352e+00
-2.579498564118390291e+00
-2.573487332972344888e+00
-2.569925089968266185e+00
-2.564508350872824138e+00
-2.555546796317067937e+00
-2.540337338246266619e+00
-2.527787500578574598e+00
-2.522145062518935887e+00
-2.507091815795935652e+00
-2.473475242490160486e+00
-2.396470032782219040e+00
-2.152152817335720503e+00
-1.268542070747460571e+01
-3.058723298620356523e+00
-2.862070791968376327e+00
-2.767172312318131322e+00
-2.714325148653908393e+00
-2.697329566687062474e+00
-2.687998687126137654e+00
-2.675723121284878658e+00
-2.687909497461726360e+00
-2.727835758089490525e+00
-2.739055795247044678e+00
-2.715842619024292581e+00
-2.684797866624028639e+00
-2.657091337859059710e+00
-2.639738648206140237e+00
-2.455936251637347301e+00
-2.563049146903257025e+00
-2.563912810897167383e+00
-2.558557622979622970e+00
-2.551521920049935499e+00
-2.542315220617087590e+00
-2.531419425298603088e+00
-2.525583848391963038e+00
-2.519411801038883958e+00
-2.505533412167269436e+00
-2.472511923167725723e+00
-2.369540610480575626e+00
-1.399367931807986576e+00
-7.057578238556321715e+00
-9.813277590009312767e-01
-1.078776268489036738e+00
-4.573536796756670242e+00
-3.014298818101305066e+00
-2.833305134642350787e+00
-2.905867864553696833e+00
-2.375948485663090803e+00
-2.478337449254607527e+00
-2.447227071623397698e+00
-2.309417701285054747e+00
-9.225475362743618124e-01
-3.318343661357987084e+00
-2.879113605377533247e+00
-2.760760018976446517e+00
-2.715028907356193955e+00
-2.726197620542921918e+00
-2.822455458972302544e+00
-2.859935246658720231e+00
-2.750196888320474820e+00
-2.688244419617921377e+00
-2.657013667549827485e+00
-2.638592533354481962e+00
-2.627781702585424206e+00
-2.623535057122921899e+00
-2.622111539597935970e+00
-2.618208914268624454e+00
-2.611839841741103729e+00
-2.606256285499902958e+00
-2.601426708205406779e+00
-2.596098095188220878e+00
-2.590525479010731047e+00
-2.585704809388667869e+00
-2.581597127116417756e+00
-2.577318562869064245e+00
-2.572939610709673364e+00
-2.568445137845938309e+00
-2.563792243318130382e+00
-2.559728624669991071e+00
-2.556330084066365860e+00
-2.553692154882268639e+00
-2.551478223781221466e+00
-2.548504551553424591e+00
-2.545313187799551180e+00
-2.542447536765632510e+00
-2.539572334285918664e+00
-2.536009896664014551e+00
-2.531561606508519358e+00
-2.527387108270864324e+00
-2.523711058063198287e+00
-2.520032281382100336e+00
-2.517348716125162866e+00
-2.515958037139252035e+00
-2.513726799989717264e+00
-2.510509958472570080e+00
-2.506620928181933383e+00
-2.501781449893746068e+00
-2.497090526553330303e+00
-2.492309434193679341e+00
-2.488773722961980628e+00
-2.488139064511084797e+00
-2.489196327021573119e+00
-2.490954247587632508e+00
-2.491529038876327373e+00
-2.488997594175172967e+00
-2.482432103792072020e+00
-2.472574627851090501e+00
-2.443457233948461038e+00
-2.329960002598697955e+00
-2.084585012873718668e+00
-2.173360300019793634e+00
-2.318416061855548271e+00
-2.366066686587644963e+00
-2.366294742369749571e+00
-2.385711090888135821e+00
-2.423587980090607275e+00
-2.448408307826259733e+00
-2.459186452384698907e+00
-2.460787430540114507e+00
-2.451532830073850810e+00
-2.445815153624352423e+00
-2.454438065793396628e+00
-2.463172763407418309e+00
-2.468446185233189816e+00
-2.472488993281126479e+00
-2.474932250796525679e+00
-2.461611557966868702e+00
-2.420439303793768815e+00
-2.394893062118419014e+00
-2.415222810822169830e+00
-2.432723421532883901e+00
-2.443349286314385971e+00
-2.452216164769830620e+00
-2.459310004328293608e+00
-2.463387169331490156e+00
-2.452622559956781245e+00
-2.395268720287079933e+00
-2.330540273908757953e+00
-2.367169276487253171e+00
-2.405501183979653845e+00
-2.426989310126520749e+00
-2.439595846055982786e+00
-2.448083174201605594e+00
-2.453233507301626037e+00
-2.454134838913599737e+00
-2.452524445295505728e+00
-2.450377466845584884e+00
-2.447217859968995768e+00
-2.443753737526787262e+00
-2.440141983046805407e+00
-2.436224512874409331e+00
-2.432923259245555414e+00
-2.431065230393030685e+00
-2.430204196011706230e+00
-2.430105522219715652e+00
-2.430359457440787185e+00
-2.430577476235785017e+00
-2.431575380306682632e+00
-2.432502134808026462e+00
-2.432485895890031280e+00
-2.432070813832960532e+00
-2.431665882283151614e+00
-2.431060774349929066e+00
-2.430240189817201468e+00
