-6.364737774379774149e-04
-7.282206857447649177e-04
2.799593787827247410e-03
6.868114903467351963e-03
9.064037724844108829e-03
6.892902175245761709e-03
-4.755979817296708545e-02
-1.526053042520041370e-01
-2.006747562647984706e-01
-1.704676364558204149e-01
-1.206397646857836070e-01
-7.789774216061295942e-02
-6.433953942340125964e-02
-6.439913333623896452e-02
-5.466756395848840211e-02
-3.975434000127562456e-02
-2.550934493201401088e-02
-1.455433722390590823e-02
-6.723653120054811153e-03
-7.337657143212097596e-04
3.029872393025045095e-03
8.058307988666892074e-03
1.377093675573920484e-02
1.504406736421888199e-02
1.488622279943951215e-02
1.623077460851981429e-02
1.050880896292140029e-02
2.005225811137179362e-03
2.536301317603711913e-05
2.053462823127572435e-03
6.126169718541104106e-03
1.204766091345655168e-02
1.699746119627544572e-02
-4.187950142412356219e-02
-2.567045616916475703e-01
-3.929017987864057426e-01
-3.529992365290057776e-01
-2.997920657122790100e-01
-2.479733605567872867e-01
-2.074188668616270270e-01
-2.026698323067169516e-01
-1.971652255537947318e-01
-1.698174491455267665e-01
-1.227211636793998917e-01
-6.752110362833838031e-02
-2.184025219327285355e-02
-1.429575632405786362e-02
-2.982351583549801288e-02
-3.318211554373162037e-02
-2.075711124878686781e-02
-1.480350116097504942e-03
1.444774797287924281e-02
-1.656608204568341819e-04
-9.922158577897735587e-02
-1.637058978934645692e-01
-1.320409259868970953e-01
-8.052107002368769084e-02
-4.249880030125029184e-02
-2.140543810659757337e-02
-6.175605211941881389e-04
2.026109887718810162e-02
3.521844702792716747e-02
2.221321675950324592e-02
-1.141398548834574728e-02
-1.794585635244790034e-02
5.888064982743735493e-03
3.535747985569094587e-02
6.121502074053004894e-02
8.273495347936195288e-02
9.660173007031211401e-02
9.321989640194722204e-02
8.244892986791529932e-02
8.148020553812540534e-02
8.798110492418761974e-02
9.150365982342462123e-02
9.252408954202386016e-02
9.755775831560332956e-02
1.064678202902285403e-01
1.092411667468769915e-01
1.001675443992960796e-01
9.579724165314562612e-02
9.877295383646236826e-02
9.590779046882477732e-02
9.140443747694483589e-02
9.431144813198433230e-02
1.017863158821924047e-01
1.139186250894276969e-01
1.284418569963396151e-01
1.366631522696734879e-01
1.425096145609264231e-01
1.491724240559169357e-01
1.549652910769700465e-01
1.557773724396130099e-01
1.513797378890656131e-01
1.496576230013654529e-01
1.524409393327794959e-01
1.560821313923800302e-01
1.625219717335886216e-01
1.728784600595264509e-01
1.797469143411710157e-01
1.817798022402775660e-01
1.803143115226262250e-01
1.752625822168672465e-01
1.708917830192638876e-01
1.664820143130897045e-01
1.657463811670949472e-01
1.730151620357693043e-01
1.854862519648785013e-01
2.022704338188160700e-01
2.162452258933225679e-01
2.175398866321531788e-01
2.031804938460937404e-01
1.804188771775878664e-01
1.170208740404350273e-01
3.815326610822650233e-03
-5.918872640366808213e-02
-3.853339378519518577e-02
1.172801436053604734e-02
4.177077036466003701e-02
4.053219942911027301e-02
5.689188003402194382e-02
1.043172791373601360e-01
1.525292559948283888e-01
1.821176042831443576e-01
1.912591959922771978e-01
1.709384758764209700e-01
1.629433439938723638e-01
1.943232412928802555e-01
2.318633397869258039e-01
2.621547509111250562e-01
2.916271527935770935e-01
3.179974687661635824e-01
2.710250040481462785e-01
1.585114639876176734e-01
1.221780979273398016e-01
1.730185408869557295e-01
2.262382309708208805e-01
2.678460436488655505e-01
3.098941480103619139e-01
3.521711141929902422e-01
3.855615036393873485e-01
3.448329835051242576e-01
1.789422563088687024e-01
9.282816652403179380e-02
1.560530824485228396e-01
2.431177484127521882e-01
3.152105822212077912e-01
3.697011590133446601e-01
4.156225090143038647e-01
4.564391575037047843e-01
4.803457398903611120e-01
4.908722938825015314e-01
4.966595328894512495e-01
4.951979437569166143e-01
4.927691313524660832e-01
4.899364482702138202e-01
4.852652304041361053e-01
4.850155322301580307e-01
4.939705929372454341e-01
5.094469283343906474e-01
5.287919000635550315e-01
5.493055930440905454e-01
5.688840825714478466e-01
5.939461992366977805e-01
6.197412740732435310e-01
6.409626710797693416e-01
6.609892584548249239e-01
6.812025453866669134e-01
6.997608756727566881e-01
7.165714674599719114e-01
