-3.211844192270003617e+00
-3.206171533344082114e+00
-3.190887504892092608e+00
-3.138017255156031471e+00
-3.072522467574428262e+00
-3.175622503701072574e+00
-3.208326970744284967e+00
-3.206392023335321806e+00
-3.199712991455416322e+00
-3.187055672832813435e+00
-3.165867772967119187e+00
-3.132145164458459696e+00
-3.109492954599722747e+00
-3.101436482367012637e+00
-3.076526190331502875e+00
-3.031149143598363516e+00
-2.962148506264713710e+00
-2.872260503720132974e+00
-2.775607143318880254e+00
-2.662037307697289190e+00
-2.566248315271583369e+00
-2.344414745420051460e+00
-1.724366025325056340e+00
-1.630128250141202662e+00
-1.884573846989224144e+00
-1.781534974591213016e+00
-2.419263590199537184e+00
-2.727797792202946603e+00
-2.770712741473742025e+00
-2.744677073478597684e+00
-2.679040286003196769e+00
-2.529690168412855655e+00
-2.330681078339016388e+00
-3.047160302392667219e+00
-3.167270061851769736e+00
-3.174309982671828845e+00
-3.160302083255901451e+00
-3.141876586406606719e+00
-3.118983318569124030e+00
-3.094240297303822551e+00
-3.084280254110729480e+00
-3.073402990508516730e+00
-3.046301267784921052e+00
-2.988250844474968471e+00
-2.865165831731545598e+00
-2.615970002399737204e+00
-2.552312333931443966e+00
-2.700130649392774806e+00
-2.727393900017603734e+00
-2.651246201273858460e+00
-2.472820204358987972e+00
-2.221202905713234532e+00
-2.509252368761355712e+00
-2.955702601470607593e+00
-3.024572773654054636e+00
-2.986590253247801030e+00
-2.901031552945943837e+00
-2.797783414339623409e+00
-2.714166911958231232e+00
-2.588399351693345452e+00
-2.393528864301277537e+00
-2.172226546766140576e+00
-2.422418684702009273e+00
-2.709343213574397335e+00
-2.738599516281767343e+00
-2.586125898329313610e+00
-2.225431145512459796e+00
-1.383352052366252360e+00
2.662184124803951057e+00
-1.234662607502277254e+01
-2.306007471712937473e+01
4.123889993000740439e+00
6.605098957947837413e+00
-5.164743554661220060e+01
-1.905158410424747828e+01
-1.727134193684412367e+01
-9.687201871986555801e+00
-6.577827478064458333e+00
-6.478025231026736108e+00
-2.231265345401586231e+01
7.999875065644761030e+00
-1.868614132292915713e+02
-3.481466329161600015e+01
6.787351333134949982e+02
-2.160676864080034321e+01
-9.451382130358027212e+00
-6.143696913447596941e+00
-4.994254274699881258e+00
-4.646657739215916294e+00
-4.467522965162306292e+00
-4.360745603448501484e+00
-4.302569076598421915e+00
-4.383282085617025814e+00
-4.683578247213915802e+00
-4.878875299927882381e+00
-4.611940286471440942e+00
-4.321957573946773934e+00
-4.125835633950615033e+00
-3.970105974165366369e+00
-3.882645429452328045e+00
-3.864267362500262593e+00
-3.900258342662068056e+00
-3.998944265201716419e+00
-4.135255478161013798e+00
-4.338763147153994026e+00
-4.520454754197727354e+00
-4.440783214307853832e+00
-4.221888671123355863e+00
-3.950137708171637119e+00
-3.803906925178540011e+00
-3.831432052155717471e+00
-4.207695530391246663e+00
-1.157554789491032210e+01
-2.743329060663407759e+00
-3.042134824034770979e+00
-3.080395777778502708e+00
-3.061489968183843224e+00
-3.014134634552450454e+00
-2.974509022952660064e+00
-2.976000326834178811e+00
-2.952294270908317309e+00
-2.850574186735182369e+00
-2.641751815330070308e+00
-2.392080688297139268e+00
-2.314146414327743706e+00
-2.595431307839482393e+00
-2.670771465310393999e+00
-2.386776265527075225e+00
-9.551453518875282489e-01
-9.600186034748080743e+00
-4.536858665728946249e+00
-3.954352708180507658e+00
-7.198498063225747146e+00
-2.787427592185700576e+00
-2.886858755190795378e+00
-2.671149521956168282e+00
-1.680076720382663424e+00
-7.589561294276481185e+00
-4.112115195787288791e+00
-3.698290948965143876e+00
-3.562569011733288438e+00
-3.758342662833562553e+00
-2.768913452049912571e+00
-2.971731110195800607e+00
-2.814754010569740839e+00
-9.360039965648692117e-01
-3.974595338982192416e+00
-3.601503816397724211e+00
-3.486609598606436045e+00
-3.416294331667302675e+00
-3.379028333251650196e+00
-3.358580418367798970e+00
-3.345301119723288252e+00
-3.338302828871603900e+00
-3.331705860790000973e+00
-3.325219454059311630e+00
-3.320124103902523771e+00
-3.311894329827249628e+00
-3.298118819851898476e+00
-3.282098031543810635e+00
-3.266949756482457889e+00
-3.253586976675548748e+00
-3.241863909655076981e+00
-3.230707503323093643e+00
-3.220485604108541011e+00
-3.211168611768310921e+00
-3.202464569515990789e+00
-3.194260378862870731e+00
-3.186315640242954661e+00
-3.178524741360697181e+00
