1.475407931841640484e-06
1.080905492815631354e-05
3.741837906571558411e-05
9.672763753221111588e-05
1.806557331947737720e-04
2.766661941576832682e-04
2.549011682444097008e-04
-2.783614198338744527e-04
-1.374766443003060373e-03
-2.552191285881241951e-03
-3.514236656080007605e-03
-4.204041747782949652e-03
-4.695092907727836141e-03
-5.148097166021023234e-03
-5.553003844315605210e-03
-5.865893700355552694e-03
-6.070154840527450940e-03
-6.179004160695333002e-03
-6.210139230386415611e-03
-6.180004735658708656e-03
-6.101525615987216100e-03
-5.985732233262288510e-03
-5.821841418031693804e-03
-5.624638983126358481e-03
-5.416144094586655688e-03
-5.194733667478782305e-03
-4.972365815913837653e-03
-4.797746836000688249e-03
-4.654053870743726264e-03
-4.509399950636488671e-03
-4.345338143315446988e-03
-4.147644505024028483e-03
-3.909569905685796216e-03
-3.764909851536148329e-03
-4.387780808114345385e-03
-6.359424118120472411e-03
-8.632136056000567353e-03
-1.068139698055546594e-02
-1.248532682289671750e-02
-1.398511658003353739e-02
-1.532868995926139032e-02
-1.664207019201004167e-02
-1.782960169537151779e-02
-1.877577355450995092e-02
-1.936928671553699022e-02
-1.960684751528173758e-02
-1.960201460883705463e-02
-1.959675225038789298e-02
-1.961439242547347375e-02
-1.958041736812347194e-02
-1.942051227350755777e-02
-1.912659660418357388e-02
-1.877637040002099952e-02
-1.870521440048308198e-02
-1.925935269557179849e-02
-1.989908404468815686e-02
-2.030028920426026062e-02
-2.041614815174639525e-02
-2.033364460330168086e-02
-2.010129997660894952e-02
-1.970452251571246094e-02
-1.916434978631584990e-02
-1.856342468460906239e-02
-1.809777507475907390e-02
-1.776761860055725215e-02
-1.737885145434585332e-02
-1.682654950135171676e-02
-1.609420311625112468e-02
-1.519632185847021380e-02
-1.416412779003774908e-02
-1.307636147206463206e-02
-1.202957423753662700e-02
-1.102517978492611843e-02
-1.000483086483783778e-02
-8.945987830485481462e-03
-7.874815225502705338e-03
-6.785745212218224909e-03
-5.649396399569106206e-03
-4.461078247074519963e-03
-3.280948111784283763e-03
-2.145640735769675962e-03
-1.007974806330638349e-03
1.196775059105524910e-04
1.200501795790915672e-03
2.261119681390764795e-03
3.354180160720595695e-03
4.507435635058999919e-03
5.759502505377530300e-03
7.100860530324122795e-03
8.490104275975664250e-03
9.934724703721947714e-03
1.143531156093780497e-02
1.297906797177126453e-02
1.452558611610615599e-02
1.605902767407603113e-02
1.759640364080290731e-02
1.914118612735802444e-02
2.070049723957662069e-02
2.231058106719083570e-02
2.398328787106960777e-02
2.568312104130946599e-02
2.739474141587437683e-02
2.909238908596050929e-02
3.076427077310828206e-02
3.241665651715507079e-02
3.405036936003860704e-02
3.571186162490676969e-02
3.744904570210230016e-02
3.929252052288831343e-02
4.125296924199601395e-02
4.328482338499543142e-02
4.530353471285843842e-02
4.722456064194238690e-02
4.893484706169869830e-02
5.009855255640568300e-02
5.062320940863358071e-02
5.098339121424010772e-02
5.152671184221118555e-02
5.232465494379332643e-02
5.321370825355196260e-02
5.413496526101341938e-02
5.528666189387927699e-02
5.677292369513230186e-02
5.855330215357105322e-02
6.050374065698381487e-02
6.247841967136637253e-02
6.434585442817009060e-02
6.631156195361308237e-02
6.851552271586677789e-02
7.094689276237706177e-02
7.358512051841031854e-02
7.642683725853341437e-02
7.929903537405025293e-02
8.166006642706559460e-02
8.345629740614744774e-02
8.528433474231805755e-02
8.740989202455538842e-02
8.980260783900698152e-02
9.246117209717520657e-02
9.540059898747169087e-02
9.860561955313483506e-02
1.018893821391377019e-01
1.046036844283540768e-01
1.063357252019891813e-01
1.079894490636982562e-01
1.100546981184960110e-01
1.125772682508522360e-01
1.154851350820935152e-01
1.187375986829276309e-01
1.222953087313826404e-01
1.260802884703444426e-01
1.299726367584904396e-01
1.339312401739169989e-01
1.379262228793293465e-01
1.419240510833887914e-01
1.459219113621755826e-01
1.499035992268726858e-01
1.538709938628988194e-01
1.578527254977317718e-01
1.618894605610081971e-01
1.660032699235830800e-01
1.702200003191296496e-01
1.745441098665207746e-01
1.789904013796030091e-01
1.835864481616230892e-01
1.883137196576111227e-01
1.931516595189856633e-01
1.980961686041785019e-01
2.031476184641834160e-01
2.082962344313844805e-01
