-6.778805229398309319e-04
-9.161170040489983709e-04
2.777239966010502849e-03
7.794488089506829490e-03
1.123993113110885976e-02
1.012331682670738683e-02
-4.753451912519629508e-02
-1.708708941002075599e-01
-2.488282879108136836e-01
-2.417037402498348753e-01
-2.016036329288677376e-01
-1.577517016699897801e-01
-1.378292117006381101e-01
-1.326427363298323947e-01
-1.178644449470115929e-01
-9.668160524651581156e-02
-7.484210996276932648e-02
-5.574124987411266385e-02
-3.992528185251024986e-02
-2.655578621364449582e-02
-1.617621905349390585e-02
-5.377341417549136651e-03
5.898875448480767753e-03
1.211293571724024812e-02
1.573903344037207858e-02
2.012632417455467032e-02
1.656090792568493120e-02
8.084579256415020884e-03
5.206220658354321698e-03
6.626318940006420757e-03
1.078862734139756502e-02
1.769390626405048170e-02
2.445712666996794488e-02
-3.637899076993033470e-02
-2.769317888255385940e-01
-4.723468282052922795e-01
-4.821456330367215881e-01
-4.571918952306684991e-01
-4.183668054131042258e-01
-3.784066148935716911e-01
-3.701814250330635603e-01
-3.619400593072109595e-01
-3.291203759613662294e-01
-2.710102914272022323e-01
-1.975025433228543292e-01
-1.284011138880657432e-01
-9.736268462014235903e-02
-9.661786650216482031e-02
-8.919959748418304635e-02
-6.754874251471429392e-02
-3.798428683044176302e-02
-1.085362430562926070e-02
-1.609412450591896082e-02
-1.175862699112901338e-01
-2.029429675091240504e-01
-1.880459818541398709e-01
-1.411562595179290946e-01
-9.817743068356540870e-02
-6.821690509788844170e-02
-3.704085784156700700e-02
-4.155174079530345177e-03
2.328429603023255898e-02
2.061806581905772234e-02
-1.012249800777894129e-02
-1.870961419072470627e-02
5.768532500642152561e-03
4.084958918140577100e-02
7.606641849205178496e-02
1.090430724253145661e-01
1.350053050943140764e-01
1.419859231725765225e-01
1.374064408998650899e-01
1.400271806786693995e-01
1.499614628295086183e-01
1.571474844770563983e-01
1.612011770116829057e-01
1.690308745295979465e-01
1.813881728735872167e-01
1.880513784323702142e-01
1.812683247411097098e-01
1.769624539127135077e-01
1.801504365735553670e-01
1.775124947127058594e-01
1.722306009938835425e-01
1.743048108780664573e-01
1.821918989996967053e-01
1.962632226135383184e-01
2.148280494787673800e-01
2.282547301806229778e-01
2.391133805222220299e-01
2.507999743048762165e-01
2.615058980295656976e-01
2.667580020079411418e-01
2.652575995771344619e-01
2.650202280123832854e-01
2.690559843777893811e-01
2.742328359147273575e-01
2.826069914307997588e-01
2.959751361610409859e-01
3.068087423984548479e-01
3.125025625465296386e-01
3.138696491544782918e-01
3.102763764030819771e-01
3.060089794982915889e-01
3.009032397035107387e-01
2.989081036673786884e-01
3.057900044061246936e-01
3.197447262568717807e-01
3.402434747509087143e-01
3.599986395736569089e-01
3.670949270763606553e-01
3.558756611365085920e-01
3.318332807425878883e-01
2.605312178595181050e-01
1.242641331342403954e-01
2.531307506538178764e-02
1.574511198190661071e-02
4.995447441865805138e-02
7.565501484990121150e-02
7.313569758903586127e-02
8.883192499930481212e-02
1.421687594625081485e-01
2.040098845442619158e-01
2.512448123921885434e-01
2.772479486374354041e-01
2.691069345047365502e-01
2.663771433042770864e-01
3.045502278451145406e-01
3.540603672498348065e-01
3.995574960721500202e-01
4.459362312304284148e-01
4.904724696258762062e-01
4.571509392980835362e-01
3.384811146112591818e-01
2.815351566922906779e-01
3.199495146382924649e-01
3.738371564434469496e-01
4.240694657584233029e-01
4.801921664637018861e-01
5.409084205200713757e-01
5.954343911681672097e-01
5.716436519635881286e-01
3.994870080131641688e-01
2.798517243923763775e-01
3.187879562731231742e-01
4.017893662740191218e-01
4.852777626444086390e-01
5.596999020513501177e-01
6.297854778732379089e-01
6.969502787368596630e-01
7.471731676469900441e-01
7.805414737264108060e-01
8.055749645889526134e-01
8.193338012840701845e-01
8.278353653871882711e-01
8.329335757186868694e-01
8.333411880804106886e-01
8.362582566132557016e-01
8.480736383687578206e-01
8.676025798741474615e-01
8.932322122763418637e-01
9.221010877902896530e-01
9.514180618099962183e-01
9.875951972727425865e-01
1.026614984883067461e+00
1.062504923105229704e+00
1.094515975587267098e+00
1.121930555728792189e+00
1.147348247828882117e+00
1.172843762830724001e+00
1.200359554198562329e+00
1.230031446281346863e+00
1.261368628704403694e+00
1.293121185157545039e+00
1.323466126442813362e+00
1.351013371689140374e+00
1.375307966117364167e+00
1.396884432859573089e+00
1.417166802314287377e+00
1.436827345016864044e+00
1.456084016291610661e+00
1.475952781881979536e+00
1.497378220540932947e+00
1.521625122178987155e+00
1.549919573810900619e+00
1.580212938883754248e+00
1.610939919136941123e+00
1.640648672564596122e+00
1.668695526077611291e+00
1.694927902069493619e+00
1.718555363088547949e+00
1.740458502169712762e+00
1.762063390196524360e+00
1.784625661507552197e+00
1.808833495238822087e+00
1.836097373667937571e+00
1.866249071049215225e+00
1.898156875639628760e+00
1.930112723224555848e+00
1.959348807904172540e+00
1.984471352407863431e+00
2.006458157418228083e+00
2.026692199926904081e+00
2.045838652890708431e+00
2.065201240099812985e+00
2.086413943388718106e+00
2.110133709941509839e+00
2.134574953587930146e+00
2.158414900233070366e+00
2.181850823148463014e+00
2.203475591480308804e+00
2.222472848777525378e+00
2.239663487559322874e+00
2.256141490632522117e+00
2.272728760421611760e+00
2.289985627949804314e+00
2.309401728016525546e+00
2.331422664648012066e+00
2.354608362541124045e+00
2.376945078915805087e+00
2.396983446317484390e+00
2.414343118474050698e+00
2.429932746813221023e+00
2.444833347385622080e+00
2.459049612413604091e+00
2.472867823977205060e+00
2.486639072197815103e+00
2.500924025352349034e+00
2.516767185521967320e+00
2.534403169379684240e+00
2.553107106631766765e+00
2.571588601788521888e+00
2.589039652575839234e+00
2.604722762038954365e+00
2.618700191818421175e+00
2.630829807743680249e+00
2.641228972627332361e+00
2.651335898435245753e+00
2.661853024809401891e+00
2.673586444948271801e+00
2.687570242943690957e+00
2.703180260705816185e+00
2.719759606498983739e+00
2.735223232287122830e+00
2.747190830926591332e+00
2.756083951798725895e+00
2.762639874512100580e+00
2.767954600350595928e+00
2.772986733630098843e+00
2.778687168851821987e+00
2.786385606125170167e+00
