-2.596450735176417113e-01
-2.607201402974531068e-01
-2.641146611616572160e-01
-1.598506209996670147e-01
-2.523356581563696577e-01
-2.440906457145220476e-01
-2.598793910129880147e-01
-2.604707106898881963e-01
-2.615830849850934170e-01
-2.632500154648096391e-01
-2.653963968856713485e-01
-2.679642044158788705e-01
-2.701602420958861828e-01
-2.719168085032238613e-01
-2.742378207028893233e-01
-2.772398098489066709e-01
-2.808800702378731473e-01
-2.850620442059898507e-01
-2.897291118339018756e-01
-2.950571982116479419e-01
-3.009369864139973538e-01
-3.084138967688845323e-01
-3.186219134260883656e-01
-3.290162812603972253e-01
-3.395680489399942048e-01
-3.535193764919912773e-01
-3.592395908481791356e-01
-3.559984678029123328e-01
-3.580669604521782845e-01
-3.649778959191983807e-01
-3.766376372057862465e-01
-3.974424287708481218e-01
-4.276584098641609266e-01
-3.338831387800477724e-01
-2.819296321428945706e-01
-2.741796728902581304e-01
-2.743905527074722017e-01
-2.756007884644627870e-01
-2.773204355207835592e-01
-2.793160865460643794e-01
-2.805853435797688311e-01
-2.819293112063623874e-01
-2.842052016216411459e-01
-2.878247175858743567e-01
-2.931621903523640160e-01
-3.000784779466632024e-01
-3.058357514259827381e-01
-3.091584518856251296e-01
-3.132279136485688897e-01
-3.195642235963147559e-01
-3.286240994278524785e-01
-3.398388527021204419e-01
-3.444392378966257828e-01
-3.259426534707533518e-01
-3.146376096839139103e-01
-3.164589612978451760e-01
-3.230391013022618774e-01
-3.310385395281407184e-01
-3.387838675049902326e-01
-3.490641342692606397e-01
-3.632432099086715382e-01
-3.805304926168616708e-01
-3.869653002583374191e-01
-3.777341113269189199e-01
-3.771777419990515745e-01
-3.931030946986979746e-01
-4.237600893576369820e-01
-4.751662787993813919e-01
-5.731684256331530669e-01
-8.010048606259552173e-01
-1.213230042027076738e+00
-1.818626570321951075e+00
-2.382992223309530999e+01
1.129273370410614596e+00
4.667545320917934060e-01
2.583231023130290183e-01
1.275876013723039604e-01
3.717196081155393905e-02
-8.659365280142439225e-03
-1.674274632419514575e-02
-2.451326715138291146e-02
-4.615944634768609500e-02
-5.899725353215712342e-02
-6.572329243879826421e-02
-7.792957509359432766e-02
-9.353821722909727576e-02
-1.118266368787014797e-01
-1.303043307985900512e-01
-1.439005950443437709e-01
-1.547349781045055939e-01
-1.641952477259973620e-01
-1.721562012795442853e-01
-1.777778147569689104e-01
-1.810587888349559638e-01
-1.844229962689737379e-01
-1.890646325279896067e-01
-1.940749723980446095e-01
-1.991976726188924296e-01
-2.045856549677943503e-01
-2.093525549628013072e-01
-2.131478826921044400e-01
-2.161375405227538016e-01
-2.183963853286729484e-01
-2.203617211420347832e-01
-2.220954060174731848e-01
-2.239275897030933438e-01
-2.263793052061140454e-01
-2.293123150465616877e-01
-2.326987883902185694e-01
-2.359791857808973825e-01
-2.384735018180880739e-01
-2.400178570590527638e-01
-2.408527922990854608e-01
-2.387318271938294045e-01
-2.227479258007165619e-01
-6.507645883131896181e-02
-5.059925549434661773e-01
-4.601446473570703910e-01
-4.255923995533520965e-01
-3.497969646308706770e-01
-3.378711441575262819e-01
-3.951393329734870230e-01
1.472392803532650785e+00
-1.248092632029991766e-01
-1.762459816755183040e-01
-1.728304482208364856e-01
-1.715528964064315653e-01
-2.061658441182831480e-01
-2.264658216678891445e-01
-2.368400943295565497e-01
-2.435955926605246624e-01
-2.483485235595964125e-01
-2.500889672133879138e-01
-2.483233427768616330e-01
-2.465855411253087826e-01
-2.504005011976297990e-01
-2.540234006074576500e-01
-2.567013052792795347e-01
-2.588661420836850247e-01
-2.606362929332565748e-01
-2.621635728587990433e-01
-2.640962024442328748e-01
-2.685824366987705769e-01
-2.757830036838422316e-01
-2.761291375802876757e-01
-2.739791963552548060e-01
-2.725134639914471579e-01
-2.719112859868187404e-01
-2.717221762026849619e-01
-2.716888934277251200e-01
-2.720135121883359708e-01
-2.726629494563210798e-01
-2.735063011424965773e-01
-2.745785454198680364e-01
-2.757556311020699091e-01
-2.770135980048492597e-01
-2.783906092010671185e-01
-2.797382209766952066e-01
-2.808910000687233066e-01
-2.818403988035416696e-01
-2.826467001103800669e-01
-2.833776951658965593e-01
-2.840961366611361449e-01
-2.846647034867176851e-01
-2.851564689932507557e-01
-2.856976919485614830e-01
-2.862382354376595273e-01
-2.867790091273310638e-01
-2.873610913748563811e-01
-2.879971295107737195e-01
