-3.475486012683177250e+00
-3.468635177066422326e+00
-3.421871548727722256e+00
-3.509003074388958421e+00
-3.488904509427921852e+00
-3.493322502853399847e+00
-3.475232827279879366e+00
-3.470875545538227414e+00
-3.462992398069085098e+00
-3.448417578870632383e+00
-3.423106748762071216e+00
-3.380188201006011806e+00
-3.352432581810033341e+00
-3.345323412598753876e+00
-3.314040336268217146e+00
-3.250593933236139321e+00
-3.142040529944672311e+00
-2.975042774542089319e+00
-2.744365905726909638e+00
-2.373792424318308392e+00
-1.931480635675481450e+00
5.999153026107124642e-01
-7.615447595353658450e+00
-6.936146737724721234e+00
-8.668262928580773519e+00
-7.124910131148719294e+00
-4.288872156065737240e-01
-2.632466598082604747e+00
-2.749723568333405144e+00
-2.643288229315800653e+00
-2.319148977380114385e+00
-7.482668719598332130e-01
-3.348484375581047345e+01
-3.301000672658917168e+00
-3.434847072555218261e+00
-3.439791267841421973e+00
-3.423693416161361469e+00
-3.402535883008975137e+00
-3.375656851676977155e+00
-3.346212821646475266e+00
-3.335376162972426783e+00
-3.323006863718517057e+00
-3.289768161718035877e+00
-3.213121363994302815e+00
-3.024249555206696805e+00
-2.487684249230166067e+00
-2.366220504105324363e+00
-2.759326297455958255e+00
-2.816705538434651324e+00
-2.648298316735987257e+00
-2.118028512052980261e+00
-7.221991112412355918e-01
-2.247358136750337909e+00
-3.190512296409430348e+00
-3.275463978221878847e+00
-3.222482837223838548e+00
-3.091600833990017172e+00
-2.897987823422743414e+00
-2.705342444236743304e+00
-2.325117691307335921e+00
-1.271499178229932969e+00
2.390732515473291464e+00
-1.564345132722879228e+00
-2.725373529606167189e+00
-2.792057827581621687e+00
-2.350283586131012292e+00
8.338062305646587458e-01
-6.734336524648343314e+00
-4.810788759835700645e+00
-4.419271573164659905e+00
-4.498673348039514686e+00
-4.825088082054899807e+00
-4.786648441187232095e+00
-4.554561178853784753e+00
-4.470920751903122436e+00
-4.443003338559277537e+00
-4.334570359619257296e+00
-4.197389138743981896e+00
-4.168496451825418170e+00
-4.329865368065961562e+00
-4.438685354699256180e+00
-4.330945322040030021e+00
-4.328306290514294830e+00
-4.375872407738566672e+00
-4.298472793965538941e+00
-4.179071888908735488e+00
-4.044641598633559099e+00
-3.936333109502648142e+00
-3.884871070117686287e+00
-3.850122403333402055e+00
-3.819637911663558150e+00
-3.795512531491162633e+00
-3.789707534129555633e+00
-3.802576404568559276e+00
-3.801852464849829083e+00
-3.774706014290262424e+00
-3.743797915759876638e+00
-3.713065768006964973e+00
-3.681311313080418479e+00
-3.659055815002904666e+00
-3.646422415630984126e+00
-3.640089772655236366e+00
-3.639320705898282604e+00
-3.638250001254331067e+00
-3.637632050152792562e+00
-3.631385319532887568e+00
-3.613146820854108654e+00
-3.590458462792534000e+00
-3.566314866696853159e+00
-3.547801410002859868e+00
-3.538068569432096133e+00
-3.536804100990598165e+00
-3.543662130113933273e+00
-3.933694245125503031e+00
-3.433131885685419604e+00
-3.441087810267200453e+00
-3.423860001071333592e+00
-3.381526801776754354e+00
-3.330120862323164843e+00
-3.331370441877715471e+00
-3.287321352011764120e+00
-2.665136718839733909e+00
-3.862489189325001071e+00
-3.680830034665604877e+00
-3.653098716628472076e+00
-3.750928652875867186e+00
-3.840994514540871485e+00
-3.638237368084741963e+00
-3.567116183320798051e+00
-3.537121251174615733e+00
-3.516821150047167777e+00
-3.501573621647326107e+00
-3.497449648602668937e+00
-3.716079548117613207e+00
-3.409376047017882883e+00
-3.539452058030023274e+00
-3.492870595221342356e+00
-3.479676187358959005e+00
-3.470486765974068799e+00
-3.462932007152067726e+00
-3.455455926645847331e+00
-3.437545745178327117e+00
-2.969035791763233512e+00
-3.612399935158659758e+00
-2.340399291391933811e+00
-3.391971670045828002e+00
-3.421565124156378701e+00
-3.425889520804036970e+00
-3.424908162135202438e+00
-3.422721436611408929e+00
-3.417393058575474374e+00
-3.409651900340265662e+00
-3.400630442827328181e+00
-3.389549831917000766e+00
-3.378298591147374630e+00
-3.366837230077491139e+00
-3.354424040127804041e+00
-3.344164309626245668e+00
-3.338803268722209783e+00
-3.336795923407866127e+00
-3.335914978901870498e+00
-3.334643233963007880e+00
-3.332268855786458595e+00
-3.331805431946172735e+00
-3.331126376439504266e+00
-3.328719837861531694e+00
-3.325970234619252786e+00
-3.323032645689440567e+00
-3.319263506032987365e+00
-3.314779503058828958e+00
