-1.088817487456023546e-02
5.466335144399070076e-03
5.335427192855685119e-02
3.446891190182208020e-02
3.176360593534675175e-02
-3.537325201004559716e-02
-8.829644328595915859e-01
-1.219459171173040923e+00
-3.095958794495891619e-01
1.394490600202725195e-01
2.615751505678670097e-01
2.493747935137627658e-01
-7.893878856946875966e-02
6.897190721377233213e-03
8.869032203852740548e-02
1.328857402323855019e-01
1.259980940250538528e-01
1.123128414246556406e-01
9.339427614690275214e-02
8.937918916226678112e-02
6.037267271290693016e-02
1.058627058276320754e-01
8.420479768103449059e-02
3.554317142620982278e-02
4.608142601084234957e-02
5.325280955688405093e-02
-7.585387996515438602e-02
-3.938106667123792565e-02
8.672106087479782704e-03
3.073769532586578465e-02
5.598452154527932406e-02
8.114889800485025617e-02
6.291411865548364457e-02
-9.990822287914322697e-01
-2.973733346133683675e+00
-6.852948156519445000e-01
-9.089982037265964543e-03
-8.735580786720953395e-02
2.289861580976695343e-01
-4.976435781228305544e-03
-2.590559817547006816e-01
-1.605395957742494772e-02
1.658122080639052309e-01
4.408077628985450636e-01
4.980761602806276223e-01
4.536634342458267799e-01
-4.183243168892999964e-02
-3.742478121995584939e-02
7.048970334877886768e-02
2.108839046563515951e-01
2.340924736946179696e-01
2.065677174201365485e-01
-2.578315079389202902e-01
-1.380873481272639092e+00
-1.940925988419153203e-01
2.390586975203448650e-01
3.693429310765626306e-01
2.346019701114673284e-01
1.938446799561610867e-01
2.828009700144556438e-01
2.622037224544269129e-01
2.291307563728138263e-01
-1.940655747027133504e-01
-2.577023311164614028e-01
1.260783509575382766e-01
2.965464019758494163e-01
3.357138245980110236e-01
3.384729982130258996e-01
3.369943553952622350e-01
2.606509639746619200e-01
5.365449052000914598e-02
6.612157306707125426e-02
1.662526537132358595e-01
1.946800338279593701e-01
1.345516613772592407e-01
1.465936227185603569e-01
2.000321012671242848e-01
2.312925181513793560e-01
1.233167237062224864e-01
1.273355406744969276e-02
1.463741219516686565e-01
1.387640986680981903e-01
5.435416580181084978e-02
8.552047541539681275e-02
1.684435957708921849e-01
1.865493019996248281e-01
2.761142752476549722e-01
2.794379990248500589e-01
2.119875372209994446e-01
2.456540906702981975e-01
2.384784901917096911e-01
2.405457450342541326e-01
1.612473610300395044e-01
1.300819100238661541e-01
1.764114307350507782e-01
2.010670175173394636e-01
1.995582398362846233e-01
2.562190339620474266e-01
2.916392327619649616e-01
2.307952167309615388e-01
2.139155387974152611e-01
1.644790568229129724e-01
1.302005383831974505e-01
1.456176279243335259e-01
1.119236439830069152e-01
1.857164080845145060e-01
2.565958374627710370e-01
3.102772494883548338e-01
3.786464543341003797e-01
3.234140349934425673e-01
1.896738851171995144e-01
2.422071741388265309e-02
-4.288062092765893007e-02
-7.669257120046769627e-01
-1.221677315297535982e+00
-3.485667064347464095e-01
1.791773058476324176e-01
3.827603956018055809e-01
9.015924381008785793e-02
-7.094314274261802333e-02
3.651332994961489220e-01
5.843228511961566785e-01
5.737737372439069006e-01
4.125223647899944335e-01
2.688739613617575075e-01
-1.199020088072596524e-01
3.162511200099628605e-01
5.704130479477440563e-01
5.583084344906099616e-01
5.559236342692326360e-01
6.194530494021476263e-01
5.797799023740405344e-01
-5.880202711549291639e-01
-9.212043495444719454e-01
2.529547794736245470e-01
6.455603327667509550e-01
5.696536285986745218e-01
6.334232413161753339e-01
7.196320987707865990e-01
7.711340860967749178e-01
6.865087249191543783e-01
-4.377071848445673319e-01
-1.813670309924417356e+00
1.141462171863203423e-01
7.648321549654006901e-01
9.099511035812117843e-01
8.659590656113304030e-01
8.444046100463650228e-01
8.702040712272020029e-01
8.715565402987763832e-01
6.674977099138097447e-01
6.360155412005126241e-01
5.654259209784455731e-01
4.743870641777168107e-01
4.865767189237173440e-01
4.277627944078623567e-01
4.093233835767737805e-01
4.641447133788463297e-01
5.564788121112373975e-01
6.042073481996879103e-01
6.747959707824700004e-01
6.847582518900907633e-01
7.089445286547830793e-01
8.236209640800609133e-01
7.978339813614481191e-01
8.080177513081641116e-01
7.700120130819292363e-01
7.606538845591013231e-01
7.618874477919164168e-01
7.844456109911290831e-01
8.184787342049890668e-01
8.460310168647446893e-01
8.737026556184108728e-01
8.827772712563424218e-01
8.799549564075521690e-01
8.641575309640885383e-01
8.499291138070406149e-01
8.393040196801955233e-01
8.452156843139944087e-01
8.451726263914887127e-01
8.532214907258763859e-01
8.695400189134230295e-01
8.938868489322864264e-01
9.326326679314376200e-01
9.806516029886860331e-01
9.913571901065489911e-01
1.013201210450433987e+00
1.001939638664941512e+00
1.009628962967891397e+00
9.956874721206614431e-01
9.869072891411696524e-01
9.847013980502357100e-01
9.974081086390262918e-01
1.016099305336044090e+00
1.041163957392597705e+00
1.084589948117613556e+00
1.111507786447173629e+00
1.138310025795520541e+00
1.139562346335654119e+00
1.119822583661585824e+00
1.094101398666167402e+00
1.085219164870173003e+00
1.079684475301590396e+00
1.079740791504565145e+00
1.094274846724398120e+00
1.121795250909471964e+00
1.149693115900185081e+00
1.151032982910330738e+00
1.156172546735611650e+00
1.160315423446986571e+00
1.142277067990790318e+00
1.129526637040771053e+00
1.122288999097588835e+00
1.125557411943430175e+00
1.131498761642245388e+00
1.143959130270737479e+00
1.174937694455989945e+00
1.198215768305955997e+00
1.208063991195462261e+00
1.199079834672649003e+00
1.183214965480360092e+00
1.165150836778281906e+00
1.160859407632894857e+00
1.159352467771601169e+00
1.154526907911757050e+00
1.156522659484541027e+00
1.157381989891889340e+00
1.168147661686977035e+00
1.187052240531285552e+00
1.203805129881891478e+00
1.212710232597354221e+00
1.209190076268306768e+00
1.203870624232237674e+00
1.187285655133311302e+00
1.180182372939786895e+00
1.160276143737692056e+00
1.152017534735302107e+00
1.154294841033693064e+00
1.157784340609439244e+00
1.173449438116405563e+00
1.195749357085059472e+00
1.204229820297736175e+00
1.216529591173212577e+00
1.192865775539732276e+00
1.162853080678305506e+00
1.141839254359614753e+00
1.121186140971039080e+00
1.115305674903559918e+00
1.109885105985600973e+00
1.118932610579021159e+00
1.136684608221446346e+00
