-1.121346436209133893e-02
5.079083592661840472e-03
5.477434986634930475e-02
3.805367540011152239e-02
3.654441930700276508e-02
-3.168766619435253729e-02
-9.072467184462832401e-01
-1.298811438588841849e+00
-4.155982386366210424e-01
4.878944725307560182e-02
1.987358066116096944e-01
2.120092900628224031e-01
-1.056747701567038178e-01
-1.720720471117300615e-02
7.140048945671452485e-02
1.246032004632870172e-01
1.260130080825177523e-01
1.185157536426580116e-01
1.037357001450071453e-01
1.024988767441093601e-01
7.480615293124932841e-02
1.219879612698670790e-01
1.022737947693287824e-01
5.320090424292610309e-02
6.246751644733087444e-02
6.911079496883792972e-02
-6.407723926263766967e-02
-3.320717198490212574e-02
1.267089688470738815e-02
3.488323724762404376e-02
6.158764644749470385e-02
8.936176326927568192e-02
7.338111508658791415e-02
-1.018966769194979083e+00
-3.105173859804309267e+00
-8.911934600273884177e-01
-1.959384810248145092e-01
-2.435026403708211717e-01
1.051468874397787773e-01
-1.012844634454158066e-01
-3.466916818144483159e-01
-9.607645957044984308e-02
1.037182313186416904e-01
4.062653706445147339e-01
4.948999920510594452e-01
4.762694622552661738e-01
-1.411026867979851482e-02
-1.831011129550859026e-02
8.594921642594588462e-02
2.304032697574170396e-01
2.613213500694104852e-01
2.399131006812808553e-01
-2.340422579135502945e-01
-1.410544194369091509e+00
-2.613312340475705819e-01
1.850664726569513918e-01
3.413347108376100225e-01
2.271654647362495172e-01
1.984618664296541046e-01
2.988643623510003344e-01
2.893480916695633232e-01
2.638320628470027240e-01
-1.666575878805670596e-01
-2.491761237786089267e-01
1.290120169768987912e-01
3.100549844801963606e-01
3.635046801612538681e-01
3.790661142021184427e-01
3.881161753975424511e-01
3.181088667961778360e-01
1.081714771810122488e-01
1.132618855473010167e-01
2.107447756804087802e-01
2.405303488850301930e-01
1.805108026255325682e-01
1.914820246748535348e-01
2.460091900480620430e-01
2.805414661807564825e-01
1.728828705979166547e-01
5.648639468547913406e-02
1.865311732487665020e-01
1.792971968469309618e-01
9.251751152259982125e-02
1.205146915861587675e-01
2.041808350430852903e-01
2.256401962747902612e-01
3.211330013455863108e-01
3.317836082432107925e-01
2.684398656773310243e-01
3.047588547067422438e-01
3.004747204843261077e-01
3.048392645938181600e-01
2.251658813254878710e-01
1.907536810877300537e-01
2.350621928852380527e-01
2.600734446923919085e-01
2.595117745581537738e-01
3.186566495048499537e-01
3.587040316378273253e-01
3.008095187004191651e-01
2.843088425635565963e-01
2.333299348978338517e-01
1.955399956556924668e-01
2.077152595089664100e-01
1.708278021395236157e-01
2.433898012027453928e-01
3.173622960515036784e-01
3.770789463705047639e-01
4.538799405403973752e-01
4.057352420563484219e-01
2.724152148478570235e-01
9.893929610545576514e-02
1.902372699297009973e-02
-7.388154864039561120e-01
-1.253654331252441745e+00
-4.154439788753659379e-01
1.223251383034179851e-01
3.538999404225086631e-01
8.068600227393155078e-02
-7.707734453715978096e-02
3.705219574832240292e-01
6.170620066033856155e-01
6.342768242156853198e-01
4.906463536318087515e-01
3.529430191154935281e-01
-4.627568605720709660e-02
3.842821290306549509e-01
6.529320066016524038e-01
6.590095007002416683e-01
6.711687238166543779e-01
7.485104193820028007e-01
7.207061254883180279e-01
-4.732019671811890649e-01
-8.680845573108115776e-01
2.821155218209792093e-01
6.976058043409694154e-01
6.484110982996087458e-01
7.339668359095322669e-01
8.422860427608593881e-01
9.157353704215112078e-01
8.479720289968813995e-01
-2.981338814893550460e-01
-1.762346691692092460e+00
1.150796860817477896e-01
7.944568383846609683e-01
9.843493500240073635e-01
9.794358795152119379e-01
9.880775722069028433e-01
1.038855240282339443e+00
1.061459759454578045e+00
8.688565165447098559e-01
8.406288622568159896e-01
7.699456001176538944e-01
6.744449573329358572e-01
6.811503531743210438e-01
6.165882207983472973e-01
5.915272805916603760e-01
6.422502980743192147e-01
7.355763694767067928e-01
7.880998770894804828e-01
8.661080773416957035e-01
8.844252843868464220e-01
9.165771072225888938e-01
1.041983584316024114e+00
1.027362673220172606e+00
1.046480434287069716e+00
1.015095363364605596e+00
1.010070705464689356e+00
1.014839113222548939e+00
1.041196206826026760e+00
1.080146426539263516e+00
1.113638287355261713e+00
1.147922609224855561e+00
1.163611923657146052e+00
1.166569281721610896e+00
1.155175329464759981e+00
1.143937292820343288e+00
1.135298939800202023e+00
1.142966445914263884e+00
1.144745075019019120e+00
1.154755311037967136e+00
1.173607915762128195e+00
1.201413019917000558e+00
1.245013199736470177e+00
1.299682656828018201e+00
1.317637525067963278e+00
1.346582179111562194e+00
1.341607414233475737e+00
1.354624193478097816e+00
1.345079738947118297e+00
1.339528089662487931e+00
1.339929415401000634e+00
1.355354062942332405e+00
1.377422852690475263e+00
1.406751682650098090e+00
1.455882902976699755e+00
1.489672815598766853e+00
1.523869321543935840e+00
1.532181176093749819e+00
1.517937467294789844e+00
1.495711833371257349e+00
1.489040064086773363e+00
1.485206992498101730e+00
1.486803409135317056e+00
1.503323550493290028e+00
1.533960191900830772e+00
1.566248394481406958e+00
1.572237126350883418e+00
1.581658022644416572e+00
1.589853764653306634e+00
1.574994749267375038e+00
1.564289397999423237e+00
1.558473533145137369e+00
1.563111884592765177e+00
1.570734303611185378e+00
1.585393565619518830e+00
1.619717160540936396e+00
1.647530926148960351e+00
1.662286358559724064e+00
1.657601461304470281e+00
1.644843546652124289e+00
1.628668189670663402e+00
1.625624521223565377e+00
1.625284133993637248e+00
1.621531134167256472e+00
1.624638284779428066e+00
1.626783727451743378e+00
1.639243159514593096e+00
1.660675660139715015e+00
1.680786006768252960e+00
1.693435946698270689e+00
1.693401801617691493e+00
1.690979550012763788e+00
1.676428029631279459e+00
1.670641424415345355e+00
1.651331053569035978e+00
1.643091213292554809e+00
1.645533044844376125e+00
1.649615406079948388e+00
1.666616571016358961e+00
1.691374708474449040e+00
1.702990083113419040e+00
1.718730695113407148e+00
1.697784010101053287e+00
1.668768039524026303e+00
1.647448048409894561e+00
1.625668564538956362e+00
1.618439371034670948e+00
1.611884751032890417e+00
1.620414123586255473e+00
1.638786194905967442e+00
