7.733410627091937212e-04
2.725556711408367618e-03
7.649600943187139825e-03
1.322436884459844697e-02
1.719678353519067324e-02
1.650362296418229555e-02
-3.939239281838832762e-02
-1.547696893350742620e-01
-2.193541489571456116e-01
-2.007112030859780627e-01
-1.541265529752112451e-01
-1.084703607321098329e-01
-8.954692637685493506e-02
-8.563876345296130010e-02
-7.247926996426189150e-02
-5.338126376866900169e-02
-3.432946054895352761e-02
-1.841477152637221656e-02
-5.599900524707690161e-03
4.807419169688735561e-03
1.238287912727320528e-02
2.059588160160894660e-02
2.915574986636244870e-02
3.314558116629123807e-02
3.530537612232938216e-02
3.837171319602118713e-02
3.381342626175268956e-02
2.538440756073085530e-02
2.307036149334829381e-02
2.522593009944723921e-02
3.012437782705048098e-02
3.741995834811184113e-02
4.411970650024774759e-02
-1.549192860348472256e-02
-2.452180158720979608e-01
-4.151975434415028920e-01
-4.014735981916738305e-01
-3.606435767972845374e-01
-3.117133026746601310e-01
-2.672373320212554360e-01
-2.570768072893327427e-01
-2.474003641904589657e-01
-2.150848278042735151e-01
-1.602846196997780026e-01
-9.327082343890877314e-02
-3.321532179042979011e-02
-1.210463409259750905e-02
-1.872843951581735708e-02
-1.628087835229017136e-02
1.577802156601689626e-03
2.733575609376141802e-02
5.015589459681987772e-02
4.112499461408095774e-02
-5.930431282251204944e-02
-1.353983026961977365e-01
-1.115405854463674684e-01
-5.988775055950485565e-02
-1.551071031626352625e-02
1.368001125645919649e-02
4.241913215275916471e-02
7.211733562224038885e-02
9.560342642510336053e-02
8.910251226004518854e-02
5.765201817955770830e-02
5.005359570253033880e-02
7.379402655116129583e-02
1.066463320745608262e-01
1.389117723912277891e-01
1.679465003708524584e-01
1.879600866481486721e-01
1.892831084652265294e-01
1.801011496974085357e-01
1.784830479013561066e-01
1.860962782699871199e-01
1.916605067235380710e-01
1.940501987087893676e-01
2.006451529726295258e-01
2.122276599744739589e-01
2.182321921327855241e-01
2.118453111496011176e-01
2.086466308662336400e-01
2.108510022637610781e-01
2.055355408694805874e-01
1.984121744637011575e-01
2.005583858173487499e-01
2.095029370956937864e-01
2.249413659668815235e-01
2.445938760226565867e-01
2.573302664571837095e-01
2.670582499177492908e-01
2.787143787202346901e-01
2.897202483684666596e-01
2.953291443648545234e-01
2.944593216084001597e-01
2.946666571404961688e-01
2.972537971705572768e-01
2.995299648817864591e-01
3.062010912199386037e-01
3.191491102882739184e-01
3.286416463200401150e-01
3.332400499576695374e-01
3.345112781639689725e-01
3.314298751395318154e-01
3.286874578387072310e-01
3.255807532868492116e-01
3.264928066657079575e-01
3.372622023253283863e-01
3.551061880375199764e-01
3.777106479560510266e-01
3.978177967620388222e-01
4.055208140073399692e-01
3.963667754136366850e-01
3.758641577640116638e-01
3.112926326872175742e-01
1.882313482517344871e-01
1.080535987252087826e-01
1.161040007066055646e-01
1.627575643750655277e-01
1.961462908777742431e-01
1.995184467279695339e-01
2.211156362518681140e-01
2.774731943655747157e-01
3.389032626647746627e-01
3.835860278810592217e-01
4.054054973406410745e-01
3.929351642983063275e-01
3.889135399290851725e-01
4.260532065825698989e-01
4.720130584902906268e-01
5.124032865948752180e-01
5.524482972130499991e-01
5.886302527937472551e-01
5.483716538064562496e-01
4.297275731376622998e-01
3.787451675152165298e-01
4.218668544527882092e-01
4.758395666647704525e-01
5.235757787691671661e-01
5.751128004964644047e-01
6.283999557463072483e-01
6.738475426395558188e-01
6.440950880346434371e-01
4.729958997501216844e-01
3.635476061163854244e-01
4.123822054723084718e-01
4.974370421773722240e-01
5.747494376273338812e-01
6.418540699956609696e-01
7.038998582089804890e-01
7.572586781130624667e-01
7.902351512899409292e-01
8.079733985453805278e-01
8.213370846872722897e-01
8.276469933349247521e-01
8.310218748043337600e-01
8.327536719865700210e-01
8.321027598140983139e-01
8.341221751626449743e-01
8.433359867024898815e-01
8.580047442420405401e-01
8.772787809364739342e-01
8.994339899403179794e-01
9.223522436868342167e-01
9.507890284371061096e-01
9.803964395640198948e-01
1.005307560904951991e+00
1.028150681486249551e+00
1.051351012014090536e+00
1.073568591422573215e+00
1.094511430696962329e+00
