-6.608544659527900225e-04
-8.363953895677067379e-04
2.796071190558076930e-03
7.417063589031767587e-03
1.030395461358862494e-02
8.673121986071348488e-03
-4.775949409879889918e-02
-1.634432668853669501e-01
-2.281982119957767785e-01
-2.097754806103562242e-01
-1.635884709189417141e-01
-1.184161173779409715e-01
-9.993594895023155678e-02
-9.630821975945055846e-02
-8.335818007982193079e-02
-6.476458904714746390e-02
-4.629563612065541733e-02
-3.100842308828039018e-02
-1.911050840764158543e-02
-9.522204313466052852e-03
-2.666268049700106293e-03
4.946333428750357940e-03
1.314164848972557836e-02
1.655103884726388808e-02
1.789089521967531307e-02
2.037032532980036573e-02
1.533796404725883133e-02
6.367068948617876992e-03
3.524468296363951827e-03
4.991440957006873687e-03
8.990485811252222834e-03
1.539118021551056335e-02
2.129224067422108915e-02
-3.889526321230965533e-02
-2.688222866053433524e-01
-4.386014135885711873e-01
-4.246989519295311100e-01
-3.840460784078484346e-01
-3.360040158423875378e-01
-2.926216008385702505e-01
-2.835742057217320866e-01
-2.749611775819169601e-01
-2.434075084768368702e-01
-1.893391148295027748e-01
-1.234572936664988657e-01
-6.477874918871827370e-02
-4.486224414752902623e-02
-5.269562396274693472e-02
-5.160738341435427978e-02
-3.547810063671225089e-02
-1.171892560292649502e-02
9.289287609613974123e-03
-1.309148953312267230e-03
-1.031843574615696896e-01
-1.807058818224428209e-01
-1.585931761426930819e-01
-1.090035450120733496e-01
-6.739522187235759410e-02
-4.083175816775430622e-02
-1.409432835898259684e-02
1.333438029591752991e-02
3.481009905633967311e-02
2.682921930379818243e-02
-6.209191923259735346e-03
-1.479739425904756309e-02
8.896451552403566998e-03
4.124144802329948734e-02
7.205734033359900703e-02
9.955080135492259952e-02
1.195394404775667607e-01
1.210833052551026912e-01
1.127436344450315764e-01
1.128069491090490234e-01
1.204215158579011596e-01
1.253110411165300475e-01
1.274069092961367389e-01
1.334587883648305495e-01
1.438313651493133838e-01
1.483414473635797648e-01
1.400652449273478151e-01
1.352581392554992878e-01
1.380116778727582261e-01
1.350081075622179549e-01
1.298356692151470260e-01
1.321241055716126933e-01
1.397632994455928757e-01
1.529427425691036735e-01
1.696771133529877407e-01
1.806621162566972028e-01
1.890305716718308215e-01
1.981405897262185356e-01
2.062550535429402976e-01
2.090716919753857206e-01
2.057666803017393908e-01
2.043658788226848377e-01
2.074234737211999025e-01
2.115712421802116716e-01
2.187873651001001896e-01
2.305604423590941199e-01
2.393660270172651983e-01
2.430980347727451363e-01
2.428194411100708106e-01
2.381628071438827432e-01
2.334562478889201931e-01
2.283356394310997461e-01
2.266545953690410897e-01
2.335759711247288872e-01
2.468177465417488448e-01
2.656226465106245049e-01
2.827016650755596050e-01
2.869472642796812023e-01
2.738707601798453517e-01
2.498359158436540273e-01
1.814704522675075204e-01
5.482072221250341992e-02
-2.827128009141748055e-02
-2.326697567715194787e-02
2.012272042358431712e-02
4.994570255240640688e-02
4.972498631079908665e-02
6.699890789867092578e-02
1.188281247798866069e-01
1.754325836079682899e-01
2.151014899399207592e-01
2.332587453789647103e-01
2.188236619582427378e-01
2.125883012633860425e-01
2.468181106207783249e-01
2.902782273752614883e-01
3.282128918617459035e-01
3.660915691886195145e-01
4.013770784975460582e-01
3.604520216655172637e-01
2.424452979892730009e-01
1.930053344735574994e-01
2.366102826656605873e-01
2.906320649059169203e-01
3.374840158534466728e-01
3.875401279793216913e-01
4.398781609887140176e-01
4.843882506763409479e-01
4.518436679559150737e-01
2.804040345203974716e-01
1.736671123175689280e-01
2.232659039438606441e-01
3.091777795729082623e-01
3.888572401615225660e-01
4.551637480889058063e-01
5.145400319946994427e-01
5.693457589896352422e-01
6.066233677687216108e-01
6.280748898007535441e-01
6.426190467091310587e-01
6.476031930507174517e-01
6.491984204544872794e-01
6.488872732345971617e-01
6.453155225763947955e-01
6.453535087573252227e-01
6.546376654584523669e-01
6.712520273536934923e-01
6.932708504956542894e-01
7.176568452802833953e-01
7.418050512999770918e-01
7.721142781900784957e-01
8.042742728914983319e-01
8.327528657906493326e-01
8.571429208115293186e-01
8.771388539116351524e-01
8.954909081680788585e-01
9.142419081728860863e-01
9.351580699470707359e-01
9.581763632608424341e-01
9.826962470652743642e-01
1.007433076271323724e+00
1.030665291555785457e+00
1.051179214435402631e+00
1.068718358284123315e+00
1.083944162067388639e+00
1.098309172270389933e+00
1.112409298984117445e+00
1.126405266072029177e+00
1.141217603733723829e+00
1.157655119127160903e+00
1.176813783220995280e+00
1.199705210670233946e+00
1.224133934529425982e+00
1.248623613886119754e+00
1.271821649704637291e+00
1.293296121287107026e+00
1.313003489233512289e+00
1.330314406062874433e+00
1.346198368317314209e+00
1.362068805945272798e+00
1.379067454852314523e+00
1.397742485770546939e+00
1.419339080226180050e+00
1.443497868504719506e+00
1.469035950750798403e+00
1.494277619679481584e+00
1.516657209074648405e+00
1.535072910355440801e+00
1.550724731164987436e+00
1.565044590758103427e+00
1.578674957553173552e+00
1.592838724465408307e+00
1.609002478221609689e+00
1.627619085043914948e+00
1.646792000134504219e+00
1.665267793428060417e+00
1.683302559465562398e+00
1.699564581500694560e+00
1.713402239352633138e+00
1.725729593150212349e+00
1.737643611934891030e+00
1.749893362376651051e+00
1.762948780547192618e+00
1.778168154580533455e+00
1.795811231583814838e+00
1.814359552598134862e+00
1.831864495841563079e+00
1.847054036169741176e+00
1.859729332634772359e+00
1.870915153862048319e+00
1.881686209330328818e+00
1.892011315400206506e+00
1.902152401732929876e+00
1.912407763303572317e+00
1.923282442959290739e+00
1.935715374120200227e+00
1.949817550247996856e+00
1.964798724488622472e+00
1.979393755469972316e+00
1.992895102515548356e+00
2.004675218665883829e+00
2.014918185539947615e+00
2.023540199082348501e+00
2.030734632733509404e+00
2.037918145831635552e+00
2.045699607198125936e+00
2.054781054962426801e+00
2.066046327601007260e+00
2.078743198221947086e+00
2.092195934169505556e+00
2.104362041734577637e+00
2.113097329711491668e+00
2.119041880339192385e+00
2.123030074297086678e+00
2.126179717852468620e+00
2.129373184559338661e+00
2.133461949354105602e+00
2.139610785861936648e+00
