-3.054202144370839811e+00
-3.045009421221052115e+00
-3.058358233423106753e+00
-3.051461330319431120e+00
-3.045598060915204464e+00
-3.031990060448131352e+00
-3.058496201740150688e+00
-3.052171601165472481e+00
-3.045749842999196488e+00
-3.034828520138579844e+00
-3.016189802551556998e+00
-2.984324178169349473e+00
-2.960919267433641089e+00
-2.952884559648904617e+00
-2.926105731199790672e+00
-2.868929339681312030e+00
-2.757036839939825068e+00
-2.528256038318139609e+00
-1.929276009663418501e+00
4.978178028430146895e+00
-5.819512288975817071e+00
-4.042657499520087683e+00
-3.618817152229099054e+00
-3.557500347174279653e+00
-3.549891389436637734e+00
-3.498221826927140121e+00
-3.716022528120671797e+00
-6.173221786727128624e+00
-3.552274548186150582e+01
-6.201415191331360433e+00
-4.151228824097001890e+00
-3.609407268799635915e+00
-3.439618712943724788e+00
-2.899381982407704506e+00
-3.027359962823630735e+00
-3.030513650684331317e+00
-3.019063893142413857e+00
-3.003914154208534804e+00
-2.984291292408379981e+00
-2.961886774293434943e+00
-2.951904731719507069e+00
-2.941106943039075716e+00
-2.914482930601332455e+00
-2.851871319652643955e+00
-2.678804100193396209e+00
-1.923405529558908089e+00
-1.320370453449165149e+00
-2.183047652307027242e+00
-2.262440177862048429e+00
-1.787444243159130863e+00
1.265026760419500640e+01
-4.898430713190191632e+00
-1.304867022023528989e+03
-2.789468536029264811e+00
-2.889290352297329001e+00
-2.841962806297352984e+00
-2.698099126118107094e+00
-2.375725619257757604e+00
-1.713816942638421104e+00
2.444702081261652893e+01
-4.521801129682387455e+00
-3.878540134639733683e+00
-4.321542614136964389e+00
-4.594169325152663852e-01
-1.445262020128175395e+00
-7.679553728904616960e+00
-3.840920422008545110e+00
-3.500889258092601874e+00
-3.376112517721924888e+00
-3.320682370447648246e+00
-3.319406774639012347e+00
-3.342425398537971049e+00
-3.335971166770054452e+00
-3.306333596939063924e+00
-3.287337485221634381e+00
-3.275341123089618112e+00
-3.255093138548998954e+00
-3.229822449541907226e+00
-3.216266357255803676e+00
-3.220768490100294201e+00
-3.218956986591671843e+00
-3.205246241487063941e+00
-3.200374162195163574e+00
-3.198168164533842894e+00
-3.185187779642510097e+00
-3.167368618621118515e+00
-3.147485743935708680e+00
-3.129130684025070774e+00
-3.116409782200710410e+00
-3.105635767429071770e+00
-3.095185216699956054e+00
-3.085510714544096977e+00
-3.076983085468997459e+00
-3.069119278695155550e+00
-3.060982804303620242e+00
-3.052785923143994218e+00
-3.044808228991660926e+00
-3.037347588878393179e+00
-3.030681359870655900e+00
-3.023762631766129694e+00
-3.016178823790095720e+00
-3.007854964775091844e+00
-2.998432911072773877e+00
-2.989006376528267950e+00
-2.979298757483022975e+00
-2.971200325667733289e+00
-2.967205824822042537e+00
-2.965740390374222102e+00
-2.965888665128057600e+00
-2.964287318316580766e+00
-2.957201380266506696e+00
-2.942360799882727918e+00
-2.920110430102838883e+00
-2.837827332715799233e+00
1.386021172564329884e+00
-3.508385407402438538e+00
-3.727126403209213290e+00
-8.873517658533910391e-01
-2.447745299517950279e+00
-2.426365488223721556e+00
-2.603836823135631029e+00
-2.805003828830175738e+00
-2.878904700878003098e+00
-2.901343385806014474e+00
-2.901860987475919806e+00
-2.876065247184425466e+00
-2.860260629596194981e+00
-2.885200637792392442e+00
-2.906148088092041171e+00
-2.916608385616407784e+00
-2.923764362967878228e+00
-2.927675206619088755e+00
-2.897386516278566582e+00
-2.776899194177354424e+00
-2.687329563592442128e+00
-2.787996062474110914e+00
-2.844458855020348231e+00
-2.870806663792154101e+00
-2.889331406530763147e+00
-2.902613532356236981e+00
-2.908984632790865277e+00
-2.883949521291888640e+00
-2.716791949345183976e+00
-2.401732562770170887e+00
-2.655382208415033585e+00
-2.792334921502949818e+00
-2.846520193049659753e+00
-2.871013062185483911e+00
-2.884851242888392342e+00
-2.893389493241008914e+00
-2.894516791041360726e+00
-2.890928954510051163e+00
-2.885828229044077986e+00
-2.878287058044675550e+00
-2.870329977244849395e+00
-2.862175093385066482e+00
-2.853214618198124164e+00
-2.846066318541858653e+00
-2.842821399355564882e+00
-2.842204135905150864e+00
-2.843118036546977478e+00
-2.844172022716392689e+00
-2.844551649432617069e+00
-2.846577970176568773e+00
-2.848403490164286733e+00
-2.848545641629844916e+00
-2.847213840734855950e+00
-2.844605952392821546e+00
-2.841656922386503581e+00
-2.838957670144803824e+00
-2.836931903604112737e+00
-2.835432382057191170e+00
-2.834211057904811870e+00
-2.832877969278063457e+00
-2.831013398936145009e+00
-2.828388323861914522e+00
-2.825039605131598464e+00
-2.821206921165681614e+00
-2.817299463303357676e+00
-2.813442323827668901e+00
-2.809656331471262369e+00
-2.806162445916216441e+00
-2.803133167446936191e+00
-2.800803021234822943e+00
-2.799347465541166091e+00
-2.798081257595758764e+00
-2.796655595509012215e+00
-2.794767309139480460e+00
-2.792410411544855364e+00
-2.789621401604367001e+00
-2.786302274874913998e+00
-2.782734458093506724e+00
-2.779272115071147908e+00
-2.776160154895541243e+00
-2.773481828401104909e+00
-2.771489689897717934e+00
-2.770003088957584403e+00
-2.768697990704066747e+00
-2.767172983231876771e+00
-2.764889965964004936e+00
-2.761706031327311628e+00
-2.757996199141966809e+00
-2.754114862056255664e+00
-2.750200189448731791e+00
-2.746520407000094366e+00
-2.743377623854366121e+00
-2.740809115133208351e+00
-2.738307132370529473e+00
-2.735601789891895841e+00
-2.732785942573936477e+00
-2.729562785709465977e+00
-2.725834513708235818e+00
-2.721852978072141216e+00
-2.717882113552605894e+00
-2.714076496408138972e+00
-2.710520941100958758e+00
-2.707510603071535016e+00
-2.705043056480947783e+00
-2.702715466026796243e+00
-2.700077994528798708e+00
-2.696890088533271168e+00
-2.693167571787110859e+00
-2.689197506561036732e+00
-2.685233758863401210e+00
-2.681248531415971748e+00
-2.677297057225221266e+00
-2.673435379539970569e+00
-2.669774848656214949e+00
-2.666520337537530594e+00
-2.663659133704303628e+00
-2.660971082036874602e+00
-2.658149764756043254e+00
-2.655057786069475068e+00
-2.651574900741944241e+00
-2.647788252787779850e+00
-2.643686806250680199e+00
-2.639339191167069831e+00
-2.635096393846428242e+00
-2.631079897224699593e+00
-2.627439429910317870e+00
-2.624358018252034519e+00
-2.621595810110365576e+00
-2.618977352135387182e+00
-2.615986084839649894e+00
-2.612150477208497801e+00
-2.607711285490295960e+00
-2.602906016967780900e+00
-2.598026220323868429e+00
-2.593272271618692670e+00
-2.588840629464312926e+00
-2.584996861627776532e+00
