-6.270272714748112882e-06
-3.809946003375902729e-05
-7.900430982754906486e-05
-1.036563474906505508e-04
-1.178600359511621453e-04
-1.357902945448325881e-04
-2.827270332254459189e-04
-9.572025698385495983e-04
-2.222661781631075310e-03
-3.598741219367586515e-03
-4.779396646679688956e-03
-5.697469489479980130e-03
-6.417701637389167969e-03
-7.097272036983722464e-03
-7.724519240262840009e-03
-8.256552815858393332e-03
-8.680029450664556584e-03
-9.006411131412424970e-03
-9.257010027213364786e-03
-9.451098930990805072e-03
-9.599296781099136977e-03
-9.713420478586819867e-03
-9.779528105062829102e-03
-9.812237116792056624e-03
-9.839796625904435531e-03
-9.861646704451601173e-03
-9.886387872489618700e-03
-9.965054895249356517e-03
-1.008272530705245189e-02
-1.020852292410940471e-02
-1.032708185323573565e-02
-1.042503281903892076e-02
-1.049351094020106734e-02
-1.066481082241942970e-02
-1.162011295710357363e-02
-1.396574880098560428e-02
-1.666431996321342951e-02
-1.917500648218348203e-02
-2.146517248767723998e-02
-2.347066663306552128e-02
-2.532895096486968353e-02
-2.716640748203104708e-02
-2.888218548860670837e-02
-3.035375918585236921e-02
-3.146597672569999976e-02
-3.221611435136184642e-02
-3.271478766761932305e-02
-3.320584717895937871e-02
-3.372249164538131810e-02
-3.419708427658946920e-02
-3.456285877504911008e-02
-3.481073165188567492e-02
-3.501513998993643212e-02
-3.551451579710326184e-02
-3.667083551736972924e-02
-3.795485171387960599e-02
-3.903856201760138450e-02
-3.987008789406634723e-02
-4.053827702783502351e-02
-4.107795714162969236e-02
-4.147093542484395212e-02
-4.173990450309970901e-02
-4.195879273206062215e-02
-4.232560797656338691e-02
-4.284687370988400634e-02
-4.331387901823106207e-02
-4.361251173380004814e-02
-4.373638369078593213e-02
-4.370566773254786624e-02
-4.354061609196947791e-02
-4.329782246515494204e-02
-4.308221989505347377e-02
-4.287651079835426426e-02
-4.263354145925395133e-02
-4.235576942069793627e-02
-4.206655290766020405e-02
-4.176060033000363741e-02
-4.141562645241789187e-02
-4.103592505879837676e-02
-4.068443617592612527e-02
-4.040561689633329762e-02
-4.013286824112122925e-02
-3.984244113691548517e-02
-3.956048509476640246e-02
-3.928017053522453450e-02
-3.897697418392626068e-02
-3.863848200686499645e-02
-3.823855197014828372e-02
-3.778332268412423756e-02
-3.729257041062059019e-02
-3.677109956315735562e-02
-3.623135792859532439e-02
-3.568652667808643736e-02
-3.517546936579003802e-02
-3.470575292832433351e-02
-3.424053164848878117e-02
-3.374163721100233854e-02
-3.320215328916623770e-02
-3.261428743580183087e-02
-3.197700829967139308e-02
-3.131382193679024123e-02
-3.065620213949077008e-02
-3.003183066821269939e-02
-2.945891314681307882e-02
-2.893595795521508238e-02
-2.846531850373048081e-02
-2.801673074408284059e-02
-2.755794233077564492e-02
-2.705718613157277741e-02
-2.648351394698326283e-02
-2.588021258016465209e-02
-2.534140174703118642e-02
-2.495675117488841202e-02
-2.483851872074787151e-02
-2.534027637385400863e-02
-2.655640160867557900e-02
-2.801404979078835067e-02
-2.935627266327199558e-02
-3.050174269532042806e-02
-3.160864239333679993e-02
-3.273727121369155585e-02
-3.369865683948128354e-02
-3.437789399694428372e-02
-3.481943872868850653e-02
-3.513417609228755567e-02
-3.544540521086989721e-02
-3.587460798486213909e-02
-3.623554183616688185e-02
-3.638309350579373158e-02
-3.631978541340984135e-02
-3.606333628085742898e-02
-3.560357931449230351e-02
-3.509741104908351006e-02
-3.509647330240417418e-02
-3.564406288643354875e-02
-3.615554309996509008e-02
-3.636489773371957834e-02
-3.629976962785123884e-02
-3.597166994855192229e-02
-3.535904071609892452e-02
-3.446705868861999617e-02
-3.349595641863048479e-02
-3.311905137750155437e-02
-3.370930748795317872e-02
-3.437278842317690458e-02
-3.462737473529474419e-02
-3.438562499948304152e-02
-3.371444579421283005e-02
-3.270884111718228709e-02
-3.138087212534872161e-02
-2.974005784112422959e-02
-2.789706115970280384e-02
-2.592276715849653815e-02
-2.390211858039736556e-02
-2.189493927222564001e-02
-1.990765297461207298e-02
-1.796997167075770063e-02
-1.608449013998735841e-02
-1.419423497746560847e-02
-1.222382079667449009e-02
-1.012457853159999879e-02
-7.874817275106837586e-03
-5.476637052326890562e-03
-2.924280813882230295e-03
-1.668288569817654408e-04
2.777236188486257185e-03
5.904698311556825369e-03
9.213043472807007708e-03
1.269501367913747347e-02
1.632557005474778722e-02
