-1.243534013315597558e-06
-6.218452802932982592e-06
-2.971029582433150165e-06
2.646374482795314296e-05
7.382043613217157741e-05
1.259055604504739749e-04
5.729299889381498658e-05
-5.110394704341445719e-04
-1.609843337080711558e-03
-2.754033138455834820e-03
-3.664057020028125937e-03
-4.301207428907099541e-03
-4.749779790779720332e-03
-5.171779932811828261e-03
-5.554093104309804248e-03
-5.853782168706642489e-03
-6.057324091146412681e-03
-6.178563883499465191e-03
-6.236401670080471069e-03
-6.247243499290129620e-03
-6.221761611188926858e-03
-6.169653900033554399e-03
-6.078016344803351123e-03
-5.960985632564051728e-03
-5.841169851161986601e-03
-5.715609673404434612e-03
-5.593944401291733350e-03
-5.523160122527613104e-03
-5.484348349087246957e-03
-5.445729297411297694e-03
-5.391030774079513810e-03
-5.307792809547085162e-03
-5.190092879542723692e-03
-5.170033123342267049e-03
-5.902854973081706272e-03
-7.924974754672412663e-03
-1.017035767518769014e-02
-1.214294947197857612e-02
-1.385008187703428914e-02
-1.525459304151130686e-02
-1.651481140833835348e-02
-1.775778066073263953e-02
-1.888619606272215132e-02
-1.978864230512892078e-02
-2.036293608950936335e-02
-2.061611406114708181e-02
-2.066457498414068714e-02
-2.074346342733314821e-02
-2.086694686233067988e-02
-2.095666771818118987e-02
-2.094078993061189789e-02
-2.081281584871983240e-02
-2.064900355062400730e-02
-2.077531529929307549e-02
-2.151528727483793813e-02
-2.231951158586107861e-02
-2.288020383811184555e-02
-2.316871638150856325e-02
-2.328415481042396887e-02
-2.327387357686612826e-02
-2.312419683393978839e-02
-2.285827635578718126e-02
-2.255424912571822593e-02
-2.240022604785258178e-02
-2.238674890672230980e-02
-2.231286095015428891e-02
-2.207814089235103985e-02
-2.167747375388965822e-02
-2.113215404780419832e-02
-2.047157108416584534e-02
-1.976562629543559060e-02
-1.910841085993026864e-02
-1.848843124863698908e-02
-1.784928385890240110e-02
-1.717780302806947920e-02
-1.649885166503322481e-02
-1.580609259455165172e-02
-1.507309032258460392e-02
-1.429952037826211914e-02
-1.354562604440433596e-02
-1.284708425700698334e-02
-1.214799849963580855e-02
-1.144873970474718193e-02
-1.078173225547163216e-02
-1.012647294789144510e-02
-9.441490580728522861e-03
-8.706822297066204447e-03
-7.891224536550611734e-03
-7.005776256145779951e-03
-6.084719918139461746e-03
-5.124491519412613730e-03
-4.128907620136638458e-03
-3.110286556681958643e-03
-2.106653341191960967e-03
-1.128140871426083118e-03
-1.493668164021131825e-04
8.450120904628462184e-04
1.861168859421870108e-03
2.923889487433701737e-03
4.039322793548690005e-03
5.175717477549436445e-03
6.313141030950244516e-03
7.427133864225111438e-03
8.506103276473067631e-03
9.556441582854145744e-03
1.057899480112507729e-02
1.161427063166813045e-02
1.270220593903820250e-02
1.387039234914245675e-02
1.513301173704477767e-02
1.644341900505356252e-02
1.771610237249902908e-02
1.887111147413571971e-02
1.980441946038954959e-02
2.019188979815211490e-02
1.996609902043752077e-02
1.960668714488940367e-02
1.944435405971824127e-02
1.953001439333093212e-02
1.968925835052347598e-02
1.986131722933606042e-02
2.023591934509232776e-02
2.090843894688559218e-02
2.182732262795235648e-02
2.287143685019652276e-02
2.390834431458837769e-02
2.482135135251625768e-02
2.581466355617775474e-02
2.702325415025955135e-02
2.843174546599336674e-02
3.001687970272795200e-02
3.177788891610756894e-02
3.354900367508836107e-02
3.480602754325701903e-02
3.553158297809800442e-02
3.632243856068594068e-02
3.742232094291374905e-02
3.878304455527303157e-02
4.038893412362361962e-02
4.224952437439471326e-02
4.434756849466608974e-02
4.649209433634451244e-02
4.804896747901411108e-02
4.866746992675838324e-02
4.926422571575168191e-02
5.029516090815063650e-02
5.178869165037525146e-02
5.365439598366251311e-02
5.582270055539743925e-02
5.825987596133927471e-02
6.091117330395218188e-02
6.366392113879791592e-02
6.647414274065291395e-02
6.930113250881059228e-02
7.210894509440535227e-02
7.489913450713930887e-02
7.765521814601754336e-02
8.038070862697131724e-02
8.311580803014899377e-02
8.591011733269886264e-02
8.879180673381799338e-02
9.178332695531433993e-02
9.488243853602115752e-02
9.809902735889379499e-02
1.014652982125900521e-01
1.049621422087841927e-01
1.085714240308699036e-01
1.122650478889454378e-01
1.160286854476808571e-01
1.198596906656565764e-01
1.237666469969220945e-01
1.277623046849023780e-01
1.318553931644282362e-01
1.360505283672418797e-01
1.403425655079499901e-01
1.447192754294238659e-01
1.491642713847914081e-01
1.536637591429503014e-01
1.582095420508563832e-01
1.628009697659698884e-01
1.674369770082334008e-01
1.721200959483258630e-01
1.768572549019249707e-01
1.816597722906468093e-01
1.865448172922583858e-01
1.915277001316665895e-01
1.966079286526968839e-01
2.017830684469066604e-01
2.070408062076990463e-01
2.123736540304506371e-01
2.177687048945549930e-01
2.232161049565700717e-01
2.287123763204209903e-01
2.342618384667404241e-01
2.398723589142150170e-01
2.455555901079489178e-01
2.513275663895538914e-01
2.571964746271229174e-01
2.631649717876454186e-01
2.692225424159709890e-01
2.753489971980456197e-01
2.815252315775832459e-01
2.877421289272260596e-01
2.939952943348352887e-01
3.002849138561681785e-01
3.066187783817377888e-01
3.130098317050541423e-01
3.194669710979790023e-01
3.259869729786651349e-01
3.325664100885928343e-01
3.391999652318009595e-01
3.458744795267875149e-01
3.525798166313620641e-01
3.593113570222457587e-01
3.660701664976790948e-01
3.728596344929777651e-01
3.796874267190603058e-01
3.865672524361495332e-01
3.935074171952344657e-01
4.005065167832589368e-01
4.075537603128375208e-01
4.146355549075940727e-01
4.217406708402398063e-01
4.288655074064489092e-01
4.360088175263668320e-01
4.431689024297658652e-01
4.503465269257773129e-01
4.575433863428938208e-01
4.647657070116465450e-01
4.720226304214291124e-01
4.793206931044213248e-01
4.866605469762923519e-01
4.940368066181780593e-01
5.014420084215152063e-01
5.088662240694974415e-01
5.163026473751354262e-01
5.237422752072347087e-01
5.311823061102463051e-01
5.386257212883068801e-01
5.460775551983180209e-01
5.535477640276988964e-01
5.610468480101712396e-01
5.685788412221527421e-01
5.761435368356835340e-01
5.837255410282019552e-01
5.913073434579022569e-01
5.988775999180134813e-01
6.064292567378719578e-01
6.139623288107853849e-01
6.214795945735519522e-01
6.289901190665315722e-01
