-1.547526500696003282e+00
-1.547020183109211189e+00
-1.546785166161595670e+00
-1.546198956414033709e+00
-1.545429760649419837e+00
-1.543989001733842681e+00
-1.549930875983044354e+00
-1.547617222857362806e+00
-1.546511801587782120e+00
-1.545004625000617304e+00
-1.542779441983356037e+00
-1.539509519465491083e+00
-1.536629772794328330e+00
-1.534718676328526765e+00
-1.531287258786183880e+00
-1.525155053970529861e+00
-1.514502585324328354e+00
-1.494990552863852074e+00
-1.449572391704120111e+00
-1.218022356681364604e+00
-1.950262834620234642e+00
-1.668259002051557083e+00
-1.616684377075941370e+00
-1.601943368117959121e+00
-1.594418997892854239e+00
-1.587656993935686822e+00
-1.589281577009077351e+00
-1.598117331920183126e+00
-1.600352560439556537e+00
-1.594946155953429923e+00
-1.586667417238191824e+00
-1.578266159020881965e+00
-1.572351989157541485e+00
-1.410441218216151649e+00
-1.542564950634724763e+00
-1.543781088292359271e+00
-1.542448512978294994e+00
-1.540664822169210302e+00
-1.538406678386398552e+00
-1.535778213182428908e+00
-1.534071483904605460e+00
-1.532293190834876251e+00
-1.529006209852283638e+00
-1.522503127981484461e+00
-1.508168529766052979e+00
-1.471263193318570472e+00
-1.420966656677402851e+00
-1.419042372902337146e+00
-1.392933505693059404e+00
-1.182118467811604567e+00
-1.975470837873135155e+00
-1.689342059162211251e+00
-1.703508674640868303e+00
-1.454458355694498106e+00
-1.506809951856556529e+00
-1.499573108386823783e+00
-1.466580654378881521e+00
-1.342639973519615948e+00
-4.691791274028532577e+00
-1.725484412090913411e+00
-1.635462013623231403e+00
-1.608271340378054859e+00
-1.607543261264613221e+00
-1.631169704025602352e+00
-1.639274656875961078e+00
-1.611176662276074811e+00
-1.591160258716558307e+00
-1.579766294704633145e+00
-1.572700969243762126e+00
-1.568373290865763714e+00
-1.566330714218056475e+00
-1.565326183799582660e+00
-1.563809861058473194e+00
-1.561700726548195028e+00
-1.559813108459224829e+00
-1.558166822254582806e+00
-1.556407716854677048e+00
-1.554573093040847453e+00
-1.552961970876110209e+00
-1.551615332744391118e+00
-1.550236278759267838e+00
-1.548811415390752844e+00
-1.547410013406857798e+00
-1.545984797694623492e+00
-1.544628623219570729e+00
-1.543397702896218471e+00
-1.542345825971807471e+00
-1.541438516376657297e+00
-1.540426004575518482e+00
-1.539383667369842001e+00
-1.538425191361713518e+00
-1.537479280837187767e+00
-1.536393208135843569e+00
-1.535103383815274114e+00
-1.533848166797932455e+00
-1.532690029710273683e+00
-1.531529504749789661e+00
-1.530582602017196425e+00
-1.529949606861958467e+00
-1.529178820387432802e+00
-1.528193956098379935e+00
-1.527051785863805744e+00
-1.525675496245613605e+00
-1.524295313894762138e+00
-1.522874695524631505e+00
-1.521696806633076271e+00
-1.521178215913548071e+00
-1.521131587380826655e+00
-1.521358085022180395e+00
-1.521404850294417743e+00
-1.520750707973858695e+00
-1.519124008695382111e+00
-1.516669552949324817e+00
-1.510242281580725487e+00
-1.491012610390726412e+00
-1.461212881670831187e+00
-1.459008472484386143e+00
-1.474380089474888411e+00
-1.482514247286788933e+00
-1.482155118468579502e+00
-1.486286808342107912e+00
-1.496133350155323782e+00
-1.503729223545529070e+00
-1.507706180352182512e+00
-1.509011074787280693e+00
-1.507301244297054366e+00
-1.506124171818431723e+00
-1.508340218914328013e+00
-1.510812083957569607e+00
-1.512517292836913052e+00
-1.513906272526844621e+00
-1.514867833598855018e+00
-1.511964338030680643e+00
-1.502967153372668063e+00
-1.496684639922134297e+00
-1.499342934889003942e+00
-1.502698346353609438e+00
-1.505166490625571729e+00
-1.507524137895965621e+00
-1.509610554964359697e+00
-1.511002596497281747e+00
-1.508741934709092236e+00
-1.496575996978270151e+00
-1.483140727931262504e+00
-1.486977986702687105e+00
-1.494076711864886775e+00
-1.499190243237778830e+00
-1.502734915378684644e+00
-1.505412985586155328e+00
-1.507256082204146086e+00
-1.507959942826233801e+00
-1.507908255661060792e+00
-1.507607107821031800e+00
-1.506967811227067022e+00
-1.506164204118087824e+00
-1.505258222277870317e+00
-1.504221834670520730e+00
-1.503275927605206785e+00
-1.502634942176744648e+00
-1.502238558017409353e+00
-1.502047833288256529e+00
-1.501983290092579137e+00
-1.501946900832249021e+00
-1.502120932610812032e+00
-1.502322347116608725e+00
-1.502323530243015126e+00
-1.502227083501059379e+00
-1.502123609224307321e+00
-1.501967408136270610e+00
-1.501749817816218302e+00
