-2.058480658742172474e-03
-4.202551175241309861e-03
-1.745702445994447988e-03
1.833894159026642958e-03
3.469959557141165992e-03
7.951151511501916395e-04
-5.519164038339403194e-02
-1.663564872906563019e-01
-2.236219934155281586e-01
-1.997364182493133467e-01
-1.518539008545275459e-01
-1.078956769064528809e-01
-9.188862530963359809e-02
-9.019539818830099587e-02
-7.899043023156916699e-02
-6.268556732549862565e-02
-4.684570172767192620e-02
-3.430284519434366464e-02
-2.532156762914909015e-02
-1.832860597940190114e-02
-1.373160641119753299e-02
-8.013309911562811055e-03
-1.418103949542546573e-03
3.396178765026380050e-04
1.035350098343763457e-04
1.434987776874044677e-03
-4.418991928574022079e-03
-1.374485726207681432e-02
-1.671677486699660320e-02
-1.564069365985671159e-02
-1.243348689839166195e-02
-7.052024705165244392e-03
-2.288201863161723644e-03
-6.241314839443509732e-02
-2.858019095961047418e-01
-4.402234871402457284e-01
-4.138776158880341227e-01
-3.669863209185383335e-01
-3.174638501886502540e-01
-2.759647955539277775e-01
-2.697500795507902782e-01
-2.635864072800515601e-01
-2.347801007668741113e-01
-1.847561990826963318e-01
-1.250646619222616773e-01
-7.395188558423379521e-02
-6.124171036470064250e-02
-7.427205989147209197e-02
-7.701521736214206326e-02
-6.463710972502582919e-02
-4.512603568424441991e-02
-2.837883401230772637e-02
-4.249827950243237340e-02
-1.447234306438966167e-01
-2.179067052801762494e-01
-1.930293896977967882e-01
-1.442576498183980316e-01
-1.066645816129111191e-01
-8.490891657395635561e-02
-6.269127020982574738e-02
-4.040566436207881917e-02
-2.385720030750666451e-02
-3.563607308140680219e-02
-7.063434889464331734e-02
-7.934049080425258083e-02
-5.562806748388215983e-02
-2.508769078025943622e-02
2.035296631307543375e-03
2.527291158888378755e-02
4.239838133241396328e-02
4.175027382209971910e-02
3.292037294592808222e-02
3.391541875439695736e-02
4.078075373481673122e-02
4.423047571154090085e-02
4.544652539395839519e-02
5.043610090696347414e-02
5.893546735830869354e-02
6.122293910461574368e-02
5.078558818158239452e-02
4.470860550884576956e-02
4.825275591898155192e-02
4.764590060653213499e-02
4.463284826259303339e-02
4.724830034814481161e-02
5.350600290585084268e-02
6.405271362351379338e-02
7.707117957047260326e-02
8.529525323971938466e-02
9.135184317641453777e-02
9.701213165329156118e-02
1.014391434877813108e-01
1.008455353747665650e-01
9.491482205479127854e-02
9.205935966198434961e-02
9.571113344252513144e-02
1.016107291137850338e-01
1.090419560991302411e-01
1.190543031501747201e-01
1.263974720325861945e-01
1.285767517403269833e-01
1.263348884655818016e-01
1.200817499623753198e-01
1.137721380934434701e-01
1.072269254420235296e-01
1.037007527455340861e-01
1.073487544441711627e-01
1.161680058200285359e-01
1.308460861549999577e-01
1.440429287504588762e-01
1.439943994991836063e-01
1.268949198628305797e-01
1.003924092444272581e-01
3.097782784924564548e-02
-9.265436897228920832e-02
-1.689341094088857020e-01
-1.590003913479113573e-01
-1.147528615373836491e-01
-8.745638460029990513e-02
-9.098192147967636145e-02
-7.783475366461758971e-02
-3.192943934757912910e-02
1.658015809351057190e-02
4.711338638105734555e-02
5.783049713782403844e-02
3.890344891032401775e-02
2.968143440320480594e-02
5.982895140767313658e-02
9.827958109375067863e-02
1.304369042781853838e-01
1.624344443066244870e-01
1.928030646555724814e-01
1.483487575289151317e-01
3.320127661812051489e-02
-8.988589426216268830e-03
3.843601183037673175e-02
9.233600762233964976e-02
1.360824350753671030e-01
1.811415525862244968e-01
2.280117342891054277e-01
2.664891471134929746e-01
2.273165748564529853e-01
5.784133946165029294e-02
-3.711169596871165266e-02
1.955887632590506964e-02
1.072298134788394752e-01
1.860839001026611261e-01
2.462640445931307542e-01
2.968725676504606059e-01
3.466632624670975549e-01
3.817219807846636281e-01
4.012081606255184507e-01
4.118306262327632861e-01
4.114837076135365868e-01
4.089018809843844582e-01
4.050895482408068404e-01
3.981617128610007716e-01
3.963480829265136340e-01
4.061122404501739114e-01
4.250336999723950959e-01
4.488196789490089822e-01
4.738060674087916646e-01
4.973021628923333104e-01
5.273427940833751437e-01
5.592772515727177929e-01
5.871992047872661713e-01
6.146523457266875878e-01
6.419461835001080141e-01
6.667667850797300844e-01
6.889117344333550719e-01
