-2.494638665956338056e-02
-4.341153660307615382e-03
4.534464037742502035e-02
2.610041387359900850e-02
2.092789808215595598e-02
-4.331513846260692802e-02
-8.825866568504913134e-01
-1.204821604554235925e+00
-2.892956064081457224e-01
1.539983210578722839e-01
2.670383394202099914e-01
2.482603294649263215e-01
-8.238624185434574587e-02
4.197540241049027565e-03
8.414379483804912407e-02
1.237788027373216138e-01
1.163471133625284537e-01
9.956583444818840889e-02
7.840468286292154310e-02
7.567239556092276997e-02
4.556593045162665723e-02
9.250630802179200807e-02
7.111422387721708094e-02
2.004859483877026449e-02
3.072980202424507867e-02
4.009289156268951160e-02
-8.886936371293646664e-02
-5.110087372703518011e-02
-2.704902779435386373e-03
1.742559429450655367e-02
4.125354966685517571e-02
6.592551786380163037e-02
4.723505178101203295e-02
-1.005123657135345461e+00
-2.949949023292677275e+00
-6.440274858924764922e-01
2.437008206479451822e-02
-6.626055980983791560e-02
2.362128058785453455e-01
-3.425986515701279211e-03
-2.620291281153757645e-01
-1.906003549011896919e-02
1.592121705567027812e-01
4.268994408332761337e-01
4.734184902165081144e-01
4.235372878145498565e-01
-7.113434868558539403e-02
-6.549435642712238270e-02
4.332458443280920446e-02
1.790137105451417576e-01
2.003199585401256866e-01
1.722143065738714618e-01
-2.886369427627850093e-01
-1.398239899514095441e+00
-2.039689495646980488e-01
2.218919437819926177e-01
3.431083068990176677e-01
1.962380511612709377e-01
1.578272663614668780e-01
2.436892996949316104e-01
2.172826196028096735e-01
1.868397369298049060e-01
-2.335474727670604489e-01
-2.944513804723096206e-01
9.755013674712734173e-02
2.680901492238098038e-01
2.972872406852536953e-01
2.936137104593176672e-01
2.911070892945565869e-01
2.264979033880690773e-01
1.234185763427742173e-02
4.135468789151403729e-02
1.391082518093079146e-01
1.557563940107150324e-01
9.959446398506371922e-02
1.117813280998643799e-01
1.627100679596581723e-01
1.884310020669191788e-01
8.106116371962712730e-02
-3.352437994685936867e-02
1.071520194299354217e-01
1.140764672587230438e-01
3.574702623071598917e-02
6.213811019475028175e-02
1.342618432555648111e-01
1.469449446860382480e-01
2.284485055077254967e-01
2.273314920773693570e-01
1.703379291655127414e-01
1.960701013555072314e-01
1.826030262458250286e-01
1.840246157568581342e-01
1.039710444865657030e-01
7.612329124965935834e-02
1.274110138059625918e-01
1.678515299677498240e-01
1.672612141591986179e-01
2.120236276383747620e-01
2.406520077235008437e-01
1.883707837910455762e-01
1.614003503427774155e-01
1.144577110487736277e-01
7.805647774197833899e-02
9.217066724619621398e-02
5.926467751560490077e-02
1.261293262618496114e-01
1.882003715166907787e-01
2.367855358985934133e-01
3.103191636165962275e-01
2.518575499143932417e-01
1.135995675987840903e-01
-5.239312088783650012e-02
-1.127663740219878169e-01
-8.362485358627966825e-01
-1.270157373012585911e+00
-3.915363498883171478e-01
1.307025784747634645e-01
3.233288865150734659e-01
2.295663367402326488e-02
-1.395422220580047334e-01
2.842684942458155173e-01
4.999250639720673739e-01
4.738917140789339899e-01
3.117693650107424830e-01
1.747984178391347732e-01
-2.022978479825602860e-01
2.253150999126219689e-01
4.777877319957663516e-01
4.625667229904714683e-01
4.555225626100414260e-01
5.194444241257560879e-01
4.864618082297302859e-01
-6.787159797733519628e-01
-9.785267476969673472e-01
1.955102758225257253e-01
5.785892168511087563e-01
4.953087051776267069e-01
5.455798781521989937e-01
6.278796556521382133e-01
6.779658511572372870e-01
5.869958936594461552e-01
-5.460147839008058224e-01
-1.863263520787062699e+00
7.380556957255500483e-02
7.027444501955444345e-01
8.499620935905902730e-01
8.001673351686252600e-01
7.401717017665642162e-01
7.700500261258905743e-01
7.972465927206153768e-01
5.946171757755751575e-01
5.593334225883963562e-01
4.660320664401657043e-01
3.715197990502857039e-01
3.883293104938756457e-01
3.253567896206016608e-01
3.066801708277777649e-01
3.720499773723154879e-01
4.793032908880601184e-01
5.391726129172469406e-01
5.997119438236520050e-01
6.136255223464436304e-01
6.260382919356494158e-01
7.567317529425724443e-01
7.208699324911276296e-01
7.347315956533084780e-01
7.485832980192917985e-01
7.715051772229546412e-01
7.502983931963975728e-01
7.582520872638419673e-01
