-5.071762896451699199e-01
-5.074734703067180774e-01
-5.084582927795355811e-01
-4.954516438494977471e-01
-5.054342841987583546e-01
-5.037719740194013252e-01
-5.072325412855622773e-01
-5.074009986532995731e-01
-5.077120607377033634e-01
-5.081861118687468482e-01
-5.088118620537056547e-01
-5.095819981294383849e-01
-5.102425241347368079e-01
-5.107617212503515747e-01
-5.114730976104169269e-01
-5.124252255845245241e-01
-5.136162126316458076e-01
-5.150231703093202107e-01
-5.166330015077893467e-01
-5.185255706865582459e-01
-5.206624254445900712e-01
-5.235355524004963179e-01
-5.277845514985675113e-01
-5.322028647679176716e-01
-5.366998279915163872e-01
-5.431933481931022767e-01
-5.443748777242887193e-01
-5.406410713412919122e-01
-5.402565704018569281e-01
-5.423146343371726408e-01
-5.466146438874558422e-01
-5.555512949904231057e-01
-5.700717307862976924e-01
-5.270797774612090425e-01
-5.124664649768687630e-01
-5.106574351744348483e-01
-5.108232429960393173e-01
-5.112376651058657684e-01
-5.117902933705600343e-01
-5.124210541280854736e-01
-5.128293547152916743e-01
-5.132564375340047391e-01
-5.139739989497419392e-01
-5.151339121634646023e-01
-5.169007283106861195e-01
-5.192873228088351611e-01
-5.212639402026986168e-01
-5.222719608653326739e-01
-5.235629275815525396e-01
-5.257540428393538967e-01
-5.290839671087252949e-01
-5.333927654970905818e-01
-5.346038887870816492e-01
-5.264530153102221499e-01
-5.223511983268109837e-01
-5.229131069724750613e-01
-5.250860558648370313e-01
-5.277742096758624157e-01
-5.303796516422008001e-01
-5.339592531312852275e-01
-5.391329861763903830e-01
-5.457074295823716170e-01
-5.473689788307568582e-01
-5.425526582082328408e-01
-5.417173793324343567e-01
-5.473180879979341329e-01
-5.592005215124991047e-01
-5.819875674745066396e-01
-6.389563262913244834e-01
-9.339746102631214519e-01
1.756175211236745692e+00
1.541994549838817674e-01
-2.211514114954655219e-01
-3.468308395578543202e-01
-3.896242904203462976e-01
-4.104067856876655318e-01
-4.279741592442793952e-01
-4.428025557714218019e-01
-4.505368926145538189e-01
-4.503658883712482464e-01
-4.504732405692333241e-01
-4.546925747699265274e-01
-4.568783572252050895e-01
-4.575779339558541658e-01
-4.601589569469072272e-01
-4.639976830653961271e-01
-4.688304449459144152e-01
-4.738035992421790743e-01
-4.773459752828398406e-01
-4.801238428803174529e-01
-4.825483294316396110e-01
-4.845720871083328829e-01
-4.859252307657797032e-01
-4.865977087944866053e-01
-4.873417229087955715e-01
-4.885334389126088084e-01
-4.898683448351191516e-01
-4.912572522891981430e-01
-4.927413222641331969e-01
-4.940329565082374752e-01
-4.950276190276769461e-01
-4.957814561731122560e-01
-4.963174917280895881e-01
-4.967744004735009655e-01
-4.971682893334161690e-01
-4.976081327475166960e-01
-4.982664566839140052e-01
-4.990903338527387101e-01
-5.000617213504882086e-01
-5.009893807243374075e-01
-5.016607969357131935e-01
-5.020309210334250594e-01
-5.021716448013072709e-01
-5.012221525024097568e-01
-4.916404775109691205e-01
-5.342586649319505110e-01
-5.212939974984821534e-01
-5.223678846087974614e-01
-5.231195275470640338e-01
-5.201123684890291976e-01
-5.200986196996330024e-01
-5.273149967381265402e-01
-5.780421920913789702e-01
-4.393868874475006514e-01
-4.770465507975910069e-01
-4.748475238589975334e-01
-4.740101419360358559e-01
-4.900597532664352496e-01
-4.972838195408477713e-01
-5.005302853422225473e-01
-5.025319064782660661e-01
-5.038979399744351051e-01
-5.043019442911423900e-01
-5.033799416615336586e-01
-5.021992014080451927e-01
-5.036941277827675645e-01
-5.050208720376191396e-01
-5.059090459702517695e-01
-5.065989731015225761e-01
-5.071485977603074069e-01
-5.076089252549642605e-01
-5.081532596015027048e-01
-5.094474176680185984e-01
-5.118714594109370353e-01
-5.117287303474962190e-01
-5.108429087295426330e-01
-5.103496563687156540e-01
-5.101751094748525617e-01
-5.101383660997338421e-01
-5.101527355290522703e-01
-5.102702158733001259e-01
-5.104780754087095973e-01
-5.107393484768307790e-01
-5.110652755392807167e-01
-5.114198277558423822e-01
-5.117968006365885003e-01
-5.122083448904496406e-01
-5.126081277326706154e-01
-5.129437066945378154e-01
-5.132131337540183358e-01
-5.134367873475345068e-01
-5.136373261350770658e-01
-5.138350722865091535e-01
-5.139857844193640446e-01
-5.141144062286491234e-01
-5.142609200513647005e-01
-5.144086048283350587e-01
-5.145574269910757614e-01
-5.147203053338175183e-01
-5.149006460593237300e-01
