-3.041698657059741371e-06
-1.823045320532045010e-05
-3.257838791955677973e-05
-2.281269591297828295e-05
6.999894241857038379e-06
4.420565040727450761e-05
-4.448822907538135633e-05
-6.966522829127357432e-04
-2.040323214331932113e-03
-3.619673251281297754e-03
-5.097257184130786142e-03
-6.359726961848334061e-03
-7.434980076540500388e-03
-8.465007880384924771e-03
-9.435578284597925108e-03
-1.029520797114170765e-02
-1.101862832153962038e-02
-1.160943343037900213e-02
-1.208255340120799499e-02
-1.245458957372871760e-02
-1.273779625739499509e-02
-1.294586033897786315e-02
-1.306781477766038972e-02
-1.311947507069632229e-02
-1.313043578436221860e-02
-1.310462830296644197e-02
-1.305608456080212948e-02
-1.304262311986513316e-02
-1.305760647368663964e-02
-1.307335454395309321e-02
-1.307306636000398446e-02
-1.304107631131523268e-02
-1.296630981062585342e-02
-1.298412455359228453e-02
-1.382516507744979695e-02
-1.622796612192204183e-02
-1.923484854745702993e-02
-2.226027243632439090e-02
-2.520680653685388947e-02
-2.795107311275688011e-02
-3.058819450738568813e-02
-3.322700121676745028e-02
-3.575575238648949494e-02
-3.802824805672726932e-02
-3.989365363117876317e-02
-4.131032199728686821e-02
-4.236506525245779115e-02
-4.330544061200172767e-02
-4.418343191032506057e-02
-4.494245988636613731e-02
-4.551419324401243666e-02
-4.588616072064991697e-02
-4.613468441775744888e-02
-4.662249584656031481e-02
-4.777969048586164225e-02
-4.912115890594623280e-02
-5.029484035470723619e-02
-5.120866384148484857e-02
-5.192018790078139351e-02
-5.245480030475314914e-02
-5.278392649952291099e-02
-5.291961792634944373e-02
-5.293715713861819883e-02
-5.305087094938126802e-02
-5.329436367911659367e-02
-5.347433323180992432e-02
-5.346591849547330244e-02
-5.323954737772835372e-02
-5.279852361037842834e-02
-5.215866199714812301e-02
-5.138412942527105509e-02
-5.058660207819384164e-02
-4.977194468837616709e-02
-4.889538277384643944e-02
-4.795011063390062361e-02
-4.696353191474293004e-02
-4.593421852586163784e-02
-4.483770954733131558e-02
-4.367296868498486695e-02
-4.250471210528623117e-02
-4.138442370630851519e-02
-4.026073268852065068e-02
-3.912572512049473233e-02
-3.801297930674912146e-02
-3.691087590292525811e-02
-3.578168089795689955e-02
-3.460181731514447301e-02
-3.333265937304876608e-02
-3.197397026679163479e-02
-3.055149829057724267e-02
-2.906396999885306129e-02
-2.751760817869225439e-02
-2.592608671303458720e-02
-2.433303026314066059e-02
-2.275677735261652859e-02
-2.117359423390514223e-02
-1.956040248041179125e-02
-1.790874622449207046e-02
-1.619566704924264508e-02
-1.441085070668804598e-02
-1.258086687275867740e-02
-1.073222996532608581e-02
-8.896593893274094833e-03
-7.096298099176446585e-03
-5.333965449511019093e-03
-3.615598285961000788e-03
-1.905830838542688045e-03
-1.617329309837589862e-04
1.655655020298824271e-03
3.578614725774773540e-03
5.569874052504692266e-03
7.536007998560658588e-03
9.374687651761706708e-03
1.095018473910366538e-02
1.186713605263845818e-02
1.195655409008276708e-02
1.165791104273787224e-02
1.135567496664117645e-02
1.118005990209905952e-02
1.100663050566014385e-02
1.078740219631353116e-02
1.073535696517604471e-02
1.099987643065355840e-02
1.157397715004515604e-02
1.235901006995793368e-02
1.322070494700309032e-02
1.401296354389713894e-02
1.491819062627660307e-02
1.609525493032435556e-02
1.755884463803409484e-02
1.930407035897527268e-02
2.134622792356765525e-02
2.352374733727629480e-02
2.524140215591545722e-02
2.636514082592928548e-02
2.745604797299167413e-02
2.881864467568312493e-02
3.046676174426513062e-02
3.242403909255258537e-02
3.473603390164402976e-02
3.741634813636547652e-02
4.027924569867013388e-02
4.261348998374446528e-02
4.390670958722815709e-02
4.499499610572137848e-02
4.641639329627246513e-02
4.831357399241607148e-02
5.067518883862739965e-02
5.346711028438101698e-02
5.669047525951050048e-02
6.032354483054096217e-02
6.425497454214104676e-02
6.841763019005094038e-02
7.273605538951055660e-02
7.714262875008534581e-02
8.161369397719475671e-02
8.610833453113658775e-02
9.060977032927847175e-02
9.515241861251633182e-02
9.979529595093775129e-02
1.045806591448049799e-01
1.095398688033587531e-01
1.146816847766392311e-01
1.200225175285314083e-01
1.256126015942305441e-01
1.314426968605817425e-01
1.375071281193199491e-01
1.438060231436578407e-01
1.503378204247283745e-01
1.570845495429241678e-01
