-3.194546595237877984e+00
-3.183049330765704177e+00
-3.199606583033599350e+00
-3.191112481273009394e+00
-3.183828953251278016e+00
-3.166632263237761258e+00
-3.199754219398658783e+00
-3.191999174204252832e+00
-3.184008308743235816e+00
-3.170278695493720100e+00
-3.146554275331713946e+00
-3.105376827023722974e+00
-3.075999478834765544e+00
-3.067117501808875879e+00
-3.033533450805276033e+00
-2.960388211353202070e+00
-2.815296028535219541e+00
-2.513621309649271218e+00
-1.697872237138521534e+00
1.193191429710782892e+01
-6.418297265047847588e+00
-4.399202999427606287e+00
-3.888239420057127749e+00
-3.819362329482930196e+00
-3.815133460877159433e+00
-3.751137682167857701e+00
-4.049950617585411194e+00
-8.661604380126084024e+00
1.956415467242193884e+01
-8.073288841670626326e+00
-4.620540409919212443e+00
-3.891350876656785474e+00
-3.675149193008394821e+00
-3.011273962878223465e+00
-3.162123953791298625e+00
-3.165522219463691833e+00
-3.151006798986049962e+00
-3.131823543365953810e+00
-3.106931343602708395e+00
-3.078626347631344906e+00
-3.066662748382484871e+00
-3.053522354557083318e+00
-3.020032153125955077e+00
-2.940054281380783952e+00
-2.713808381657747404e+00
-1.648598809175092494e+00
-8.898881105522631341e-01
-2.123848866568686322e+00
-2.233180779898861879e+00
-1.663077486769133806e+00
1.357389038078246912e+01
-5.517622973181078194e+00
2.639997358460487575e+01
-2.879261471318442567e+00
-2.995315361177915747e+00
-2.935252754082641857e+00
-2.754174624225348644e+00
-2.345875807489407272e+00
-1.511652102275037990e+00
3.804113913111391554e+01
-5.006814387575235337e+00
-4.221510656020958763e+00
-4.847031044433446567e+00
-5.008413236655209211e-01
-1.397785758504160647e+00
-1.022878713275958518e+01
-4.186150526011852335e+00
-3.752047828684119679e+00
-3.595911942620249491e+00
-3.527510293301329369e+00
-3.528256409579524799e+00
-3.560254069545360167e+00
-3.552564275006298899e+00
-3.514085247972261072e+00
-3.490013358916186803e+00
-3.475122235793805192e+00
-3.449232209971651475e+00
-3.416848209640594103e+00
-3.400019592531929646e+00
-3.406952357425908851e+00
-3.405195203707859442e+00
-3.387584656545902906e+00
-3.381889885800653417e+00
-3.379671643304372530e+00
-3.362952532503974190e+00
-3.339945583637816462e+00
-3.314342930424999167e+00
-3.290898220957247489e+00
-3.274943548176744379e+00
-3.261496592077776313e+00
-3.248418944279687803e+00
-3.236336586759998468e+00
-3.225804017671388912e+00
-3.216203260808305320e+00
-3.206184583401026078e+00
-3.195990105422308325e+00
-3.186059940362816700e+00
-3.176735637892525776e+00
-3.168351922400134413e+00
-3.159699141376046683e+00
-3.150277325844654364e+00
-3.139974552121585383e+00
-3.128351370870448456e+00
-3.116751549954176248e+00
-3.104819566592651015e+00
-3.094907891836569114e+00
-3.090051257332719459e+00
-3.088238549618397943e+00
-3.088337236230008553e+00
-3.086209821311309831e+00
-3.077297852324339722e+00
-3.058803539126991211e+00
-3.031166247686355675e+00
-2.927072121871277410e+00
1.361263610445339367e+01
-3.712749487353917299e+00
-3.984651426652345840e+00
-7.801225797000319595e-01
-2.489095500623046853e+00
-2.457850112627601114e+00
-2.663738500699930345e+00
-2.899364259611315831e+00
-2.985687936635105011e+00
-3.011297859078169381e+00
-3.010860279880708035e+00
-2.978285123536571266e+00
-2.958638082876515085e+00
-2.989589988276732946e+00
-3.015086431943721834e+00
-3.027538077350104828e+00
-3.035980012812442119e+00
-3.040467313479346068e+00
-3.002224101939914291e+00
-2.848840934679538250e+00
-2.737780698986650663e+00
-2.869357411518174139e+00
-2.939676295056811384e+00
-2.971726071234147781e+00
-2.994039829689424614e+00
-3.009933837472994256e+00
-3.017355388040520836e+00
-2.985631570255296907e+00
-2.771705081971380658e+00
-2.364882468052347697e+00
-2.705863001741686258e+00
-2.876700616326484106e+00
-2.942480024969630570e+00
-2.971725814745793670e+00
-2.988079703626379757e+00
-2.998084300834043425e+00
-2.999015763738936968e+00
-2.994224205299129693e+00
-2.987568853902825339e+00
-2.977922814424338593e+00
-2.967933935112691657e+00
-2.957768080797078092e+00
-2.946693984180589698e+00
-2.937958600114708663e+00
-2.934228461874543115e+00
-2.933838241428514237e+00
-2.935098236432169827e+00
-2.936463369618068420e+00
-2.936970198568754853e+00
-2.939541117485399369e+00
-2.941789422606544413e+00
-2.941706596378574456e+00
-2.940901602182033781e+00
-2.939971776702478223e+00
-2.938243267774254264e+00
-2.935772264410744903e+00
