-2.198185150116178238e-03
-4.977203350509995516e-03
-3.045172414142362401e-03
8.262594628483310374e-04
3.165630141673744791e-03
1.061958435257923886e-03
-5.880386270669460402e-02
-1.905418557134885837e-01
-2.831394739599875643e-01
-2.902652712421358583e-01
-2.603934509225069305e-01
-2.223268544485218212e-01
-2.049929350731008459e-01
-2.014317156865824132e-01
-1.873618585570757111e-01
-1.659274753675862579e-01
-1.426671838476877840e-01
-1.212507272818378057e-01
-1.028646908786400305e-01
-8.659910525178643459e-02
-7.316062857628084781e-02
-5.927903120050793256e-02
-4.459342803193672156e-02
-3.529523552345666809e-02
-2.927623543173365345e-02
-2.264637485028840255e-02
-2.429964186212898308e-02
-3.195566208391895091e-02
-3.470190113934802645e-02
-3.353515690298659174e-02
-2.983825188346146337e-02
-2.321926755812887475e-02
-1.637484736355231119e-02
-7.836043276384646594e-02
-3.295606750992072786e-01
-5.513527247322208558e-01
-5.886433988943933215e-01
-5.857953566818387969e-01
-5.643096023484605039e-01
-5.362716092015270553e-01
-5.367921745959447488e-01
-5.360238646826350761e-01
-5.080493423610430437e-01
-4.512052024256469895e-01
-3.748390126173380410e-01
-2.991561782720622564e-01
-2.592958481891322053e-01
-2.510108675989812799e-01
-2.377345339363778343e-01
-2.111079969713534066e-01
-1.764612400187037522e-01
-1.436148517762684818e-01
-1.434425061576339311e-01
-2.441513758725980532e-01
-3.373412356903410236e-01
-3.314954110514291008e-01
-2.906812375215430677e-01
-2.509308129667719989e-01
-2.220341530159090915e-01
-1.899265291814301593e-01
-1.549492223501308108e-01
-1.241995413129878406e-01
-1.231215002356328830e-01
-1.527978564380724491e-01
-1.620396063954340216e-01
-1.366802059777675604e-01
-9.924321781641740059e-02
-6.084666048982358827e-02
-2.348195771169733076e-02
9.283966509143197487e-03
2.339664316803488631e-02
2.531781769469697990e-02
3.441398275886170532e-02
4.895229883988225922e-02
5.984980922216006499e-02
6.753287852380834844e-02
7.841717012116489194e-02
9.316159994223054130e-02
1.018757757728357000e-01
9.592542019145533505e-02
9.147445460183421806e-02
9.643654427463593803e-02
9.743998620429326907e-02
9.519689931131915250e-02
9.835431253560297793e-02
1.060382515811247039e-01
1.192560187568692809e-01
1.369118296317920203e-01
1.510685325418232861e-01
1.632428948239368072e-01
1.751597917989411168e-01
1.856821085084920109e-01
1.906330610534482384e-01
1.885209854435878907e-01
1.878353720183232045e-01
1.933975046352112426e-01
2.018996117541431434e-01
2.126850799867392727e-01
2.271746478751361653e-01
2.400044006899836324e-01
2.475720755231777537e-01
2.497752208268917418e-01
2.463423463851762696e-01
2.410523040473062095e-01
2.342021088205838153e-01
2.292734124889903025e-01
2.318129639423408273e-01
2.409463485934258686e-01
2.580892818188725291e-01
2.762519726507532414e-01
2.816488246375475901e-01
2.673604641781505697e-01
2.387269398675338217e-01
1.594688552267849446e-01
8.282347928622507682e-03
-1.123161134777617282e-01
-1.442080083967801074e-01
-1.285603398992631596e-01
-1.172214492374786254e-01
-1.321608968106368909e-01
-1.286243050876784144e-01
-8.442756189892178242e-02
-2.777990817328781364e-02
1.720937749104850534e-02
4.367455981407242227e-02
3.732094527379563320e-02
3.427516942395131966e-02
7.211646341250148307e-02
1.240916583713447818e-01
1.741499687158536980e-01
2.269558638467231160e-01
2.806997070793944560e-01
2.561252403547758516e-01
1.399695125725272105e-01
7.937054325154077605e-02
1.141757272867944539e-01
1.682789975953029871e-01
2.211976343273168166e-01
2.822676060204115656e-01
3.512552332160024382e-01
4.164496513798653932e-01
4.009987717459800871e-01
2.307394555692513505e-01
1.037344522204426134e-01
1.337592684500974738e-01
2.142661609128546085e-01
3.034520639553693333e-01
3.854276402120140332e-01
4.643785543692781070e-01
5.472081776543673559e-01
6.181476632282076888e-01
6.721317117268122976e-01
7.142758087966033509e-01
7.409198951723945381e-01
7.601392531285759979e-01
7.739106107376815258e-01
7.803797618992438512e-01
7.886346884126937962e-01
8.074488963865530389e-01
8.367228545240524840e-01
8.731791769378898227e-01
9.133830261740824019e-01
9.540872916638787338e-01
1.003231414340531646e+00
1.057250825567835895e+00
1.109001434766696770e+00
1.161454607919508941e+00
1.214628007069645133e+00
1.265901904063200023e+00
1.314320898193513720e+00
