-2.649502215292989682e+00
-2.644834980719411810e+00
-2.619705416565095035e+00
-2.679851887208246630e+00
-2.661073694574763504e+00
-2.666641553393996666e+00
-2.649237720564403986e+00
-2.646284674893973232e+00
-2.641021283139493470e+00
-2.631768908766795256e+00
-2.616799646684355274e+00
-2.593458229375759760e+00
-2.575766794860625541e+00
-2.567422641740427558e+00
-2.547740650883407287e+00
-2.512080246298387110e+00
-2.455233524341173812e+00
-2.372467877548486204e+00
-2.260901847987370594e+00
-2.094149575137667085e+00
-1.885804828954635859e+00
-1.225061503152191422e+00
2.313580694684827677e+02
-8.451630476776411882e+00
-9.942536344918288194e+00
-6.247930017917324719e+00
-2.309177970933884438e-03
-1.942816764136450658e+00
-2.070938944160226836e+00
-2.020881817832781202e+00
-1.834324189969191554e+00
-1.076766482745465048e+00
5.661751868821173872e+00
-2.501025301286692315e+00
-2.615608809491374753e+00
-2.621953243416333734e+00
-2.612342172810063090e+00
-2.599508478393421917e+00
-2.583367281557354289e+00
-2.565332412485299862e+00
-2.556471408852526217e+00
-2.547232656985614074e+00
-2.526746472155611656e+00
-2.483863982251627966e+00
-2.391302664602237726e+00
-2.187610377649202409e+00
-2.082693264929525334e+00
-2.191066922715951826e+00
-2.205487796483569962e+00
-2.108244725579358381e+00
-1.841166711912161968e+00
-1.270717966309123037e+00
-1.794832778571179066e+00
-2.417265560091657939e+00
-2.491471920993986622e+00
-2.462312511760301970e+00
-2.387178171805883764e+00
-2.281032090438506188e+00
-2.173397226063928933e+00
-1.981916120879640753e+00
-1.550923974766833302e+00
-5.736173914762574544e-01
-1.406435261122457980e+00
-2.072235750426121736e+00
-2.134472405173017950e+00
-1.882820661880224344e+00
-6.852459024392063558e-01
-7.930848701300948989e+00
-3.912868545208255000e+00
-3.452357871023044034e+00
-3.458159236209228382e+00
-3.643209477363609672e+00
-3.607581451928655980e+00
-3.450891477485037662e+00
-3.384059849186478175e+00
-3.356366844766835555e+00
-3.281753057623728598e+00
-3.186924560079123836e+00
-3.158985234757594185e+00
-3.247241519934491727e+00
-3.312130451507541373e+00
-3.255862300366234141e+00
-3.252723793567650290e+00
-3.280149130850014583e+00
-3.237092665582378181e+00
-3.162650062987481192e+00
-3.073478464724681558e+00
-2.996606986520238713e+00
-2.956288364660403900e+00
-2.928573006825438974e+00
-2.904723804168004797e+00
-2.885833069272551121e+00
-2.878904886551239439e+00
-2.884308978766157772e+00
-2.882876812849688442e+00
-2.865925138478766065e+00
-2.845585471116028664e+00
-2.824662295303244086e+00
-2.802577843864149987e+00
-2.786178849534447721e+00
-2.776113940011339487e+00
-2.770377660678955412e+00
-2.768448359890609556e+00
-2.766789426353095216e+00
-2.765602620100847453e+00
-2.761421279717851007e+00
-2.749959636378977557e+00
-2.735037502997990977e+00
-2.718494746797018191e+00
-2.705119195393777876e+00
-2.697540835909552293e+00
-2.695605973765262231e+00
-2.698636789671857272e+00
-2.788057880560631752e+00
-2.606063264272271418e+00
-2.620580027162310088e+00
-2.610697312400745318e+00
-2.585493033390434015e+00
-2.556028018025868320e+00
-2.553346101057306861e+00
-2.528045347050411173e+00
-2.316809626611522344e+00
-3.136644355968633668e+00
-2.837462032189235650e+00
-2.798258846843390657e+00
-2.857623393295132708e+00
-2.910847538014967206e+00
-2.777424248484193559e+00
-2.722805102231617980e+00
-2.698909596189033699e+00
-2.683018831849171004e+00
-2.671295479510181092e+00
-2.668076343318349419e+00
-2.705260416718567207e+00
-2.478500685995316033e+00
-2.693696953118245752e+00
-2.663902547159090251e+00
-2.653892964302059010e+00
-2.647014536135111396e+00
-2.641480529744791639e+00
-2.636195691949338116e+00
-2.625133498329974557e+00
-2.521302180831775708e+00
-2.826932064679190226e+00
-2.279511267209576975e+00
-2.584249987780148583e+00
-2.607422102193030611e+00
-2.611977696069583743e+00
-2.612222584555853544e+00
-2.611277193024618803e+00
-2.608122137063698887e+00
-2.603250630439182700e+00
-2.597437333129342107e+00
-2.590249069436227458e+00
-2.582767352001351213e+00
-2.575041237365116586e+00
-2.566645118720363605e+00
-2.559338430613241400e+00
-2.554855716729083959e+00
-2.552582904347093784e+00
-2.551290222485910419e+00
-2.550018412587979899e+00
-2.548218085734945682e+00
-2.547594680421545021e+00
-2.546986730757012207e+00
-2.545365148260285260e+00
-2.543507068356787748e+00
-2.541501668075765608e+00
-2.538973923097335827e+00
-2.535959318910640192e+00
