-9.452947963555536903e-01
-9.460990014716386121e-01
-9.447339216028397546e-01
-9.455157280031298850e-01
-9.460762170294529927e-01
-9.470752149061187897e-01
-9.446684009683999905e-01
-9.454476400626773414e-01
-9.460517176112628324e-01
-9.469104678004889308e-01
-9.480954138480586213e-01
-9.496621374578663177e-01
-9.510254548658285678e-01
-9.520435149433170707e-01
-9.535832732163713743e-01
-9.558851139168466071e-01
-9.591160050263679571e-01
-9.634684996349104358e-01
-9.693750855633096464e-01
-9.779748489778808951e-01
-9.905518644161638298e-01
-1.017589721551830584e+00
-1.125791552172392462e+00
-6.529704917590274604e+00
-6.656812679686584522e-01
-8.144526414909383227e-01
-8.043394558895866631e-01
-6.331340244008394347e-01
-4.717144186082167234e-01
-6.503842009843316951e-01
-7.870649104983584721e-01
-8.548982576688320956e-01
-8.829825443012683239e-01
-9.927276788695158505e-01
-9.511676491182179394e-01
-9.491946787898627447e-01
-9.497746335667336393e-01
-9.506909000192451664e-01
-9.518536188882564808e-01
-9.531791400053267749e-01
-9.540566567683386179e-01
-9.549685429548490090e-01
-9.565300152029561076e-01
-9.592417408019675573e-01
-9.639462555973847824e-01
-9.716318187402717133e-01
-9.786299263826498951e-01
-9.812265930720419638e-01
-9.854607790466788364e-01
-9.956270562456865925e-01
-1.018169478277872964e+00
-1.069118781365402837e+00
-1.073798235646799215e+00
-9.877328180303859284e-01
-9.721492672592542128e-01
-9.740968320086120791e-01
-9.820660322637949635e-01
-9.946609546519350475e-01
-1.010884327160137763e+00
-1.044852695297129097e+00
-1.166516587311307473e+00
2.275736513700338026e+00
3.382422795856228070e-01
-1.259069624043038793e+00
-1.182408605086573194e+00
-3.885736011366567766e+00
-7.584364880074846438e-01
-8.575998592937453813e-01
-8.881799051348590046e-01
-9.017315682160169654e-01
-9.063949313546248998e-01
-9.076201486676589436e-01
-9.101705058488357425e-01
-9.138156419671469299e-01
-9.165822305832230787e-01
-9.186289621446296350e-01
-9.209676722082623668e-01
-9.235676936620165201e-01
-9.254263595361220673e-01
-9.260613097910054270e-01
-9.268153670791532406e-01
-9.281315778377028369e-01
-9.289957906383041752e-01
-9.296388465957315939e-01
-9.307515509506880669e-01
-9.321923216541134760e-01
-9.338674617280595669e-01
-9.355938727996133686e-01
-9.370088263709344112e-01
-9.382580160118737522e-01
-9.394532991294405333e-01
-9.405645386661161123e-01
-9.415580046396978542e-01
-9.424574468740852806e-01
-9.433517147756735888e-01
-9.442511950192691295e-01
-9.451325860314455651e-01
-9.459861037875547662e-01
-9.467938544180956040e-01
-9.475821158462871541e-01
-9.483791770713547731e-01
-9.491999665233348260e-01
-9.500709005217551351e-01
-9.509573472553463080e-01
-9.518684069961362848e-01
-9.527324849516491945e-01
-9.534131732758566180e-01
-9.539227213984067255e-01
-9.542714388260662428e-01
-9.546234963823228004e-01
-9.552313066200465164e-01
-9.562562473588392953e-01
-9.576867338766477111e-01
-9.611270314304882767e-01
-9.727040491895712071e-01
-1.002774522240595934e+00
-1.019726638396706075e+00
-1.003749197561964124e+00
-9.954833624108493373e-01
-9.993311498858993280e-01
-9.950171375097529580e-01
-9.812339025359735345e-01
-9.723861574270469266e-01
-9.682541652886640371e-01
-9.667005563816144509e-01
-9.676209579876527966e-01
-9.682712151185112193e-01
-9.663107013734724138e-01
-9.642445907699404017e-01
-9.628395935050702015e-01
-9.617344715937999888e-01
-9.609367295777478946e-01
-9.624329546340432140e-01
-9.677934313269656030e-01
-9.721097250256828248e-01
-9.705465701435574966e-01
-9.683530611177907366e-01
-9.667223403172838792e-01
-9.651832937348077124e-01
-9.638183514792435513e-01
-9.628910565088255602e-01
-9.640426154662697922e-01
-9.708952347293160479e-01
-9.796702044821502531e-01
-9.779420526903573885e-01
-9.735779116541183331e-01
-9.702396520241325373e-01
-9.679892938577514538e-01
-9.663344357645662352e-01
-9.650819613726024926e-01
-9.644325884649260772e-01
-9.642442898521718098e-01
-9.642780274552655850e-01
-9.645660749212561225e-01
-9.649815316293317569e-01
-9.654840424262465248e-01
-9.660984664604497230e-01
-9.666800860763282710e-01
-9.670890849492795871e-01
-9.673420744321526987e-01
-9.674735453777701943e-01
-9.675452199567168288e-01
-9.676155570806108663e-01
-9.675694486285150164e-01
-9.674885772362640246e-01
-9.674804277900372895e-01
-9.675529690476539768e-01
-9.677138143131536197e-01
-9.679176785833986107e-01
-9.681298935251206883e-01
-9.683191612677564120e-01
-9.684833015720332172e-01
-9.686302283573794414e-01
-9.687788035637744377e-01
-9.689553213718171687e-01
-9.691786704446605505e-01
-9.694541279988064808e-01
-9.697731935677289528e-01
-9.701151450972169688e-01
-9.704695626504329375e-01
-9.708325377281691315e-01
-9.711889948112861770e-01
-9.715247693835616927e-01
-9.718214205560077312e-01
-9.720615648236267115e-01
-9.722735843869608763e-01
-9.724798465068689168e-01
-9.727003852752849067e-01
-9.729444214165723359e-01
-9.732139915459794288e-01
-9.735196541821424798e-01
-9.738499580715391790e-01
-9.741860778824444900e-01
-9.745109828141075292e-01
-9.748149653038602480e-01
-9.750792000158898798e-01
-9.753054708914530302e-01
-9.755087046274987239e-01
-9.757110889645779217e-01
-9.759479657342624570e-01
-9.762373244886528578e-01
-9.765677165276122063e-01
-9.769221536184936605e-01
-9.772921654703391470e-01
-9.776610743638775025e-01
-9.780075689632461433e-01
-9.783222165072991139e-01
-9.786262956441931227e-01
-9.789363512558382219e-01
-9.792502084622970449e-01
-9.795854144514100081e-01
-9.799528210457417732e-01
-9.803429586479138758e-01
-9.807424435007763286e-01
-9.811406312185212419e-01
-9.815298574648738672e-01
-9.818905928392798188e-01
-9.822159397106364764e-01
-9.825232421311426156e-01
-9.828378873010225059e-01
-9.831789344957277965e-01
-9.835523270117623174e-01
-9.839477161005695249e-01
-9.843517517964746055e-01
-9.847641953995244224e-01
-9.851812977039190455e-01
-9.855982199714929948e-01
-9.860073337472190502e-01
-9.863943737671557743e-01
-9.867552034219978507e-01
-9.870984587846728386e-01
-9.874407904951454373e-01
-9.877932942083529344e-01
-9.881663434165479654e-01
-9.885602078321955588e-01
-9.889774319489751386e-01
-9.894173743024960999e-01
-9.898613412112515775e-01
-9.902993823963427422e-01
-9.907198284364117091e-01
-9.911074148708528542e-01
-9.914691019290636786e-01
-9.918132941311623707e-01
-9.921681884352456793e-01
-9.925677299642341467e-01
-9.930085098250002185e-01
-9.934820339488013019e-01
-9.939741457644470923e-01
-9.944713737807432397e-01
-9.949596646671253763e-01
-9.954186284949464447e-01
