-4.222664025463051911e-03
-9.986752374002313276e-03
-9.957967281524052194e-03
-7.825229276265345188e-03
-7.599788203935732567e-03
-1.161024116245843590e-02
-7.115771815112792442e-02
-1.957372253054481259e-01
-2.744407199369711114e-01
-2.679853922750408679e-01
-2.288610563406426324e-01
-1.861654837480017644e-01
-1.673197256148068746e-01
-1.628408891563271621e-01
-1.485941406878162063e-01
-1.286744229761510039e-01
-1.083552732870572688e-01
-9.093587787833110059e-02
-7.758563413571603617e-02
-6.653529337156439960e-02
-5.827543628060945918e-02
-4.933896280483856395e-02
-3.934132948721232037e-02
-3.491475031198736784e-02
-3.369519935854932424e-02
-3.117753005679890430e-02
-3.631933329888809014e-02
-4.652508147204804240e-02
-5.108503709129676162e-02
-5.172452763586540825e-02
-5.015970106743924961e-02
-4.588021209747727980e-02
-4.153226318740543127e-02
-1.042472854610448640e-01
-3.457092352564297144e-01
-5.408394144840014128e-01
-5.500441693502525764e-01
-5.251129447658650085e-01
-4.879818659197069364e-01
-4.503106373493768189e-01
-4.445332279342125159e-01
-4.387430323964700007e-01
-4.077008409432008040e-01
-3.513300948909984234e-01
-2.806122530051234909e-01
-2.150631648919208994e-01
-1.872975378360786647e-01
-1.899817862721079886e-01
-1.864542689166363842e-01
-1.696809046965689072e-01
-1.457832428797962154e-01
-1.239795444588525086e-01
-1.340166744306981184e-01
-2.400263019568224243e-01
-3.298071045790053613e-01
-3.200030000140485220e-01
-2.789608729435071321e-01
-2.436260639896513924e-01
-2.211577080669547557e-01
-1.960186167556082493e-01
-1.698586530866028343e-01
-1.485909188412767867e-01
-1.561219307859925687e-01
-1.919407649393385928e-01
-2.040881237637979795e-01
-1.806612716512221439e-01
-1.475357763661410693e-01
-1.165539349597377178e-01
-8.813347787804506894e-02
-6.305601869844255913e-02
-5.615611757633863499e-02
-5.920333691914859975e-02
-5.270557441494048978e-02
-4.280653227118096787e-02
-3.741497581459687916e-02
-3.429836148634685111e-02
-2.805387794046391298e-02
-1.899969255938094292e-02
-1.650428832476021415e-02
-2.857013406840599318e-02
-3.765035032528749048e-02
-3.394052323545341393e-02
-3.139096044514558259e-02
-3.194577683534518403e-02
-2.938397118586862783e-02
-2.468132868267200117e-02
-1.639524897950166149e-02
-5.579085404815652474e-03
2.645676329235929769e-03
9.235262634419299371e-03
1.364859985981257615e-02
1.601679076767499599e-02
1.299268199769085773e-02
3.967101567959627900e-03
-1.781307649028671287e-03
1.985981938703387534e-03
1.078040595448154747e-02
1.993315788685182804e-02
2.992031359651051853e-02
3.843736912834906649e-02
4.139872143950980299e-02
3.824213773220412615e-02
2.995392110170240485e-02
1.992277787739829553e-02
8.805081698297889323e-03
-7.210601761395950271e-04
-4.650409336348315832e-03
-3.685182123687685048e-03
5.479571506882763982e-03
1.570967717240048800e-02
1.219467334868914836e-02
-1.088133008706709988e-02
-4.593424014631536378e-02
-1.288826275686669742e-01
-2.763401924559670819e-01
-3.846784163524548661e-01
-4.037317202433344243e-01
-3.793875757700379547e-01
-3.642532796332567657e-01
-3.774484464780297199e-01
-3.742682154068603384e-01
-3.341290963922485258e-01
-2.863494039224980248e-01
-2.538805355440983402e-01
-2.394788129225951800e-01
-2.549625036935690980e-01
-2.653543513872670956e-01
-2.364430106140159582e-01
-1.951326952447222929e-01
-1.576617406060419890e-01
-1.185721887897468185e-01
-7.812256172067531812e-02
-1.147293377625044353e-01
-2.333100273415048553e-01
-2.874392162042942456e-01
-2.483777402691930980e-01
-1.947265490075769656e-01
-1.469830955974395226e-01
-9.498232182276961089e-02
-3.725904388610654094e-02
1.421453893050658029e-02
-1.733790068636945764e-02
-1.916038784257393934e-01
-3.054247076682989337e-01
-2.648531045155470554e-01
-1.798414274278998803e-01
-9.041658827471164839e-02
-1.764032997191561369e-02
4.570239317392545131e-02
1.158549003647252745e-01
1.763164036621274744e-01
2.188161613912899817e-01
2.460496831903532522e-01
2.551766222116364502e-01
2.580241366899145850e-01
2.565751745914349735e-01
2.483429926112478425e-01
2.446927263535351726e-01
2.555642017790739073e-01
2.799657020439587085e-01
3.118253590007426523e-01
3.459446562505647527e-01
3.785056444895315564e-01
4.196134520782299204e-01
4.652973027930799588e-01
5.084646324718098409e-01
5.529189381191492725e-01
5.972265539253543976e-01
6.380967796506420431e-01
6.747404508374734711e-01
