-2.454695908621722100e-02
-3.650945067582287047e-03
4.517378177638061570e-02
2.495355749561331549e-02
1.941698402818979596e-02
-4.398988300156979336e-02
-8.683623809140949001e-01
-1.163501598267257187e+00
-2.388137568090389906e-01
1.917398782018100434e-01
2.878258122671355501e-01
2.555823619120409229e-01
-7.924737982549565074e-02
7.336986958239498369e-03
8.484575360734925020e-02
1.210194018282673423e-01
1.106816180610870060e-01
9.217519750443718685e-02
7.033786487122052622e-02
6.745063411283054589e-02
3.775818860262222798e-02
8.465443308238335129e-02
6.295404737831150621e-02
1.277618490296821355e-02
2.461492551016854907e-02
3.452683531839755710e-02
-9.209415667979503617e-02
-5.151727857370702601e-02
-2.372121346742089073e-03
1.733115118537603347e-02
4.020078499914181425e-02
6.346907159158189649e-02
4.373773112872399171e-02
-9.922701393823459837e-01
-2.880128446425420208e+00
-5.441281088698187718e-01
1.044361794219987594e-01
-8.048875020132739699e-03
2.749598865868383424e-01
2.103648844816026486e-02
-2.405649186370743542e-01
-2.216029908516381486e-04
1.700424770718856615e-01
4.252745539499295235e-01
4.584880680763150917e-01
3.991928714850105364e-01
-9.366734669012971581e-02
-8.019225478139534180e-02
3.247850389842103086e-02
1.673340702247223255e-01
1.858981920503418039e-01
1.559918247389666668e-01
-2.983909585284336696e-01
-1.379402662302900318e+00
-1.688316551778391572e-01
2.460175608514709178e-01
3.516417825209789405e-01
1.942424045803639587e-01
1.508060424791033971e-01
2.321838302529280473e-01
2.018279439407526243e-01
1.693876981909727963e-01
-2.452885657050558610e-01
-2.954770921264931460e-01
9.879667951789665448e-02
2.630171564115649230e-01
2.849147280704942276e-01
2.756522877938168969e-01
2.692164884275863868e-01
2.028586958141637142e-01
-8.247424175046307038e-03
2.537774021966587856e-02
1.245235684409732591e-01
1.406199313762726000e-01
8.475081925679088524e-02
9.771668489362964061e-02
1.482428180535167173e-01
1.725954128658944708e-01
6.562849193603803588e-02
-4.538521956063604201e-02
9.715656581587205076e-02
1.034499005285372669e-01
2.583657634125954144e-02
5.337601999135117847e-02
1.248301888871500287e-01
1.358737421895391817e-01
2.147298573942360844e-01
2.106452050424824640e-01
1.524521455663059299e-01
1.776830383569521499e-01
1.637435138494148235e-01
1.649983246656879787e-01
8.610476703080630068e-02
6.062456152699238765e-02
1.131860661655134936e-01
1.532278459967532924e-01
1.518333827499199762e-01
1.953207830625475760e-01
2.219888443829040603e-01
1.687650230446557931e-01
1.422614014732683785e-01
9.678483492447451098e-02
6.266731207424418304e-02
7.870398089725037793e-02
4.753707317350649997e-02
1.150364634299326921e-01
1.756905295215224205e-01
2.216587013265519102e-01
2.914918157248141961e-01
2.303315472548185805e-01
9.313871949810337281e-02
-6.756431308498120347e-02
-1.209242251106527610e-01
-8.269464188740889288e-01
-1.231662185189287717e+00
-3.402820380430447988e-01
1.710412781014824524e-01
3.457014636815823327e-01
3.457924000557295596e-02
-1.290827876995148948e-01
2.892601096619538126e-01
4.918594139312355007e-01
4.539477674100537152e-01
2.862114968850977825e-01
1.495664206447660238e-01
-2.194069257865825795e-01
2.122683844167263800e-01
4.579400788747602924e-01
4.347040414750462101e-01
4.222150532814809010e-01
4.813072110310332996e-01
4.445484927152952292e-01
-7.042208034287577023e-01
-9.718220377293578238e-01
2.106622027539695463e-01
5.780338436768219790e-01
4.796390910812365349e-01
5.193194456427564498e-01
5.920095408310260821e-01
6.332917379746598741e-01
5.367956189647169474e-01
-5.808039752223655983e-01
-1.850693038748394414e+00
1.071075369230805041e-01
7.150775837409973912e-01
8.364012693287248279e-01
7.667598213705504318e-01
6.940920691166045930e-01
7.151862847168145576e-01
7.352578681178632003e-01
5.304233728975097373e-01
4.968741265497870208e-01
4.068468293173997941e-01
3.175102972200837259e-01
3.390974507211206301e-01
2.804035846563974754e-01
2.659963508831159062e-01
3.336884965840090644e-01
4.400648981130618753e-01
4.969486191834691091e-01
5.536040281575094202e-01
5.637263340167186776e-01
5.730640677754182954e-01
6.993285453222530812e-01
6.591536348952756752e-01
6.702150560010476932e-01
6.816982326121399094e-01
7.024203467401052281e-01
6.797232623870077539e-01
6.868218707652666843e-01
