-1.146409108874627686e-02
4.754178822931308564e-03
5.582724813634334232e-02
4.090170627093635963e-02
4.053512690799890295e-02
-2.829069495992888456e-02
-9.253045767886211026e-01
-1.361449383892555653e+00
-5.040380036832834421e-01
-3.312640307580687338e-02
1.351661860429238249e-01
1.673467184461785995e-01
-1.411373271466173085e-01
-4.930199902303166598e-02
4.595758236470719876e-02
1.077932002700162928e-01
1.176279560472405228e-01
1.171243712254627922e-01
1.077777235327919969e-01
1.108049413925143306e-01
8.606580793072737823e-02
1.362285926603870878e-01
1.195346688393115059e-01
7.150274315898198785e-02
8.084598326077456487e-02
8.787186747222872074e-02
-4.785371196548098699e-02
-2.114878524414422895e-02
2.284625129580164157e-02
4.488141241228793543e-02
7.247265185868849435e-02
1.021469172293990174e-01
8.796474139581754448e-02
-1.027614924572107791e+00
-3.202174347899505502e+00
-1.055497104226196692e+00
-3.566460115611078119e-01
-3.879998978957885925e-01
-1.866162282187841526e-02
-2.050317535376492695e-01
-4.430274007102476541e-01
-1.854040625441058521e-01
2.994751107542631408e-02
3.565312388545707756e-01
4.736434166624780007e-01
4.804909322609245415e-01
3.133086630523126970e-04
-5.284885755173863997e-03
1.000282953369429628e-01
2.507002584094953912e-01
2.904707648302664591e-01
2.766668380374203706e-01
-2.019204700988425083e-01
-1.418249847727057311e+00
-3.008059178970859393e-01
1.520014362102850014e-01
3.262489580422874846e-01
2.279084687812872878e-01
2.096391985824205551e-01
3.205188633486366623e-01
3.216595519331783004e-01
3.043603411474237741e-01
-1.293591097749137719e-01
-2.251949878027443841e-01
1.484969453342202816e-01
3.374179125889797404e-01
4.023591023318748849e-01
4.290271385471216559e-01
4.479347469560616135e-01
3.848198474232682464e-01
1.745341533090015163e-01
1.751308160751710585e-01
2.710341972458408799e-01
3.020611326408260133e-01
2.422897597607581721e-01
2.524393105078854282e-01
3.076504270458838564e-01
3.445726932681763000e-01
2.371612122383345289e-01
1.161285013280405065e-01
2.427446981058793418e-01
2.350228988307810074e-01
1.456873057027314178e-01
1.703391380260355081e-01
2.535616619926236992e-01
2.767664780370882038e-01
3.762498663189722259e-01
3.923859106626318427e-01
3.324155581239894297e-01
3.710495572204578485e-01
3.692913769008115410e-01
3.757293979989122512e-01
2.960412220625548985e-01
2.591604298534772033e-01
3.016032110399877175e-01
3.264210830608118563e-01
3.261179579537797912e-01
3.867201861068745306e-01
4.300174734137858223e-01
3.743093399125857479e-01
3.580375804088626324e-01
3.056989301858771824e-01
2.648048084020112602e-01
2.737876967137707895e-01
2.335504914445227509e-01
3.040869070346582381e-01
3.794005044677958294e-01
4.430127621212732736e-01
5.259581553662687758e-01
4.834052770173753455e-01
3.507728978806059494e-01
1.712173770762115965e-01
8.078623156864950250e-02
-7.045674513746702505e-01
-1.269543700775332518e+00
-4.653871916513201423e-01
7.261334326867024958e-02
3.204837764988929250e-01
5.965367300786664218e-02
-9.667548278318859045e-02
3.589650690623608642e-01
6.268741429778353913e-01
6.675106017495202604e-01
5.407789864289415105e-01
4.113214145326685722e-01
7.299195330712340835e-03
4.352829021749137217e-01
7.164106461584589525e-01
7.385342035063349186e-01
7.645639869058384885e-01
8.555021041933732473e-01
8.400162190427155062e-01
-3.708569492822230140e-01
-8.131709309954253673e-01
3.145859129300038193e-01
7.436117488923437158e-01
7.131081970222277189e-01
8.153066470381223896e-01
9.417534060280919883e-01
1.034247311072017617e+00
9.824219845968598097e-01
-1.773470846653958655e-01
-1.709154852772856836e+00
1.234064875810480799e-01
8.179939413063597176e-01
1.038695890920811493e+00
1.063492346450079840e+00
1.097245757765689333e+00
1.170437079354946119e+00
1.213372963844471908e+00
1.033438109027140950e+00
1.011415372887313868e+00
9.393507975517362274e-01
8.439028362565028640e-01
8.482169180465297664e-01
7.790855959057044755e-01
7.506464865740182235e-01
7.957448830861930666e-01
8.927849638785854136e-01
9.489284688381582900e-01
1.026340457149430785e+00
1.055003604101893977e+00
1.090164074658924065e+00
1.227102698477033904e+00
1.218109174264585981e+00
1.237919102939533555e+00
1.266006539542555709e+00
1.303776659359208168e+00
1.299890675256133221e+00
1.319951639918831354e+00
