-6.475689334044921032e-04
-7.766558414510636764e-04
2.801124637982121881e-03
7.118817306402994496e-03
9.614215916623966574e-03
7.663678839433816017e-03
-4.771699724771434614e-02
-1.575556799811063668e-01
-2.129153704380160883e-01
-1.874997354470810673e-01
-1.387215011467100856e-01
-9.442230487511837911e-02
-7.839957563544130981e-02
-7.674486338751299042e-02
-6.560401247090551224e-02
-4.912709969831455248e-02
-3.312004228444254822e-02
-2.039697877064571702e-02
-1.094782188782408155e-02
-3.564663628874555762e-03
1.365077171259354051e-03
7.342342528558259626e-03
1.397728202414407796e-02
1.603002274003067010e-02
1.638068640554997749e-02
1.809586776924345525e-02
1.256692394749080524e-02
3.759022463997707328e-03
1.340036921763792209e-03
3.101249922138120570e-03
7.143825739507742717e-03
1.328557954868944679e-02
1.865731530367889870e-02
-4.084509644421002728e-02
-2.625078986705668971e-01
-4.135503295270958057e-01
-3.844232259441169863e-01
-3.357111763936458937e-01
-2.845744628327494530e-01
-2.419981683632726477e-01
-2.348916594816291281e-01
-2.278055269304528618e-01
-1.985070014058695209e-01
-1.483210873450869771e-01
-8.848934486463033711e-02
-3.730062378570526277e-02
-2.469362416996712800e-02
-3.736245632882551765e-02
-3.927935583039354056e-02
-2.564806575258775367e-02
-4.734594100303270853e-03
1.313364472076359452e-02
-1.379224996139565007e-05
-1.006702521902549385e-01
-1.711941844804097390e-01
-1.436432937468206938e-01
-9.266544540258303542e-02
-5.277500168048721713e-02
-2.913090222772582102e-02
-5.720462498158863929e-03
1.794770585261153475e-02
3.559725840195302610e-02
2.455337249600150068e-02
-9.120500204162024227e-03
-1.679256546032646680e-02
6.888963382089940968e-03
3.760007881083569925e-02
6.559617228650202470e-02
8.964165230359762149e-02
1.060332097798398071e-01
1.045875014844225154e-01
9.462156912632047057e-02
9.388002068787980325e-02
1.007089799861744378e-01
1.047118441416046153e-01
1.061006598651127175e-01
1.114980427399210050e-01
1.209876354785795749e-01
1.244633164994172481e-01
1.156604191068700549e-01
1.110218411713718156e-01
1.138658706763133188e-01
1.109246011294669765e-01
1.061162047806154113e-01
1.087615479458741291e-01
1.163399414529737441e-01
1.289647944137056468e-01
1.444814388327919086e-01
1.539030626976434502e-01
1.608019432893478817e-01
1.684645782696725658e-01
1.751890437115928845e-01
1.767843645839521916e-01
1.727612973052899403e-01
1.710886829818193122e-01
1.739322624714206011e-01
1.777595593348381964e-01
1.845163696873461101e-01
1.954798465018811049e-01
2.031761105306211790e-01
2.059086696832740648e-01
2.049041466087411223e-01
1.999617215368116874e-01
1.953916799703844798e-01
1.906428997351800880e-01
1.894896995326042499e-01
1.966350203258947771e-01
2.094896621245356527e-01
2.271992883203551583e-01
2.425467849043164981e-01
2.450927849395263258e-01
2.312008339776745469e-01
2.077693349156095881e-01
1.420948572217451411e-01
2.289965027511307871e-02
-4.882145042699118087e-02
-3.455268924393233021e-02
1.338877808035017491e-02
4.398781606648473341e-02
4.363892297362811229e-02
6.067831086619769609e-02
1.102580178146316536e-01
1.622760590865945096e-01
1.962469855522679385e-01
2.091337441173799216e-01
1.910652343122005992e-01
1.834786688302330049e-01
2.158675368558133356e-01
2.558409286907806779e-01
2.893010883670747990e-01
3.222255949180922729e-01
3.522226379987286604e-01
3.075255085546633183e-01
1.920983399478981557e-01
1.497019889296556383e-01
1.974838538173404878e-01
2.513564987111419069e-01
2.955054151819068164e-01
3.411779720282061557e-01
3.878408094705001474e-01
4.259419139437187196e-01
3.884668388249705173e-01
2.195952729787333246e-01
1.239965714897880572e-01
1.814372446825362750e-01
2.685142056760537188e-01
3.444043018855367233e-01
4.043150927686628426e-01
4.561237824898149995e-01
5.028569424221215334e-01
5.322360068225213681e-01
5.470303123838022863e-01
5.559905011376068407e-01
5.566662603315353230e-01
5.554466189925471031e-01
5.532660356909581134e-01
5.487586012195259100e-01
5.484124015496887328e-01
5.574471399120587423e-01
5.735316406199241213e-01
5.940391615248205026e-01
6.162292717708124368e-01
6.377932175177382090e-01
6.651223131458990911e-01
6.936306040483639634e-01
7.176587826870483022e-01
7.404369160563590846e-01
7.633422367397575403e-01
7.845366238685401727e-01
8.038282057373651313e-01
