-7.856466619932626072e-01
-7.850432573723160612e-01
-7.829288048255802490e-01
-8.000849456882023203e-01
-7.886980979313910067e-01
-7.912256898269971472e-01
-7.855492089332132277e-01
-7.851975902717703848e-01
-7.845583414311223525e-01
-7.835654904989933778e-01
-7.822182445737974055e-01
-7.805069400956150538e-01
-7.790395168839523432e-01
-7.779166943116916366e-01
-7.763104601856146703e-01
-7.740764794131194115e-01
-7.711852554422347072e-01
-7.676651639704727970e-01
-7.635305906299787448e-01
-7.585125853493193127e-01
-7.527168934722050508e-01
-7.443716056602698306e-01
-7.306695773126401505e-01
-7.160391626245753427e-01
-7.012874047185269077e-01
-6.770964133857624301e-01
-6.809977353527437716e-01
-7.025685431512941337e-01
-7.074988929794917558e-01
-7.037319145240248375e-01
-6.928477391457275036e-01
-6.663133563674260573e-01
-6.172429291460329592e-01
-7.485376619327136494e-01
-7.765063706493050555e-01
-7.795010752781470487e-01
-7.789635984210295794e-01
-7.779680427055285508e-01
-7.766893323006776040e-01
-7.752432117182217475e-01
-7.743049630582927723e-01
-7.733322330875693762e-01
-7.716853767905506034e-01
-7.689557711775084625e-01
-7.646297967712819554e-01
-7.584912651070250256e-01
-7.534830169512293230e-01
-7.514232950334904793e-01
-7.485574880078906812e-01
-7.430537583982732563e-01
-7.340574097450691671e-01
-7.218065522707401982e-01
-7.204389313872925360e-01
-7.456026862084870199e-01
-7.556950053410484980e-01
-7.543429167945572278e-01
-7.491780019484383102e-01
-7.426866706012642538e-01
-7.363793614593603376e-01
-7.274200442062788152e-01
-7.138290304895504867e-01
-6.957500620975475281e-01
-6.936939142637920108e-01
-7.099553795314034188e-01
-7.133069216716438898e-01
-6.993808506456243856e-01
-6.668809989075720202e-01
-5.934870490787322872e-01
-3.044785736592329761e-01
-2.228541030558211844e+00
-1.293735108150104285e+00
-1.231790247696989082e+00
-1.107724879812759022e+00
-1.010896045361817208e+00
-9.676648274613086631e-01
-9.445361882331184677e-01
-9.209588335366680756e-01
-8.984720896869533568e-01
-8.871650326789267682e-01
-8.905936190655083795e-01
-8.930698561639236477e-01
-8.860706695225950558e-01
-8.831987724715222310e-01
-8.834036855009740341e-01
-8.788274914083646916e-01
-8.710374841562232850e-01
-8.608120444052685949e-01
-8.503608777095816862e-01
-8.432531825147933091e-01
-8.378167536293383844e-01
-8.331052530113332022e-01
-8.292243716956715360e-01
-8.267988533524639472e-01
-8.258582180102340686e-01
-8.246650476777998007e-01
-8.223442318209095436e-01
-8.196540787761950053e-01
-8.168201668446789521e-01
-8.137617811095037013e-01
-8.111579145441849548e-01
-8.092285721779218788e-01
-8.078318888623512439e-01
-8.069146809949645505e-01
-8.061535658772160939e-01
-8.055193457888588648e-01
-8.047466699889247455e-01
-8.034181220998147799e-01
-8.016838583167408272e-01
-7.996108239395144368e-01
-7.976723009016575272e-01
-7.963454438012702585e-01
-7.957175929734151554e-01
-7.956370661073811634e-01
-7.985769695995763584e-01
-8.728721768030646144e-01
-7.644159124838373343e-01
-7.691748691349659106e-01
-7.663439214715213055e-01
-7.637552118190200634e-01
-7.657794246537628080e-01
-7.644802383490798547e-01
-7.521378237196254535e-01
-6.794754477450000163e-01
-9.404641140056640980e-01
-8.474905073292204882e-01
-8.548376448868209021e-01
-8.584858602330061039e-01
-8.206370826118578599e-01
-8.054051972122372449e-01
-7.988842252499774865e-01
-7.949134659338322750e-01
-7.922156442115356745e-01
-7.915729667472239939e-01
-7.943207297536155620e-01
-7.986541576662766762e-01
-7.942315112600096816e-01
-7.908049366983768147e-01
-7.887523443601197615e-01
-7.872265467562773456e-01
-7.860408256374544766e-01
-7.850675383065434110e-01
-7.839498433263016874e-01
-7.811050976303597349e-01
-7.744828396175895691e-01
-7.758612571166199068e-01
-7.785951853324576399e-01
-7.798121870011931467e-01
-7.801829964955970809e-01
-7.802269404848348744e-01
-7.801542054807044657e-01
-7.798652650119219931e-01
-7.793918448032081114e-01
-7.788101330406211886e-01
-7.780933572898277584e-01
-7.773193307455472656e-01
-7.764999017364920819e-01
-7.756068435482188494e-01
-7.747475663244796085e-01
-7.740444600602848224e-01
-7.734988862627817374e-01
-7.730591489714695452e-01
-7.726692915342276979e-01
-7.722813046790787395e-01
-7.719997474798828696e-01
-7.717623631208713197e-01
-7.714773729468100694e-01
-7.711859116478336773e-01
-7.708890697289585425e-01
-7.705574207426784117e-01
-7.701847496012806937e-01
