-1.005828465136529744e-02
6.246906805906352923e-03
4.945207136186666880e-02
2.607872580474634994e-02
2.186602893402457559e-02
-4.094449304888853058e-02
-8.170467361497991687e-01
-1.030283397316077210e+00
-9.035706711233837396e-02
2.878572468550867902e-01
3.276441399497013185e-01
2.560450205362453380e-01
-8.458880901889934134e-02
6.892151621656544824e-03
8.081816257315327379e-02
1.116046726767338654e-01
9.396224665870522852e-02
7.487768143535580845e-02
5.481364855197123215e-02
5.156582878589909685e-02
2.554547172142113826e-02
7.129191352174238383e-02
4.870139905493905963e-02
4.511410575989270588e-03
2.012118515956150960e-02
2.937911625336137034e-02
-8.896383222226969534e-02
-4.045968749344380777e-02
9.414511484718090725e-03
2.802564306863576660e-02
4.778642871414918308e-02
6.597957402739385024e-02
4.314141578744751238e-02
-9.397259951248064791e-01
-2.648240345918252636e+00
-2.431481939940620673e-01
3.158748250250734690e-01
1.267505178927768039e-01
3.524726512796743649e-01
5.876448408295764647e-02
-2.000116702272061731e-01
3.693477226436653327e-02
1.861348505590530999e-01
4.080784514353478221e-01
4.101779960439254635e-01
3.303637577363577882e-01
-1.472229272056696792e-01
-1.012561089673815196e-01
2.487094764785504133e-02
1.596845837241100130e-01
1.690093503694711508e-01
1.333266111597315451e-01
-2.991495572121941615e-01
-1.287680266102952942e+00
-3.651995848135744516e-02
3.321371107729141903e-01
3.845509943808544384e-01
2.021689561763739262e-01
1.422473806978615807e-01
2.146807238519481964e-01
1.796868883317172538e-01
1.412475297869787427e-01
-2.510219267890377859e-01
-2.640373919964510985e-01
1.268442801048556556e-01
2.653955295402414816e-01
2.707190891788211484e-01
2.492399096525907409e-01
2.322561384234149706e-01
1.519881071173742326e-01
-3.696665860235126555e-02
-1.128642552172182123e-03
1.056606524348097931e-01
1.301277420044757716e-01
7.037108161047253563e-02
8.547775658195735926e-02
1.361347626930896337e-01
1.600268101042347513e-01
5.371859159598349476e-02
-4.069002093173876289e-02
9.995429105023559413e-02
8.928881914495803707e-02
9.871013749851081931e-03
4.707234660207151866e-02
1.256785956933025583e-01
1.346095569697823569e-01
2.104128312940496959e-01
1.992504600254460245e-01
1.275338921153681415e-01
1.601130648047143779e-01
1.508171806932251946e-01
1.518979676505393117e-01
7.797745641941339345e-02
5.757308889995849110e-02
1.092533116617076527e-01
1.326973198370673956e-01
1.290910269365179719e-01
1.802552801181284137e-01
2.060663080489745225e-01
1.416227730221549796e-01
1.275375738542882109e-01
8.478443456951478829e-02
6.051185395233527053e-02
8.333998470556114313e-02
5.608935165508155407e-02
1.305099318101539119e-01
1.919354640973054971e-01
2.311980925763255090e-01
2.819126708139946813e-01
2.154916225471515956e-01
8.826410429287728787e-02
-5.211501991523559418e-02
-8.782421153312131024e-02
-7.324025667049085531e-01
-1.057288936658109968e+00
-1.398154340782435945e-01
3.225300000696340597e-01
4.362428586969216426e-01
9.582048965699739573e-02
-6.576844489341213129e-02
3.466090544280789887e-01
5.072450337608664928e-01
4.466331787283163157e-01
2.663530362334867174e-01
1.314685442044594144e-01
-2.131268757360470500e-01
2.419865357154537266e-01
4.623328513821970409e-01
4.140382432494175702e-01
3.895243888568588053e-01
4.343439637611609672e-01
3.820068414934724155e-01
-7.022700150569503030e-01
-8.849574402136470841e-01
3.165425628807773117e-01
6.248724154581696277e-01
4.767314788623554511e-01
4.940722390165930289e-01
5.401902299004454067e-01
5.569787961161386525e-01
4.536219419855640478e-01
-5.914959743699281791e-01
-1.742943907428583072e+00
2.659751067766982779e-01
8.009939984351257536e-01
8.210633378730169962e-01
6.914719922115684092e-01
6.195554471025997989e-01
6.126542161775274664e-01
5.916298285970942317e-01
3.885485860894771770e-01
3.730492245753826985e-01
3.165310331799833232e-01
2.504074200050158128e-01
2.830418001074075374e-01
2.403684740486388138e-01
2.397084866961949334e-01
3.002396317970030815e-01
3.908801284537356535e-01
4.263041336811269622e-01
4.753872839767303571e-01
4.746474737155617074e-01
4.839207688776642202e-01
5.840949229505532081e-01
5.388437130496506189e-01
5.341426009806153896e-01
5.413092963994882156e-01
5.584383370607735042e-01
5.382164302452012716e-01
5.460405000695476296e-01
