7.582552679148171727e-04
2.623675105387564786e-03
7.320932649830372285e-03
1.243043436128224780e-02
1.585919548894010669e-02
1.469211929692568891e-02
-4.032481790317783699e-02
-1.501443641147265917e-01
-2.057060892946426522e-01
-1.803673310391826490e-01
-1.313712446282031265e-01
-8.668668222329842243e-02
-7.028505856607134006e-02
-6.842958343130543797e-02
-5.715288476418772107e-02
-4.023224603771480973e-02
-2.370221933508664600e-02
-1.040787414945368652e-02
-1.099097541739212786e-04
8.008015446083645988e-03
1.357312081384350402e-02
2.006718793174124688e-02
2.700293958810783337e-02
2.958487341977116686e-02
3.069026886775484339e-02
3.292123959977551195e-02
2.780303123946064464e-02
1.946243211315418914e-02
1.749498531728620881e-02
1.987212118804224797e-02
2.473669647619936712e-02
3.169175842027704970e-02
3.778466515537378528e-02
-2.124979019714894057e-02
-2.430247153499264234e-01
-3.948706399443590032e-01
-3.664187718725533394e-01
-3.178437245155835700e-01
-2.660478455457620517e-01
-2.225675296779978940e-01
-2.145497170643288487e-01
-2.066492828625543510e-01
-1.768219576159694995e-01
-1.260807840562069015e-01
-6.522756184914546562e-02
-1.274271501636391885e-02
9.763397961177703449e-04
-1.061839552716657697e-02
-1.135334513614584886e-02
3.818347902689003120e-03
2.653490812148108502e-02
4.602301394997686257e-02
3.424752527858471868e-02
-6.524677930013308980e-02
-1.347820307799962869e-01
-1.058822003915510235e-01
-5.314588078696091955e-02
-1.074242120029057085e-02
1.525385925405725249e-02
4.040959379256144762e-02
6.611837035063700130e-02
8.555825441233627648e-02
7.579459476424954545e-02
4.347868698999160508e-02
3.655332495630589373e-02
6.014204689668196935e-02
9.133457767452222986e-02
1.207854745191167534e-01
1.463707284587855151e-01
1.628135775279877240e-01
1.612510170726775549e-01
1.505560955685943114e-01
1.483351467940257074e-01
1.554034004960391235e-01
1.602691040300155134e-01
1.621120909345479533e-01
1.681975419844956854e-01
1.790159019452692013e-01
1.840572674562182265e-01
1.771595477707540722e-01
1.740805785780954462e-01
1.763724181907261046e-01
1.712657009206326464e-01
1.647760311903107566e-01
1.675694582494459961e-01
1.766730912910287332e-01
1.916817238453073502e-01
2.101416178999855056e-01
2.212811241370377657e-01
2.295306812428253851e-01
2.397066123574625451e-01
2.492331109378862763e-01
2.534932644316200134e-01
2.517523701139458003e-01
2.515503398601459661e-01
2.538756150457318062e-01
2.559635887355072859e-01
2.624231410426151045e-01
2.747956684258274773e-01
2.833711668399379602e-01
2.871661190357118754e-01
2.878516836853315386e-01
2.845805831243902739e-01
2.820208756760498314e-01
2.792889302789889894e-01
2.806940255324781308e-01
2.915835138388898073e-01
3.088466291295132171e-01
3.301121091249042960e-01
3.482789430367980721e-01
3.540875285010981477e-01
3.438820375066627966e-01
3.236931674491089761e-01
2.614728381466565610e-01
1.453650032330662811e-01
7.596395235754484221e-02
9.275384876187131589e-02
1.435592597808638127e-01
1.774052538234294207e-01
1.803264414100067270e-01
2.013386084213107663e-01
2.550940921412782614e-01
3.116280223945840366e-01
3.502908474886214929e-01
3.665259324804335250e-01
3.501674727063586179e-01
3.446019634811212651e-01
3.797576309985487009e-01
4.221709608789130375e-01
4.580978000468549638e-01
4.932512590003786945e-01
5.242928209951681628e-01
4.804795767015149766e-01
3.645330553799182582e-01
3.207365515854587734e-01
3.683261272233032124e-01
4.225670869122185591e-01
4.680640249066780334e-01
5.156593040423346208e-01
5.637178135862912498e-01
6.032319217117184662e-01
5.689471774748534605e-01
4.005414443677596248e-01
3.022965058011028439e-01
3.592445302107615257e-01
4.459146539087537886e-01
5.201007506241234202e-01
5.815670338274137041e-01
6.366543932260320116e-01
6.825470981440805440e-01
7.084793229838266537e-01
7.206006645350749862e-01
7.296854552220740642e-01
7.329153098289001855e-01
7.343393760403201798e-01
7.349096771125022132e-01
7.337917748350190061e-01
7.357898842709923448e-01
7.450066637921533008e-01
7.593127416661455964e-01
7.777734785218682889e-01
7.985691372633793028e-01
8.197245476264192199e-01
8.459809988217588117e-01
8.728722502630101854e-01
8.948978071923796573e-01
9.149356404651678432e-01
9.354236500641203156e-01
9.549943356312557974e-01
9.734334535478057493e-01
