1.491990406024257963e-06
1.101466006949256032e-05
3.836484148104210080e-05
9.972846959913842912e-05
1.877123680278551879e-04
2.898919604913798107e-04
2.745624880480208386e-04
-2.632140318325620898e-04
-1.392723132025384556e-03
-2.635651130679544148e-03
-3.683012261668709535e-03
-4.463219320770739004e-03
-5.039569989656211835e-03
-5.570034119798684610e-03
-6.045475353557901513e-03
-6.421139870249872351e-03
-6.678744184097465050e-03
-6.830314696827305583e-03
-6.893316822698598509e-03
-6.884656003712250408e-03
-6.818116933531522851e-03
-6.705839688890551271e-03
-6.537827381460807781e-03
-6.329440987259388370e-03
-6.103910717436818872e-03
-5.860867405761081492e-03
-5.613208023594658952e-03
-5.411563726341367571e-03
-5.241196019850942120e-03
-5.070647038484399870e-03
-4.880898975300657777e-03
-4.656771934535243115e-03
-4.390424772044462624e-03
-4.216345397823124085e-03
-4.823021945579798742e-03
-6.828781319806283799e-03
-9.203172879364583669e-03
-1.140107146214152170e-02
-1.337868300169574483e-02
-1.506022746779708474e-02
-1.658246598942315214e-02
-1.806917108839405095e-02
-1.942337856898574550e-02
-2.052439460522243950e-02
-2.125311168390569411e-02
-2.159847066506991042e-02
-2.167035644856781310e-02
-2.171499095640958346e-02
-2.176397657760612697e-02
-2.174728427928988850e-02
-2.159107049714265730e-02
-2.128615147132502036e-02
-2.091054169462598644e-02
-2.080684057540121285e-02
-2.134089701385571275e-02
-2.198338628436703399e-02
-2.239962432101174836e-02
-2.252954307792566849e-02
-2.245173440854770011e-02
-2.221140334965336291e-02
-2.179193653773687372e-02
-2.121288012148252883e-02
-2.055750799146503077e-02
-2.002763296794603590e-02
-1.963181320344264263e-02
-1.917785161724368595e-02
-1.855642202487721437e-02
-1.774599416705033988e-02
-1.675756903465668718e-02
-1.562063116429297620e-02
-1.441458704235215084e-02
-1.323984941519943705e-02
-1.210251726514748744e-02
-1.094634985041673114e-02
-9.748725733032294338e-03
-8.535997553578918845e-03
-7.303256462154264668e-03
-6.020864181547312677e-03
-4.683198027159660333e-03
-3.350796520425060321e-03
-2.062622019355420978e-03
-7.728030465095228705e-04
5.062265844322465496e-04
1.736423696679653596e-03
2.943264031446725555e-03
4.180202401558032535e-03
5.476980891896702543e-03
6.874814075021788186e-03
8.366706616263840102e-03
9.911938990430633686e-03
1.151785100339917760e-02
1.318520905418602701e-02
1.490111672486257519e-02
1.662409255553538856e-02
1.833638028533474823e-02
2.005371998700018407e-02
2.177909466814847636e-02
2.351933857822353230e-02
2.531128629803582053e-02
2.716823169138240027e-02
2.905516983506128276e-02
3.095612922983762352e-02
3.284423100581104066e-02
3.470611169244124106e-02
3.654688672776924829e-02
3.836662190151392260e-02
4.021201885857996622e-02
4.213299337576956183e-02
4.416295945277056573e-02
4.631540449100266660e-02
4.854618681523712592e-02
5.076936434743969939e-02
5.289624508107367701e-02
5.480774779601231550e-02
5.615553574332644154e-02
5.682889774647950643e-02
5.729692782167066650e-02
5.791955119169111404e-02
5.878435164302284188e-02
5.973726052888272964e-02
6.072132839155296169e-02
6.193921349729621106e-02
6.350439801188226263e-02
6.538405246404874194e-02
6.745640628597167343e-02
6.957250457198767279e-02
7.159301290148442631e-02
7.371912420862990201e-02
7.609492504159923176e-02
7.871440283128280924e-02
8.155954702916236310e-02
8.462849785284640158e-02
8.774705059834850274e-02
9.035905966121665633e-02
9.238766740238790742e-02
9.442426182840814308e-02
9.674793317134892934e-02
9.934084522525415961e-02
1.022096704750657808e-01
1.053756835773445311e-01
1.088282146074571882e-01
1.123808199820356957e-01
1.153706934589801836e-01
1.173520074662748602e-01
1.192149644496068306e-01
1.214681811589160693e-01
1.241787339962791975e-01
1.272887787423623296e-01
1.307657586184219345e-01
1.345749496827515768e-01
1.386397030873620095e-01
1.428372974613560942e-01
1.471215623199321754e-01
1.514579172107388683e-01
1.558081575924657458e-01
1.601654323010068826e-01
1.645103083162812174e-01
1.688419522185394539e-01
1.731875814576457617e-01
1.775881458985377748e-01
1.820670166678317603e-01
1.866518017980081934e-01
1.913487764876675157e-01
1.961742729204576374e-01
2.011578274904648744e-01
2.062825033172579481e-01
2.115280244548760624e-01
2.168900462730955214e-01
2.223687288505866722e-01
2.279539382515969326e-01
