-1.241184365142046796e-06
-6.196261118278384218e-06
-2.923957038801560500e-06
2.643581505324078742e-05
7.352191122971840664e-05
1.251454640088338875e-04
5.618871113351341551e-05
-5.106696112689813405e-04
-1.603691242657292234e-03
-2.737669551640157899e-03
-3.635363915021362028e-03
-4.260343321459865440e-03
-4.698217660152163161e-03
-5.111083665015203267e-03
-5.485432329563824302e-03
-5.778315793638055461e-03
-5.976355035368979482e-03
-6.093471941643073021e-03
-6.148510575276534135e-03
-6.157735258010222680e-03
-6.131648916614962710e-03
-6.079773091402279964e-03
-5.989099560942495910e-03
-5.873705055474640405e-03
-5.756031954557106964e-03
-5.632954842259859859e-03
-5.514010779143839469e-03
-5.445936243460820260e-03
-5.409561843766016488e-03
-5.373117545119650978e-03
-5.320470081434478839e-03
-5.239323719516574517e-03
-5.123918559996824829e-03
-5.106215069530920837e-03
-5.839212027392301843e-03
-7.853891224263442883e-03
-1.008238840218419335e-02
-1.203268988219608447e-02
-1.371566869305409012e-02
-1.509648506789854419e-02
-1.633471279200802290e-02
-1.755725211024845162e-02
-1.866665636938019332e-02
-1.955208394573311817e-02
-2.011231783148420896e-02
-2.035529268410697992e-02
-2.039763024430529120e-02
-2.047354084038241831e-02
-2.059580875324712804e-02
-2.068545705927012784e-02
-2.067068608769450852e-02
-2.054523464727049664e-02
-2.038533073180486682e-02
-2.051583209236395450e-02
-2.125740395387917814e-02
-2.205947279881138520e-02
-2.261635155993485871e-02
-2.290152261971701783e-02
-2.301519678861862692e-02
-2.300498137348608307e-02
-2.285730944204462586e-02
-2.259539383728747727e-02
-2.229713829158186042e-02
-2.214970023292154450e-02
-2.214239809354455815e-02
-2.207418496426183721e-02
-2.184550504412657509e-02
-2.145204210825177316e-02
-2.091553317934903913e-02
-2.026551141461356217e-02
-1.957170027834368581e-02
-1.892757167399142931e-02
-1.832097354114924775e-02
-1.769531786590334416e-02
-1.703753026643991045e-02
-1.637247012505402971e-02
-1.569372693056704168e-02
-1.497492737298313295e-02
-1.421588082230893467e-02
-1.347673775066140708e-02
-1.279279502402008370e-02
-1.210799305320835531e-02
-1.142280138041436299e-02
-1.076957040182593972e-02
-1.012770231834202520e-02
-9.455870872809883296e-03
-8.734376795308737562e-03
-7.932287316502696986e-03
-7.060955497551840709e-03
-6.154642110323521251e-03
-5.209703440186785883e-03
-4.229919731867126317e-03
-3.227537799357259145e-03
-2.240387317371897793e-03
-1.278317159346950300e-03
-3.158186380529774684e-04
6.624045070259159448e-04
1.662448495010236107e-03
2.708964643951785461e-03
3.807908899845256073e-03
4.927491424438543328e-03
6.047913404873548129e-03
7.144919390124071512e-03
8.207160960122273155e-03
9.241192774423858877e-03
1.024794919917622338e-02
1.126788483612871372e-02
1.234065470734905731e-02
1.349348451015725155e-02
1.474019442738232384e-02
1.603399179950231943e-02
1.728966371625231813e-02
1.842794000016689804e-02
1.934567911454444789e-02
1.972054247121526188e-02
1.948760372918144010e-02
1.912680095101251462e-02
1.896648223945865061e-02
1.905501988425698651e-02
1.921679349940547468e-02
1.939104518999425902e-02
1.976706366335332851e-02
2.043901522475775889e-02
2.135449479734519498e-02
2.239235878298604862e-02
2.342087715948424839e-02
2.432460286722938278e-02
2.530830283911654835e-02
2.650619201562219585e-02
2.790213663929981200e-02
2.947256357246959627e-02
3.121655597045385963e-02
3.296859570135867584e-02
3.420673196686556394e-02
3.491688339393619889e-02
3.569600716041751443e-02
3.678531018216930210e-02
3.813464482452785104e-02
3.972732650187254383e-02
4.157221489091264544e-02
4.365163628843288235e-02
4.577483782015736441e-02
4.731017796792991170e-02
4.791184164184813382e-02
4.849779818323052272e-02
4.952036893983589871e-02
5.100458839989706339e-02
5.285812206921058909e-02
5.501063675235885742e-02
5.742819049193390729e-02
6.005612391182877513e-02
6.278233512713617126e-02
6.556369403186258771e-02
6.836025393875744260e-02
7.113680552030467175e-02
7.389547532397841567e-02
7.662018564214528871e-02
7.931477216872727387e-02
8.201951864739480402e-02
8.478381026708810275e-02
8.763546073931416380e-02
9.059655343100624092e-02
9.366455665028158850e-02
9.684916991440467582e-02
1.001823427403457090e-01
1.036447624617531371e-01
1.072182943320462989e-01
1.108749746735519515e-01
1.146006947982472907e-01
1.183930000940416061e-01
1.222605861277676065e-01
1.262162173109185048e-01
1.302685768093341800e-01
1.344222189243510779e-01
1.386719658347785600e-01
1.430056240115539223e-01
1.474069179274279384e-01
1.518622174289524507e-01
1.563634993956687647e-01
1.609102531028460403e-01
1.655015106685078785e-01
1.701398690775668132e-01
1.748322747280368350e-01
1.795900100036508795e-01
1.844301438237124779e-01
1.893678279721412450e-01
1.944024318459673661e-01
1.995314476739687148e-01
2.047425611910507204e-01
2.100283473814106849e-01
2.153759989911229467e-01
2.207757997966405539e-01
2.262244026205341985e-01
2.317262121592381097e-01
2.372891187797661061e-01
2.429247399515601091e-01
2.486490106360431107e-01
2.544699873347809338e-01
2.603902177954991459e-01
2.663991412940500125e-01
2.724766348038881736e-01
2.786037565265267468e-01
2.847715786186568732e-01
2.909758671117791962e-01
2.972169285402837535e-01
3.035026126707132677e-01
3.098458435435606506e-01
3.162554428451475608e-01
3.227281270507797450e-01
3.292604566406189814e-01
3.358471305398295637e-01
3.424750564694294952e-01
3.491342136190641599e-01
3.558201004705759951e-01
3.625338702474551478e-01
3.692789573411753290e-01
3.760630290385340024e-01
3.828997352369764573e-01
3.897972792554523780e-01
3.967541741666035793e-01
4.037596145303304351e-01
4.108000718167799659e-01
4.178644318141745972e-01
4.249492118784398698e-01
4.320532534950735637e-01
4.391749255388692763e-01
4.463150408710572781e-01
4.534753198630647186e-01
4.606619846283389053e-01
4.678841295145108048e-01
4.751482157117923877e-01
4.824548271319896720e-01
4.897985506715169524e-01
4.971719431365606567e-01
5.045651407658906518e-01
5.119714273702924423e-01
5.193819028460893161e-01
5.267938692112910104e-01
5.342103718394675127e-01
5.416364639142668969e-01
5.490820722121912967e-01
5.565576170635420095e-01
5.640670404785722569e-01
5.716100647767566878e-01
5.791712942463514979e-01
5.867333176419438079e-01
5.942849358641970614e-01
6.018192399040095397e-01
6.093363569888986531e-01
6.168391284475424063e-01
6.243366265038553520e-01
