-2.401731843437692415e+00
-2.398163618524633112e+00
-2.396570401585617738e+00
-2.392303549561243248e+00
-2.386647177416715948e+00
-2.375260466912038737e+00
-2.415384595287478398e+00
-2.401783071707338735e+00
-2.393993907829817580e+00
-2.382367211187800926e+00
-2.363539388642971861e+00
-2.332538535599549157e+00
-2.306764824375874046e+00
-2.294174671705569324e+00
-2.263627274882163753e+00
-2.199000749502348917e+00
-2.063179200489775766e+00
-1.715817769348170208e+00
6.735698645133341156e-01
-4.145683453910466554e+00
-3.220893299681863553e+00
-2.906355681805730118e+00
-2.754072579184238645e+00
-2.706712984653111054e+00
-2.681383319272139687e+00
-2.649870506355337163e+00
-2.679273983398688053e+00
-2.778647721614233124e+00
-2.809219111981132500e+00
-2.752806709642807714e+00
-2.675663312946022998e+00
-2.606861927333980589e+00
-2.564070022875686750e+00
-2.110119084958382629e+00
-2.376249379540770867e+00
-2.379344676468023501e+00
-2.367947432095851568e+00
-2.352979949420658468e+00
-2.333582469339738896e+00
-2.310804219991163144e+00
-2.298210208003277799e+00
-2.285012545812407314e+00
-2.256529747822695775e+00
-2.191825545254670438e+00
-2.010984914306927607e+00
-1.092115976512983977e+00
1.689923936953064754e+00
-6.244401594160746694e-01
-5.981086084734499320e-01
2.090392316298173725e+01
-3.789440057948525009e+00
-3.113704805790869834e+00
-3.333318827254302619e+00
-1.964223216439891173e+00
-2.184843680798302934e+00
-2.122924793820082812e+00
-1.869043655609367915e+00
-5.404714098644605169e-01
-5.771438115794472523e+00
-3.293780448210766654e+00
-2.901735459507729153e+00
-2.767667249689681697e+00
-2.795478952812650686e+00
-3.063472108002289751e+00
-3.178643187697664185e+00
-2.864967499661393191e+00
-2.696317554149850526e+00
-2.614078936778335915e+00
-2.566694194986846256e+00
-2.539470347170956543e+00
-2.529280324873114161e+00
-2.526540435887170588e+00
-2.517725463345921622e+00
-2.502636618953070879e+00
-2.489547187929461725e+00
-2.478450479184569843e+00
-2.465982477150012286e+00
-2.452711755087261469e+00
-2.441562015716654432e+00
-2.432814207178082277e+00
-2.423502758951352476e+00
-2.413615633679059513e+00
-2.404040096289550288e+00
-2.394280052963272176e+00
-2.385054370666081169e+00
-2.376810513600216446e+00
-2.369918236369079612e+00
-2.363947161172359923e+00
-2.356893637296819222e+00
-2.349562913282115417e+00
-2.342884365760030896e+00
-2.336257787755557924e+00
-2.328410055136012069e+00
-2.318920880765908965e+00
-2.309932831038465917e+00
-2.301892245551135474e+00
-2.293867834531091887e+00
-2.287758144582174857e+00
-2.284184622211739679e+00
-2.279078845713068624e+00
-2.272095348332174858e+00
-2.263818698026457632e+00
-2.253696499926447494e+00
-2.243835852185926960e+00
-2.233800579529685137e+00
-2.226144462052236150e+00
-2.224116026942701385e+00
-2.225493676787008379e+00
-2.228390241352466106e+00
-2.229102567071712393e+00
-2.223764571154343006e+00
-2.210514981489049458e+00
-2.190844144290984286e+00
-2.135143467221476854e+00
-1.938220775856233091e+00
-1.582788103695725201e+00
-1.679801164501856459e+00
-1.897252154235037791e+00
-1.979103261389583812e+00
-1.979282530765023917e+00
-2.014104915289084197e+00
-2.085339080552021329e+00
-2.134181541783448655e+00
-2.156184613589898991e+00
-2.159916861035251934e+00
-2.142112849206017522e+00
-2.130843262546182615e+00
-2.147303973445773728e+00
-2.164460966312447887e+00
-2.175037615193519791e+00
-2.183230125803874877e+00
-2.188249897554359613e+00
-2.162029198623531379e+00
-2.083199395726789582e+00
-2.034291879820286919e+00
-2.069474209173323587e+00
-2.101873447441484188e+00
-2.122279168220080781e+00
-2.139755451002119724e+00
-2.154013500512549584e+00
-2.162390851345080911e+00
-2.141351351097043665e+00
-2.033069277918131412e+00
-1.916704957481419225e+00
-1.976194012466942151e+00
-2.045321967058470580e+00
-2.086443308935336027e+00
-2.111452029726678337e+00
-2.128683486368862177e+00
-2.139365830251916734e+00
-2.141530016077454412e+00
-2.138544688617282752e+00
-2.134361304756233313e+00
-2.128082266331143835e+00
-2.121115077168036933e+00
-2.113804080037616551e+00
-2.105853817357421498e+00
-2.099065977616829226e+00
-2.095064713918763921e+00
-2.093029836007330502e+00
-2.092518269347368509e+00
-2.092751311321483954e+00
-2.092960704624934554e+00
-2.094719965087518787e+00
-2.096396932284839920e+00
-2.096260260125981656e+00
-2.095337391870479848e+00
-2.094420801433558132e+00
-2.093107419676002223e+00
-2.091361801389413078e+00
