-6.709609020474522094e-04
-8.833669662551380886e-04
2.786249569211380478e-03
7.641617763719688039e-03
1.085380685133072870e-02
9.516650290192149586e-03
-4.765680044590419467e-02
-1.678649620136510312e-01
-2.403283747273234350e-01
-2.283538971670602546e-01
-1.854741915796002394e-01
-1.408196419038015290e-01
-1.213074121899975766e-01
-1.166733156583694142e-01
-1.026252628729267813e-01
-8.253684555534325507e-02
-6.215895585225928582e-02
-4.474396028311157514e-02
-3.069120686314372182e-02
-1.905294799184446830e-02
-1.031250103349102935e-02
-1.018478961315696929e-03
8.800028451382791925e-03
1.367550305055349399e-02
1.618547549171379246e-02
1.962782399241245340e-02
1.531562107606768662e-02
6.510212522526905021e-03
3.548336315294035263e-03
4.917182605755797062e-03
8.962783301966058269e-03
1.562448806407210414e-02
2.200326182319393628e-02
-3.860365845243765581e-02
-2.748393147062442310e-01
-4.596587479813248889e-01
-4.593636080221068507e-01
-4.274346061914122696e-01
-3.842859670867255772e-01
-3.424602891117790593e-01
-3.335767650553931873e-01
-3.249984069369720174e-01
-2.926167580413562841e-01
-2.361786839124194459e-01
-1.659150987010560852e-01
-1.013220132008182672e-01
-7.519659176886667185e-02
-7.841261394049278688e-02
-7.405867440742998353e-02
-5.512531713160759295e-02
-2.836880677049695779e-02
-4.156985591636172539e-03
-1.199081037845693525e-02
-1.140225973948170018e-01
-1.964727057545977429e-01
-1.787520055424521859e-01
-1.307810488341626665e-01
-8.836999096190142899e-02
-5.984489263969132444e-02
-3.058016983917673584e-02
-6.876473372594005262e-05
2.474521026019971259e-02
1.968296855232627707e-02
-1.223439559984765973e-02
-2.102556004031737313e-02
2.982793039990657563e-03
3.682433476212376711e-02
7.011852226460565940e-02
1.007106820481773191e-01
1.240639834018925497e-01
1.286351162387756042e-01
1.223283764944370078e-01
1.237369921645798121e-01
1.325905364892676352e-01
1.387344201722383319e-01
1.419080464500035166e-01
1.489552700761240800e-01
1.604669345781027934e-01
1.662296700710364783e-01
1.588253657144938769e-01
1.543216039574489273e-01
1.573657112149683956e-01
1.546315872700504968e-01
1.494636767020718071e-01
1.517133402128179875e-01
1.596016369222299780e-01
1.734158473186974414e-01
1.913359536927854709e-01
2.038538090486764487e-01
2.137675943461213590e-01
2.244636783599022467e-01
2.341658549551014490e-01
2.384741391359434803e-01
2.362886242617119881e-01
2.356388716543570960e-01
2.393549567338020545e-01
2.442065006876986966e-01
2.522140294569885643e-01
2.650446695261398644e-01
2.751645448128327565e-01
2.801680739467585779e-01
2.809739889800535462e-01
2.770626582141062499e-01
2.727445951436269778e-01
2.677788624296017495e-01
2.660763914968525823e-01
2.731564434146791509e-01
2.870108988407885087e-01
3.070059271303438031e-01
3.258422643209761826e-01
3.319270184500677234e-01
3.200863403627740578e-01
2.961876326750982336e-01
2.262504647255831336e-01
9.413073584259740167e-02
2.002208764856169831e-03
-1.107261504273251637e-03
3.744251961816370822e-02
6.540027779106989680e-02
6.431311040146009406e-02
8.106739918043084914e-02
1.341332556548898158e-01
1.940871963150747892e-01
2.383695349393434859e-01
2.611979110167579887e-01
2.504387363562627367e-01
2.462000003656031055e-01
2.827032409163541260e-01
3.296891625298942197e-01
3.720252301550985297e-01
4.148331556270758447e-01
4.554666280100035936e-01
4.188898737505863945e-01
3.003515638940953414e-01
2.464565993333099336e-01
2.871482829811278226e-01
3.413314270655199434e-01
3.904202609160946080e-01
4.442595807391562235e-01
5.016871179680396642e-01
5.521864479637644818e-01
5.248166700566084808e-01
3.529208251193604040e-01
2.386374056624142592e-01
2.822473566211807228e-01
3.668763502511989127e-01
4.492328630196132933e-01
5.206715055962694017e-01
5.865986630680942726e-01
6.488212144832059547e-01
6.937685135739395381e-01
7.222144051481593774e-01
7.428820929795894035e-01
7.529815424021186754e-01
7.586201258315843354e-01
7.615204518187745908e-01
7.603767707673182441e-01
7.622598781558405090e-01
7.732499272968120785e-01
7.918519757111736057e-01
8.163078894793741602e-01
8.436681711559965713e-01
8.712041356592444830e-01
9.053159123609889614e-01
9.418610666520975672e-01
9.750398302887216540e-01
1.004244375758612362e+00
1.028930849937610637e+00
1.051769746009027395e+00
1.074831094664256970e+00
1.099990812735575307e+00
1.127305018643623091e+00
1.156236706709883988e+00
1.185519510355883765e+00
1.213369912228423608e+00
1.238469904231899843e+00
1.260447870386102176e+00
1.279894217910948262e+00
1.298248911761318958e+00
1.316156133587331523e+00
1.333811439147420508e+00
1.352191648093075349e+00
1.372184338602041809e+00
1.394982399904447723e+00
1.421720014558034428e+00
1.450282670318996603e+00
1.479135602603125266e+00
1.506864755225524544e+00
1.532912383239970477e+00
1.557172853397496004e+00
1.578924533112238127e+00
1.599088592542505793e+00
1.619089958855541411e+00
1.640140270284248025e+00
1.662870721956919429e+00
1.688622652641125432e+00
1.717146436805434107e+00
1.747284739728372838e+00
1.777338915986452328e+00
1.804621561232628402e+00
1.827859415206331439e+00
1.848125723400358078e+00
1.866829406499754596e+00
1.884630928084336743e+00
1.902803802183837156e+00
1.922914423519461291e+00
1.945534605132416717e+00
1.968829423093059194e+00
1.991500270558997698e+00
2.013766493772104038e+00
2.034250951606119795e+00
2.052204955265263031e+00
2.068489807291698401e+00
2.084203348146355328e+00
2.100139421289994424e+00
2.116821531811153623e+00
2.135684522995307866e+00
2.157095458762147366e+00
2.179577939420466404e+00
2.201140885052863094e+00
2.220405534067109166e+00
2.237066692798491019e+00
2.252083419324775626e+00
2.266537571753775460e+00
2.280421297528923308e+00
2.294011878297778306e+00
2.307639078781898334e+00
2.321840215200535518e+00
2.337615429666732858e+00
2.355146487935464883e+00
2.373678529899747591e+00
2.391928361603767428e+00
2.409127229401811565e+00
2.424582580928072328e+00
2.438407859597359728e+00
2.450487219906473335e+00
2.460971439451010045e+00
2.471292507089324797e+00
2.482115944520112638e+00
2.494204948299797664e+00
2.508530558233326602e+00
2.524413072676362280e+00
2.541184052209774169e+00
2.556772884753444774e+00
2.568894218121343886e+00
2.578060989375453804e+00
2.585054231782241363e+00
2.590982770498768240e+00
2.596776902561256595e+00
2.603347738209684348e+00
2.611956800186865824e+00
