-2.902441046206388098e+00
-2.898015510197224920e+00
-2.888535967900663248e+00
-2.871699944802537541e+00
-2.862074156197742081e+00
-2.875453333420995516e+00
-2.897748771261783318e+00
-2.897234099355900483e+00
-2.892116565827870467e+00
-2.882280907285369231e+00
-2.866356998093831265e+00
-2.842236401911329757e+00
-2.825229441756869964e+00
-2.817642369201404762e+00
-2.799194922787734630e+00
-2.768134366935020907e+00
-2.723978867017108563e+00
-2.670528580745735070e+00
-2.617915252959884143e+00
-2.561588229646347692e+00
-2.516324531859243763e+00
-2.431868668281193191e+00
-2.264354498831641305e+00
-2.236514740700689785e+00
-2.291069766086321291e+00
-2.269774182125374296e+00
-2.441073277126453611e+00
-2.572129467189538055e+00
-2.596189378388712221e+00
-2.586223305917966009e+00
-2.559524965019837950e+00
-2.503749185631325425e+00
-2.441614973523059007e+00
-2.762727052109376746e+00
-2.860681007174343371e+00
-2.868344766723815109e+00
-2.857647775598598283e+00
-2.843467580559591923e+00
-2.826088624854699027e+00
-2.807369365155873098e+00
-2.799062363738676673e+00
-2.790305038790212411e+00
-2.770101356700808815e+00
-2.729236597073827930e+00
-2.650307807420473338e+00
-2.514033500207383032e+00
-2.470177458878244803e+00
-2.536375954544292988e+00
-2.549238957304521769e+00
-2.507186641797408022e+00
-2.419241956082093914e+00
-2.312579237724227799e+00
-2.430284103561603626e+00
-2.691228007434935066e+00
-2.744551382606701839e+00
-2.719397043244925705e+00
-2.664136729280453864e+00
-2.603276511421923178e+00
-2.557053805561732229e+00
-2.493375265617084668e+00
-2.408588073963016996e+00
-2.325625632220547523e+00
-2.409108330698102041e+00
-2.541810257605482182e+00
-2.558819456325275521e+00
-2.481175998992217302e+00
-2.333835224153959498e+00
-2.114058708835176326e+00
-1.754674870935688080e+00
-1.111935933440927116e+00
-1.210687752600182243e+00
-1.580372860483056696e+00
-1.473253144595635167e+00
-1.167414078463083982e+00
-1.046185187468639199e+00
-1.022398105723183015e+00
-7.074012847330225506e-01
1.408992728848061926e-01
1.000559654244950192e-01
-1.229825902962986550e+00
-1.580563120234745655e+00
-1.393140708924099913e+00
-1.266994161509082728e+00
-1.298647573841422265e+00
-1.162193771885818183e+00
-8.756559327740355281e-01
-5.700017863900064263e-02
2.714628623333128488e+00
1.195062911901682412e+01
-9.353085286173964619e+01
-2.326097812207030913e+01
-2.082492534570887344e+01
2.497323122026761766e+01
1.559734169694823702e+00
2.148072849751860858e-01
1.591861539208583753e+00
1.919207624920399979e+01
-1.135360109530190442e+01
-6.409941768900285552e+00
-5.330780967254876934e+00
-5.264080079921924060e+00
-6.004518474028600394e+00
-1.024839736998268336e+01
1.388129112393391651e+01
9.471359369723391097e-01
-4.515531932833376505e-01
-5.956676457689684678e-01
-1.741240305002571542e-01
4.054592969513022283e+00
-1.868882640094887648e+01
1.860425417232134748e+01
-1.102580906140781858e+00
-2.103909600782694067e+00
-2.559442186563390287e+00
-2.725865030142641920e+00
-2.760494633417967858e+00
-2.748451786517882134e+00
-2.716665654707417055e+00
-2.692270743084906215e+00
-2.692619156875931452e+00
-2.679221778205150173e+00
-2.629142602086943725e+00
-2.554909393418578034e+00
-2.495113287279582703e+00
-2.476409183929347169e+00
-2.530201977243932365e+00
-2.550259228837713721e+00
-2.480875814794031964e+00
-2.346656873972316593e+00
-2.162992476022393973e+00
-1.809927037214291712e+00
-8.437247219207367754e-01
-2.088699447208585358e+00
-2.568578419223764620e+00
-2.617046785599502101e+00
-2.529521229777065283e+00
-2.361946928653397393e+00
-2.092279388189387745e+00
-1.319930982623628513e+00
4.697260296864463385e+02
-4.889398324877243240e+00
2.744914280019483677e+00
-2.534622675071792841e+00
-2.648419545728738278e+00
-2.564887617360161354e+00
-2.297894845034911704e+00
-9.840383346402842291e-01
-6.791781052691474585e+00
-4.050144460584554906e+00
-3.537438341479631099e+00
-3.368822816871033687e+00
-3.302605362839762027e+00
-3.274660469397976836e+00
-3.277127716272834057e+00
-3.283831921900898010e+00
-3.293783717348993445e+00
-3.315607234305453233e+00
-3.319878929983741234e+00
-3.282702975669437251e+00
-3.225883783230397928e+00
-3.174263400884106190e+00
-3.134171989498537592e+00
-3.104370273594838636e+00
-3.074320045506800714e+00
-3.048362093034907350e+00
-3.028095171715960099e+00
-3.010341270229207833e+00
-2.994880853701069157e+00
-2.981737279874606461e+00
-2.970276593986287850e+00
