-4.879400824937175085e-01
-4.894042347204512478e-01
-4.919786173852999100e-01
-4.955177916798470528e-01
-4.979673266670722742e-01
-4.969424520424559066e-01
-4.903222561586892403e-01
-4.900407504398371361e-01
-4.914571075265601885e-01
-4.939238056718651682e-01
-4.971858655138209349e-01
-5.011246004881694249e-01
-5.044798289569193406e-01
-5.071559824052055410e-01
-5.107325073202527710e-01
-5.153311208153252831e-01
-5.208575735229313830e-01
-5.270941281916381449e-01
-5.337591431934394226e-01
-5.410881904592150793e-01
-5.487811030524487599e-01
-5.581715392134654063e-01
-5.704607623610442602e-01
-5.813261548468409146e-01
-5.904288837492941422e-01
-6.015456862977036634e-01
-6.034589048117469101e-01
-5.976808315134641836e-01
-5.971062241830781270e-01
-6.001278094401408802e-01
-6.054974526814580482e-01
-6.147733619399318172e-01
-6.257025851179166542e-01
-5.700257274690480047e-01
-5.194883583852640818e-01
-5.097563933594801977e-01
-5.104537593419719022e-01
-5.125477860218418114e-01
-5.153638406904876845e-01
-5.185750418718393373e-01
-5.206292379774795087e-01
-5.227813982531539505e-01
-5.264131591734315663e-01
-5.321790688148626547e-01
-5.406161703391532125e-01
-5.513952208283934286e-01
-5.599700785317571761e-01
-5.643501220926212536e-01
-5.696738349185271888e-01
-5.780279023990897436e-01
-5.896041957140076839e-01
-6.030892440285324785e-01
-6.065419203602189224e-01
-5.805597423661250644e-01
-5.652084916684225746e-01
-5.673221788126487919e-01
-5.753158983390773695e-01
-5.842690814287904155e-01
-5.921284217185429632e-01
-6.021674773171411532e-01
-6.147726711271883637e-01
-6.283273302051382014e-01
-6.310648255693878106e-01
-6.210849908880964332e-01
-6.192733697082861699e-01
-6.308383815832196984e-01
-6.503157029249057031e-01
-6.754275628469230686e-01
-7.082254803019824019e-01
-7.513363806688617696e-01
-7.819199497288846779e-01
-7.971831584024725581e-01
-8.311077183911048660e-01
-8.817672102274785040e-01
-9.307318038123089110e-01
-9.788943015626251354e-01
-1.052946356543359885e+00
-1.175816125333815743e+00
-1.278848606042323199e+00
-1.214836412859380710e+00
-1.165441440450492250e+00
-1.229043139261953854e+00
-1.292605810910550046e+00
-1.319971978601220730e+00
-1.390748610702464916e+00
-1.518769304115967334e+00
-1.807525304390139365e+00
-2.567090491860357648e+00
-4.659149776013411071e+00
-4.397983526396770770e+01
5.951621927790285760e+00
2.952128066187895250e+00
2.718393774222057857e+00
4.799008668065439132e+00
9.184236333218979809e+00
4.516200301779888626e+00
1.936231135105663359e+00
1.046128709166236792e+00
5.895692048930808449e-01
3.500368908846250848e-01
2.513354144154508196e-01
2.393135156252704787e-01
3.025392081852479320e-01
4.347025861602485941e-01
6.930892980376138768e-01
1.146527886255192197e+00
1.585154709825384867e+00
1.682672428230485018e+00
1.080419050817386761e+00
6.555057893123984458e-01
7.357529630135072329e-01
3.104644237644266003e+00
-2.100235240598193442e+00
-8.519011295583520660e-01
-6.391101877496029315e-01
-5.903261998583103631e-01
-5.803731299975680713e-01
-5.810497004878552030e-01
-5.813443365478445646e-01
-5.774078942302207640e-01
-5.768774153829331341e-01
-5.833674557710657460e-01
-5.934152636401128778e-01
-6.026060275701295987e-01
-6.087324161090457153e-01
-6.070927175005196297e-01
-6.062837764433672838e-01
-6.161748570629224098e-01
-6.330043132024583130e-01
-6.538835669255148586e-01
-6.836082356857732245e-01
-7.289624117685610249e-01
-7.110594360397786140e-01
-6.457514183867529844e-01
-6.253346420838792330e-01
-6.375920166295310221e-01
-6.611255906049386954e-01
-6.920831351330514192e-01
-7.440447482344760832e-01
-8.493806687796158217e-01
-1.086973493407953795e+00
-1.028351130441668815e+00
-7.132036989283536688e-01
-6.447578770822706140e-01
-6.562418432960914760e-01
-6.999705341071493780e-01
-7.914397606512417749e-01
-9.850613126472961278e-01
-1.754655202390116742e+00
1.142966153911243676e+00
2.159515214680329809e-02
-1.659122532888384072e-01
-2.413952049774051867e-01
-2.766761146773348834e-01
-2.989084853507240069e-01
-3.141344976130399091e-01
-3.231571751836116446e-01
-3.321699809048840324e-01
-3.453393679525089688e-01
-3.611827855934626186e-01
-3.767325004829877866e-01
-3.904891274447257477e-01
-4.020774213580959877e-01
-4.131754642826149793e-01
-4.232428161662569188e-01
-4.317439160576374002e-01
-4.392761193420008370e-01
-4.459192229469396418e-01
-4.517107295175596393e-01
-4.568001647147954536e-01
