-1.897525615895370166e+00
-1.897014083966603426e+00
-1.896780254953604139e+00
-1.896179776397531658e+00
-1.895387711358745619e+00
-1.893857985116137677e+00
-1.899733136010558709e+00
-1.897579178788273202e+00
-1.896463874535429195e+00
-1.894882253519189375e+00
-1.892451814257271492e+00
-1.888697995913213745e+00
-1.885429675981797892e+00
-1.883457651715087389e+00
-1.879525316138755509e+00
-1.871933358058383456e+00
-1.857441319903973653e+00
-1.826308123495027580e+00
-1.718456539393467430e+00
-2.705896220306087230e+00
-2.054530585114704433e+00
-1.980894169774444213e+00
-1.952644994899660258e+00
-1.943440290767170398e+00
-1.938462384010936956e+00
-1.933341456276571613e+00
-1.935753349175616478e+00
-1.945390345799478338e+00
-1.948134253419101958e+00
-1.942620048811928068e+00
-1.934253076045723718e+00
-1.925998647049589341e+00
-1.920374782532616287e+00
-1.822494252437941498e+00
-1.893333346213429635e+00
-1.894116552031294809e+00
-1.892640990165336934e+00
-1.890694436225985653e+00
-1.888204174907086141e+00
-1.885280613703949726e+00
-1.883470823516830928e+00
-1.881582001912417423e+00
-1.877875664573633863e+00
-1.870048740498336581e+00
-1.850672341164679269e+00
-1.783845444351660925e+00
-1.655489101074240077e+00
-1.695889449514103475e+00
-1.658142361342625382e+00
8.737587734082685742e-02
-2.109053478316172292e+00
-2.002291059033743270e+00
-2.019192696505715201e+00
-1.813621742824622407e+00
-1.860816307969032302e+00
-1.852452651451369059e+00
-1.814918655989837148e+00
-1.622683405373674281e+00
-2.395598683751717584e+00
-2.027454191821187468e+00
-1.969793468760249633e+00
-1.949691939614491609e+00
-1.950675597123459504e+00
-1.974805404768003481e+00
-1.983746652302854852e+00
-1.955934538410019963e+00
-1.937080927261505048e+00
-1.926657654147754917e+00
-1.920265283285922164e+00
-1.916386451634504606e+00
-1.914634992855095863e+00
-1.913831624509558127e+00
-1.912443103989121207e+00
-1.910415899338645529e+00
-1.908602770171241136e+00
-1.907016915738961149e+00
-1.905306835186906911e+00
-1.903524416115769391e+00
-1.901957680883664237e+00
-1.900621183932658109e+00
-1.899246982279677809e+00
-1.897838409070304877e+00
-1.896419370726040832e+00
-1.894960921905514351e+00
-1.893625223095511512e+00
-1.892458287360718305e+00
-1.891505438499048397e+00
-1.890701892707346232e+00
-1.889735001466888775e+00
-1.888717367674648040e+00
-1.887790322782958885e+00
-1.886867637547123833e+00
-1.885770122288110251e+00
-1.884431903037965483e+00
-1.883143517140442480e+00
-1.881974551392480377e+00
-1.880803192294238757e+00
-1.879886094387032580e+00
-1.879327287717981187e+00
-1.878585177979670062e+00
-1.877587425520505393e+00
-1.876406773227370373e+00
-1.874959602859799457e+00
-1.873522268686886427e+00
-1.872046135273609746e+00
-1.870869563505315858e+00
-1.870463538894395095e+00
-1.870572607232333207e+00
-1.870949671785982371e+00
-1.871075175594747897e+00
-1.870379424341814589e+00
-1.868574760314506200e+00
-1.865838130407476481e+00
-1.858312759617956056e+00
-1.833505479465458388e+00
-1.790261857179263227e+00
-1.793090596810977821e+00
-1.818602987017222672e+00
-1.830022377621984164e+00
-1.830047442408126779e+00
-1.835328779185315007e+00
-1.846600589249479896e+00
-1.854695415091556221e+00
-1.858650783553564612e+00
-1.859733410015563804e+00
-1.857564478263313390e+00
-1.856122480562271582e+00
-1.858552892569635961e+00
-1.861184732898035543e+00
-1.862918899947413776e+00
-1.864300262018440790e+00
-1.865214870183353968e+00
-1.861804198092665397e+00
-1.851256707571188098e+00
-1.844092476014563386e+00
-1.847970308106567039e+00
-1.852195942657439476e+00
-1.855096271415958675e+00
-1.857721541655234176e+00
-1.859951983730815162e+00
-1.861365093813439842e+00
-1.858673354393003185e+00
-1.844241343342825967e+00
-1.827994049709914526e+00
-1.834188310060768101e+00
-1.843303778946946192e+00
-1.849283118772184320e+00
-1.853170480847803114e+00
-1.855974823291660414e+00
-1.857817713417607264e+00
-1.858405849016241396e+00
-1.858196195348506219e+00
-1.857752046022046910e+00
-1.856964755325756444e+00
-1.856029857390852911e+00
-1.855008638050607006e+00
-1.853865350781779275e+00
-1.852851072741674043e+00
-1.852204219713147415e+00
-1.851838199027856069e+00
-1.851700482150868465e+00
-1.851691636645922401e+00
-1.851700196992619452e+00
-1.851938041911974198e+00
-1.852187891604772485e+00
-1.852197375545358682e+00
-1.852094590804342245e+00
-1.851986251478394019e+00
-1.851819111845313337e+00
-1.851585588507193458e+00
