-1.108260726103111465e-02
5.236628401981927028e-03
5.420493614953942468e-02
3.660383630029107049e-02
3.460190216678400710e-02
-3.319664300821094371e-02
-8.974946533720462583e-01
-1.266745516898599710e+00
-3.725165577209366141e-01
8.583676299732301285e-02
2.244438754811518000e-01
2.270997421838114039e-01
-9.534236540129062409e-02
-8.390790897766814416e-03
7.705892356108336172e-02
1.262442839999581012e-01
1.239466026348561012e-01
1.136304042587256979e-01
9.690910165665284071e-02
9.433801818351113255e-02
6.595806637184956078e-02
1.123573971707628461e-01
9.180062455691882783e-02
4.287084845080953860e-02
5.266975963688382001e-02
5.957882189309727378e-02
-7.189297980304368285e-02
-3.865882591708999505e-02
8.221172812911231934e-03
3.049258546881958645e-02
5.671158434411354560e-02
8.351872852251962520e-02
6.669830920215394365e-02
-1.013377205094417866e+00
-3.054471140646882965e+00
-8.098818458026599831e-01
-1.218697161170744780e-01
-1.818999315927585791e-01
1.532525139947981951e-01
-6.503413494932752670e-02
-3.148263071402452873e-01
-6.814830301821239722e-02
1.235664118521125898e-01
4.141496137230348817e-01
4.892679064540682576e-01
4.593998890893419285e-01
-3.379993391637614586e-02
-3.507607848441604559e-02
7.031691830765263163e-02
2.129228462400324928e-01
2.405859866887412601e-01
2.166130725820439029e-01
-2.535419647985955316e-01
-1.408444804078563095e+00
-2.437440024341333833e-01
1.976413693797358928e-01
3.435337581090054937e-01
2.209736519854207937e-01
1.872322825678699454e-01
2.828417802270759562e-01
2.686944139151721256e-01
2.400036020591920227e-01
-1.876251075094212684e-01
-2.624856468805704668e-01
1.181272937201475748e-01
2.950761299821244021e-01
3.428758151066882975e-01
3.533443299900906331e-01
3.582168484310832568e-01
2.857484358038931971e-01
7.714150775721342890e-02
8.544357972510230326e-02
1.843091378717532924e-01
2.138890652977494256e-01
1.541704064674664643e-01
1.659314448868988989e-01
2.203905809416132622e-01
2.539729683839735963e-01
1.465453584472149740e-01
3.286331460968469620e-02
1.647653413863429395e-01
1.577860251911379352e-01
7.234995537217092654e-02
1.020141548385898878e-01
1.857664902770787829e-01
2.062340279689660327e-01
2.996732261090081506e-01
3.076788665844003012e-01
2.429728446351134830e-01
2.785316393457478723e-01
2.734100291037813713e-01
2.771965181566942160e-01
1.980419673666816149e-01
1.653383752097036807e-01
2.108954556878811504e-01
2.362104292013580409e-01
2.357125593042645462e-01
2.943009097698871535e-01
3.329203424852087423e-01
2.742629195265477993e-01
2.580442470310728709e-01
2.081394362472481774e-01
1.722393162339935779e-01
1.862172504705877363e-01
1.511194456634511463e-01
2.246833155851089558e-01
2.979006727552478972e-01
3.556474020614481257e-01
4.294853266370923794e-01
3.788957860982697379e-01
2.458209098655858016e-01
7.603147107111374314e-02
1.796276693111664713e-03
-7.418738940442064500e-01
-1.231839130289529294e+00
-3.787695262117704575e-01
1.556132094117779474e-01
3.762449744828181286e-01
9.526439445864026689e-02
-6.392833908345389726e-02
3.789360813761148972e-01
6.143059974338146434e-01
6.201084700711669839e-01
4.691441870756994925e-01
3.288927861090295002e-01
-6.614312299238564452e-02
3.668369761283443165e-01
6.298961192520121655e-01
6.288806719576676141e-01
6.354245561304550094e-01
7.074981912461134614e-01
6.752716335362900502e-01
-5.076959259926087098e-01
-8.770370289531155272e-01
2.837747494259804659e-01
6.909080805344750553e-01
6.315629847387054241e-01
7.088022064935788347e-01
8.086109809920952740e-01
8.735988437007495833e-01
7.994455750868854071e-01
-3.373793689208346436e-01
-1.765329757799348309e+00
1.335600269084426528e-01
8.024535607975287199e-01
9.750053458142564633e-01
9.547589189131810983e-01
9.515230080589525130e-01
9.925233846650538538e-01
1.006915537624359924e+00
8.096637150285582729e-01
7.805545455381291964e-01
7.063999644146730095e-01
6.150588960173826170e-01
6.257162306279914210e-01
5.641443561221604064e-01
5.450462452535098645e-01
5.972108851311702660e-01
6.956021615145560055e-01
7.484246075554238375e-01
8.193689840104659838e-01
8.400958998139399503e-01
8.674203077342679258e-01
9.930356193258800257e-01
9.718233656223477235e-01
9.821276359325590288e-01
1.001721412175669235e+00
1.031239091363696625e+00
1.020403287703097961e+00
1.034996088374826373e+00
