4.899729482597505598e-02
5.393661017778017541e-02
9.946006389891909327e-02
8.649476260602884103e-02
9.780028112443800437e-02
2.075795318210230458e-02
-8.840660765573787883e-01
-1.332518220465858327e+00
-4.835690796241002842e-01
-1.210626719107046889e-02
1.633470860212111464e-01
1.988160238554960713e-01
-1.077292411840445191e-01
-1.935096263099218838e-02
7.895850360418724123e-02
1.540215335371474259e-01
1.623795634585969427e-01
1.728846846018643468e-01
1.737529177665873836e-01
1.736120613460933326e-01
1.559728502194319966e-01
2.019835467495638137e-01
1.848277600116110531e-01
1.494952981242697043e-01
1.623370700901702879e-01
1.629948541892259350e-01
3.167173960454448128e-02
5.900180865752386455e-02
1.038613913862114491e-01
1.342030258864672643e-01
1.675902136323609293e-01
1.985446600249124172e-01
1.858214303349123020e-01
-9.405813048949720478e-01
-3.140961094232829875e+00
-1.017103199202397334e+00
-3.235398515163021571e-01
-3.450173389893939069e-01
4.600348542177762345e-02
-1.419310257395771657e-01
-3.667823023656496817e-01
-1.129030907075202483e-01
1.037880258020647262e-01
4.396390219627442364e-01
5.799277225861149132e-01
5.964613968439480551e-01
1.194085648129804278e-01
1.256200917613911616e-01
2.379049077223044373e-01
4.110673984619900856e-01
4.594900055985440268e-01
4.500063900356057189e-01
-2.787899122187419143e-02
-1.247145041129666954e+00
-1.297923048734682117e-01
3.369470742228845017e-01
5.250064999652432896e-01
4.627634138318116874e-01
4.315424887572513746e-01
5.507348660044282251e-01
5.727747617770218014e-01
5.453547750726484011e-01
1.123083232938409670e-01
2.596470970726495742e-02
3.715771397519011532e-01
5.482828956772451967e-01
6.406903217436674680e-01
6.859767778864864773e-01
7.050347576204739619e-01
5.910253539170894355e-01
4.129067385923632649e-01
3.519879188173632434e-01
4.546983673057161113e-01
5.311557125670995916e-01
4.569382594521532726e-01
4.677850719998297713e-01
5.329703887664826167e-01
5.920357591003022613e-01
4.857915211164170466e-01
3.905141287036372200e-01
4.950829158195511059e-01
4.256600808309509154e-01
3.062008526726071045e-01
3.457960986505811407e-01
4.696337800507453530e-01
5.140144584105783565e-01
6.459841198072651114e-01
6.812536070882351247e-01
5.808300548364540017e-01
6.527448852893682485e-01
6.806772416678130710e-01
6.955199105427203321e-01
6.265054009759705167e-01
5.849582221405950078e-01
6.121224714844342163e-01
5.702511126912463979e-01
5.585057925396692546e-01
6.615207194886394415e-01
7.300579609519606272e-01
6.387237198274804406e-01
6.643001869249697267e-01
6.068705912813957548e-01
5.807475115331515170e-01
6.015197040815980500e-01
5.644050521996717418e-01
6.684021072655588203e-01
7.842743788008532668e-01
8.733240024909626475e-01
9.367138088742894553e-01
9.078007118519343388e-01
8.011784128367083202e-01
6.397420385378618235e-01
5.400141244366168936e-01
-2.124299481977134918e-01
-8.073354140014058489e-01
-1.450094667462376030e-03
5.427280562077457793e-01
8.070509115859475502e-01
5.626194074159951430e-01
4.133474729129067438e-01
9.145129582655915357e-01
1.181265720426645682e+00
1.271611638267066136e+00
1.147379330467139358e+00
9.970321564297563999e-01
5.609850790855999136e-01
1.031825958402756704e+00
1.312182646303829081e+00
1.336267729503246349e+00
1.374736063951780274e+00
1.458419758706223757e+00
1.409295030358871603e+00
2.140021831809606478e-01
-3.129631378105149908e-01
8.221838052908851946e-01
1.258515640971728633e+00
1.228714289435244966e+00
1.366209818868389547e+00
1.493143686746452481e+00
1.576638149373312370e+00
1.541403245231960817e+00
4.475912103136026055e-01
-1.241727475325907992e+00
5.789388966126571834e-01
1.320798122082867732e+00
1.484753880770488754e+00
1.490974497162053325e+00
1.657158312662479593e+00
1.704522918182521440e+00
1.627675105325163463e+00
1.425396332633481311e+00
1.411823671511770462e+00
1.417653598289110306e+00
1.355942916387224972e+00
1.358356422638762773e+00
1.317238454863321362e+00
1.312704672708805198e+00
1.318285074136595236e+00
1.369534350420167135e+00
1.368792770246771262e+00
1.450642607983014143e+00
1.468821416166094185e+00
1.530465496566204120e+00
1.603552570915972586e+00
1.607485222728311625e+00
1.575011679556197919e+00
1.588926823697055735e+00
1.617382993510816602e+00
1.625015825840595340e+00
1.647440004313860173e+00
