1.538990731945472731e-06
1.163457214525590181e-05
4.129746620182919047e-05
1.092552670992879421e-04
2.107053111744892752e-04
3.342819381463522899e-04
3.435136087583511716e-04
-2.008411319690664226e-04
-1.426896019427636129e-03
-2.879423948873954982e-03
-4.222056180031699690e-03
-5.342187542686126916e-03
-6.269352622377791402e-03
-7.147067446428112363e-03
-7.962941730847468771e-03
-8.665105500356736282e-03
-9.225970320760033122e-03
-9.649711454175083011e-03
-9.949055848162538518e-03
-1.013883196975931371e-02
-1.023267872133057886e-02
-1.024412394815983271e-02
-1.016427911863461084e-02
-1.000943243560076593e-02
-9.805993648553180606e-03
-9.557431566532546482e-03
-9.279940200736714120e-03
-9.030741231606265532e-03
-8.802804863464125731e-03
-8.567933296448471472e-03
-8.307119811710882498e-03
-8.003469782668061472e-03
-7.646400357318934235e-03
-7.372250942194890147e-03
-7.913050456655282630e-03
-1.000693478074279538e-02
-1.269679983041476119e-02
-1.539892985083973764e-02
-1.801417928924355441e-02
-2.041588474018990115e-02
-2.270098166387782973e-02
-2.497737626315810894e-02
-2.713595910533449576e-02
-2.903304766855880487e-02
-3.051755552172159477e-02
-3.154471483804054815e-02
-3.220151521561056412e-02
-3.273598832799452796e-02
-3.319735418243168618e-02
-3.352625052562326763e-02
-3.364933977561331002e-02
-3.355329097467819877e-02
-3.331570918291402311e-02
-3.329987466910507010e-02
-3.393379956905986233e-02
-3.472965274059609114e-02
-3.533288255317455773e-02
-3.564859719094584656e-02
-3.572911483955475143e-02
-3.560569326359314807e-02
-3.525106665447122478e-02
-3.467563892168089301e-02
-3.395998638958852567e-02
-3.331996892808727906e-02
-3.278899725841243756e-02
-3.218353899499430681e-02
-3.138383085674903428e-02
-3.035357603309494362e-02
-2.909144838012704334e-02
-2.761880172264373143e-02
-2.601392690887111697e-02
-2.438663218074396677e-02
-2.275686316447574076e-02
-2.107626027215478773e-02
-1.932388122972682545e-02
-1.752814513326516818e-02
-1.568743808145352248e-02
-1.377264863954284421e-02
-1.177620936436780952e-02
-9.760134490865509868e-03
-7.770927806567396595e-03
-5.767990035807248408e-03
-3.765485470472304617e-03
-1.806488480856857128e-03
1.293898542506822808e-04
2.096281267309889687e-03
4.128844751313243827e-03
6.276102218270087317e-03
8.539743220719748715e-03
1.088297218346520254e-02
1.331447967978937816e-02
1.583703049214342171e-02
1.843878534800406574e-02
2.107611519842435971e-02
2.372593596879540509e-02
2.639980295383078518e-02
2.909848010910324675e-02
3.182714396135778723e-02
3.462369074063782748e-02
3.750549858483445687e-02
4.043940476406032714e-02
4.340802471000313606e-02
4.638124252332349179e-02
4.934061522802284105e-02
5.228688751638069232e-02
5.521663293263910643e-02
5.817603459292730594e-02
6.122016300533430350e-02
6.439105890622738582e-02
6.771198015140648951e-02
7.114532803072606826e-02
7.460335191463689231e-02
7.798616939950471505e-02
8.115604964225313356e-02
8.372388886708717615e-02
8.551568805034925891e-02
8.696992124183350326e-02
8.847028930999562002e-02
9.014724271990044724e-02
9.187670055586649731e-02
9.361210882394718769e-02
9.557388859048723817e-02
9.790939729897811528e-02
1.006174058943484634e-01
1.035931791978965677e-01
1.066875849290894879e-01
1.097437169627047404e-01
1.129517815363716010e-01
1.164686205982659595e-01
1.203050569466887904e-01
1.244546258989304155e-01
1.289243480988248036e-01
1.335409660765583817e-01
1.377074711640258464e-01
1.412727109621406130e-01
1.447998723712965452e-01
1.485968099060615277e-01
1.526795619695545947e-01
1.570805426043856423e-01
1.618444122964380338e-01
1.669806830134391851e-01
1.723114973834781183e-01
1.771360562993239962e-01
1.809065180794661720e-01
1.844567076129419170e-01
1.883350490793912202e-01
1.926671591154033858e-01
1.974416431976412090e-01
2.026590111392125859e-01
2.083087362035049572e-01
2.143285849232741125e-01
2.205964674237463063e-01
2.270574610563873552e-01
2.336662917400211259e-01
2.403718172022440425e-01
2.471542439832538629e-01
2.539822666668409279e-01
2.608439031975794409e-01
2.677586479872467451e-01
2.747649950821529630e-01
2.818876959385237524e-01
2.891581795695685742e-01
2.965877269147974005e-01
3.041976599084671440e-01
3.120244663091575887e-01
3.200577384309410411e-01
3.282801648107699921e-01
3.366885824479863842e-01
3.452841071138395557e-01
3.540568507081245930e-01
