-3.300287836805953362e-03
-7.513598668828235655e-03
-6.391760825637483531e-03
-3.496349345086828195e-03
-2.495009994964832167e-03
-5.785043566680116156e-03
-6.409800046404556806e-02
-1.847148410620875203e-01
-2.570058047776966337e-01
-2.449005727015047262e-01
-2.023472025061842094e-01
-1.583522869288831181e-01
-1.395547540366766093e-01
-1.353670180760715436e-01
-1.216560347714860102e-01
-1.024885615065768418e-01
-8.324477880209470160e-02
-6.709766188559967981e-02
-5.488881473776863196e-02
-4.495926295695162889e-02
-3.776407346902486278e-02
-2.980768293453831680e-02
-2.089911664583155720e-02
-1.731824116491693585e-02
-1.653963535490801662e-02
-1.440704026215126020e-02
-1.980346843027798454e-02
-2.977488679679556743e-02
-3.385056439634862718e-02
-3.388083320530434900e-02
-3.163593235106969270e-02
-2.679676581798491261e-02
-2.209153751641772245e-02
-8.390912872832423375e-02
-3.202268195956373686e-01
-5.036291092375869693e-01
-5.017917528957447360e-01
-4.691273621790533199e-01
-4.267431341590742777e-01
-3.863173127699877640e-01
-3.790221836499733654e-01
-3.720136492535671136e-01
-3.407483999729596924e-01
-2.855111637582559703e-01
-2.173764022349916614e-01
-1.555720511346665724e-01
-1.320364668861988555e-01
-1.378477710501402054e-01
-1.363298451314876869e-01
-1.209215267443180392e-01
-9.825823186802064291e-02
-7.787370331385021216e-02
-8.910102849188708540e-02
-1.941169058423893867e-01
-2.791435619587905870e-01
-2.645240113623638645e-01
-2.203884024650609452e-01
-1.832924692140423528e-01
-1.599939981864612060e-01
-1.349018975242446683e-01
-1.091250836255016066e-01
-8.864613157601902715e-02
-9.706691037204767669e-02
-1.324113454995307915e-01
-1.434256398839403868e-01
-1.198735544422284832e-01
-8.733123799602714177e-02
-5.713126073599909815e-02
-2.990462034187867449e-02
-7.209375331862978575e-03
-2.771555118439919529e-03
-7.994131001769589490e-03
-3.822794615717312224e-03
4.801824475310631675e-03
9.431376542390788528e-03
1.176106473859209883e-02
1.749504259177769513e-02
2.642875363457606111e-02
2.901622246800734939e-02
1.768151741145989470e-02
9.731755073585353008e-03
1.327863541430449219e-02
1.440224782035859005e-02
1.261272520550334002e-02
1.501256882498801931e-02
2.033662991480738105e-02
2.971388897638201770e-02
4.181777522413043097e-02
5.050058252690367566e-02
5.727845303648482211e-02
6.262656944215275190e-02
6.626092703341335266e-02
6.461541593305047959e-02
5.710419994622488449e-02
5.266049189476856851e-02
5.644286604768821575e-02
6.408789716118550028e-02
7.261169297944690404e-02
8.281032251476549977e-02
9.110942533872837257e-02
9.396644328918926647e-02
9.133769312877276780e-02
8.392251649095207322e-02
7.537054265243349482e-02
6.605091391701044257e-02
5.891636041425882264e-02
5.818791639687314471e-02
6.270327568848600708e-02
7.466718014362688782e-02
8.680824149438860771e-02
8.538817879388090060e-02
6.518862175523704172e-02
3.367852730502281233e-02
-4.421634137273627863e-02
-1.836375566148773786e-01
-2.814687610169709364e-01
-2.904238620162862272e-01
-2.582345806458322124e-01
-2.373623411095185654e-01
-2.456728254268270850e-01
-2.375230493245758800e-01
-1.936341150304110581e-01
-1.436193515467420467e-01
-1.098350924748138779e-01
-9.513428832638302912e-02
-1.108460775923963415e-01
-1.202837496646884663e-01
-9.024054023791523715e-02
-4.904976612518437140e-02
-1.249315915893326606e-02
2.500285207384995989e-02
6.261128561472090182e-02
2.355160731617408909e-02
-9.470149367621015501e-02
-1.461668939212096285e-01
-1.048866469753717001e-01
-5.104283117345473353e-02
-4.144468953555108248e-03
4.621291558635776814e-02
1.009356875913787338e-01
1.486135097013375761e-01
1.149866211445655789e-01
-5.845586079672852875e-02
-1.680089740458374781e-01
-1.230311815778138695e-01
-3.710113000350608037e-02
4.911579712542007981e-02
1.184929218218469665e-01
1.785943937541560889e-01
2.422577388130053855e-01
2.938420168129630694e-01
3.279240280676648522e-01
3.489525083789713489e-01
3.544593072968728054e-01
3.550276586239644594e-01
3.523864947029571870e-01
3.443567639236381761e-01
3.410685090021156052e-01
3.511399749307759777e-01
3.730895743805278109e-01
4.015981854485677349e-01
4.321012787571102409e-01
4.611825333009043626e-01
4.980534764450798568e-01
5.385018382756487920e-01
5.758031767322794314e-01
6.135795590552113321e-01
6.511331010616042692e-01
6.855947585793817911e-01
7.163991971849841267e-01
