-1.937873137918364019e+00
-1.935840234598420917e+00
-1.926670340528445546e+00
-1.956208423628613025e+00
-1.944224710847845650e+00
-1.947842376938428988e+00
-1.937703201442703804e+00
-1.936437179311027101e+00
-1.934191216688461168e+00
-1.930419394169319958e+00
-1.924695088915497232e+00
-1.916410446329568806e+00
-1.909606392432245059e+00
-1.905405044103595458e+00
-1.897757119266055836e+00
-1.885194414246266659e+00
-1.866475468979415187e+00
-1.840616355748553090e+00
-1.806779507363852622e+00
-1.759102090060126411e+00
-1.698670807745633393e+00
-1.562585612121845768e+00
-9.642490740675361272e-01
7.883707631790108916e-01
3.752717044426630899e+00
-5.743946199434943445e+00
-6.165658276325226561e-01
-1.555641694494906746e+00
-1.633833680438937730e+00
-1.619823541893721019e+00
-1.544397214864998702e+00
-1.255765807271897350e+00
2.628881909807718742e-01
-1.856257723660100112e+00
-1.919612467095505703e+00
-1.924056046416627197e+00
-1.920517158370358191e+00
-1.915624766659365097e+00
-1.909511133110673331e+00
-1.902622647144239121e+00
-1.898634838229085187e+00
-1.894546987254529746e+00
-1.886620743655434307e+00
-1.871428843532861208e+00
-1.842097061681934989e+00
-1.787769222016990733e+00
-1.749891306217867371e+00
-1.760801441017962654e+00
-1.756337988211337242e+00
-1.719480607625391677e+00
-1.632591049198978128e+00
-1.470203437039655947e+00
-1.572450299985605149e+00
-1.818077721386042400e+00
-1.857513120412680685e+00
-1.847726439086030403e+00
-1.819661068368423562e+00
-1.781247910251227529e+00
-1.742014881972633988e+00
-1.676663214710554239e+00
-1.546805240826673034e+00
-1.300711203706245600e+00
-1.426923090798166260e+00
-1.657119244987216078e+00
-1.687711917883591983e+00
-1.590190280827094460e+00
-1.209154567815144299e+00
-3.397396137004520256e+01
-2.706421535998671857e+00
-2.368426042835892531e+00
-2.337510103756866631e+00
-2.389273505495234318e+00
-2.362441001160852760e+00
-2.296279941242991285e+00
-2.263602190393861235e+00
-2.247245183121913126e+00
-2.216295078025606990e+00
-2.178008472223556424e+00
-2.163292347445311403e+00
-2.189001840032310575e+00
-2.208561643106625283e+00
-2.191092372984776659e+00
-2.188784004618949286e+00
-2.196547480314595013e+00
-2.182931018076396779e+00
-2.157416016357251998e+00
-2.124669590200540359e+00
-2.094018439279300203e+00
-2.076091326118435276e+00
-2.063251507449511912e+00
-2.052199716015815412e+00
-2.043306745241189937e+00
-2.038987672867802026e+00
-2.039384874121736857e+00
-2.037864624551127157e+00
-2.031223012520218862e+00
-2.023158187925924612e+00
-2.014674095647827290e+00
-2.005575658438196740e+00
-1.998387630200449738e+00
-1.993558251943932103e+00
-1.990412383752573788e+00
-1.988738699660938636e+00
-1.987307528136454282e+00
-1.986110691823612662e+00
-1.984043744019718059e+00
-1.979593109530771056e+00
-1.973797864768701560e+00
-1.967222441607798356e+00
-1.961572449610989199e+00
-1.957949167560631309e+00
-1.956268912422421291e+00
-1.956061126510871162e+00
-1.970536968904522901e+00
-1.912073776553776749e+00
-1.924585929338980872e+00
-1.921469402007090377e+00
-1.912580995645290827e+00
-1.902635159883986571e+00
-1.901143439553365955e+00
-1.892671979135835958e+00
-1.840365179547355678e+00
-2.611883157992220372e+00
-2.042354774417938668e+00
-2.010656969885285861e+00
-2.029945942326980557e+00
-2.045430291665500722e+00
-1.993270429259630383e+00
-1.969758764157888198e+00
-1.959012203393743157e+00
-1.951900767856058483e+00
-1.946674208315154475e+00
-1.944408972827020188e+00
-1.947726695933992946e+00
-1.971435191626727867e+00
-1.945394909795200356e+00
-1.939720563210572069e+00
-1.936686014821576762e+00
-1.934350369480206888e+00
-1.932354095890242984e+00
-1.930307288409362609e+00
-1.925666763058430764e+00
-1.896984942402750729e+00
-2.732834181156533759e+00
-1.833655079416205869e+00
-1.902629218603005601e+00
-1.914434261747136379e+00
-1.917598761713110278e+00
-1.918453438930430188e+00
-1.918565912334290191e+00
-1.917585037937073578e+00
-1.915765490238093172e+00
-1.913480330312995248e+00
-1.910581613501542986e+00
-1.907490159151572495e+00
-1.904247040758867637e+00
-1.900694163407935955e+00
-1.897475057175086022e+00
-1.895272203233647978e+00
-1.893954113703091746e+00
-1.893108333933658294e+00
-1.892370296520557771e+00
-1.891495232677186333e+00
-1.891099553878251571e+00
-1.890774342818438924e+00
-1.890083838563591634e+00
-1.889301233412978176e+00
-1.888454460107924504e+00
-1.887400070059861212e+00
-1.886138093720657327e+00
