-2.290346591716288849e+00
-2.288344569088393676e+00
-2.291398260325817393e+00
-2.289759546733653561e+00
-2.288437704956324481e+00
-2.285646268349685428e+00
-2.291459351420895629e+00
-2.289916939578628519e+00
-2.288480554875973016e+00
-2.286179178692963720e+00
-2.282525604469492375e+00
-2.276809596672451530e+00
-2.272123091991473220e+00
-2.269609691735223311e+00
-2.264179661997919979e+00
-2.253922421489994665e+00
-2.235819821687466735e+00
-2.203616856689106118e+00
-2.138547312782531407e+00
-1.928773506926724890e+00
6.098465645106018407e+00
-2.633553977300824300e+00
-2.449382846173744799e+00
-2.420226756810953894e+00
-2.410936766211124294e+00
-2.395753327184583448e+00
-2.428921114089226396e+00
-2.624576474646042268e+00
-2.884818544367476534e+00
-2.696218757745987737e+00
-2.512804878486988525e+00
-2.419054616256859802e+00
-2.382008204292353160e+00
-2.242328139949506749e+00
-2.282938306245768878e+00
-2.284365688667456151e+00
-2.282100389913679361e+00
-2.279069745155037907e+00
-2.275200105353756719e+00
-2.270738859540028187e+00
-2.268259848779643484e+00
-2.265684065352620458e+00
-2.260299168631061839e+00
-2.248856168908372588e+00
-2.221864056066090498e+00
-2.145179451855326658e+00
-2.071032439456765850e+00
-2.117807661543221531e+00
-2.116950439415235419e+00
-2.025046080738553744e+00
-1.078436317795345545e+00
-2.859825394617787175e+00
-6.221456393477457603e+00
-2.214338692504638217e+00
-2.245915130494916312e+00
-2.236916702481291708e+00
-2.208010679049781544e+00
-2.148909852595221270e+00
-2.040042572054773462e+00
-1.257206799765556493e+00
-2.761166080151183699e+00
-2.509812472668755401e+00
-2.574323952743706734e+00
-4.240728479541133744e-01
-1.652648295454104410e+00
-3.030913014331400923e+00
-2.478044290063424970e+00
-2.398962240851911343e+00
-2.368143005736584872e+00
-2.353731055512485515e+00
-2.351215426228614902e+00
-2.353856642582743408e+00
-2.351803550184399683e+00
-2.345833908510266852e+00
-2.341604612952335795e+00
-2.338699707685552909e+00
-2.334439298286141717e+00
-2.329221691102309144e+00
-2.326014511297681331e+00
-2.326066082103391164e+00
-2.325260114648243004e+00
-2.322470439677704501e+00
-2.321094327692883486e+00
-2.320228044790171307e+00
-2.317636839819811279e+00
-2.314119238935335332e+00
-2.310126949159077014e+00
-2.306287192851236068e+00
-2.303418217906418874e+00
-2.300943535314962318e+00
-2.298566761318453278e+00
-2.296355509071261736e+00
-2.294351107448541427e+00
-2.292458510135223282e+00
-2.290543227314591590e+00
-2.288652112399671701e+00
-2.286812739104488124e+00
-2.285096434423692369e+00
-2.283571546441628186e+00
-2.281996814967061304e+00
-2.280269748196792623e+00
-2.278375247771079248e+00
-2.276231181305497842e+00
-2.274056136425815389e+00
-2.271804653950947106e+00
-2.269848639666468770e+00
-2.268746530369738501e+00
-2.268250627748853887e+00
-2.268189988637169030e+00
-2.267845793113059560e+00
-2.266361411828635486e+00
-2.263230998145000505e+00
-2.258520304424983305e+00
-2.243090160100111419e+00
-2.093450851125309153e+00
-2.499241261424808069e+00
-2.551881140493946987e+00
-1.764701556712783725e+00
-2.117155494389704629e+00
-2.115611540453339767e+00
-2.163464281042267068e+00
-2.219900801777048738e+00
-2.241797890304922269e+00
-2.249257843097913323e+00
-2.250664721198536888e+00
-2.245790182609520791e+00
-2.242587245897201154e+00
-2.248002283714575444e+00
-2.253011868041101540e+00
-2.255812146359120529e+00
-2.257818008311335944e+00
-2.259049322925442027e+00
-2.253133794980797688e+00
-2.230860949598432175e+00
-2.212838092507758425e+00
-2.227574165855128907e+00
-2.238685363272684636e+00
-2.244703012952408372e+00
-2.249261565945687380e+00
-2.252698884346977959e+00
-2.254574951024410190e+00
-2.249787796410002816e+00
-2.219712617195929827e+00
-2.169011586230059851e+00
-2.199363607302807555e+00
-2.225509627994938455e+00
-2.238071625523598396e+00
-2.244413543684786294e+00
-2.248249528990769353e+00
-2.250746291279134947e+00
-2.251496073492937011e+00
-2.251077376786374540e+00
-2.250210176238081949e+00
-2.248737799517901870e+00
-2.247076595656886777e+00
-2.245306584824775076e+00
-2.243314931806442925e+00
-2.241628728007948546e+00
-2.240710882229199896e+00
-2.240374299652573953e+00
-2.240417243044226403e+00
-2.240561573175636312e+00
-2.240612296293798433e+00
-2.241019904891858872e+00
-2.241432238208024508e+00
-2.241513045046719110e+00
-2.241284234832708666e+00
-2.240767170137377029e+00
-2.240148227947118542e+00
-2.239553659920535900e+00
-2.239081962934851067e+00
-2.238717106225672993e+00
-2.238414947871777194e+00
-2.238098149082714983e+00
-2.237676124552981261e+00
-2.237094070102068954e+00
-2.236350726230290853e+00
-2.235490100018209247e+00
-2.234594569977558454e+00
-2.233695596555331786e+00
-2.232801393494866282e+00
-2.231960803770277835e+00
-2.231214699606938190e+00
-2.230617150281379857e+00
-2.230212306217153717e+00
-2.229869313195187441e+00
-2.229509365877051508e+00
-2.229064875370932786e+00
-2.228522791006838144e+00
-2.227886740848477487e+00
-2.227131317514891240e+00
-2.226310649519178231e+00
-2.225498161744252634e+00
-2.224750009492383107e+00
-2.224090248439179351e+00
-2.223576491582839765e+00
-2.223180897291209490e+00
-2.222838256582075456e+00
-2.222464116996282435e+00
-2.221939482137305077e+00
-2.221222300435395258e+00
-2.220379468325199390e+00
-2.219483093313168620e+00
-2.218564730198672841e+00
-2.217683407027103204e+00
-2.216908202819641183e+00
-2.216256136133334831e+00
-2.215629537634350221e+00
-2.214968301298133380e+00
-2.214286801549009365e+00
-2.213521835663768478e+00
-2.212645989061000851e+00
-2.211706574331763875e+00
-2.210758036566927931e+00
-2.209836293710769617e+00
-2.208963246360595711e+00
-2.208204319499297519e+00
-2.207567539306179327e+00
-2.206973653527700030e+00
-2.206326336459835336e+00
-2.205566833986656761e+00
-2.204689787189641148e+00
-2.203749040410522664e+00
-2.202798382431998991e+00
-2.201835534823163520e+00
-2.200873486823917258e+00
-2.199926563675612012e+00
-2.199019923695611389e+00
-2.198200123334398626e+00
-2.197470151020205265e+00
-2.196787095427389591e+00
-2.196085521320303879e+00
-2.195330974155445425e+00
-2.194493259606117075e+00
-2.193584519965587898e+00
-2.192601106736375094e+00
-2.191554305514633594e+00
-2.190518413314806789e+00
-2.189524330496041671e+00
-2.188608294499804430e+00
-2.187815368619526524e+00
-2.187101981576828003e+00
-2.186430789249056872e+00
-2.185691607728935892e+00
-2.184773198164007280e+00
-2.183714084959650581e+00
-2.182560394284478456e+00
-2.181373328021491087e+00
-2.180200381234292717e+00
-2.179088386089153673e+00
-2.178101628348872332e+00
