-2.117019415048638185e-03
-4.517294824447508350e-03
-2.243389048773322333e-03
1.502625075516401346e-03
3.448331191220867925e-03
9.925170128935122647e-04
-5.665238985715788378e-02
-1.761920045799275636e-01
-2.470310736722605149e-01
-2.336781847161250314e-01
-1.902751979947798489e-01
-1.458316790765785409e-01
-1.268798732464501144e-01
-1.226721091276582049e-01
-1.090215970809980395e-01
-8.973974553200753101e-02
-7.037368716406401659e-02
-5.409359658577911345e-02
-4.150283423632692564e-02
-3.123337738088009102e-02
-2.374067384885355722e-02
-1.554016167102723577e-02
-6.567704930617805636e-03
-2.719410588932109907e-03
-1.416986137742668253e-03
1.094396617670883708e-03
-3.974745453811413809e-03
-1.347112996307871062e-02
-1.703496843573748878e-02
-1.642486993618777827e-02
-1.338339328047179373e-02
-7.776601086631704587e-03
-2.411816913191936786e-03
-6.360436030507955751e-02
-2.986572454792312259e-01
-4.797438230360604461e-01
-4.758752115424003115e-01
-4.417443099192382427e-01
-3.979694295944899984e-01
-3.565335370868396025e-01
-3.484414810009349717e-01
-3.406932945613485586e-01
-3.090783292167998964e-01
-2.537716110958723736e-01
-1.855611717613506739e-01
-1.237022783334326692e-01
-1.002773722209213403e-01
-1.059007940669123293e-01
-1.038246090618176881e-01
-8.745246962797018075e-02
-6.359874137191921795e-02
-4.217658495114720574e-02
-5.247202650119289769e-02
-1.561677859166345772e-01
-2.391126672700757960e-01
-2.222488590300313871e-01
-1.760602530184579018e-01
-1.367156069280429376e-01
-1.114382712069878628e-01
-8.496071186052894797e-02
-5.766471027332742416e-02
-3.590383336572780526e-02
-4.340841670316301915e-02
-7.746156057440525822e-02
-8.746262251802819354e-02
-6.378694801716840168e-02
-3.097512139630322764e-02
1.062644455038959379e-04
2.821294152313088069e-02
5.051604867328998716e-02
5.438011627660128272e-02
4.822646045456134567e-02
5.084223431840584340e-02
5.927522301176216257e-02
6.429591705478077124e-02
6.675669478830573156e-02
7.285381753501045388e-02
8.269662861955358324e-02
8.644638244492326706e-02
7.669254133005205809e-02
7.022514455834100167e-02
7.348833435800625202e-02
7.281833790229015613e-02
6.949122995707331107e-02
7.180864741923506656e-02
7.821957055197768793e-02
8.945825612277433225e-02
1.039450001924697164e-01
1.140596499413312481e-01
1.219495504770081451e-01
1.293947906380244206e-01
1.354535145536513441e-01
1.362036568081641252e-01
1.308813978389302413e-01
1.280120677762189574e-01
1.316514733067085108e-01
1.379081992974814097e-01
1.460375452261623297e-01
1.572025809142636177e-01
1.660576185690415540e-01
1.696229439876230372e-01
1.683202390063235909e-01
1.623320373464233191e-01
1.556097447282578927e-01
1.482259177737761391e-01
1.435515203957535013e-01
1.463241022101580135e-01
1.549501935894612159e-01
1.703328603267532659e-01
1.851804374558861099e-01
1.868091544040539065e-01
1.701575164156282349e-01
1.420763091014642099e-01
6.810156643381133634e-02
-6.692426729170682098e-02
-1.603632926753355004e-01
-1.650157288540572975e-01
-1.289184442680419984e-01
-1.043983307315621695e-01
-1.092105524810658423e-01
-9.702604151725589821e-02
-4.919645231266540214e-02
4.674124645566504754e-03
4.230216036685693903e-02
5.975258348586711538e-02
4.553877744184148951e-02
3.802060746448251288e-02
7.049570143702058034e-02
1.135747881864036524e-01
1.518348482410641076e-01
1.907136531677950941e-01
2.285869702171751394e-01
1.897288900835847059e-01
7.137944013258352982e-02
1.962804915346606088e-02
6.117113274401510259e-02
1.151066476631225077e-01
1.625203838946475687e-01
2.136669630772660422e-01
2.685672065540342657e-01
3.162869850239614644e-01
2.843927986966755528e-01
1.116685066202299792e-01
1.405606213241025748e-03
4.691137392866611550e-02
1.325036107105784788e-01
2.164515360312808112e-01
2.857143845164581419e-01
3.471066110280357497e-01
4.086178026756382975e-01
4.556237594705375704e-01
4.856654064627800582e-01
5.050645875860875211e-01
5.113281934296953768e-01
5.131770216346945857e-01
5.122285236710970580e-01
5.067252168646214638e-01
5.053432728612083924e-01
5.155294401393601955e-01
5.357426278659859209e-01
5.619573649744480370e-01
5.904539569094094942e-01
6.181933386603766234e-01
6.531115770251627595e-01
6.909567016575550724e-01
7.252289306059903629e-01
7.592341577209398285e-01
7.931783768257436584e-01
8.246441182658162949e-01
8.531486155981614639e-01
