-2.131868897771734862e-03
-4.599398459219404892e-03
-2.380367389389844140e-03
1.398208941577655864e-03
3.420162193344797232e-03
1.025757508814073744e-03
-5.703157653966776236e-02
-1.787522093668280077e-01
-2.533170117339442196e-01
-2.431883905577436333e-01
-2.015830230039631632e-01
-1.576176210368590846e-01
-1.383653139344337979e-01
-1.338050704727855589e-01
-1.197115415262650640e-01
-9.976671551184379538e-02
-7.951860107589610316e-02
-6.222879070602559820e-02
-4.859937872716329349e-02
-3.733179097094303789e-02
-2.891078347896915146e-02
-1.987458591370149658e-02
-1.009102723112039780e-02
-5.503551962824519521e-03
-3.608649328137791476e-03
-6.129314044807814867e-04
-5.317595868727029162e-03
-1.471827088552907399e-02
-1.833580662645635170e-02
-1.778661937239780708e-02
-1.475523287403490182e-02
-9.070915964788940286e-03
-3.532264842702746363e-03
-6.496498954864560194e-02
-3.030059605026137470e-01
-4.912443810144363487e-01
-4.940501774444517880e-01
-4.644173596492260914e-01
-4.233621170032454972e-01
-3.830489805282644711e-01
-3.753480414401536569e-01
-3.678551689215867060e-01
-3.360315504808435438e-01
-2.797348231613827618e-01
-2.095303658344208619e-01
-1.448936447043606135e-01
-1.184816865921766577e-01
-1.218047752633929226e-01
-1.180493203576282873e-01
-1.002313526438975283e-01
-7.487138932979492401e-02
-5.186678018494211839e-02
-6.079281065040048615e-02
-1.644905636043702546e-01
-2.497190876486320432e-01
-2.350048589584627368e-01
-1.897479324436383008e-01
-1.502263700324185380e-01
-1.242234750474131844e-01
-9.672273897501006135e-02
-6.811066044008842746e-02
-4.488571990538754719e-02
-5.108615914065347402e-02
-8.465186199420307589e-02
-9.479568650573097499e-02
-7.102946931513688666e-02
-3.756516478060627912e-02
-5.365625282720727640e-03
2.415724443367330346e-02
4.802695484779585799e-02
5.335047648749790400e-02
4.821709891448400925e-02
5.156299747694092356e-02
6.067729124638140958e-02
6.635551289386967810e-02
6.937199999603994860e-02
7.596833245655791600e-02
8.635308848434362916e-02
9.066955043004987225e-02
8.128154654310099092e-02
7.488278286886408674e-02
7.820178162735021143e-02
7.761832736850349246e-02
7.429862125142462637e-02
7.660926260834198531e-02
8.311676868627507209e-02
9.459196161087519983e-02
1.095290034543527080e-01
1.202329320508518651e-01
1.287301202297803371e-01
1.367939758343815482e-01
1.434500011522755192e-01
1.447347362962081996e-01
1.397605043616699516e-01
1.370631601268649247e-01
1.408487893061343421e-01
1.473285499797225284e-01
1.557640591873928615e-01
1.673568436733388898e-01
1.767474351458797888e-01
1.808367293695822275e-01
1.799559083319606512e-01
1.742158285030446785e-01
1.675512025679889161e-01
1.600877518191801407e-01
1.552230234895110028e-01
1.578441435389667247e-01
1.664776135639106924e-01
1.821020215933946418e-01
1.974594153346187764e-01
1.996471660745420262e-01
1.832707317031559979e-01
1.549374933487465411e-01
7.989460533407662102e-02
-5.806627533457429935e-02
-1.561849312533059586e-01
-1.651937391223358143e-01
-1.319844276537726901e-01
-1.089599843751357516e-01
-1.147573977393788330e-01
-1.033559273817698659e-01
-5.547201330549458159e-02
-5.173020814319695404e-04
3.883438333101150303e-02
5.810247730687029266e-02
4.532154342754905058e-02
3.851383330306742264e-02
7.182767502213542599e-02
1.163379381219444009e-01
1.564669243035771984e-01
1.974942162088414443e-01
2.377575926250084792e-01
2.008858781401427762e-01
8.227902556167383807e-02
2.842169995417832828e-02
6.850017349376379128e-02
1.223664612439691185e-01
1.706869936646146502e-01
2.234750795905388610e-01
2.806590386170891849e-01
3.311316038988678101e-01
3.016426169073810337e-01
1.286927624345189924e-01
1.488309453975562857e-02
5.745455950536255962e-02
1.422331267554203527e-01
2.272621937104968293e-01
2.988343743161843147e-01
3.632173175728412584e-01
4.281858997009148626e-01
4.789069767679322576e-01
5.124671961412572418e-01
5.350207227056885673e-01
5.439164386632449055e-01
5.478160177316382384e-01
5.484527460430487222e-01
5.440844315412810550e-01
5.434891341011559573e-01
5.543673521306347052e-01
5.754289273686716832e-01
6.027562115055706826e-01
6.326505074812490692e-01
6.620086392994486424e-01
6.987514956519964571e-01
7.387374617562645351e-01
7.753301701848085425e-01
8.117707110941640991e-01
8.482315911775214490e-01
8.822615432203465557e-01
9.132976378796918704e-01
