-3.008037292908696527e-06
-1.782591574054477750e-05
-3.124703500429293568e-05
-2.063464709190946733e-05
9.066494033615206161e-06
4.484519973659291500e-05
-4.486803489836595367e-05
-6.848070246278714157e-04
-1.980085219464508117e-03
-3.464099442437054872e-03
-4.807498725011720257e-03
-5.911311510060549175e-03
-6.816319305200488517e-03
-7.670931760625923114e-03
-8.463306358717203812e-03
-9.145651380548040429e-03
-9.697113007776826318e-03
-1.012516282858900475e-02
-1.044742102782168433e-02
-1.068201800385371568e-02
-1.084191934895979183e-02
-1.094084907533836477e-02
-1.096787900043064493e-02
-1.093889053733860216e-02
-1.088254142967071993e-02
-1.080137597958225060e-02
-1.070820432796902241e-02
-1.065834503652124919e-02
-1.064206527113392871e-02
-1.063011035031864726e-02
-1.060527350792291740e-02
-1.055214639626931607e-02
-1.046041230465127696e-02
-1.046466715721900038e-02
-1.127923377724479419e-02
-1.359648370215095319e-02
-1.642731990840637368e-02
-1.919589324646743186e-02
-2.182273480444541641e-02
-2.420249960634628453e-02
-2.644554685393568291e-02
-2.866780406556303576e-02
-3.076334030541145667e-02
-3.259594973596451062e-02
-3.402848910512924763e-02
-3.503400177418950628e-02
-3.571028934473817473e-02
-3.630670852749515176e-02
-3.687051001305316489e-02
-3.734208267196288678e-02
-3.765330951451272695e-02
-3.779350176386626903e-02
-3.783948681337757913e-02
-3.814662882158509349e-02
-3.912140273880520408e-02
-4.026129660971251162e-02
-4.121917005527141187e-02
-4.191447155782231093e-02
-4.241404112673005655e-02
-4.274866267527972080e-02
-4.289439015508912656e-02
-4.286742277325085448e-02
-4.274494824260956227e-02
-4.273695614534375742e-02
-4.286810056848400913e-02
-4.294171889488386518e-02
-4.283693495311328980e-02
-4.252999854455623285e-02
-4.202917280351865098e-02
-4.135389587572690928e-02
-4.056986525127696114e-02
-3.978635081735567430e-02
-3.900490523284255717e-02
-3.817846686881759544e-02
-3.729953858061949706e-02
-3.639442237063656577e-02
-3.546022373589211713e-02
-3.447193117107784366e-02
-3.342873218839712696e-02
-3.239428354874469840e-02
-3.141663844485381024e-02
-3.044186686852676238e-02
-2.946151346316951830e-02
-2.850796530748492263e-02
-2.756811427986211385e-02
-2.660416771976275435e-02
-2.559363885977053096e-02
-2.449996075655307831e-02
-2.332539361414076931e-02
-2.209700631794025635e-02
-2.081410532747905717e-02
-1.948337073731925759e-02
-1.811850534608600710e-02
-1.676203941381460352e-02
-1.543011416500240929e-02
-1.409744445556454159e-02
-1.274073874341722333e-02
-1.135190533283126496e-02
-9.908843944210815949e-03
-8.402684322863125665e-03
-6.860785241143506526e-03
-5.309218138810423322e-03
-3.778211916954796884e-03
-2.287888794069368494e-03
-8.387068696706649531e-04
5.652565014444563621e-04
1.960381927760468899e-03
3.388798464331488347e-03
4.887319150588292048e-03
6.485062428002136108e-03
8.142248602472522759e-03
9.766067620433910648e-03
1.125856831059893377e-02
1.249137637869553348e-02
1.308526012702959825e-02
1.289673570155703587e-02
1.237957308846919686e-02
1.191227212669095092e-02
1.161068844973169728e-02
1.133952833050871217e-02
1.104659222787020105e-02
1.093794946581001098e-02
1.114975414726143699e-02
1.166199487480899279e-02
1.236799057562248255e-02
1.313139167320222234e-02
1.381048773930692621e-02
1.459045790681424461e-02
1.562471503371134010e-02
1.692059283406143616e-02
1.846754080463550163e-02
2.027601136196733114e-02
2.218216062793490831e-02
2.360433028844999281e-02
2.443562545120766746e-02
2.524859479569345824e-02
2.633845634315069850e-02
2.770683965158958484e-02
2.936755304576477502e-02
3.135681387707862922e-02
3.367948906901612610e-02
3.614518386076357587e-02
3.805601658914285756e-02
3.893768936339194603e-02
3.964888028338109383e-02
4.071548852663650631e-02
4.225924241969934714e-02
4.425028676876754247e-02
4.664094971890658803e-02
4.942218332366134920e-02
5.256416931745396676e-02
5.595180369977019452e-02
5.951847531944064879e-02
6.319158513681445710e-02
6.690861350429967713e-02
7.065154805539686222e-02
7.438506365875904858e-02
7.809805787719625858e-02
8.182907951360617049e-02
8.563849659123051739e-02
8.956767414544786199e-02
9.364587427801940311e-02
9.787941997667071181e-02
1.022824591303805597e-01
1.069019703801281224e-01
1.117252571261086735e-01
1.167443444472017061e-01
1.219575518655539176e-01
1.273618307784404047e-01
1.329383870773491461e-01
