-4.023265199962886463e-06
-2.386639057445773978e-05
-4.498729333561079423e-05
-4.485770196590239863e-05
-2.990595645271710873e-05
-1.383080083427173500e-05
-1.233593249320345895e-04
-7.563551740919352085e-04
-1.973984957823992237e-03
-3.295674679051081163e-03
-4.417470778129034895e-03
-5.274363841020423237e-03
-5.933063993401311437e-03
-6.551654300413106355e-03
-7.119033644284674528e-03
-7.591984270075034791e-03
-7.956110520616208742e-03
-8.223289899901417219e-03
-8.413749515109460175e-03
-8.545931416011003090e-03
-8.631136189456850571e-03
-8.680991115157167537e-03
-8.682490253697388791e-03
-8.650318470765068143e-03
-8.610971171329659044e-03
-8.563622062053683273e-03
-8.517878403158891248e-03
-8.524208349498362675e-03
-8.567255387825462032e-03
-8.615868156363098301e-03
-8.653743258765353094e-03
-8.667189692285486372e-03
-8.647876809523197261e-03
-8.728574579454766516e-03
-9.589321101888162446e-03
-1.183152648788127551e-02
-1.441596637284345457e-02
-1.680539125338053122e-02
-1.896906766818184584e-02
-2.084345740623814655e-02
-2.256844845328512608e-02
-2.427025169328256640e-02
-2.584948750935760556e-02
-2.718538189603856431e-02
-2.816343721670490699e-02
-2.878026735734656727e-02
-2.914706075149022663e-02
-2.950732394487826787e-02
-2.989183922142045480e-02
-3.023117139985844262e-02
-3.045630770167601781e-02
-3.055829422520447633e-02
-3.061246061378507591e-02
-3.095675194526069721e-02
-3.194976728984264686e-02
-3.305986022232678540e-02
-3.395949586071940474e-02
-3.459744594010310398e-02
-3.506148991210313037e-02
-3.539020305124054161e-02
-3.556632497847209834e-02
-3.561197148964241610e-02
-3.560362107851096358e-02
-3.573907158783146826e-02
-3.602353320485671140e-02
-3.625265344138964285e-02
-3.631475940742056457e-02
-3.620024756775463287e-02
-3.592740192315554970e-02
-3.551950128973530713e-02
-3.503960124951348287e-02
-3.459047390493531771e-02
-3.416054195896874035e-02
-3.369958591343918952e-02
-3.320278366867954883e-02
-3.269423781403104495e-02
-3.216857187864855666e-02
-3.160138503772157159e-02
-3.099424972924627597e-02
-3.040925720925554895e-02
-2.988868398555029685e-02
-2.937159676955538104e-02
-2.884476970749367403e-02
-2.833764779190891744e-02
-2.783783015711427389e-02
-2.731258547702970080e-02
-2.674485050452513057e-02
-2.610460649066720720e-02
-2.539871047042665739e-02
-2.465311828011197692e-02
-2.386908703698749010e-02
-2.305522856024439654e-02
-2.222455766079185768e-02
-2.141641167143938998e-02
-2.064085743801600398e-02
-1.986690071433261026e-02
-1.906655319523335029e-02
-1.823300475809189539e-02
-1.735024790889858406e-02
-1.641398786320879752e-02
-1.545113899967015189e-02
-1.448852619327914600e-02
-1.355329035209129618e-02
-1.266183867211765485e-02
-1.181132457472855793e-02
-1.100319543175536270e-02
-1.020244635788355482e-02
-9.372092071461116808e-03
-8.480446625014011891e-03
-7.502226148365698927e-03
-6.481314421075763839e-03
-5.509152293515244894e-03
-4.674166580887901580e-03
-4.089221850882278353e-03
-4.103548191664484028e-03
-4.812135929545945795e-03
-5.742078929543342758e-03
-6.538486355586504289e-03
-7.122006077371163466e-03
-7.651885622377263205e-03
-8.187989024605555125e-03
-8.538438399136266330e-03
-8.590889034732358473e-03
-8.388175783029140978e-03
-8.044839345133133687e-03
-7.690922472132758446e-03
-7.451368926694882169e-03
-7.134678030231718371e-03
-6.596959229196786879e-03
-5.842846246587353465e-03
-4.890715731991310787e-03
-3.734215971115627079e-03
-2.535002796330650468e-03
-1.842748390892286377e-03
-1.705225077753996701e-03
-1.534746263786707348e-03
-1.064593000056241216e-03
-3.224344132651348104e-04
6.836901875455655931e-04
1.973895545702911494e-03
3.540414325515097056e-03
5.186966882099687884e-03
6.246721965616887882e-03
6.333173998593734713e-03
6.342163076863379864e-03
6.759138179885674537e-03
7.660748212793899031e-03
8.979377521754546010e-03
1.063628821642750334e-02
1.261197567740754942e-02
1.487718782220344774e-02
1.731830184851030491e-02
1.987271921083375026e-02
2.247128557395423193e-02
2.506175689668379419e-02
2.763873854748225348e-02
3.017641376899105748e-02
3.267348318716920691e-02
3.517871927500050566e-02
3.775743955369659927e-02
4.045057664220341048e-02
4.328102022856096520e-02
4.624864008808364513e-02
4.936192459658619858e-02
5.266517976915119359e-02
5.613999832613055657e-02
5.977816910706838099e-02
6.357669215768586846e-02
6.753053291544004744e-02
7.161912768190906164e-02
