1.766371940751188321e-02
2.587571822419773918e-02
6.933359370672431687e-02
5.016971577491413647e-02
5.201822548314612160e-02
-2.004923582017587025e-02
-8.689298499940516507e-01
-1.205468766564286476e+00
-2.962339161682089883e-01
1.521441823856321818e-01
2.751107582179788125e-01
2.616720356717276985e-01
-6.714457211834753969e-02
1.645986836959482946e-02
9.885617198058874178e-02
1.480824963544181694e-01
1.387896153137247179e-01
1.290733491644333319e-01
1.135886710582308667e-01
1.065963559751834377e-01
8.005480636629289104e-02
1.225309801920778929e-01
9.999402954674911637e-02
5.706349445998157299e-02
6.859179637618378900e-02
7.207357581790183043e-02
-5.477427742470879213e-02
-1.777470706382738852e-02
3.063455283068775709e-02
5.636599658078290248e-02
8.364425332496777665e-02
1.084700193694521086e-01
9.013930122195665251e-02
-9.742944349101165802e-01
-2.949338698852768115e+00
-6.624130553611998762e-01
1.113231204604006597e-02
-6.427743664852378358e-02
2.593954266976383205e-01
2.100190113331967812e-02
-2.284287788610972758e-01
1.083691030099287467e-02
1.906337642813496214e-01
4.663484866713048516e-01
5.301788797152988675e-01
4.857020576244487353e-01
-1.078852431414605711e-02
-1.462614651007269895e-03
1.084118588394766963e-01
2.573807990850250360e-01
2.816072916853334940e-01
2.533984410186404523e-01
-2.114228816308992842e-01
-1.331589685775621312e+00
-1.416473149790797026e-01
2.960237131724667847e-01
4.288953985922168144e-01
3.074483554353567571e-01
2.564597960214906602e-01
3.466087613649238008e-01
3.331927440042681265e-01
2.924812047306545315e-01
-1.306883694209469149e-01
-1.886085512316640622e-01
1.815794652188964520e-01
3.458039203207092238e-01
3.975237252857370951e-01
4.073373744981622080e-01
4.037433574223634469e-01
3.019887424796363629e-01
1.123879103505497912e-01
9.668117928947392303e-02
2.033297786325086176e-01
2.551151102913425950e-01
1.876987380366618718e-01
2.006041481912967384e-01
2.590157064374524198e-01
3.002924301986560907e-01
1.918209916278346139e-01
9.327003742783213092e-02
2.152388067454509835e-01
1.783414695339890776e-01
8.283607872092874080e-02
1.250686784782802374e-01
2.292595938471975736e-01
2.568402930774081327e-01
3.600780903865264948e-01
3.694355685451743421e-01
2.799779546579981293e-01
3.291664269982563784e-01
3.343129147817378022e-01
3.377728266611115249e-01
2.614884394589894745e-01
2.265131244226493146e-01
2.646998103952348247e-01
2.578125539512381992e-01
2.540015174368728812e-01
3.334886489041329338e-01
3.807984869148716700e-01
3.021267042584579454e-01
3.061925478278266222e-01
2.536233549890742345e-01
2.263580599122654580e-01
2.468571323342930723e-01
2.139045666715891081e-01
3.027673288952886788e-01
3.903526072191523255e-01
4.520118978161614676e-01
5.066231625594254107e-01
4.553397963784742153e-01
3.319951697969751314e-01
1.734611406227890562e-01
1.007340765066936927e-01
-6.056878413332807964e-01
-1.070770704728470468e+00
-1.935822226244251487e-01
3.355989685117396482e-01
5.433710419065824748e-01
2.552150317280824643e-01
9.542430775754723316e-02
5.502450896804573777e-01
7.627628442278053811e-01
7.703865548654859063e-01
6.044425087287783604e-01
4.472716761073235459e-01
4.327322216744783345e-02
5.009908941514390479e-01
7.519529331428809193e-01
7.380276724246832565e-01
7.394227985352141985e-01
7.972591811716603916e-01
7.403800400291635775e-01
-4.156780526581789759e-01
-7.815258371771649504e-01
4.034185193486652943e-01
8.004039558880904348e-01
7.243178001583743253e-01
8.043227107246984087e-01
8.883815952490399237e-01
9.334513996091441390e-01
8.555917413357660983e-01
-2.352837243673595591e-01
-1.679204008359300726e+00
2.537752553605526762e-01
9.284404049241106183e-01
1.043516247923142348e+00
9.905262180349603263e-01
1.032251338780475036e+00
1.040278619212084532e+00
9.820679806962904212e-01
7.709970399717425149e-01
7.482731033053005021e-01
7.141333094728689046e-01
6.406114685844699341e-01
6.515870106146429697e-01
6.052544966403730076e-01
5.991247945823613419e-01
6.320728195605810340e-01
7.072694247755787478e-01
7.312187544994146471e-01
8.027888097488340424e-01
8.153316196137250227e-01
8.520063879077429680e-01
9.405588608704849030e-01
9.210251886206408667e-01
9.025643906201770150e-01
9.139213828034455922e-01
9.372820209384699064e-01
9.303702212707466446e-01
9.439994955291076684e-01
