-6.864736293928520167e-04
-9.577005262065047160e-04
2.762465169344382673e-03
7.982467108711224085e-03
1.173332938981525887e-02
1.092222952757766763e-02
-4.729621966742359601e-02
-1.745537286426043777e-01
-2.596579043955568600e-01
-2.592572903481820679e-01
-2.235274266194728077e-01
-1.816007774270675668e-01
-1.619607098379833854e-01
-1.566956937372705749e-01
-1.414645295238974865e-01
-1.192349356153487167e-01
-9.574864295665401481e-02
-7.457908810543524558e-02
-5.646730835499674112e-02
-4.073150983359885569e-02
-2.801404777302560212e-02
-1.498240859128937251e-02
-1.490856563702066401e-03
6.820891697213003410e-03
1.228203460608302301e-02
1.828607548510528119e-02
1.607512997399278970e-02
8.402670570415004397e-03
5.965645073530046957e-03
7.725790852572310234e-03
1.225995997538675136e-02
1.966112366717513021e-02
2.707899988379653886e-02
-3.386733882171713561e-02
-2.796942428824345517e-01
-4.886479640217669673e-01
-5.121567001653253293e-01
-4.975601320163107188e-01
-4.659800262802424320e-01
-4.301577625369429891e-01
-4.243518032511507942e-01
-4.178830105819019147e-01
-3.856486830819175204e-01
-3.263418881463325816e-01
-2.493801196130616127e-01
-1.748865597049545917e-01
-1.375657828963360862e-01
-1.313992330409112508e-01
-1.194941901548749047e-01
-9.370364854995610893e-02
-5.983634395730485361e-02
-2.821274295379101044e-02
-2.931437361498232322e-02
-1.292189723947048952e-01
-2.174709792421689603e-01
-2.057623684713950352e-01
-1.601632657344631006e-01
-1.165000039890539962e-01
-8.471903843141728729e-02
-5.102680584570689487e-02
-1.492883805222131044e-02
1.616762451555870880e-02
1.699695389738756571e-02
-1.169574109213442764e-02
-1.949047378629937752e-02
6.014816837111754133e-03
4.303785376525383344e-02
8.107353713512592541e-02
1.175162331918618019e-01
1.473162079720616857e-01
1.579754371588897310e-01
1.562748925058716765e-01
1.611195099928314778e-01
1.730694939338738303e-01
1.821815483449387707e-01
1.879223821928338034e-01
1.972752544213768333e-01
2.111953064832712279e-01
2.194654720542120185e-01
2.139243332319478996e-01
2.102930467929353398e-01
2.140269712635363142e-01
2.118256147703634629e-01
2.066722793742771236e-01
2.087448392666375330e-01
2.168029256477311539e-01
2.313463341445085864e-01
2.508713614899416022e-01
2.656222324843677263e-01
2.778956188761209090e-01
2.910928942982475287e-01
3.033617048407049044e-01
3.101322035955117462e-01
3.098460270781651649e-01
3.104763583563744378e-01
3.152399163617688460e-01
3.211272935108336890e-01
3.302449423264081085e-01
3.445593253004430312e-01
3.565657572933786934e-01
3.634210912736755006e-01
3.658000441126645352e-01
3.629139812988114722e-01
3.589996588048037784e-01
3.539730620860060406e-01
3.518231285471494774e-01
3.586229600870241008e-01
3.728418023358075484e-01
3.941115942156876439e-01
4.151913214441854683e-01
4.237877618678972946e-01
4.136333417139419488e-01
3.897077017196645121e-01
3.169456698206551959e-01
1.755976034233913408e-01
6.787329970062629114e-02
4.951412681362248047e-02
7.725211026667069825e-02
9.899161812166902552e-02
9.361797088741240225e-02
1.070360053324647120e-01
1.598740476567231672e-01
2.234425056097966711e-01
2.740260432229341681e-01
3.039644914087138439e-01
2.993246337642224697e-01
2.988673256692431224e-01
3.395594554803259557e-01
3.927201149381918110e-01
4.427834962854548251e-01
4.943839422975326858e-01
5.447047262428929004e-01
5.165096485675593208e-01
3.987867430615403275e-01
3.388968804737350071e-01
3.749401093583616396e-01
4.287062068397687886e-01
4.805838356067253514e-01
5.398557140167453694e-01
6.051282121078225273e-01
6.653317450120966869e-01
6.468797553608200968e-01
4.753917442770539958e-01
3.498244024652884532e-01
3.831172156497413828e-01
4.639352571575346973e-01
5.486489484555322482e-01
6.267823374212252441e-01
7.023204002183497385e-01
7.762240580212755869e-01
8.339098103969598830e-01
8.745693073553650887e-01
9.063867764870997545e-01
9.261578836089766620e-01
9.397124604555040506e-01
9.490033053786136596e-01
9.527238273978656524e-01
9.582014796280486912e-01
9.721948782742324546e-01
9.939190389389752633e-01
1.021974834250513275e+00
1.053647214266939081e+00
1.086101970154363050e+00
1.125788277801379467e+00
1.168866421888432816e+00
1.209173694810513400e+00
1.245790618971869712e+00
1.277776772459756627e+00
1.307625318932819525e+00
1.337398029145726142e+00
1.369106305340992646e+00
1.402979723671932355e+00
1.438586434378880785e+00
1.474701416277826027e+00
1.509456760420096355e+00
1.541372423449849371e+00
1.569883601932885675e+00
1.595444019909672884e+00
1.619444879043087759e+00
1.642582387890627382e+00
1.665095714061745502e+00
1.688045871216928617e+00
1.712448683821126805e+00
1.739663220339350280e+00
1.771039653138367420e+00
1.804626528405628649e+00
1.838836603579351969e+00
1.872181261585224465e+00
1.903914621632079474e+00
1.933823123537722344e+00
1.961025015914425351e+00
1.986340457142605098e+00
2.011186303361056193e+00
2.036865071707519625e+00
2.064133239878192416e+00
2.094489672190940510e+00
2.127875107485134532e+00
2.163201728173567595e+00
2.198760936964623269e+00
2.231692444232363126e+00
2.260451507019652695e+00
2.285886902410189769e+00
2.309334537999715664e+00
2.331452154193061954e+00
2.353570918381018284e+00
2.377403490105366224e+00
2.403714035401213422e+00
2.430785925374686407e+00
2.457275126553532640e+00
2.483356272780555596e+00
2.507587305990387261e+00
2.529066672955768702e+00
2.548558892338108173e+00
2.567145591994654197e+00
2.585677676224821919e+00
2.604758883720771578e+00
2.625947979946717581e+00
2.649793794915793921e+00
2.674911794720762792e+00
2.699270413446814842e+00
2.721338229048591018e+00
2.740640268318663253e+00
2.758015858956044397e+00
2.774536378105011192e+00
2.790215563959316025e+00
2.805346451765374560e+00
2.820303860676957708e+00
2.835676898033647308e+00
2.852566722290621914e+00
2.871278601142054576e+00
2.891132885770436811e+00
2.910838476158651211e+00
2.929544077527876933e+00
2.946457553250186212e+00
2.961574837442829899e+00
2.974715296076078097e+00
2.985947935327521563e+00
2.996710859582870867e+00
3.007747176523313026e+00
3.019915043606251182e+00
3.034329438734505668e+00
3.050442381195789920e+00
3.067620770596061863e+00
3.083769870371436017e+00
3.096395787467500327e+00
3.105802059294747952e+00
3.112661568152133018e+00
3.118043360361681948e+00
3.122931934461226522e+00
3.128322549766693772e+00
3.135628920823648969e+00
