-4.211726636680088161e-06
-2.609885565760390028e-05
-5.255973258593400971e-05
-5.875271923397501933e-05
-4.782052263895373450e-05
-3.240471846381357229e-05
-1.464861376968377440e-04
-8.387131499174183685e-04
-2.258389139896059550e-03
-3.961166232513767260e-03
-5.604354957964429763e-03
-7.062966644270124612e-03
-8.353313545140890126e-03
-9.610831256777262882e-03
-1.081796289143509629e-02
-1.191926451253326816e-02
-1.288524872374198493e-02
-1.371493530902372603e-02
-1.442035860006176881e-02
-1.501618255868518437e-02
-1.551274208892036710e-02
-1.592288794467873123e-02
-1.623438118445155731e-02
-1.646222857944883503e-02
-1.663712123072528387e-02
-1.676397289918763259e-02
-1.685712355334155130e-02
-1.697662587781976692e-02
-1.711873361334818530e-02
-1.725750605099126561e-02
-1.737732077357932378e-02
-1.746285445020825944e-02
-1.750244939464651664e-02
-1.763199499115184962e-02
-1.859643368669489094e-02
-2.117676930286714609e-02
-2.444687878977962886e-02
-2.781688734140482303e-02
-3.117712006779992800e-02
-3.439075311244461225e-02
-3.753940703442879001e-02
-4.072542761563048563e-02
-4.383053589778940912e-02
-4.669804022618663508e-02
-4.916353996610396682e-02
-5.117107555766232246e-02
-5.279509649583723208e-02
-5.427870291976680944e-02
-5.567640607375096140e-02
-5.693330849074638295e-02
-5.798086178354274617e-02
-5.880414741724372674e-02
-5.947768830633733128e-02
-6.036971984542348346e-02
-6.193166449134762663e-02
-6.369578232404227158e-02
-6.530819051903093142e-02
-6.666855076813507641e-02
-6.782793164631231719e-02
-6.880537525496321916e-02
-6.956745393949227696e-02
-7.012233729213196431e-02
-7.054154279485680412e-02
-7.104212216456914919e-02
-7.166535128324955095e-02
-7.221868248278190405e-02
-7.257267202413991702e-02
-7.269417234745381706e-02
-7.258289881538299015e-02
-7.224953433402390990e-02
-7.175264367463887738e-02
-7.120576071645190463e-02
-7.061459585182518206e-02
-6.993703797823661028e-02
-6.917038116267203163e-02
-6.834285501232971460e-02
-6.745452077587649198e-02
-6.648278047211340913e-02
-6.542827843523603415e-02
-6.435759554827545637e-02
-6.332683369127502238e-02
-6.228471279602405125e-02
-6.121873809405663225e-02
-6.016142004382835778e-02
-5.910488829205114841e-02
-5.801592721698576455e-02
-5.687319785441531661e-02
-5.563922992000625706e-02
-5.431221971495536066e-02
-5.291407724266961737e-02
-5.144480552789522376e-02
-4.991246205112810641e-02
-4.833118487433587379e-02
-4.674561377550377761e-02
-4.517496197427894183e-02
-4.359400916874475729e-02
-4.197440463547665729e-02
-4.030648371214192588e-02
-3.857018585610468703e-02
-3.675568955659188480e-02
-3.488717064209343605e-02
-3.299370478957068531e-02
-3.110860780873636253e-02
-2.925726903983618191e-02
-2.744532853174991641e-02
-2.568150279667961999e-02
-2.393446932255263032e-02
-2.216413311815761122e-02
-2.033086992309973348e-02
-1.839760193273894812e-02
-1.639926446177267932e-02
-1.443110374208405461e-02
-1.259993717127757401e-02
-1.104776791407590351e-02
-1.018651998586357632e-02
-1.020822016148344343e-02
-1.068861925950483592e-02
-1.124077532457616949e-02
-1.172386968468983916e-02
-1.225373034466379490e-02
-1.287520060645026831e-02
-1.337101045050546368e-02
-1.357911594621569532e-02
-1.349522355613894803e-02
-1.320767473680624013e-02
-1.284327986926355782e-02
-1.254754285634415018e-02
-1.214114994901608485e-02
-1.145892023116169660e-02
-1.047747247188926534e-02
-9.194820213545057755e-03
-7.587733275007230681e-03
-5.811126575399659135e-03
-4.470271338890483871e-03
-3.718649333029342037e-03
-3.006906739355492356e-03
-2.024481293408118398e-03
-7.478489582827460829e-04
8.533204516222147457e-04
2.833710233099256178e-03
5.216767327277007336e-03
7.820371979222206366e-03
9.920137493162112588e-03
1.097879722522853915e-02
1.181112257701466897e-02
1.296070823616397340e-02
1.459164795754038305e-02
1.670916787576382304e-02
1.928356766686399257e-02
2.232931281258535711e-02
2.584385089911020103e-02
2.972419984650222224e-02
3.390192393010036526e-02
3.829318141556108807e-02
4.282271297244708008e-02
4.746133535096819234e-02
5.216078571281050624e-02
5.689764683769558268e-02
6.170571642279746444e-02
6.664727018286216442e-02
7.176926443242361009e-02
7.710468351843122181e-02
8.266373977213689606e-02
8.846364918627466767e-02
9.456110856512101037e-02
1.009506350925709339e-01
1.076320357354387386e-01
1.146085276207673559e-01
1.218798703173667730e-01
1.294274151712545839e-01
