-2.081497181367100019e-03
-4.324344243404429355e-03
-1.932065631994129944e-03
1.721274663627001510e-03
3.480919952613513099e-03
8.870704076054786689e-04
-5.575858991202958109e-02
-1.701668561755282916e-01
-2.325235131509244824e-01
-2.123010367700321199e-01
-1.656114713189365262e-01
-1.209480010046730392e-01
-1.033992250067662655e-01
-1.004644296175501994e-01
-8.812683122051666318e-02
-7.054255024533735707e-02
-5.326625298283250987e-02
-3.925973067744498862e-02
-2.891146130831075828e-02
-2.071573909735421187e-02
-1.508612265773560945e-02
-8.507626985341760345e-03
-1.096192583495070143e-03
1.361878561275626197e-03
1.611382629541093479e-03
3.298151032958425953e-03
-2.343660849047348067e-03
-1.181527474931759122e-02
-1.506692552617684526e-02
-1.419245152240896680e-02
-1.105200654460492329e-02
-5.578054596093209340e-03
-5.786789194828926078e-04
-6.113496325914000856e-02
-2.890716615948461521e-01
-4.536295752368160183e-01
-4.352684713720182397e-01
-3.923011112056841165e-01
-3.439511042338642688e-01
-3.015200331938209799e-01
-2.938051011701432458e-01
-2.864185154867008865e-01
-2.560178991905437407e-01
-2.035380071633931254e-01
-1.402566472197317449e-01
-8.485018077725542396e-02
-6.803122785698703656e-02
-7.837264888120691608e-02
-7.946574829298660991e-02
-6.573791963657042714e-02
-4.471799332256984338e-02
-2.633038995294441006e-02
-3.915459584938686677e-02
-1.421508920933787778e-01
-2.192200949252218756e-01
-1.972835830760761577e-01
-1.491940538331997246e-01
-1.106001584533370663e-01
-8.724245141187696173e-02
-6.323107525487527136e-02
-3.894512477855620325e-02
-2.039907721433219245e-02
-3.061501688064562077e-02
-6.538237447798393720e-02
-7.468473970325056888e-02
-5.100218359271452284e-02
-1.956906291089507283e-02
9.071625164683273790e-03
3.412247943365552538e-02
5.311673913618610021e-02
5.401957160390934154e-02
4.599280211351623737e-02
4.739171519391709164e-02
5.466533081168857555e-02
5.853923154482115754e-02
6.006050835192078274e-02
6.531309327767056971e-02
7.417610646076706893e-02
7.687195835560572954e-02
6.653354176350197158e-02
6.014929175000029854e-02
6.345928597962280371e-02
6.271985535997220973e-02
5.948415315609895809e-02
6.189504663010397811e-02
6.813179082641732109e-02
7.886362776151517595e-02
9.235564466783884041e-02
1.011901098412939515e-01
1.078054142872064136e-01
1.139843369029597264e-01
1.188537078799692254e-01
1.185791341008874816e-01
1.126767670803847654e-01
1.096186880735957048e-01
1.130884829538528341e-01
1.189629108025090504e-01
1.265027496941455720e-01
1.367941355605075682e-01
1.445406201277661118e-01
1.470540388879962024e-01
1.449590978578978728e-01
1.385884225666867142e-01
1.319089577720740369e-01
1.248494204223233872e-01
1.207123613579701576e-01
1.238802948939642518e-01
1.324974305154511811e-01
1.473184844531386650e-01
1.610046030428575747e-01
1.614183068840201185e-01
1.442734887694749890e-01
1.169405695097239239e-01
4.557494943887351047e-02
-8.258077009878465879e-02
-1.654082862693249667e-01
-1.607283840321288015e-01
-1.190672329810127383e-01
-9.227171846286622015e-02
-9.582316656213669959e-02
-8.266742434837281994e-02
-3.569473081177390594e-02
1.511180948952282194e-02
4.846620811962892850e-02
6.171702954511037315e-02
4.443317287885727856e-02
3.564691741758670152e-02
6.650888017367910521e-02
1.065733365732288163e-01
1.408682285262987111e-01
1.752367469509965581e-01
2.081469464650059775e-01
1.654108720230744178e-01
4.852815429688456250e-02
2.301261627599700266e-03
4.737933734003619418e-02
1.013362459421775497e-01
1.465073148105798251e-01
1.938304039053623806e-01
2.435956728280605221e-01
2.853042875224640618e-01
2.484606746230267338e-01
7.714088161899226859e-02
-2.417293303191278553e-02
2.814176372756541783e-02
1.151747304625585777e-01
1.961324759938781470e-01
2.597906675584731873e-01
3.143298894896566775e-01
3.682256472723932084e-01
4.073103297841219050e-01
4.301433173209714411e-01
4.433388051432008425e-01
4.446864281949367559e-01
4.429592861086785183e-01
4.394333392936149441e-01
4.322853201940671797e-01
4.299285089907575186e-01
4.392084944789654832e-01
4.580265307230551031e-01
4.821613560039539337e-01
5.078985032004759148e-01
5.323913923246483826e-01
5.636293656272979291e-01
5.971118432781508112e-01
6.266876509529253347e-01
6.558113858137695207e-01
6.847579670325674162e-01
7.111786881943136240e-01
7.347678728643478596e-01
