-3.232665485371883918e+00
-3.228944625484893471e+00
-3.227351091655601412e+00
-3.222769308479128458e+00
-3.216661041298503498e+00
-3.203474779065795364e+00
-3.244596200505498018e+00
-3.232249547042624904e+00
-3.224064376818103206e+00
-3.210830728935675005e+00
-3.187398681904198838e+00
-3.143889403936343196e+00
-3.111494821438659741e+00
-3.103219523011786940e+00
-3.064700189166470246e+00
-2.966431254954905672e+00
-2.699105230479732498e+00
-1.216065479694198093e+00
-5.173986219273336573e+00
-3.998348450569598977e+00
-3.775453484027688322e+00
-3.621799423450361211e+00
-3.524579079378641122e+00
-3.497118664090953732e+00
-3.482473904018058342e+00
-3.457446831524381814e+00
-3.496243654681313817e+00
-3.618340961201158112e+00
-3.646566265515518879e+00
-3.569895133052920944e+00
-3.484526085913657756e+00
-3.416418890406999864e+00
-3.377124843805831667e+00
-3.055333837606044156e+00
-3.212331913725082089e+00
-3.212162271637756472e+00
-3.198667731433344041e+00
-3.180848990139094390e+00
-3.157070437420588682e+00
-3.129057899516780594e+00
-3.116949618064821070e+00
-3.103488329944755098e+00
-3.068124761919897914e+00
-2.974824554865810988e+00
-2.607995931114740706e+00
-8.506204315442751351e+00
-5.354455078547853297e+00
3.875971317478807965e+00
7.898390551585179331e-01
-6.613342562598340635e+00
-4.116460535499314233e+00
-3.773806349540121285e+00
-4.000073475527177180e+00
-2.887351435647908193e+00
-3.047173053021657640e+00
-2.968635764081501982e+00
-2.612358256291522629e+00
1.176565747273886586e+01
-4.478855877147823961e+00
-3.834732904631419803e+00
-3.619995882712296442e+00
-3.533814763394656389e+00
-3.576578704354941518e+00
-3.879802228607011738e+00
-3.991719670546960419e+00
-3.641281440483199017e+00
-3.486031932384149101e+00
-3.415226199466852020e+00
-3.375085644169360855e+00
-3.352408020203871963e+00
-3.345193270083550718e+00
-3.344428854906056348e+00
-3.336181120277292411e+00
-3.321071424254681048e+00
-3.308317667824824060e+00
-3.297534335443648601e+00
-3.285291339865114235e+00
-3.272404525793692454e+00
-3.261585656379595299e+00
-3.252663522363540061e+00
-3.243147400376937384e+00
-3.233292246942071735e+00
-3.223224595065500964e+00
-3.212808635261620083e+00
-3.203886871781395307e+00
-3.196513325628079549e+00
-3.190853567898018106e+00
-3.185987781023335241e+00
-3.179110966236656566e+00
-3.171750582005995689e+00
-3.165217026944469048e+00
-3.158654936635396204e+00
-3.150360984789918106e+00
-3.139944370188074707e+00
-3.130429167194018980e+00
-3.122254186813597343e+00
-3.114067511436986901e+00
-3.108438762233062924e+00
-3.105889032052802090e+00
-3.100907432761301763e+00
-3.093456656040424413e+00
-3.084388301538907307e+00
-3.073080914866684665e+00
-3.062411925379341149e+00
-3.051618461304278274e+00
-3.044186111699004549e+00
-3.043937130287436954e+00
-3.047341828205671455e+00
-3.051902457261300938e+00
-3.053099308212708252e+00
-3.046544582501891973e+00
-3.030186715917791318e+00
-3.006101746418691434e+00
-2.930814954730569077e+00
-2.590606514826613527e+00
-1.698420176673911763e+00
-2.259301784582615102e+00
-2.686633221172376018e+00
-2.796870228677680537e+00
-2.792834184431033151e+00
-2.835971983548491782e+00
-2.918944331915378498e+00
-2.970208969230504703e+00
-2.990115765228350764e+00
-2.990055265475509039e+00
-2.964927610822864601e+00
-2.950709115594685628e+00
-2.972273105967326856e+00
-2.992449415149124547e+00
-3.003639234684295722e+00
-3.011941504125088542e+00
-3.016492071035323796e+00
-2.981659319949584663e+00
-2.873878022153830258e+00
-2.815325264335013067e+00
-2.879031640281026760e+00
-2.924405888922061436e+00
-2.949247561594174449e+00
-2.968872092943643626e+00
-2.983961752730286854e+00
-2.991842695973317312e+00
-2.963218100885292028e+00
-2.810580247867719983e+00
-2.644358668744269281e+00
-2.767902255120683996e+00
-2.867509582379169419e+00
-2.916784793297301004e+00
-2.943501200999303791e+00
-2.960636977659222069e+00
-2.970317098358395302e+00
-2.970305160465327887e+00
-2.964960567814260539e+00
-2.958961503978380314e+00
-2.950911153363134254e+00
-2.942556295292604318e+00
-2.934113015443322148e+00
-2.925138114467375594e+00
-2.917911958024153041e+00
-2.914349575584235019e+00
-2.913065777304050918e+00
-2.913441648819923735e+00
-2.914407658814545332e+00
-2.915094590087989435e+00
-2.917612301288271759e+00
-2.919740760438336302e+00
-2.919463743786614884e+00
-2.918278624929236287e+00
-2.917211698889580873e+00
-2.915691822213788420e+00
-2.913704749115497705e+00
