-5.430580648323685145e-01
-5.441637234681289126e-01
-5.446980210346479279e-01
-5.459250917418952964e-01
-5.475036278018883262e-01
-5.502073385949263207e-01
-5.357183736934014728e-01
-5.425584722061542742e-01
-5.450161938753784741e-01
-5.479744384193172557e-01
-5.518593118771367712e-01
-5.568352500724411680e-01
-5.612161254602822114e-01
-5.646143847943073668e-01
-5.695299398090805099e-01
-5.767275817086832124e-01
-5.867411422951368527e-01
-6.003401252321276527e-01
-6.195874903071889594e-01
-6.492316316603143900e-01
-6.979871583313822514e-01
-8.216441130782674573e-01
-1.898382874040552615e+00
1.740446350655047159e-01
-2.257396052484629267e-01
-3.424126761171351063e-01
-3.640238856467136186e-01
-3.514356294497328337e-01
-3.623702009247675715e-01
-3.898161653150168382e-01
-4.192862560198582500e-01
-4.458635717667203124e-01
-4.646903707549435714e-01
-1.161445382187130670e-01
-5.650358321767315894e-01
-5.561499120029093080e-01
-5.577229287420485404e-01
-5.604788230034406515e-01
-5.640375740825134265e-01
-5.681190685785592054e-01
-5.708985173559528725e-01
-5.738145041169717686e-01
-5.786596105402330714e-01
-5.868648375269157613e-01
-6.008284171662607864e-01
-6.234035099179640049e-01
-6.459592631973789523e-01
-6.587626215446085176e-01
-6.781807332141507327e-01
-7.219785157283855614e-01
-8.332898789615423851e-01
-1.247816025404009377e+00
-1.704721146206476190e+00
-7.488427544080347165e-01
-6.592722917828462981e-01
-6.690111517397093754e-01
-7.162011087068274051e-01
-8.191082600582897388e-01
-1.062704959609361621e+00
-8.536620528893102744e+00
-6.941244050482797689e-03
-2.756021559131177634e-01
-3.146965363561164963e-01
-2.696335059715765370e-01
-2.722552218611289376e-01
-3.504670038295406576e-01
-4.078218660738121004e-01
-4.424373109897182799e-01
-4.645375012376850021e-01
-4.785719801110754901e-01
-4.862522478697246520e-01
-4.909008117326907339e-01
-4.959703178873330343e-01
-5.017624344721942631e-01
-5.068823922500858004e-01
-5.113173407830535755e-01
-5.157854483138462065e-01
-5.203039006649812226e-01
-5.243084326940471440e-01
-5.276359990134488198e-01
-5.309291055687542782e-01
-5.342891935203133436e-01
-5.374640007078782533e-01
-5.405920962834011023e-01
-5.437278739695983187e-01
-5.467731108820378383e-01
-5.496229150903423344e-01
-5.522448618392696851e-01
-5.548564808924045799e-01
-5.574275227752106820e-01
-5.598448606315158393e-01
-5.621872395257413446e-01
-5.646464483171449444e-01
-5.673344386404101103e-01
-5.699928446285640327e-01
-5.725387618803955414e-01
-5.750853873769539160e-01
-5.773738789218567646e-01
-5.792374522515849611e-01
-5.811990801363122738e-01
-5.834038866467750051e-01
-5.858041487166334438e-01
-5.885227929783058975e-01
-5.912943788123558031e-01
-5.941538111064776917e-01
-5.967658690804765742e-01
-5.985552616235638723e-01
-5.996349971589385319e-01
-6.001788149401203754e-01
-6.007677993114297621e-01
-6.022058617484264964e-01
-6.049786413304396593e-01
-6.089540185070543288e-01
-6.177678099515335752e-01
-6.383883927693716487e-01
-6.640335567526695071e-01
-6.742835603200444394e-01
-6.712941362797210099e-01
-6.691026185357786815e-01
-6.734088244980129812e-01
-6.722802745638374322e-01
-6.615225784150993160e-01
-6.503035999636390674e-01
-6.429051685468598620e-01
-6.394665625510687068e-01
-6.410601622348468531e-01
-6.422733754300579134e-01
-6.382848063300656793e-01
-6.334749825748835494e-01
-6.296449860759394390e-01
-6.262597581852618056e-01
-6.235721523626409635e-01
-6.271584392970690480e-01
-6.396223410965699019e-01
-6.488330628236369524e-01
-6.473163514076966107e-01
-6.438389747735999702e-01
-6.407057278000970468e-01
-6.371321814215291646e-01
-6.335044561432291443e-01
-6.306644251355469910e-01
-6.334026032337022327e-01
-6.497081207180699369e-01
-6.671332699255940746e-01
-6.664816478143118506e-01
-6.600023724898563815e-01
-6.538326278038608663e-01
-6.485954762296015641e-01
-6.439464626662960711e-01
-6.402225061459914102e-01
-6.381818772975771381e-01
-6.374291031552077325e-01
-6.372101873474893541e-01
-6.376569949840542595e-01
-6.385161041875242471e-01
-6.396710769201610081e-01
-6.411556713147311681e-01
-6.426432966752697595e-01
-6.437997935332867572e-01
-6.446522490545756323e-01
-6.452220120614311494e-01
-6.455835468574249170e-01
-6.458679474202962956e-01
-6.458140400813378035e-01
-6.456483818930647267e-01
-6.457196765679062977e-01
-6.459180650998543882e-01
-6.461267150598712927e-01
-6.464111127820866276e-01
-6.467947759968195598e-01
