-1.133214716451344702e-02
4.928568353094774264e-03
5.527846806430230381e-02
3.939225812997743104e-02
3.839503403740431725e-02
-3.015326881468032710e-02
-9.158898423097152630e-01
-1.328300510706586834e+00
-4.566206594394005558e-01
1.160353188266288402e-02
1.707541521221815628e-01
1.932162564825638529e-01
-1.201032168345262108e-01
-3.009983153643521966e-02
6.156787395533317581e-02
1.187110814937778897e-01
1.238988440985990674e-01
1.194550628703701378e-01
1.069658013153061693e-01
1.074622681169792177e-01
8.088965164591478685e-02
1.292256903748262298e-01
1.106957363186140963e-01
6.188431531143166048e-02
7.098954431664267206e-02
7.764914534894824805e-02
-5.688092081627240532e-02
-2.806363607819719816e-02
1.689474373617221720e-02
3.901511921809833888e-02
6.613317048302283507e-02
9.479149660634740571e-02
7.962926876794261533e-02
-1.023763209081528514e+00
-3.151530434743718523e+00
-9.681617181824214713e-01
-2.696832076381189269e-01
-3.084048897222838592e-01
5.085045402707879386e-02
-1.456437890495715370e-01
-3.873611561414664894e-01
-1.333334686487845921e-01
7.381466755173553274e-02
3.875627727558683122e-01
4.892715637269137163e-01
4.820787392026458229e-01
-4.237689552776311916e-03
-9.796711408792801307e-03
9.439787730017272505e-02
2.413105472874597646e-01
2.759460009597447527e-01
2.576570247537998126e-01
-2.189626937477111290e-01
-1.414630881807060980e+00
-2.802322680071956396e-01
1.696088980598667584e-01
3.346307899569359035e-01
2.279676590240112821e-01
2.040686771443863401e-01
3.092202876921112398e-01
3.044649299867975278e-01
2.825008234748948577e-01
-1.498763666260254646e-01
-2.389308132085532221e-01
1.370755874375968741e-01
3.218201082821933179e-01
3.805971343982645361e-01
4.012080383582707355e-01
4.146438888736764250e-01
3.475713623250584194e-01
1.371365848177620306e-01
1.398457485998195471e-01
2.364162792559356963e-01
2.666630970862800543e-01
2.066437242559592269e-01
2.171330815402776337e-01
2.719164893885728795e-01
3.075155433985684028e-01
1.998961635139708259e-01
8.124812781874431178e-02
2.096795199135167431e-01
2.022480692163147742e-01
1.142931700881613388e-01
1.407691200339711290e-01
2.243096104209881814e-01
2.466649062751730959e-01
3.440879577612342421e-01
3.573249639202735750e-01
2.955168855884449108e-01
3.328550345907254071e-01
3.296796541811392034e-01
3.349313947413058989e-01
2.551540492994309739e-01
2.195011573105733471e-01
2.628956837490574738e-01
2.878068155577474529e-01
2.873624090145920906e-01
3.471926606840141649e-01
3.887581437503040971e-01
3.318488090152593717e-01
3.154003514429831179e-01
2.637321767705764208e-01
2.244541114882573907e-01
2.351379499169977960e-01
1.967132041871300363e-01
2.683940989211478501e-01
3.430821383895458765e-01
4.046929689652968842e-01
4.844035583747976492e-01
4.388425301009244439e-01
3.057460793230672436e-01
1.293125909623478453e-01
4.442745222846782027e-02
-7.263219788595673965e-01
-1.264473805304569654e+00
-4.415026142752618843e-01
9.737585072668993036e-02
3.374497216444241610e-01
7.057000414142505784e-02
-8.622448502494348133e-02
3.654206565541666674e-01
6.221619974696763755e-01
6.503072619178669189e-01
5.143159093191197462e-01
3.800632010743175693e-01
-2.187532146514729881e-02
4.071742347307446552e-01
6.814845581069257641e-01
6.948123829754792036e-01
7.130955655245748703e-01
7.963727927449133492e-01
7.738480637560292141e-01
-4.286683194751530479e-01
-8.462243894281736845e-01
2.936679002746703238e-01
7.159611521871305229e-01
6.757791507721537805e-01
7.691727054293800991e-01
8.858725635165631829e-01
9.679879578997414580e-01
9.072904717002181485e-01
-2.458320290460785651e-01
-1.742279036064021902e+00
1.144942112461372480e-01
8.018534240940605740e-01
1.006779151356884228e+00
1.015987267226873492e+00
1.036275883439962353e+00
1.097220785142117405e+00
1.128862485142538397e+00
9.418086174268083255e-01
9.159425732684359778e-01
8.461004498914184158e-01
7.495196074084142790e-01
7.544068887832852122e-01
6.876361727311003369e-01
6.597879024866936115e-01
7.084263142961632065e-01
8.014202020737142274e-01
8.550299348308314507e-01
9.351750505530659341e-01
9.561034829868289009e-01
9.908340453435398043e-01
1.119907704252423919e+00
1.109251102163696601e+00
1.131600601234661330e+00
1.102624996875350094e+00
1.099127823206308197e+00
1.105048168520859964e+00
1.132567289368995977e+00
1.173024534856090151e+00
1.208367785505957803e+00
1.244741649010376872e+00
1.262524948339625031e+00
1.267265852074517252e+00
1.257124158961624438e+00
1.246563674998712123e+00
1.238156646089622503e+00
1.245883996031464047e+00
1.247673083691210882e+00
1.257683799330614249e+00
1.276700003365731417e+00
1.304981392818533648e+00
1.349567032463106608e+00
1.405907603083578650e+00
1.425813410369796141e+00
1.456704797611924729e+00
1.453416058233526487e+00
1.467769726123360430e+00
1.459204315516394734e+00
1.454162944416147019e+00
1.454787768490390265e+00
1.470414183015963605e+00
1.492879126104833531e+00
1.522903475628468284e+00
1.573254436371051890e+00
1.608720365483563119e+00
1.644825477040030348e+00
1.654965059549836859e+00
1.641995231595575255e+00
1.620285974220088132e+00
1.613593452739469525e+00
1.609473846664112306e+00
1.610648714961747663e+00
1.626845405025235225e+00
1.657530501753988750e+00
1.690324910479191978e+00
1.696933669480089391e+00
1.706853783023371429e+00
1.715467629605034849e+00
1.700703158303092044e+00
1.689649793832332270e+00
1.683211913733425380e+00
1.687159474213742349e+00
1.694165478719335427e+00
1.708372643011951686e+00
1.742654605641952514e+00
1.770882697068879352e+00
1.786227511732485729e+00
1.781945403869071853e+00
1.769165273287153006e+00
1.752503752444752205e+00
1.748697741142158479e+00
1.747520837052298326e+00
1.742860075193383818e+00
1.745041352158486658e+00
1.746301446020232184e+00
1.758009425671547721e+00
1.778994147689438421e+00
1.798978394004486114e+00
1.811675650964498896e+00
1.811626161150055037e+00
1.808990595151364067e+00
1.793911092921522066e+00
1.787314548842766637e+00
1.766902133381289763e+00
1.757308701559991082e+00
1.758408619170805265e+00
1.761278473742543760e+00
1.777327003121797588e+00
1.801552194167515220e+00
1.812915442643168618e+00
1.828554141818812484e+00
1.807279912961212709e+00
1.777316244723527117e+00
1.754542345614359178e+00
1.730960722318791500e+00
1.721793261796070285e+00
1.713335066487015945e+00
1.720157139031158744e+00
1.737232646021652283e+00
