7.583202597991534804e-04
2.624007481641950097e-03
7.321684500890891442e-03
1.243146940686790103e-02
1.585876912393719557e-02
1.468769358219255278e-02
-4.034068783980913897e-02
-1.501847715133112215e-01
-2.057575478660066126e-01
-1.803820241974163352e-01
-1.313080011886451348e-01
-8.652707066557749349e-02
-7.003121981751321556e-02
-6.809576900805477950e-02
-5.674841473357861155e-02
-3.976363542082502617e-02
-2.317687557221798783e-02
-9.835308076410373759e-03
4.995373235649296084e-04
8.644228054515789780e-03
1.422687334613228528e-02
2.073046043808439085e-02
2.766957508422654421e-02
3.024844391125817294e-02
3.134475134579372407e-02
3.356253768192557496e-02
2.842745341094620598e-02
2.006606500218760525e-02
1.807814290165166843e-02
2.043719627694098179e-02
2.528568323234137161e-02
3.222558237731543151e-02
3.830270274255933444e-02
-2.075537440607645723e-02
-2.425796549672843971e-01
-3.944741116168605233e-01
-3.659774653350018614e-01
-3.172750791649225355e-01
-2.653086318720485615e-01
-2.216381796938994009e-01
-2.134356919051408896e-01
-2.053633708236206334e-01
-1.753694945425787743e-01
-1.244665286608032384e-01
-6.346072833948940284e-02
-1.084360593133245482e-02
2.976364570199717743e-03
-8.554570520149556295e-03
-9.248651662928531608e-03
5.952909944211428814e-03
2.869256267902096924e-02
4.819442047480337887e-02
3.641830860834882611e-02
-6.310023677507488327e-02
-1.326721489810568644e-01
-1.037714274454715063e-01
-5.099915407247015281e-02
-8.546547822706189457e-03
1.749280490965027593e-02
4.267875910414190010e-02
6.840422717910657480e-02
8.784475562101777546e-02
7.806266673028221248e-02
4.570748518324353055e-02
3.873645710666796804e-02
6.228743467957491287e-02
9.344749924988861312e-02
1.228629636202454301e-01
1.484031716730240813e-01
1.647871295149470894e-01
1.631487334048840054e-01
1.523620661198060999e-01
1.500413907210747522e-01
1.570084457840946468e-01
1.617717172569611561e-01
1.635089660664843514e-01
1.694864406997038664e-01
1.801955931110577336e-01
1.851248895860597987e-01
1.781089722732575875e-01
1.749073935189336404e-01
1.770772250950494453e-01
1.718478756041383892e-01
1.652344261267811865e-01
1.679063239914484196e-01
1.768922033699563690e-01
1.917849009471658817e-01
2.101287424570561502e-01
2.211474566695220134e-01
2.292682915057225601e-01
2.393089230199015593e-01
2.486935678167016550e-01
2.528048690787761399e-01
2.509075099266717679e-01
2.505436923042705377e-01
2.527048396308699818e-01
2.546269488653509772e-01
2.609194683751090427e-01
2.731247754285994755e-01
2.815309123566602789e-01
2.851512957064554210e-01
2.856574047417996254e-01
2.822022811768041817e-01
2.794558468101223658e-01
2.765365753280101813e-01
2.777547054192097686e-01
2.884597656996147341e-01
3.055402638474122301e-01
3.266220226380731062e-01
3.446002345832848146e-01
3.502105502109151836e-01
3.397948775105519847e-01
3.193861083899813269e-01
2.569391919760716236e-01
1.405973961568616759e-01
7.097906111969942700e-02
8.760455254142739123e-02
1.382949548330041634e-01
1.720506415875990014e-01
1.748810451588922732e-01
1.957978055771951720e-01
2.494606367781273260e-01
3.058967508506872934e-01
3.444431363897134668e-01
3.605340157159091508e-01
3.440020411514462806e-01
3.382400881836291062e-01
3.731968429163999845e-01
4.154091410700153086e-01
4.511231543704599112e-01
4.860466564777967124e-01
5.168389010087917068e-01
4.727485618452746952e-01
3.564880838795979612e-01
3.123768968788968037e-01
3.596941700025274580e-01
4.136940090217044452e-01
4.589559268878231624e-01
5.063095978714386991e-01
5.541119898165032254e-01
5.933486785569705990e-01
5.587546651640431516e-01
3.899934231604794688e-01
2.913778168539140068e-01
3.480177243256065700e-01
4.344337665182756991e-01
5.083835290177644017e-01
5.696039376673995847e-01
6.244227590736537437e-01
6.700172947888094477e-01
6.956174325037866035e-01
7.073721689230539900e-01
7.160631042348134523e-01
7.188779616038499798e-01
7.198709875031069627e-01
7.199997551206968049e-01
7.184328635520492723e-01
7.199778747343921204e-01
7.287403118243946931e-01
7.425916966309089595e-01
7.605956974077129340e-01
7.809307876521556224e-01
8.016188678526154909e-01
8.273997386161022760e-01
8.538058301658200122e-01
8.753330863242634319e-01
8.948581890763128710e-01
9.148195577121692734e-01
9.338502175643997871e-01
9.517359130693058278e-01
