-1.081562699479837394e-02
5.546014234896637883e-03
5.302753528613827344e-02
3.369180227363889613e-02
3.077384656986320230e-02
-3.605936687983232747e-02
-8.773943015431150405e-01
-1.202151922035688214e+00
-2.876435242237202483e-01
1.567287453268937369e-01
2.719774665032955174e-01
2.539957276977075074e-01
-7.640530765302833149e-02
9.149382486492819294e-03
8.969858246815100300e-02
1.322015037605019927e-01
1.238390181737080153e-01
1.091779947878555729e-01
8.973241899090368678e-02
8.545797669885522863e-02
5.647535203008123561e-02
1.018471392315231094e-01
7.998976349652790752e-02
3.162810522050631123e-02
4.259965291536696452e-02
4.999124910349331263e-02
-7.812827364592762891e-02
-4.042438011672571524e-02
8.027116130457470286e-03
2.997303758135218960e-02
5.483734559266383729e-02
7.940462265354875093e-02
6.070165520877980614e-02
-9.944653596296588738e-01
-2.944818851356130196e+00
-6.422177964695517938e-01
2.712411929955408502e-02
-5.962774610824815580e-02
2.486594918577819946e-01
8.402791612505577240e-03
-2.473934572383709174e-01
-5.868097780926086887e-03
1.722942611644460165e-01
4.416419807127501262e-01
4.927297940535573240e-01
4.436513983455030452e-01
-5.178799359106829592e-02
-4.455391061599733166e-02
6.474362905697109150e-02
2.046334749430491207e-01
2.265176753198468729e-01
1.980555562249959878e-01
-2.637915411879048211e-01
-1.374799740631565070e+00
-1.805331339609524410e-01
2.486213975581473279e-01
3.725766947538399210e-01
2.332413138196685054e-01
1.900700606227177791e-01
2.768545644526370086e-01
2.542640121372058970e-01
2.200367777494706134e-01
-2.010129890427498900e-01
-2.602120245080860594e-01
1.247059088384551012e-01
2.927191665510605056e-01
3.288194638249247181e-01
3.290401144456828741e-01
3.256560154800511309e-01
2.484066111100024510e-01
4.254978587191317330e-02
5.696956986064184714e-02
1.578352903291950216e-01
1.860634154264973750e-01
1.260309058662313630e-01
1.384110107853448735e-01
1.916846917860151045e-01
2.223160608547766481e-01
1.144164043341791559e-01
5.244892557923576393e-03
1.396864752375011343e-01
1.319761693540981440e-01
4.810109805070136857e-02
7.994376339005063170e-02
1.626494906574967869e-01
1.800055633239376895e-01
2.683127824560303520e-01
2.701678992224222364e-01
2.020515626130507669e-01
2.353825789874623708e-01
2.278190529996554636e-01
2.296290656872855274e-01
1.506615151171791789e-01
1.204084235708430678e-01
1.672973413030763301e-01
1.919523659714008901e-01
1.903196746738890222e-01
2.465246365603507850e-01
2.810521001630805760e-01
2.197496087479475779e-01
2.029901783834378304e-01
1.540762898949526172e-01
1.207055391952887996e-01
1.369020162891870507e-01
1.039362263352692634e-01
1.779802603801174388e-01
2.481632346895676910e-01
3.005681299781109428e-01
3.672256669901966530e-01
3.106963311816677287e-01
1.771947803604458360e-01
1.378901877134742354e-02
-5.038379479524204840e-02
-7.670206144621777300e-01
-1.209078251452668340e+00
-3.296862524977878239e-01
1.942995046183397800e-01
3.907046466491214676e-01
9.350486890881572200e-02
-6.832192529550452920e-02
3.652157103457455700e-01
5.785681733110689118e-01
5.624685973695524588e-01
3.981911517816041912e-01
2.541505199837445494e-01
-1.315061884829865357e-01
3.062928007593335167e-01
5.575329731340571415e-01
5.418839206363521566e-01
5.369329912643470148e-01
5.981383147728920324e-01
5.566386263152383052e-01
-6.045119834078296339e-01
-9.238573031463044316e-01
2.547583702896336066e-01
6.414418980642481172e-01
5.593730277885282653e-01
6.185274711255864810e-01
7.003450909553684545e-01
7.477310416532864101e-01
6.603026285829073361e-01
-4.580307183760847778e-01
-1.814027343815681981e+00
1.237304459461098793e-01
7.666187222583857874e-01
9.012285938577020428e-01
8.488223788591739982e-01
8.213540259574649838e-01
8.426782632299623099e-01
8.405333803917748314e-01
6.347482831124450220e-01
6.035539731491256221e-01
5.298098297352927810e-01
4.421435528461377107e-01
4.568835744455926884e-01
3.993362110304874424e-01
3.847193110493272172e-01
4.391295876148428867e-01
5.354736106752067126e-01
5.831077077982754764e-01
6.469719807893651309e-01
6.599921693860550942e-01
6.800030938047311180e-01
7.960834160821994576e-01
7.651068500241772208e-01
7.677526001538197420e-01
7.803965622361450638e-01
8.030584524746651187e-01
7.861906081463365670e-01
7.955982049518852683e-01
