1.196543579321154675e-02
1.985182741378881816e-02
5.976499857357765039e-02
3.673843806765190317e-02
3.606020646741966984e-02
-3.206887861333652251e-02
-8.237956109898660895e-01
-1.059979827162412125e+00
-1.218819782379406136e-01
2.738795902511352853e-01
3.318933038925478973e-01
2.700677574189105923e-01
-7.062833519359933143e-02
1.649532589221504308e-02
9.175829055140359569e-02
1.284230108698026507e-01
1.098658741372380843e-01
9.404776036690488950e-02
7.582136503709024922e-02
6.907854318691511453e-02
4.387509371985476303e-02
8.676896969079744837e-02
6.353732721614843704e-02
2.280315941767552604e-02
3.776114945328779005e-02
4.346951854812564769e-02
-7.521633335888541771e-02
-2.854662041917597690e-02
2.158087766011579714e-02
4.396288364499241486e-02
6.620119233052891572e-02
8.510856802401517429e-02
6.266973077970400263e-02
-9.388209264915419183e-01
-2.699938529060600612e+00
-3.105441249381786228e-01
2.782712715534805814e-01
1.167854236357138975e-01
3.662273858087434775e-01
7.828188309282890778e-02
-1.787273845797356930e-01
5.449331628988715592e-02
2.074402811633456190e-01
4.392645622566672126e-01
4.552778404819453617e-01
3.791524219507727556e-01
-1.061516828197527768e-01
-6.635383907359161670e-02
5.706721626223303784e-02
1.994974331268048184e-01
2.114105964116689829e-01
1.756913949677011144e-01
-2.646743700840193392e-01
-1.278291711485412652e+00
-3.393403070556885726e-02
3.546171930078900747e-01
4.251451150254991207e-01
2.609463332606870023e-01
1.937283898696480766e-01
2.686020522827167745e-01
2.402899906249950090e-01
1.948396184681550902e-01
-2.048630774758301021e-01
-2.236400353622053638e-01
1.560935084058620026e-01
2.978178894466156357e-01
3.204289982708598550e-01
3.080123620859631650e-01
2.904685880898302264e-01
1.895428314220214128e-01
1.099189994191387965e-02
1.967963549303419768e-02
1.324018643322839583e-01
1.768542064115133094e-01
1.101098724682183227e-01
1.249478883034468857e-01
1.797614966460726327e-01
2.122218639345262448e-01
1.036769649749510469e-01
1.435838941601449981e-02
1.433491130081324394e-01
1.106473345311378420e-01
2.370349832845408677e-02
7.063847558044783481e-02
1.674953581666704938e-01
1.844416331391268149e-01
2.718956697167971281e-01
2.657256547577057093e-01
1.751207927814670273e-01
2.197107372943860049e-01
2.189382979290776521e-01
2.192459344797039189e-01
1.449514948385152990e-01
1.181500888126847670e-01
1.620415699789414521e-01
1.615832755770859330e-01
1.590865627115334580e-01
2.308219092032654518e-01
2.670346787867454719e-01
1.877001214998096912e-01
1.893268395141882721e-01
1.411798718059074365e-01
1.195648754637916589e-01
1.439682503751547327e-01
1.150949713152495391e-01
2.005612524192194324e-01
2.753229352594267487e-01
3.210982459391299448e-01
3.619229955884093464e-01
2.994448977867222306e-01
1.773710324679826644e-01
3.549539953896324596e-02
-1.212645620639760113e-02
-6.589971217730343778e-01
-1.017384701799088464e+00
-1.008649231344187769e-01
3.796202359937144166e-01
5.156450535411202241e-01
1.864713398348009643e-01
2.345575790281941020e-02
4.535918042040516518e-01
6.176710456765990287e-01
5.781322954928411750e-01
3.932656947643412004e-01
2.426936320956367688e-01
-1.239456993911471350e-01
3.455825025271055395e-01
5.698220577799708586e-01
5.263313311869851630e-01
5.076594953524048437e-01
5.498357962529276666e-01
4.850899912558292448e-01
-6.075677013817837313e-01
-8.451042332811808944e-01
3.662267223339260025e-01
6.989862850483005152e-01
5.654990146520553207e-01
6.033275925933694328e-01
6.524481363451559712e-01
6.679880676710148180e-01
5.709010174632804802e-01
-4.676225657597725682e-01
-1.720215666242845831e+00
2.857960305592915362e-01
8.698668435868794901e-01
8.919136782566072785e-01
7.719225903000117572e-01
7.574897065866302848e-01
7.360553665427931325e-01
6.686424146459735152e-01
4.606646649161598162e-01
4.494689446184099157e-01
4.206709665929194708e-01
3.592313024463912319e-01
3.834820920962713209e-01
3.458942008857069372e-01
3.481543967883563018e-01
3.895421805933897419e-01
4.650781868803782748e-01
4.853999861693744089e-01
5.449036859376987785e-01
5.461273629474288072e-01
5.696003233274019584e-01
6.487570558351399841e-01
6.144877108687608613e-01
5.929893796722319754e-01
6.000737013427100974e-01
6.182895401476282693e-01
6.055990060344305093e-01
6.153437048856523761e-01
