1.484248588258277054e-06
1.091767379153992082e-05
3.791636802415017057e-05
9.830075896184658026e-05
1.843403637878395472e-04
2.835402547235524578e-04
2.650476911108703266e-04
-2.707697520688390311e-04
-1.384731213082105068e-03
-2.596437536174794718e-03
-3.602590920138220090e-03
-4.338491573818314788e-03
-4.872340446068851305e-03
-5.363560502886671397e-03
-5.802726503305686429e-03
-6.145575345590135845e-03
-6.374697438415962737e-03
-6.502765212636912179e-03
-6.547432629214508353e-03
-6.525453538808720366e-03
-6.450256831080527879e-03
-6.333492478083164665e-03
-6.164812547373396158e-03
-5.959319230937150727e-03
-5.739679440922954533e-03
-5.504930440812140155e-03
-5.267517085504031145e-03
-5.077147863761744158e-03
-4.918072574959106262e-03
-4.758590921837464044e-03
-4.579922557392715476e-03
-4.367321963836440744e-03
-4.113461739326709776e-03
-3.952520646694097743e-03
-4.566210735926550836e-03
-6.555166269324411155e-03
-8.880271045670497243e-03
-1.100555862834097683e-02
-1.289735651899646084e-02
-1.448793092927647130e-02
-1.591948894400575104e-02
-1.731709292426316868e-02
-1.858457986690057254e-02
-1.960385064401898303e-02
-2.025965286398098697e-02
-2.054480559068991991e-02
-2.057117714003364045e-02
-2.058320798767807047e-02
-2.060873316045504916e-02
-2.057563456974430272e-02
-2.040983883268071911e-02
-2.010268592324562439e-02
-1.973206895483798490e-02
-1.963720829879920041e-02
-2.017462129362039905e-02
-2.080984073301139423e-02
-2.121288809708236217e-02
-2.132985527458840236e-02
-2.124335553451300526e-02
-2.100028505201365428e-02
-2.058511365958926032e-02
-2.001821360367503355e-02
-1.938267693407395853e-02
-1.887766903871775787e-02
-1.850781626609169367e-02
-1.807994783026198662e-02
-1.748675006361299564e-02
-1.670906546079365881e-02
-1.575960833637102612e-02
-1.466876697209192927e-02
-1.351571999387129151e-02
-1.239911992872077227e-02
-1.132286667960070124e-02
-1.022969378095684757e-02
-9.096981078032048348e-03
-7.950969731612430799e-03
-6.786423794588413924e-03
-5.573810553858540850e-03
-4.307942635940352830e-03
-3.049187187486816948e-03
-1.835410307698098547e-03
-6.201030308675952590e-04
5.843550718536850552e-04
1.740519801211513852e-03
2.874435068733412896e-03
4.039206541983237850e-03
5.263651937675934561e-03
6.587748844229981103e-03
8.003274297216660463e-03
9.469132225260364077e-03
1.099268539740230408e-02
1.257457941623863450e-02
1.420193069214612490e-02
1.583373703866738577e-02
1.745313535302124228e-02
1.907647278708173022e-02
2.070697838805993576e-02
2.235163656548837946e-02
2.404701447013642482e-02
2.580572387405738813e-02
2.759251108416633375e-02
2.939168372047620478e-02
3.117688179813270580e-02
3.293548601641583390e-02
3.467317325067763994e-02
3.639039044379738935e-02
3.813374599730506853e-02
3.995222464382740951e-02
4.187790060436766271e-02
4.392289837453584866e-02
4.604234251789897370e-02
4.815088705296755034e-02
5.016176555927676778e-02
5.195875346179630594e-02
5.319948618772173121e-02
5.378206339190971796e-02
5.417850640466309597e-02
5.474324228728316005e-02
5.555636633322337536e-02
5.645928659743806866e-02
5.739400337914966205e-02
5.856097971013230624e-02
6.006915420308151649e-02
6.188190578733898661e-02
6.387615825780504353e-02
6.590423737177179830e-02
6.783039662802677061e-02
6.985785143158781962e-02
7.212876663836952085e-02
7.463480678865969109e-02
7.735667258965381321e-02
8.029168937879423151e-02
8.326610680567067546e-02
8.573055077519974032e-02
8.761922978201985845e-02
8.952629975797032902e-02
9.172480436758249922e-02
9.419105479404712988e-02
9.692787686437596972e-02
9.995345122354969136e-02
1.032547641682913658e-01
1.066449891677036105e-01
1.094680606249805593e-01
1.112938022314440140e-01
1.130192775805817784e-01
1.151446496484163085e-01
1.177270540639341612e-01
1.207018234482509639e-01
1.240323214541997482e-01
1.276813788721808396e-01
1.315714680530418734e-01
1.355809870822969609e-01
1.396660098306303499e-01
1.437941070840407232e-01
1.479292613651417010e-01
1.520665490225966421e-01
1.561881081106687719e-01
1.602944454121802975e-01
1.644135111729491672e-01
1.685861790231546475e-01
1.728352419851508226e-01
1.771874855582277197e-01
1.816483122185085786e-01
1.862332986141203017e-01
1.909710079246700887e-01
1.958436902436747340e-01
2.008308692995221245e-01
2.059282559513962441e-01
2.111360593868361890e-01
2.164442713921197192e-01
