-1.092329065613757873e-02
5.421473986746644901e-03
5.350191619481192706e-02
3.486364087050049937e-02
3.231603186577106102e-02
-3.490032057726920323e-02
-8.854823694925775257e-01
-1.228149898737669110e+00
-3.218240637451190711e-01
1.280456194849681206e-01
2.524413249635304446e-01
2.424429126255074896e-01
-8.509037505741656737e-02
7.300780992302025041e-04
8.299931896978288148e-02
1.279755803905336387e-01
1.218741421148597931e-01
1.088224202447309608e-01
9.037619603510460564e-02
8.673085712182639073e-02
5.796974295922523862e-02
1.037655020562064656e-01
8.246528392547186614e-02
3.392768006550800353e-02
4.449776141407119773e-02
5.177748730374837072e-02
-7.760510225043593113e-02
-4.160877798284878804e-02
6.298735845196011887e-03
2.845278557509011569e-02
5.392777970407371807e-02
7.945354941475832322e-02
6.156035156641557343e-02
-1.003599429919980635e+00
-2.990467538288594795e+00
-7.111893949931080705e-01
-3.450597731341120689e-02
-1.109428304343381688e-01
2.075621219512216453e-01
-2.452373142713487608e-02
-2.785790759396283289e-01
-3.560533445579167067e-02
1.474348333798179700e-01
4.248031152601047800e-01
4.850971947466822254e-01
4.433708817569455007e-01
-5.144431371505500672e-02
-4.778747682430818655e-02
5.988613442165367090e-02
2.008764755594786011e-01
2.251292847797843055e-01
1.985476073578825440e-01
-2.665440970491823602e-01
-1.395103923841161997e+00
-2.125792795672946378e-01
2.215839372350095760e-01
3.543413531686875340e-01
2.216639129127006558e-01
1.821877969553375998e-01
2.724529885549629160e-01
2.532266577212511360e-01
2.212384272116415529e-01
-2.024066082764216512e-01
-2.678066311984577674e-01
1.155135708587234217e-01
2.872474988435170795e-01
3.281623795035036317e-01
3.326154010804311945e-01
3.326851489487649971e-01
2.575251613890812141e-01
5.076507194882967644e-02
6.296793757569349448e-02
1.633004294854270289e-01
1.923502923857346170e-01
1.327199091195863379e-01
1.451283852466192514e-01
1.991581365580349372e-01
2.312544787346849651e-01
1.238193133651748490e-01
1.310966142965797054e-02
1.468130095046632222e-01
1.396728654840330153e-01
5.543265262493238255e-02
8.665481237278621629e-02
1.700296742571853759e-01
1.888732126174909876e-01
2.794741330152912262e-01
2.840306828195781619e-01
2.175188257142895987e-01
2.519955828049577073e-01
2.456812818964897449e-01
2.485696703578135769e-01
1.698240503133909840e-01
1.388963963415509872e-01
1.855717652163884068e-01
2.108165821146169572e-01
2.099619294843289574e-01
2.674464907131449687e-01
3.039408130695617771e-01
2.440239576057138815e-01
2.278116132749868350e-01
1.788375980920670072e-01
1.447946268932724379e-01
1.604471015123172806e-01
1.269673616570400343e-01
2.011554658560881226e-01
2.728862791621102235e-01
3.277571386876318438e-01
3.976174307688911669e-01
3.437954719551452598e-01
2.107963843205198917e-01
4.517207205906798029e-02
-2.268332588853544385e-02
-7.498469055185255083e-01
-1.210855978425154023e+00
-3.417720851325525278e-01
1.865500210995515162e-01
3.927014540571835965e-01
1.019181259090219532e-01
-5.899106439913617828e-02
3.781763061495272971e-01
6.002795566258189996e-01
5.929083389378571045e-01
4.339596310373987076e-01
2.914994191569362236e-01
-9.779305619316566722e-02
3.382919904328601790e-01
5.945554687417160533e-01
5.850787388252659538e-01
5.850709510800375934e-01
6.510202954164309164e-01
6.136804180854815716e-01
-5.557826831970997805e-01
-8.947161034806296875e-01
2.773016264743153880e-01
6.726939810438787859e-01
6.001398636465915537e-01
6.669003226120306937e-01
7.562960063653801912e-01
8.111423738220578938e-01
7.294919333484015667e-01
-3.957928754204635413e-01
-1.780194928075522265e+00
1.425496027842189650e-01
7.964210635866204591e-01
9.466521686242659328e-01
9.074596270542382159e-01
8.900244200714120257e-01
9.196152896784920427e-01
9.245675883442512344e-01
7.227602791142900829e-01
6.930581033774397826e-01
6.198964079309379205e-01
5.315710857539771572e-01
5.455406047881001808e-01
4.872740695741405448e-01
4.717652741787475845e-01
5.261820727350109417e-01
6.242482358596587178e-01
6.748508854858952244e-01
7.424326231967819378e-01
7.594184329790601984e-01
7.832438692592926799e-01
9.040511300867268840e-01
8.779147582070625511e-01
8.845843688456060949e-01
9.010052168838764697e-01
9.274457405363061291e-01
9.140631487812098666e-01
9.266533447919995670e-01
