-1.338545241278814527e-06
-7.244393056052321916e-06
-5.436132767242818398e-06
2.686051083559724904e-05
8.690467402132378725e-05
1.634169302499065063e-04
1.195403378283207757e-04
-5.033206145498075532e-04
-1.871540425535022463e-03
-3.551345963807744140e-03
-5.198207266463601012e-03
-6.679639671506146063e-03
-8.004696800765653819e-03
-9.304979645019306744e-03
-1.056171599117802611e-02
-1.171587849923370547e-02
-1.273242095469435085e-02
-1.360673777520599904e-02
-1.434616886103119195e-02
-1.496165743524800751e-02
-1.546243334812189528e-02
-1.585990547249583119e-02
-1.614197668761642446e-02
-1.632297021447998500e-02
-1.643138227841699217e-02
-1.647206649368467349e-02
-1.646106806388177718e-02
-1.645951498409517835e-02
-1.646550246838298856e-02
-1.645404478735904702e-02
-1.640866878361559381e-02
-1.631329892783460814e-02
-1.615620769898846662e-02
-1.607448533189487216e-02
-1.682539857035991737e-02
-1.922341844691663124e-02
-2.236960805997652638e-02
-2.567511175332166592e-02
-2.902157442853312008e-02
-3.226032807470427533e-02
-3.546450865537478792e-02
-3.873067004048736522e-02
-4.193735956845522778e-02
-4.492144082553314183e-02
-4.750711541292490514e-02
-4.962360079413293684e-02
-5.133426871814799480e-02
-5.287737183077748787e-02
-5.430544689165631850e-02
-5.556116313682500640e-02
-5.657033704731862650e-02
-5.731408332069595074e-02
-5.786533047028478288e-02
-5.859598148706046672e-02
-5.997170804095479368e-02
-6.153619211720334770e-02
-6.293265973421430237e-02
-6.405229261025739695e-02
-6.493655287429980771e-02
-6.560384224426263344e-02
-6.601762328154742177e-02
-6.618116855481866179e-02
-6.616685753532020042e-02
-6.619477045324770326e-02
-6.631185157991051349e-02
-6.633446054431497985e-02
-6.613449464608772699e-02
-6.567102773431192364e-02
-6.493721378820918599e-02
-6.394412124776761852e-02
-6.275769327665932373e-02
-6.149175018305159945e-02
-6.016399120797630284e-02
-5.873243669385282140e-02
-5.718655631722294186e-02
-5.555628723673732700e-02
-5.384303881951860160e-02
-5.202214554649623596e-02
-5.009028634118004725e-02
-4.811319671328700975e-02
-4.614634405590049143e-02
-4.414736748690778478e-02
-4.211905395249326833e-02
-4.010225190824866226e-02
-3.808615865815509482e-02
-3.602838072546473563e-02
-3.390037359936744904e-02
-3.165675864653544336e-02
-2.929273078352729806e-02
-2.683588926286688270e-02
-2.428097178092632549e-02
-2.162956736065516777e-02
-1.889399049031243588e-02
-1.611906587971712740e-02
-1.332816480765375809e-02
-1.050488486914857161e-02
-7.635764610674562747e-03
-4.714130822702824672e-03
-1.710808994115607402e-03
1.389200381272766120e-03
4.558005094378200089e-03
7.771854196027485825e-03
1.099749910286036171e-02
1.421045425133840578e-02
1.740563692640977392e-02
2.057445938714579092e-02
2.375420526127123427e-02
2.699332706824036227e-02
3.033537887796263974e-02
3.381449711775027372e-02
3.739776650315647377e-02
4.099375657693415942e-02
4.449481888919409184e-02
4.775283888354444478e-02
5.034829710016875542e-02
5.206676687774128287e-02
5.331850337604978479e-02
5.449011359372749053e-02
5.572960932471338058e-02
5.692751017512468620e-02
5.804235435124786846e-02
5.930095729231324442e-02
6.087404479952741865e-02
6.278032395251206821e-02
6.493582734801077450e-02
6.720844627248175052e-02
6.944475704387133297e-02
7.182828288715560616e-02
7.452780849128594343e-02
7.757068097343018664e-02
8.096342550825474937e-02
8.472914689461152893e-02
8.870873260247831571e-02
9.228762728534030402e-02
9.528241061717467042e-02
9.823305996573561405e-02
1.014556846728814632e-01
1.049818751723481658e-01
1.088537902883346536e-01
1.131324915309831480e-01
1.178459138998635136e-01
1.228216463679319831e-01
1.273346314084676523e-01
1.307991496035449952e-01
1.340092810443995475e-01
1.375190985792851539e-01
1.414937042144988888e-01
1.459497924158272841e-01
1.508895048045999776e-01
1.563293190762011786e-01
1.622488151526568223e-01
1.685423855653366554e-01
1.751508705001516564e-01
1.820109389365468788e-01
1.890559064684697033e-01
1.962563002924695987e-01
2.035669858382172515e-01
2.109636147806198125e-01
2.184677572435538284e-01
2.261250941894021871e-01
2.339703880077318721e-01
2.420383244184242666e-01
2.503399795535102279e-01
2.588968356772725077e-01
2.677577592691771091e-01
2.769202527721350560e-01
2.863750546707767852e-01
2.960959800824277677e-01
3.060644705409211741e-01
3.162721049840150345e-01
3.267231777207876831e-01
3.374296074123605549e-01
3.484021865833265008e-01
3.596490583679941011e-01
3.711681029918512120e-01
3.829473722617999232e-01
3.949668867670708128e-01
4.072056637081707398e-01
4.196462666121261176e-01
4.322788601023721533e-01
4.450941470769712582e-01
4.580874969181234491e-01
4.712607669612611794e-01
4.846231301670695379e-01
4.981935296260979751e-01
5.119933233198287192e-01
5.260291431696489939e-01
5.403042867818049766e-01
5.548094860773805648e-01
5.695372286021256336e-01
5.844720456914261897e-01
5.995986668168107325e-01
6.149070918166641420e-01
6.303960402105829308e-01
6.460700969542017003e-01
6.619404554852464928e-01
6.780264467548763330e-01
6.943423553806628012e-01
7.108975515142703649e-01
7.276864552599525693e-01
7.446890213255701330e-01
7.618809185470925005e-01
7.792447599979059891e-01
7.967672549570450347e-01
8.144401650546457816e-01
8.322648766558849998e-01
8.502514871050342871e-01
8.684094356959594085e-01
8.867366083850271030e-01
9.052294543723442555e-01
9.238815719927125913e-01
9.426763847957728704e-01
9.615975341332023696e-01
9.806330264957424658e-01
9.997770322797758791e-01
1.019027498577702362e+00
1.038388636265972442e+00
1.057873977172763436e+00
1.077494702234893742e+00
1.097252816346000914e+00
1.117138833855587432e+00
1.137137007808867617e+00
1.157230882963521834e+00
1.177410349837211490e+00
1.197667961195448605e+00
1.217996163161525480e+00
1.238390438495377222e+00
1.258848150893926654e+00
1.279372688617766984e+00
1.299972776278840669e+00
1.320656697858463735e+00
1.341427591827406784e+00
1.362281562206093088e+00
1.383210756049171097e+00
1.404202580834714498e+00
1.425245736985466749e+00
1.446325241680116447e+00
1.467431373028418307e+00
1.488561172306717140e+00
1.509715505716120010e+00
1.530902579320483348e+00
1.552134175142179329e+00
1.573417322728515533e+00
1.594755029823694104e+00
1.616132736063564668e+00
1.637529068500625851e+00
1.658925561314085861e+00
1.680306551000623205e+00
1.701663621949088379e+00
1.722992558897584514e+00
1.744297784997801637e+00
