1.244821467918959257e-02
2.139275605770388916e-02
6.394533221766332542e-02
4.321159146644430737e-02
4.344104194002271907e-02
-2.678885999415203667e-02
-8.541920691726994086e-01
-1.151589111184711189e+00
-2.280515846756815401e-01
2.032919810202554467e-01
3.023474200772445220e-01
2.698292323372888379e-01
-6.522181973997630278e-02
1.852286217501442067e-02
9.717962428167832567e-02
1.402434380587904150e-01
1.268084393358949735e-01
1.135096277122976394e-01
9.589677970661379669e-02
8.876248560912766705e-02
6.206013181977841631e-02
1.047954542419316792e-01
8.191820873669398984e-02
3.906750326984026467e-02
5.178405500366327352e-02
5.658591919280323013e-02
-6.735151165075897728e-02
-2.646275837944720571e-02
2.298049573974231610e-02
4.738964132878289992e-02
7.273259506596801982e-02
9.539515557469893658e-02
7.541413278453382163e-02
-9.654033133928578980e-01
-2.858707650578500736e+00
-5.265196608867461769e-01
1.213825079109220884e-01
1.539448678462573827e-02
3.100799837743948295e-01
5.155386621372237688e-02
-2.036914407938854588e-01
3.189210559759436681e-02
2.002626472163857030e-01
4.576440715731177056e-01
5.004809668023453284e-01
4.414314163214088094e-01
-5.338413672427355650e-02
-3.456342396190980465e-02
7.985246907391375937e-02
2.254776361919473837e-01
2.448416466238925171e-01
2.135424219567532145e-01
-2.424787264043113955e-01
-1.322640131617450532e+00
-1.094770626233683986e-01
3.121669377826377101e-01
4.222223283138266114e-01
2.825290681315044128e-01
2.251976945503743888e-01
3.081692940458093388e-01
2.870915035452415998e-01
2.442224143586877727e-01
-1.711403853234009786e-01
-2.149984343964604916e-01
1.611548574687096114e-01
3.182765623285542800e-01
3.576451362638694009e-01
3.577289595438178926e-01
3.482513246758609515e-01
2.486332169316456397e-01
6.062870625868138630e-02
5.704210691290981239e-02
1.656733745472762642e-01
2.126138667513269298e-01
1.464664061674977313e-01
1.602155839646638436e-01
2.169609965861435674e-01
2.539508632070771044e-01
1.454233403386755441e-01
4.904273352762383853e-02
1.752274174491716963e-01
1.433614409489613328e-01
5.249234038154987347e-02
9.566992121096437596e-02
1.952333783409083978e-01
2.179973343503018302e-01
3.138050451006146324e-01
3.163515437506317918e-01
2.283010648579878732e-01
2.736735863218840992e-01
2.749346356939320613e-01
2.767664561691180469e-01
2.006506142535773585e-01
1.690865479766975876e-01
2.104522769274490834e-01
2.095955009365785549e-01
2.067350844785210140e-01
2.810606064744714527e-01
3.229900838415758479e-01
2.458483715963635241e-01
2.466264716576715976e-01
1.960209325454697615e-01
1.702297125503562381e-01
1.919137428984769578e-01
1.607204896571120534e-01
2.470453490495250759e-01
3.282532815630001544e-01
3.830434515654242422e-01
4.336292293221727934e-01
3.771382754501632628e-01
2.525564107920703072e-01
9.924271761004654913e-02
3.681541627067103084e-02
-6.484630405290650046e-01
-1.070271309386277458e+00
-1.747200655168095196e-01
3.394110747399863848e-01
5.209716882134459714e-01
2.161451817256318519e-01
5.369213683876586374e-02
4.963404870185350592e-01
6.901210109472276644e-01
6.760359478948417822e-01
5.010977643639555890e-01
3.458150082424629734e-01
-4.383300266407041956e-02
4.160549074793926105e-01
6.575551979813676340e-01
6.322377405610615231e-01
6.247631659296934981e-01
6.763143898288490607e-01
6.172769302416308834e-01
-5.172764612188667233e-01
-8.302484774614846685e-01
3.672138043962426823e-01
7.424489859186267360e-01
6.453673342369494748e-01
7.070372483387955542e-01
7.768517271537580537e-01
8.098197572074865569e-01
7.221639026184649701e-01
-3.543846130113111337e-01
-1.718772408316504130e+00
2.460410662116671587e-01
8.884450068071946260e-01
9.728471837298608982e-01
8.942981142257330207e-01
9.057505425332942339e-01
9.020064380733704423e-01
8.442384374675038217e-01
6.328838638689613383e-01
6.121951614066560854e-01
5.750856087430501473e-01
5.043004469199481310e-01
5.208419219810924705e-01
4.770072275992760513e-01
4.736879320062011844e-01
5.128446543347214837e-01
5.912340850712815010e-01
6.169994348990484045e-01
6.836366396665719547e-01
6.921500617422584600e-01
7.220458474925270931e-01
8.099651083037386901e-01
7.833991092869303507e-01
7.656838959259045785e-01
7.752596423728989050e-01
7.963996477412336183e-01
7.860642784293039309e-01
7.976556427876014821e-01
