1.966795881543799119e-06
1.349559719698983297e-05
4.210126011529874836e-05
1.002371070978080891e-04
1.779062257418781803e-04
2.628638191423305790e-04
2.313320702160798041e-04
-2.751266603318753287e-04
-1.256449122304029945e-03
-2.227772507988771532e-03
-2.939830659132389775e-03
-3.381705229742944328e-03
-3.653120084938990889e-03
-3.916074620328322854e-03
-4.152222683139656506e-03
-4.317357805997698236e-03
-4.397887774273103595e-03
-4.409131248937619811e-03
-4.367811418838200323e-03
-4.287898896871811250e-03
-4.179544187611961871e-03
-4.050496421952552543e-03
-3.888351774126262185e-03
-3.706809295650511597e-03
-3.524350476238633911e-03
-3.336321460552201142e-03
-3.153035139948979701e-03
-3.018015086981663386e-03
-2.909123383022357325e-03
-2.794711391000624743e-03
-2.659067121869198528e-03
-2.491417927025544980e-03
-2.288548721784486838e-03
-2.181397821309506366e-03
-2.797710257923894609e-03
-4.606223452391946388e-03
-6.521228286025163197e-03
-8.100907014432749340e-03
-9.394242436054606182e-03
-1.038824935862207866e-02
-1.125563044315609426e-02
-1.211861407934126424e-02
-1.287877524228601446e-02
-1.343267098546921216e-02
-1.368896633595441913e-02
-1.366300609704421826e-02
-1.347377278278507999e-02
-1.334485044584429216e-02
-1.327177174298506401e-02
-1.316824570847270441e-02
-1.296143833084222562e-02
-1.264922062756998651e-02
-1.230950450007046656e-02
-1.225528302429126741e-02
-1.277362306020897106e-02
-1.330091776314679987e-02
-1.355639885460256655e-02
-1.353664722098662718e-02
-1.335077075098287623e-02
-1.305321081608391484e-02
-1.263149175300427168e-02
-1.210789857170879898e-02
-1.156110928535283508e-02
-1.116760813264983457e-02
-1.090257245355890671e-02
-1.057115680230301391e-02
-1.008605291131959431e-02
-9.445956165155587267e-03
-8.674389261178125365e-03
-7.806656051589422329e-03
-6.918975083151469169e-03
-6.094221593487006428e-03
-5.321441472107059714e-03
-4.537181529077631038e-03
-3.719728244205126010e-03
-2.896421616476702737e-03
-2.060607896376178468e-03
-1.184145415992214363e-03
-2.651684095942185475e-04
6.375124044213670727e-04
1.494854670702138897e-03
2.355705428520380677e-03
3.204402170231744357e-03
4.006967804275456298e-03
4.794409993723517012e-03
5.617821502435118089e-03
6.499239476947983249e-03
7.470319909564749478e-03
8.514416710374431499e-03
9.588039453032671730e-03
1.070134480122825367e-02
1.185579542745196328e-02
1.303921336162237529e-02
1.421453725357340984e-02
1.537099023719428435e-02
1.652727583076746276e-02
1.768512083355834943e-02
1.885212778561806690e-02
2.006422511948089543e-02
2.132918010569422387e-02
2.260940000617593301e-02
2.389309990928063787e-02
2.515799389979412118e-02
2.639712970521791019e-02
2.761976475563529543e-02
2.882824006555867458e-02
3.006839613162464245e-02
3.138228499905415525e-02
3.279179551704486384e-02
3.429860324554397794e-02
3.585441944202735071e-02
3.738140527619444875e-02
3.880875058289047497e-02
4.004111725561194240e-02
4.078026296709287568e-02
4.098452047724290143e-02
4.113513192956849002e-02
4.153203387648282674e-02
4.219567176813094483e-02
4.293885836369382841e-02
4.370390396944183464e-02
4.468077069532101070e-02
4.594791290500108843e-02
4.744756517023907688e-02
4.905406786334992608e-02
5.063469849649799431e-02
5.208346018043551878e-02
5.361876019272407423e-02
5.536411768264627026e-02
5.729262669390081109e-02
5.937710325015754798e-02
6.161020299827161401e-02
6.382345216702114965e-02
6.552203833921856069e-02
6.671912973875118724e-02
6.801664258354600534e-02
6.962907372198944012e-02
7.148638160989712054e-02
7.356744772646019170e-02
7.587256880331662290e-02
7.837685483890785565e-02
8.089840049542838807e-02
8.283994654355480991e-02
8.388531682379907206e-02
8.496797796161782712e-02
8.650514900636267768e-02
8.847211544932627458e-02
9.075980844164355243e-02
9.331546271535276493e-02
9.609146045656220825e-02
9.900769148226712391e-02
1.019573572796548255e-01
1.049190227054870445e-01
1.078800790442683982e-01
1.108203292740695539e-01
1.137459910893060533e-01
1.166479541378416113e-01
1.195331380417714862e-01
1.224292558928329472e-01
1.253713284534962724e-01
1.283744257674874767e-01
1.314591669382163541e-01
1.346252936586110061e-01
1.378842805080286726e-01
1.412568678080641515e-01
1.447209132219102468e-01
1.482551047256472909e-01
1.518569345058504438e-01
1.555283185271729984e-01
1.592616171766166877e-01
