-6.475135859322421299e-04
-7.764980526576916071e-04
2.800783445841005873e-03
7.117380060031684892e-03
9.612726833602234372e-03
7.664030515419019592e-03
-4.770810898076097151e-02
-1.575258844685482607e-01
-2.128787234718280130e-01
-1.875042613725319274e-01
-1.388082091344213786e-01
-9.460936323387861280e-02
-7.868472891318564755e-02
-7.711395260144006392e-02
-6.604795829431486798e-02
-4.963959665103759300e-02
-3.369387455542101339e-02
-2.102295448227804731e-02
-1.161592917033350651e-02
-4.265210891354021157e-03
6.407515153827088999e-04
6.601699519176109157e-03
1.322588640517808473e-02
1.527380526097883370e-02
1.562529708876930767e-02
1.734496528777718441e-02
1.182370116124181053e-02
3.026977923021477099e-03
6.184765056021818315e-04
2.387456847491324988e-03
6.435542760235325038e-03
1.258156881126068494e-02
1.795779706524678124e-02
-4.153276842422309878e-02
-2.631586061112439201e-01
-4.141655033662204888e-01
-3.850962966933789700e-01
-3.365240747901285800e-01
-2.855694937405773293e-01
-2.431941395922728455e-01
-2.362828412296568703e-01
-2.293792143660588478e-01
-2.002582745260549080e-01
-1.502456794366572590e-01
-9.057849771403739259e-02
-3.953451987432205633e-02
-2.704167115718559417e-02
-3.978853061327262269e-02
-4.176155120332385173e-02
-2.817636816587144877e-02
-7.303133276210637542e-03
1.053316381068936797e-02
-2.633018513103270800e-03
-1.032858492122247090e-01
-1.737949359558986218e-01
-1.462677019706713766e-01
-9.534916739473550673e-02
-5.553176848059004911e-02
-3.195536114521246862e-02
-8.601039202097083419e-03
1.502320688408875782e-02
3.264355118223208341e-02
2.158799577675439563e-02
-1.207813637346454028e-02
-1.973737493696632248e-02
3.947765733724573067e-03
3.465637622231111659e-02
6.265260383539700273e-02
8.670745306704545630e-02
1.031214398806702820e-01
1.017140974536376447e-01
9.180191544938938464e-02
9.112146574770010887e-02
9.801313712368980857e-02
1.020805241869645053e-01
1.035373159357942108e-01
1.090049303792479662e-01
1.185660114813532756e-01
1.221159781940130418e-01
1.133931467219345263e-01
1.088385184685386337e-01
1.117648581111952977e-01
1.089053660130122198e-01
1.041794942929931411e-01
1.069056642569818222e-01
1.145620552498361339e-01
1.272637224677935497e-01
1.428574808832245857e-01
1.523604196610352235e-01
1.593473925168087668e-01
1.671038842326555418e-01
1.739279200966716843e-01
1.756286321063892097e-01
1.717171624987065826e-01
1.701598707776465214e-01
1.731194180804260518e-01
1.770628481256950049e-01
1.839364247034678268e-01
1.950172126213011170e-01
2.028331504998149570e-01
2.056903423821971055e-01
2.048152908945023165e-01
2.000065352062532498e-01
1.955723870939845010e-01
1.909594558775025430e-01
1.899409649297444658e-01
1.972177380367555188e-01
2.102010892157584188e-01
2.280390039171883432e-01
2.435175852111503003e-01
2.462023210716534904e-01
2.324591460718966052e-01
2.091841264669912492e-01
1.436706585263303748e-01
2.464182316879842682e-02
-4.693179892307076939e-02
-3.257021857999709696e-02
1.541333181594821411e-02
4.602858189089192864e-02
4.569506132708763685e-02
6.275292026170031789e-02
1.123467523585822414e-01
1.643820848513978805e-01
1.983868147872069332e-01
2.113324357109260809e-01
1.933490344877796252e-01
1.858677535872532149e-01
2.183624678049230772e-01
2.584420302890304000e-01
2.920184383463470534e-01
3.250746863502539941e-01
3.552210728522403049e-01
3.106993632417412443e-01
1.954831341620745788e-01
1.532971161265953841e-01
2.012468028444915347e-01
2.552566473506039935e-01
2.995373378040750434e-01
3.453488506578240580e-01
3.921651564502890985e-01
4.304406382213927240e-01
3.931714483322850673e-01
2.245512772345028274e-01
1.292171628254704108e-01
1.868594215314762497e-01
2.740847775917454876e-01
3.501060861113624023e-01
4.101586670486487285e-01
4.621333887689653142e-01
5.090620640946555975e-01
5.386976713945255124e-01
5.538124587710241409e-01
5.633698049217149562e-01
5.647395931474792352e-01
5.640477288826546420e-01
5.623700885499545166e-01
5.582553065866072695e-01
5.582886015864392260e-01
5.675373383055911658e-01
5.836002316296549086e-01
6.044259386432904169e-01
6.269445834398179596e-01
6.487783805267676174e-01
6.763506776171425150e-01
7.051570269522998702e-01
7.300526785761847215e-01
7.508811397545975819e-01
7.676172864631332082e-01
7.830647905177211543e-01
7.991889412015751315e-01
8.175884997155352663e-01
8.380430152244124908e-01
8.598822168444792968e-01
8.818139888133346149e-01
9.022105899087521363e-01
9.199947298672873641e-01
9.350467919609475320e-01
9.480972201773286701e-01
9.605900795631510114e-01
9.730402301734591974e-01
9.855565310195519846e-01
9.989850813906662186e-01
1.014038077636667312e+00
1.031698771177333995e+00
1.052840344912664206e+00
1.075192639712133191e+00
1.097385673258491234e+00
1.118159606907215498e+00
1.137247699139789070e+00
1.154672452339335686e+00
1.169907917494480643e+00
1.183962893991811649e+00
1.198214051411294667e+00
1.213698992687479938e+00
1.230857766544803722e+00
1.250820167547332051e+00
1.273103049226881334e+00
1.296517083555877248e+00
1.319437513854631927e+00
1.339468937176791163e+00
1.355724766833690476e+00
1.369542721177835709e+00
1.382350872185560187e+00
1.394743161728922543e+00
1.407861247288810347e+00
1.423037291118617098e+00
1.440578816140645424e+00
1.458530607987089445e+00
1.475719282069206217e+00
1.492456404858769403e+00
1.507470814689400918e+00
1.520232150071421096e+00
1.531706749235307807e+00
1.542973010398868583e+00
1.554710113946852879e+00
1.567315877093143461e+00
1.582053329333279690e+00
1.599055318148127069e+00
1.616771179077771015e+00
1.633327579864798151e+00
1.647599105867418423e+00
1.659516811366065658e+00
1.670171856305703972e+00
1.680608781073863911e+00
1.690753327170957165e+00
1.700841201095070865e+00
1.711126935513546110e+00
1.722075259656391077e+00
1.734550152925723676e+00
1.748581577894586125e+00
1.763349686880332223e+00
1.777628224983587302e+00
1.790797090796174329e+00
1.802310921880315497e+00
1.812435905035104877e+00
1.821114572427873002e+00
1.828581355846797596e+00
1.836217146253294352e+00
1.844548653724522813e+00
1.854199382936482010e+00
1.865947604674628391e+00
1.878963391794344018e+00
1.892581516769085148e+00
1.904810592088786780e+00
1.913696394056281669e+00
1.920029657631401321e+00
1.924688709834970313e+00
1.928779340248421681e+00
1.933104252519805444e+00
1.938431354273686846e+00
1.945802268028425930e+00
