-2.649502215292989682e+00
-2.646757778598134436e+00
-2.645546923667377648e+00
-2.642235002981524694e+00
-2.637833622156407820e+00
-2.628780118596401039e+00
-2.659422673727899422e+00
-2.649427368947121497e+00
-2.643426560170363260e+00
-2.634239481446158049e+00
-2.618936537870419023e+00
-2.592761799528713329e+00
-2.571450274380188361e+00
-2.562334745096390698e+00
-2.536944974410412890e+00
-2.479757003965050721e+00
-2.348417337579103314e+00
-1.932050435184614834e+00
-2.108398788443091121e+01
-3.483180792931936054e+00
-3.146467903881815964e+00
-2.982082232689656554e+00
-2.890757171394630731e+00
-2.862221518618848215e+00
-2.846750170480182973e+00
-2.825702064149410830e+00
-2.848615556879169564e+00
-2.923239720254786178e+00
-2.944417083925502165e+00
-2.900776830816205631e+00
-2.843990217318998148e+00
-2.794488389129951678e+00
-2.764105985974536495e+00
-2.462746597056477249e+00
-2.631908677783233230e+00
-2.633268948159020351e+00
-2.624133099401838809e+00
-2.612128598978975091e+00
-2.596407358856530401e+00
-2.577850816025239133e+00
-2.568159894250633624e+00
-2.557889337675179675e+00
-2.534439598615123579e+00
-2.478327861501958385e+00
-2.302598925465324520e+00
-6.282419899264461982e-01
-1.208743180545429041e+01
-3.553969128657087362e-01
-5.560434520090915544e-01
-7.384065463682524033e+00
-3.445390354716803216e+00
-3.107337453319741982e+00
-3.251878708794899708e+00
-2.334272379533075537e+00
-2.492758697660199196e+00
-2.440800647106058818e+00
-2.217214872365510292e+00
-3.020900941810029661e-01
-4.045623463079527582e+00
-3.191756988332410394e+00
-2.977383349185215522e+00
-2.896590272782357367e+00
-2.919067878650390746e+00
-3.105835289417219425e+00
-3.181089819741123481e+00
-2.965802365287699693e+00
-2.851563020724861008e+00
-2.795772332486920142e+00
-2.763402493547825856e+00
-2.744694661951043280e+00
-2.737749526997752092e+00
-2.735865784316073857e+00
-2.729370692696105216e+00
-2.718303067406996121e+00
-2.708700131406508227e+00
-2.700487010980481273e+00
-2.691310753291287661e+00
-2.681639267458443499e+00
-2.673408567087809384e+00
-2.666634316591970588e+00
-2.659489466271402591e+00
-2.652065660570362304e+00
-2.644600958707938432e+00
-2.636910381829162375e+00
-2.630036453904398108e+00
-2.624170494029761436e+00
-2.619507451885579208e+00
-2.615535640789067529e+00
-2.610391014900472761e+00
-2.604927806335444629e+00
-2.600007265108534416e+00
-2.595086805012305931e+00
-2.589056587284444433e+00
-2.581593192475129861e+00
-2.574602615559760110e+00
-2.568444972491055189e+00
-2.562289633497483621e+00
-2.557785727972148759e+00
-2.555407575112134566e+00
-2.551620831888389063e+00
-2.546210189089793907e+00
-2.539698447903560918e+00
-2.531633272177873373e+00
-2.523842826696826691e+00
-2.515919771695447782e+00
-2.510080189245422311e+00
-2.509029485193843279e+00
-2.510731109064967548e+00
-2.513547138327284713e+00
-2.514374590556054834e+00
-2.510058756433275917e+00
-2.499091943525372450e+00
-2.482746677013156322e+00
-2.434594456786175698e+00
-2.248063713284580434e+00
-1.859021472912150141e+00
-2.009467348813886556e+00
-2.238790538334365365e+00
-2.313931618506172239e+00
-2.313839082176100792e+00
-2.344450800651552758e+00
-2.404709332635668773e+00
-2.444278783121935028e+00
-2.461289927462309457e+00
-2.463456906994888840e+00
-2.447894304743099436e+00
-2.438357802945663622e+00
-2.452465582780560815e+00
-2.466684987859245393e+00
-2.475182519607520781e+00
-2.481673428915749824e+00
-2.485539108782281126e+00
-2.463214668516538808e+00
-2.394929473443181411e+00
-2.353566565202688476e+00
-2.387660609535513512e+00
-2.416477074861575147e+00
-2.433804710324758869e+00
-2.448200526458971460e+00
-2.459683061745086441e+00
-2.466204708598589868e+00
-2.448133169835509548e+00
-2.353181205795146447e+00
-2.248501205708793638e+00
-2.309577911512335824e+00
-2.372152020969440667e+00
-2.406997863567463369e+00
-2.427333558940087066e+00
-2.440976528519921196e+00
-2.449191431332319091e+00
-2.450439728491819125e+00
-2.447597532099170081e+00
-2.443926277579063999e+00
-2.438620452169503405e+00
-2.432855030401439578e+00
-2.426876771737303873e+00
-2.420420052737093375e+00
-2.415007364717791205e+00
-2.411989170049718023e+00
-2.410602647309676438e+00
-2.410455424353501463e+00
-2.410866516746964727e+00
-2.411201881291204163e+00
-2.412815935129611233e+00
-2.414295756917944402e+00
-2.414211910234564940e+00
-2.413475375550167890e+00
-2.412763581613678099e+00
-2.411725340437944176e+00
-2.410337324656337987e+00
