-2.845850720180939473e-06
-1.607221403940076754e-05
-2.584033200993413602e-05
-1.261316905000840507e-05
1.520134285295619395e-05
4.405042152118772593e-05
-4.874119914983818773e-05
-6.332036684455479795e-04
-1.727712513479348188e-03
-2.846532942265173581e-03
-3.721495129367223542e-03
-4.325099924020713894e-03
-4.747650289331761635e-03
-5.151126079633246840e-03
-5.519942760318312554e-03
-5.811505808675996622e-03
-6.013946891163452109e-03
-6.141273215395200852e-03
-6.212910099796973076e-03
-6.245044322405746140e-03
-6.246894487778171384e-03
-6.227357392143623334e-03
-6.172322245938681798e-03
-6.095656386593053221e-03
-6.020355131751501006e-03
-5.942659604383168821e-03
-5.870901936975202705e-03
-5.851122209431004924e-03
-5.863249876664591680e-03
-5.875740027672484052e-03
-5.873732614124972662e-03
-5.845829325606143913e-03
-5.786569992145390237e-03
-5.826910303180973631e-03
-6.610297321516194965e-03
-8.645979885957104372e-03
-1.085860920465972143e-02
-1.277196986459027371e-02
-1.441171708899756723e-02
-1.575309131643657171e-02
-1.695954272638105359e-02
-1.815745899663456439e-02
-1.924772892884029502e-02
-2.012109174013619259e-02
-2.068057414667203581e-02
-2.093893797750598015e-02
-2.101355788598946103e-02
-2.113476148506795993e-02
-2.131082528127322545e-02
-2.146122902710713432e-02
-2.151589540813396775e-02
-2.146942226742691931e-02
-2.139721785551759736e-02
-2.161942330487898536e-02
-2.244582772536587306e-02
-2.332200891794020819e-02
-2.395140420829872802e-02
-2.431667391940038961e-02
-2.452371238148727192e-02
-2.461846047296922108e-02
-2.458737580070774822e-02
-2.445453191899546116e-02
-2.429506795496370886e-02
-2.429217412933207601e-02
-2.443061959373063821e-02
-2.450594229899373880e-02
-2.442123326375123665e-02
-2.417847786934214024e-02
-2.380277327898807499e-02
-2.332206338243958052e-02
-2.280088562427908666e-02
-2.233190457588601560e-02
-2.189609728471960184e-02
-2.143878722329916470e-02
-2.095257467251096864e-02
-2.046140266455588955e-02
-1.995844871310354859e-02
-1.941902619673878741e-02
-1.884528419721608755e-02
-1.829726229529107448e-02
-1.780980846497026704e-02
-1.732180890568561782e-02
-1.682697454043216578e-02
-1.635579156296116179e-02
-1.589183669569897706e-02
-1.540029717481975619e-02
-1.486550202742240555e-02
-1.426012367326363189e-02
-1.359564811671774669e-02
-1.290176283157393883e-02
-1.217719287793041748e-02
-1.142813626890329913e-02
-1.066634797871873763e-02
-9.928260478547426895e-03
-9.220579437538482456e-03
-8.513191840171647345e-03
-7.784299447822174908e-03
-7.029051660303342955e-03
-6.229773794798530023e-03
-5.383502121518280760e-03
-4.519543468811828765e-03
-3.660428594127392108e-03
-2.829573050530931159e-03
-2.038305994981515819e-03
-1.280054553790507896e-03
-5.539131527920932753e-04
1.771575168177239772e-04
9.485992895774355465e-04
1.786585774274062005e-03
2.707591103510293296e-03
3.664385035049776921e-03
4.571120591330422693e-03
5.350875981386789271e-03
5.905101255368764603e-03
5.916721235944773054e-03
5.333089408431808398e-03
4.635596740930896138e-03
4.143339710948480865e-03
3.894436645062644177e-03
3.708476626458399091e-03
3.524432766390989385e-03
3.527531621508971874e-03
3.808327529528783909e-03
4.309257731231292896e-03
4.911779537393558270e-03
5.491919728560929956e-03
5.941747113829281765e-03
6.464229104296643526e-03
7.190829237719451907e-03
8.103209312296487388e-03
9.176549177992428946e-03
1.041171836420799399e-02
1.164725934227728299e-02
1.236963409052384104e-02
1.258286233851705488e-02
1.288203733013623849e-02
1.349614390216314491e-02
1.436604501998258072e-02
1.546804084172730478e-02
1.680918337735430937e-02
1.837167585542368378e-02
1.996277013907192532e-02
2.095795469158402702e-02
2.104405360420664658e-02
2.114309941109900060e-02
2.168820217366807315e-02
2.269660883670365434e-02
2.406707286558862346e-02
2.571400205399166847e-02
2.760863246034229307e-02
2.971044885896751558e-02
3.191044940509116246e-02
3.416194396428353514e-02
3.641570930688600716e-02
3.863616699181863373e-02
4.082885101387736387e-02
4.297757768194916672e-02
4.508809830514882988e-02
4.720728770955192471e-02
4.939201037681605760e-02
5.167286823297712745e-02
5.406657243951406427e-02
5.656855798766038251e-02
5.918503035401804363e-02
6.195215181299008195e-02
6.484722115887878169e-02
6.785855597573889342e-02
7.098267320430387550e-02
7.421566200302261163e-02
7.754015235454513044e-02
