-2.525989337231029364e+00
-2.522826276705096404e+00
-2.527574571224502797e+00
-2.525055839174906502e+00
-2.522988745663316656e+00
-2.518493424648081902e+00
-2.527653544117135720e+00
-2.525302803091255655e+00
-2.523051682314843447e+00
-2.519375213902105948e+00
-2.513401633211476582e+00
-2.503784964791545775e+00
-2.496101307353423060e+00
-2.492394346710374187e+00
-2.483520733924915458e+00
-2.466067685623540395e+00
-2.434092212951509016e+00
-2.374224613517159188e+00
-2.241709191564650538e+00
-1.664249054322028076e+00
-4.839989639263601262e+00
-2.953743752571514225e+00
-2.748481568904099337e+00
-2.714401401120751789e+00
-2.704819683649667184e+00
-2.684182248758825828e+00
-2.740650764102240178e+00
-3.106877587319195833e+00
-3.680678357494351349e+00
-3.213399859655195812e+00
-2.873476768743354448e+00
-2.721252056456794577e+00
-2.664356481202852400e+00
-2.458674338409639670e+00
-2.515225567207295398e+00
-2.517036822624405534e+00
-2.513331806849397498e+00
-2.508399194132187038e+00
-2.502068530033950911e+00
-2.494774713593429727e+00
-2.490946131458073420e+00
-2.486941007776964252e+00
-2.478156796103688553e+00
-2.458833743583141107e+00
-2.410682693923043018e+00
-2.254328352622497977e+00
-2.103895625964858684e+00
-2.233850400758360610e+00
-2.242310545043616710e+00
-2.078673702845890148e+00
8.329725056314662979e-01
-3.251078147734114410e+00
-6.767722352427524513e+00
-2.415601063835200346e+00
-2.460511310796769990e+00
-2.445479084601344333e+00
-2.398096212458853405e+00
-2.297205795773577641e+00
-2.099848306683190113e+00
2.212569114702325201e-01
-3.131015579316534847e+00
-2.837416089764987603e+00
-2.945914730158647465e+00
-3.875077809862628175e-01
-1.657093382623659572e+00
-3.660696443431231906e+00
-2.804665349479170899e+00
-2.687760952720692043e+00
-2.642450060694936376e+00
-2.621459685229228231e+00
-2.618647741211148183e+00
-2.623800697169369478e+00
-2.620973608666833155e+00
-2.611587119202451568e+00
-2.605096716002728741e+00
-2.600726462211945478e+00
-2.594060212351425587e+00
-2.585840194574080542e+00
-2.580958611072392550e+00
-2.581407091732890624e+00
-2.580311315368256864e+00
-2.575883707037707193e+00
-2.573847746969208483e+00
-2.572627678717338107e+00
-2.568485327820139830e+00
-2.562856089871946352e+00
-2.556509596849130705e+00
-2.550480788745354666e+00
-2.546055356589659091e+00
-2.542250773294187915e+00
-2.538588048874465208e+00
-2.535180663756770869e+00
-2.532097366343723621e+00
-2.529182955185087955e+00
-2.526224528590861329e+00
-2.523304965958621082e+00
-2.520467779433277933e+00
-2.517830144643606882e+00
-2.515498498296277585e+00
-2.513069928248663487e+00
-2.510385746775924520e+00
-2.507426527812552042e+00
-2.504062752963242211e+00
-2.500663626469870060e+00
-2.497148739423624253e+00
-2.494142362053670681e+00
-2.492544509637791617e+00
-2.491901242683086881e+00
-2.491915303869447929e+00
-2.491414804119381987e+00
-2.489041230367712743e+00
-2.483989382389084177e+00
-2.476368095593375784e+00
-2.450312540561638386e+00
-2.100592093443819586e+00
-2.769218075575566651e+00
-2.848128562118287022e+00
-1.602023806200848499e+00
-2.264834235624564762e+00
-2.261814476859670187e+00
-2.336946259562389994e+00
-2.422162114795330723e+00
-2.454248828033428254e+00
-2.464793646052665821e+00
-2.466330866438622760e+00
-2.458116359137976659e+00
-2.452820051456093609e+00
-2.461486791139899655e+00
-2.469280713819418160e+00
-2.473493722562353003e+00
-2.476470044748785071e+00
-2.478241838910939965e+00
-2.468449756729295785e+00
-2.430856121040016138e+00
-2.400889625060137256e+00
-2.428130811193137895e+00
-2.446763150414797305e+00
-2.456361263651566151e+00
-2.463435434793347145e+00
-2.468670622293657857e+00
-2.471422798072937077e+00
-2.463445337714404992e+00
-2.412269525475228438e+00
-2.321872798751273947e+00
-2.382188316272003004e+00
-2.426670484835750763e+00
-2.446608953112769935e+00
-2.456291461599986903e+00
-2.462009693121058440e+00
-2.465664291896806581e+00
-2.466594039201520872e+00
-2.465730434176166774e+00
-2.464211777607439924e+00
-2.461765811641351220e+00
-2.459068223643525730e+00
-2.456231888469181168e+00
-2.453066307917978417e+00
-2.450436174903214859e+00
-2.449081352561580438e+00
-2.448658191087838887e+00
-2.448822451551495138e+00
-2.449113866056946254e+00
-2.449226915453525777e+00
-2.449909448660866573e+00
-2.450573525015216969e+00
-2.450687151664215246e+00
-2.450297910625359954e+00
-2.449451299293219808e+00
-2.448454787225979423e+00
-2.447512296728792336e+00
-2.446778918754996646e+00
-2.446221280887790339e+00
-2.445763598498671421e+00
-2.445278018524972730e+00
-2.444618803698764609e+00
-2.443700497106334524e+00
-2.442525635760819380e+00
-2.441168862732878697e+00
-2.439765637587079095e+00
-2.438364583424507348e+00
-2.436977107815756938e+00
-2.435681123485295085e+00
-2.434540484235689917e+00
-2.433640270464606736e+00
-2.433048141237200923e+00
-2.432544942504511809e+00
-2.432005150508276703e+00
-2.431321063970403706e+00
-2.430477460888130103e+00
-2.429482578764843304e+00
-2.428297853736895551e+00
-2.427013850477782952e+00
-2.425750434078606688e+00
-2.424596557255904727e+00
-2.423587970867102648e+00
-2.422815737501763600e+00
-2.422229353333958723e+00
-2.421721117145367863e+00
-2.421153752909756207e+00
-2.420336988390803246e+00
-2.419208712686776064e+00
-2.417883793048431151e+00
-2.416480906271351703e+00
-2.415050321425475932e+00
-2.413686727475453875e+00
-2.412499596358553600e+00
-2.411511857150342220e+00
-2.410559945088557754e+00
-2.409547494963019787e+00
-2.408500332617508732e+00
-2.407316151808555293e+00
-2.405953847884358954e+00
-2.404493346131745479e+00
-2.403023920228817278e+00
-2.401602432724963876e+00
-2.400262489534594312e+00
-2.399108779511198719e+00
-2.398149929632499511e+00
-2.397253904181745998e+00
-2.396264521659713154e+00
-2.395090161527379635e+00
-2.393726593869581087e+00
-2.392265007996803750e+00
-2.390793081128980369e+00
-2.389305468375361396e+00
-2.387822665564428792e+00
-2.386366729935223141e+00
-2.384977719878659919e+00
-2.383729696985762203e+00
-2.382624533498924446e+00
-2.381590325679773024e+00
-2.380520670329056898e+00
-2.379362100077687892e+00
-2.378067923701874697e+00
-2.376661215250838843e+00
-2.375136913647629910e+00
-2.373515170392851203e+00
-2.371917181532451124e+00
-2.370390789707700563e+00
-2.368992714220747420e+00
-2.367793089060526324e+00
-2.366717009317063081e+00
-2.365703377579410738e+00
-2.364572800713620193e+00
-2.363149585030674960e+00
-2.361503036963746638e+00
-2.359710844511822891e+00
-2.357873422057846113e+00
-2.356065935869331440e+00
-2.354362227655822704e+00
-2.352863118330745795e+00
