-1.247549775648575194e-06
-6.256137192184545120e-06
-3.050188233061337064e-06
2.651389155296853835e-05
7.433032357495169217e-05
1.271910231089078494e-04
5.913615286607273012e-05
-5.117478673779444305e-04
-1.620386433231776110e-03
-2.781752882774439668e-03
-3.712189467883187776e-03
-4.368988861190378423e-03
-4.834153161012690048e-03
-5.269533158468947889e-03
-5.662709997779592601e-03
-5.970797371110505083e-03
-6.180069228324945596e-03
-6.304292261431879152e-03
-6.362521960912492260e-03
-6.371468134357919678e-03
-6.342152241181294760e-03
-6.284629081882409617e-03
-6.186223042182028946e-03
-6.061219416445758588e-03
-5.932550688827085625e-03
-5.797575754866212197e-03
-5.666136596034727219e-03
-5.585666178286468470e-03
-5.537711321267735354e-03
-5.490476120685872964e-03
-5.427448331269470704e-03
-5.335885848915076536e-03
-5.209590712169186524e-03
-5.180914481200348670e-03
-5.908918558756634694e-03
-7.939185477722486214e-03
-1.020853508714990657e-02
-1.221369034786000222e-02
-1.395567383175548050e-02
-1.539318625356031478e-02
-1.668234373436583429e-02
-1.795040888077424970e-02
-1.910032298044424953e-02
-2.001971978772933841e-02
-2.060483008730957383e-02
-2.086126505174748166e-02
-2.090519102549750693e-02
-2.097351261532390265e-02
-2.108290652422809344e-02
-2.115618901775484506e-02
-2.112155706162730656e-02
-2.097219690307432563e-02
-2.078450458499596365e-02
-2.088640437438456579e-02
-2.160635601297248784e-02
-2.239687846563291618e-02
-2.294650906908570626e-02
-2.322289932366417009e-02
-2.332325484599571258e-02
-2.329452535583832057e-02
-2.312290176628448851e-02
-2.283150297964774492e-02
-2.249894741960065114e-02
-2.231505250243132066e-02
-2.227249855581876076e-02
-2.217050055925858659e-02
-2.190717054407501432e-02
-2.147605659076265439e-02
-2.089774587714211124e-02
-2.020144821382613767e-02
-1.945744563419704587e-02
-1.876096126648355705e-02
-1.810168462751461996e-02
-1.742356769421155027e-02
-1.671331996728821906e-02
-1.599583707921792622e-02
-1.526492934140572834e-02
-1.449407404324360056e-02
-1.368273791907890884e-02
-1.289134389339333456e-02
-1.215623366170264126e-02
-1.142179492503655851e-02
-1.068823067900900869e-02
-9.988089726524046127e-03
-9.301023994903567793e-03
-8.585306013865841648e-03
-7.820517488182540319e-03
-6.974886995685230032e-03
-6.059039730126197787e-03
-5.107211040136561131e-03
-4.116001796315331591e-03
-3.089321150889084121e-03
-2.039640862563176817e-03
-1.005348726345160542e-03
2.914852509430364974e-06
1.010302515191132842e-03
2.032229210332130165e-03
3.074992127611213613e-03
4.163599350037705017e-03
5.304516860109130191e-03
6.466041701717837112e-03
7.627993880738830404e-03
8.765548765835903117e-03
9.866686495858109293e-03
1.093752023632449388e-02
1.197875057776754890e-02
1.303098638117974883e-02
1.413465562733591009e-02
1.531797710784134001e-02
1.659574025766872088e-02
1.792152863556012443e-02
1.920929047917662932e-02
2.037789169831378741e-02
2.132179131196451985e-02
2.171381904936348778e-02
2.148239867617910553e-02
2.110685228604006203e-02
2.092210628520555990e-02
2.098358113590453877e-02
2.111903391807438274e-02
2.126773291938720278e-02
2.162018553259541578e-02
2.227381943470568837e-02
2.317847765002054375e-02
2.421294752525241650e-02
2.524347230695747971e-02
2.615113053150847425e-02
2.713909836224692729e-02
2.834358366909726576e-02
2.975042571784467654e-02
3.133681245230686419e-02
3.310212280983179656e-02
3.488003975995570410e-02
3.614243211876752571e-02
3.686627358685059391e-02
3.764807932134454221e-02
3.873596400210230217e-02
4.008513507066813197e-02
4.168163219959141602e-02
4.353608965634588740e-02
4.563189765083998373e-02
4.777758829860453277e-02
4.933465597396574642e-02
4.994398979206707279e-02
5.052002895241854141e-02
5.152500799724608199e-02
5.299320908983284895e-02
5.483748091466991714e-02
5.698947876809005303e-02
5.941571507265280827e-02
6.206113257454037857e-02
6.481191594965762803e-02
6.762247618401158455e-02
7.045066343521075303e-02
7.325915238937152907e-02
7.604842455002561175e-02
7.880123767611153796e-02
8.152050822020001641e-02
8.424627355413298602e-02
8.702848800837723053e-02
8.989591530900498118e-02
9.287161081484046621e-02
9.595380026479856383e-02
9.915264277531023185e-02
1.025007226470919519e-01
1.059792099539248605e-01
1.095698893018219600e-01
1.132443554519510232e-01
1.169878217335457021e-01
1.207972362928671772e-01
1.246809174916028717e-01
1.286515217073251616e-01
1.327177893127734487e-01
1.368843729424264466e-01
1.411461141872070724e-01
1.454906519828785827e-01
1.499013394205398753e-01
1.543640351426524004e-01
1.588701846317612243e-01
1.634188439280100658e-01
1.680087322652884241e-01
1.726422271573081479e-01
1.773261860040941940e-01
1.820719508593378055e-01
1.868968239908583018e-01
1.918163449928544650e-01
1.968302116938244750e-01
2.019360630475170171e-01
2.071215312930433927e-01
2.123789630372499571e-01
2.176952230375205632e-01
2.230601669741966719e-01
2.284700423524101964e-01
2.339289762698174013e-01
2.394447539603463126e-01
2.450290461823466936e-01
2.506980151046684369e-01
2.564600253921711648e-01
2.623178711951009157e-01
2.682610604947920918e-01
2.742692342479063350e-01
2.803229542226988724e-01
2.864127297708750630e-01
2.925338453763544622e-01
2.986862418137073982e-01
3.048775753714411119e-01
3.111207930795039101e-01
3.174248916964435563e-01
3.237867193756373552e-01
3.302028378540819431e-01
3.366678697067659876e-01
3.431685098949597279e-01
3.496943944240821778e-01
3.562406755723397378e-01
3.628082474063786811e-01
3.694004039438777420e-01
3.760247922563853540e-01
3.826952079897001924e-01
3.894201149867731471e-01
3.961982310969546783e-01
4.030187682916889225e-01
4.098680006996748837e-01
4.167344794802564367e-01
4.236143836425408926e-01
4.305063000864552403e-01
4.374084035559867023e-01
4.443213692800184189e-01
4.512468451348864429e-01
4.581910619240799343e-01
4.651632395461276492e-01
4.721700401053481322e-01
4.792122263649285507e-01
4.862844525566850096e-01
4.933792111090414823e-01
5.004864543656745157e-01
5.075992149384586094e-01
5.147083091445121550e-01
5.218107581228125236e-01
5.289094368957771852e-01
5.360093546220058291e-01
5.431205262645937282e-01
5.502535970016055877e-01
5.574127647269561114e-01
5.645979473209257193e-01
5.717937553545027196e-01
5.789825100417230752e-01
5.861526226635376258e-01
5.932968003539020874e-01
6.004148794049682936e-01
6.075095491293049932e-01
6.145898843840373882e-01
