1.491440986698930345e-06
1.100687972080669866e-05
3.832672776162165566e-05
9.960075128457123827e-05
1.873933366704686300e-04
2.892510798958881088e-04
2.735093144064973782e-04
-2.643431147508789377e-04
-1.392770724573446153e-03
-2.632962303882686352e-03
-3.676031740144218227e-03
-4.450731797831592763e-03
-5.020700648894482754e-03
-5.544075403065158378e-03
-6.011773714858011097e-03
-6.379150731915918596e-03
-6.628075911506281677e-03
-6.770730525779815497e-03
-6.824712010381500486e-03
-6.807033624472856766e-03
-6.731567260931906223e-03
-6.610520184431655649e-03
-6.433962777556424296e-03
-6.217322945064584702e-03
-5.983866670973368891e-03
-5.733244585447983682e-03
-5.478372033495979010e-03
-5.269848897359775616e-03
-5.092875996014571346e-03
-4.915974197684595294e-03
-4.720138990029424352e-03
-4.490225898471498188e-03
-4.218446195170794284e-03
-4.039291784882258554e-03
-4.640725855691612244e-03
-6.639468872210575398e-03
-9.003785573007868845e-03
-1.118853901623719296e-02
-1.315023484369528400e-02
-1.481346099794701374e-02
-1.631531830299508962e-02
-1.777969946232647869e-02
-1.910974510082603939e-02
-2.018502992450861913e-02
-2.088688111857172833e-02
-2.120476717423425139e-02
-2.124903815533347312e-02
-2.126611404904106897e-02
-2.128758599382544331e-02
-2.124346056579681091e-02
-2.106003601206664355e-02
-2.072832900519347779e-02
-2.032651741299798878e-02
-2.019709898087234876e-02
-2.070523885153561366e-02
-2.132105045585551070e-02
-2.170998084173288503e-02
-2.181233499908787066e-02
-2.170704658928033354e-02
-2.143956136805747620e-02
-2.099349365156795780e-02
-2.038862067307410653e-02
-1.970838621026048398e-02
-1.915456409495155596e-02
-1.873550127771939425e-02
-1.825893935010090147e-02
-1.761571664822481759e-02
-1.678454725180577797e-02
-1.577667773607137336e-02
-1.462181130483673416e-02
-1.339950114265963353e-02
-1.221017373242319105e-02
-1.105986238802075632e-02
-9.892305313361549057e-03
-8.684922347247533980e-03
-7.464099019178133121e-03
-6.224938601677835331e-03
-4.937842437633384839e-03
-3.597258289787948725e-03
-2.263756108836815877e-03
-9.762479968355572066e-04
3.111760275996565319e-04
1.586086642005185565e-03
2.810490905929415376e-03
4.009927323779361764e-03
5.237851229973353694e-03
6.523949460301618243e-03
7.909333268333460648e-03
9.386875197514993330e-03
1.091576554027832990e-02
1.250327882042190884e-02
1.415010549097375434e-02
1.584328066151336617e-02
1.754129322941505933e-02
1.922640328900502779e-02
2.091436491387214242e-02
2.260815927524939886e-02
2.431461672183083886e-02
2.607053712522480055e-02
2.788913833631326278e-02
2.973535893236417885e-02
3.159320857660263132e-02
3.343581637416069563e-02
3.524985780721075213e-02
3.704048952764613101e-02
3.880781725893177325e-02
4.059855251884531002e-02
4.246254969733821022e-02
4.443310547904769786e-02
4.652355599616447845e-02
4.868962767467637648e-02
5.084533869564108327e-02
5.290208181652609337e-02
5.474097860926046416e-02
5.601421730793250398e-02
5.661199360318154572e-02
5.700403376078903850e-02
5.755026498684818331e-02
5.833796928855988773e-02
5.921284332185788174e-02
6.011788959991707509e-02
6.125560395504357769e-02
6.273906075685244110e-02
6.453497511703713829e-02
6.652123763349192254e-02
6.854873729499677548e-02
7.047821014742439161e-02
7.251087716309266573e-02
7.479057414011838767e-02
7.731095572760612877e-02
8.005370969925859614e-02
8.301668448339875883e-02
8.602546198088337204e-02
8.852421507483046459e-02
9.043692990348860261e-02
9.235541812934809636e-02
9.455852373609047179e-02
9.702802998966618409e-02
9.977025830798025297e-02
1.028061073220472438e-01
1.061245210844910386e-01
1.095387704127389478e-01
1.123863354669966119e-01
1.142225879685557777e-01
1.159385793990013874e-01
1.180426680949325374e-01
1.206013343069936156e-01
1.235561618538039974e-01
1.268740924155024041e-01
1.305199428955669261e-01
1.344166778764588344e-01
1.384413355680944868e-01
1.425476256198486003e-01
1.467008934192216840e-01
1.508629134949622530e-01
1.550268430436557709e-01
1.591732728739874148e-01
1.633014108004733067e-01
1.674384969954803570e-01
1.716254539387928602e-01
1.758855819247834296e-01
1.802463839666408052e-01
1.847140070300845871e-01
1.893046449086246974e-01
1.940476599932599022e-01
1.989259318107064189e-01
2.039190325867650255e-01
2.090224831702571506e-01
2.142363101618281196e-01
2.195502538047686691e-01
