-1.120088878181437625e-02
5.094980276082896817e-03
5.472091043015486767e-02
3.791214874382584088e-02
3.634888197518496011e-02
-3.184984372852296686e-02
-9.063314629275815992e-01
-1.295692914855253397e+00
-4.112647143374755232e-01
5.272020637183966879e-02
2.017101527951987439e-01
2.140403308810322203e-01
-1.040699982248579070e-01
-1.572909937834814087e-02
7.258917355224356327e-02
1.254079874201165790e-01
1.264492581312783859e-01
1.186572486711523350e-01
1.036593868832880183e-01
1.022594824466405844e-01
7.446426458716998154e-02
1.215356269330204603e-01
1.017041216241904578e-01
5.260811295138170113e-02
6.189285658566599096e-02
6.853250090162701924e-02
-6.451753611476258865e-02
-3.343665729498371958e-02
1.253080429139002798e-02
3.474470395565536218e-02
6.139742827388499496e-02
8.907041424439164634e-02
7.299590392213994861e-02
-1.018189020429870695e+00
-3.100005244535727567e+00
-8.828037958701456800e-01
-1.878944593117248818e-01
-2.363703104496271967e-01
1.112029652854304163e-01
-9.621734646638413491e-02
-3.419431934803480178e-01
-9.161518756774474082e-02
1.074762212735002193e-01
4.089132723733869268e-01
4.962386706011808757e-01
4.764679578742532229e-01
-1.427910282016616600e-02
-1.828518932742999314e-02
8.601836606272643404e-02
2.302402415114320200e-01
2.607861150195067701e-01
2.390628240665189919e-01
-2.346012927450731589e-01
-1.409072137700882577e+00
-2.583006038687059580e-01
1.877246276820188076e-01
3.430680159349063785e-01
2.281138029603752559e-01
1.989138805618110295e-01
2.988249427345234244e-01
2.888138454540698508e-01
2.629274979788115973e-01
-1.673609441031658762e-01
-2.491929914351880548e-01
1.292147881770885076e-01
3.098537723202011707e-01
3.627286011529498033e-01
3.777445349218742088e-01
3.863173951998656874e-01
3.159831069029817030e-01
1.060775438874417831e-01
1.113933531937579269e-01
2.089413266022262516e-01
2.386439593079116295e-01
1.785887471748933697e-01
1.895736076510665669e-01
2.440347940058331666e-01
2.784144627766420022e-01
1.707115536265330080e-01
5.451207595148601509e-02
1.846845157587064523e-01
1.774282180830494826e-01
9.073036421269702057e-02
1.188461286622253948e-01
2.024836122910080305e-01
2.238075015361810083e-01
3.190565021235365339e-01
3.293948721079635322e-01
2.658503851321828426e-01
3.020221822837111936e-01
2.975799759139635126e-01
3.018083506261114990e-01
2.221021093357373188e-01
1.877753668612962556e-01
2.321328458423742580e-01
2.571059480331659985e-01
2.564827914744601811e-01
3.155057271799637797e-01
3.553429166963588681e-01
2.972945383562791144e-01
2.807378482209410553e-01
2.297802004224952510e-01
1.920948225997970993e-01
2.043739580028046399e-01
1.675949703750941044e-01
2.401960448869205345e-01
3.140394257920096077e-01
3.735034971905616952e-01
4.499454246869117879e-01
4.014766787016733618e-01
2.680816930560990796e-01
9.486546365509122836e-02
1.541990189280145751e-02
-7.411095112217943592e-01
-1.253539234221834553e+00
-4.137750430611984442e-01
1.238285595671564793e-01
3.544733777982477241e-01
8.057443207011918962e-02
-7.729727137209418952e-02
3.698711867219641736e-01
6.153327840439560825e-01
6.313951631664581621e-01
4.869598389684195450e-01
3.488897196228480935e-01
-5.005011633871494364e-02
3.806484258005275456e-01
6.486745867487822004e-01
6.539576578070976920e-01
6.654377937113329367e-01
7.421143937877594521e-01
7.137076638372250592e-01
-4.793393039211861772e-01
-8.718844756725155909e-01
2.793329694238057548e-01
6.940335260028915876e-01
6.438253120452683831e-01
7.284975215620504985e-01
8.358771017862152153e-01
9.083551931705620142e-01
8.397861673875156585e-01
-3.056401653518669992e-01
-1.766514974621026912e+00
1.130072688196142178e-01
7.914550184793799348e-01
9.796887114438854738e-01
9.732250898284030560e-01
9.805828715127519191e-01
1.030231351982275223e+00
1.051820533800159163e+00
8.585629349606841432e-01
8.300073537495803455e-01
7.591457994663363129e-01
6.636598350749371988e-01
6.704486448622635208e-01
6.060039869166962134e-01
5.811161932675013020e-01
6.319339377271246949e-01
7.251670247378357859e-01
7.774467142919159190e-01
8.550995734454960306e-01
8.730108619921321811e-01
9.047591062718806088e-01
1.029644831998608234e+00
1.014469681777599108e+00
1.033107609744690514e+00
1.001325701571885940e+00
9.959928183404013202e-01
1.000487812754451866e+00
1.026565699905422457e+00
1.065195878023428300e+00
1.098327337380748503e+00
1.132222322496038380e+00
1.147518138786053798e+00
1.150111031378421966e+00
1.138404848771662481e+00
1.126911306871748231e+00
1.118060671552341345e+00
1.125530322730678101e+00
1.127113085205132537e+00
1.136925703995105952e+00
1.155561010242765807e+00
1.183113661772820624e+00
1.226405696236914977e+00
1.280692795847087506e+00
1.298234096538686044e+00
1.326763636802791524e+00
1.321398990847347354e+00
1.334060007027310757e+00
1.324194622906814889e+00
1.318368483596072505e+00
1.318522512250063006e+00
1.333699202354233782e+00
1.355496836838078645e+00
1.384520518362799546e+00
1.433288995420735734e+00
1.466665926606247616e+00
1.500422767774308275e+00
1.508301200638365591e+00
1.493679984917571257e+00
1.471153906978475812e+00
1.464235229868502630e+00
1.460180249361164861e+00
1.461566284643760039e+00
1.477863307643308532e+00
1.508235552375823962e+00
1.540209390854656801e+00
1.545870427631360622e+00
1.554975020836746324e+00
1.562861510384429442e+00
1.547725911137987742e+00
1.536789118301886248e+00
1.530769129421467589e+00
1.535209145162435007e+00
1.542624174256585379e+00
1.557057763721846344e+00
1.591111570123444841e+00
1.618606839754641591e+00
1.633024829350130602e+00
1.628021628122194420e+00
1.614989466049867595e+00
1.598587801245539231e+00
1.595345816578184861e+00
1.594813893978644037e+00
1.590876100068891130e+00
1.593799799188039046e+00
1.595757166983104547e+00
1.608014208879480211e+00
1.629212211094207996e+00
1.649054191978531536e+00
1.661417606794905133e+00
1.661103635128154732e+00
1.658422342551919559e+00
1.643644744043563088e+00
1.637661423760482071e+00
1.618184829268507485e+00
1.609805044202278879e+00
1.612105552139382336e+00
1.616033068309243426e+00
1.632852313892134255e+00
1.657384754782519343e+00
1.668745493718204020e+00
1.684216250060901920e+00
1.663024132656471199e+00
1.633828582371990468e+00
1.612382542777130778e+00
1.590513872390772798e+00
1.583210124609711444e+00
1.576577880914085572e+00
1.585009814932088368e+00
1.603242271768041238e+00
