-1.168645706580942356e+00
-1.168042670413567352e+00
-1.166219697398243049e+00
-1.133693969187317796e+00
-1.176845877845033028e+00
-1.157436467949267467e+00
-1.168434740059284271e+00
-1.168146638205985743e+00
-1.167496886276318868e+00
-1.166441808730713126e+00
-1.164954947736084101e+00
-1.162988567747527346e+00
-1.161314297151119224e+00
-1.160091894489457598e+00
-1.158231708605295784e+00
-1.155520320086837360e+00
-1.151869857453696300e+00
-1.147280935712955863e+00
-1.141784080011366331e+00
-1.134923414388227192e+00
-1.126933452581396100e+00
-1.114446076744402436e+00
-1.090943079065249233e+00
-1.066265933395362353e+00
-1.044573527162636406e+00
-1.002801225618020542e+00
-1.033819149584113806e+00
-1.078569479193882463e+00
-1.088663478533566931e+00
-1.086689030179048387e+00
-1.076719625827911031e+00
-1.049905026324412738e+00
-1.000882271281877900e+00
-1.136779015361720990e+00
-1.160811928649603697e+00
-1.163165061950555801e+00
-1.162402323992997921e+00
-1.161204958943444998e+00
-1.159701454755095895e+00
-1.158009060847646987e+00
-1.156932018678682672e+00
-1.155823438505807488e+00
-1.153888490941680445e+00
-1.150548357667660060e+00
-1.144957284363306238e+00
-1.136473776738647468e+00
-1.129830383135814742e+00
-1.128269114953608820e+00
-1.125409111518736793e+00
-1.118478939232923297e+00
-1.106043219805482591e+00
-1.088155898385182452e+00
-1.090849449341886990e+00
-1.128547519292859125e+00
-1.139992474320560056e+00
-1.138235468925056448e+00
-1.132150100643227075e+00
-1.124465162516478323e+00
-1.117076367547791271e+00
-1.106282138011268845e+00
-1.089312017763996554e+00
-1.066167076465364350e+00
-1.068314315561660566e+00
-1.092549114133776200e+00
-1.097498921159361540e+00
-1.081851190950799735e+00
-1.043049197171117104e+00
-9.450056432985274313e-01
-3.156454278797656832e-01
-1.766689369747764804e+00
-1.538862891505786923e+00
-1.553679222254711112e+00
-1.472658416543971116e+00
-1.389241490488442254e+00
-1.353022396657003412e+00
-1.334425563307593876e+00
-1.311336641293833427e+00
-1.287511017494373133e+00
-1.277309935877706915e+00
-1.287292912142277368e+00
-1.295895788652429159e+00
-1.287546414703387043e+00
-1.285182507753826142e+00
-1.287700229006219388e+00
-1.281972934072516779e+00
-1.271099246135209970e+00
-1.256679886160186221e+00
-1.242633029255104660e+00
-1.233897875808619871e+00
-1.227569920835780426e+00
-1.222312539367219841e+00
-1.218170509412404234e+00
-1.216087206679156152e+00
-1.216164981192437766e+00
-1.215649718580407601e+00
-1.212985852777885620e+00
-1.209576451509069228e+00
-1.205997912525277105e+00
-1.202153269506322619e+00
-1.199042630865295500e+00
-1.196984992375754064e+00
-1.195756802114085193e+00
-1.195277595065105114e+00
-1.195040823600947322e+00
-1.195023223183115491e+00
-1.194738862846506322e+00
-1.193369006182382952e+00
-1.191191570921331433e+00
-1.188319533864497402e+00
-1.185735298614233102e+00
-1.184374035457931518e+00
-1.184498076104901543e+00
-1.186085980459796962e+00
-1.200228765484058213e+00
-1.127288279553920525e+00
-1.153419101564259863e+00
-1.154327280234987096e+00
-1.151452739625346444e+00
-1.148768208204228758e+00
-1.149220497402428709e+00
-1.147493663176177403e+00
-1.138362206782483455e+00
-1.111330238187574260e+00
-1.008042913902316595e+00
3.679300133278346596e+00
-8.010783704275417083e-01
-9.269422802333238121e-01
-1.362007596829359013e+00
-1.223619207977409529e+00
-1.200725427277949509e+00
-1.190363263635829005e+00
-1.184448057704869939e+00
-1.185804484033677442e+00
-1.217248725914361840e+00
7.388373102737369891e+01
-1.245100595913338770e+00
-1.198801407075674064e+00
-1.187108035383579896e+00
-1.180910985036876415e+00
-1.177041746831104962e+00
-1.174578710038612250e+00
-1.173838677403682418e+00
-1.178581910520701381e+00
-1.617673153045778633e+00
-1.199335225239436475e+00
-1.177707247639661725e+00
-1.173154316531618502e+00
-1.171097771128842835e+00
-1.169724388780002400e+00
-1.168641142420864476e+00
-1.167704766999350330e+00
-1.166818331772482953e+00
-1.165939278951968916e+00
-1.165016613663033773e+00
-1.164076759123484406e+00
-1.163114859008135715e+00
-1.162100205535111730e+00
-1.161125946106541296e+00
-1.160313679888046678e+00
-1.159668728833857854e+00
-1.159135061748025164e+00
-1.158651485682013593e+00
-1.158168212207852488e+00
-1.157798706110287901e+00
-1.157473187698973449e+00
-1.157098574574336736e+00
-1.156721003756270960e+00
-1.156339402964900565e+00
-1.155921258956313480e+00
-1.155461483111130061e+00
