-3.170418812820428173e-02
-6.452652574921270874e-03
4.081017305569103332e-02
1.762455896517252721e-02
1.002477500914536468e-02
-4.821971188623525029e-02
-8.192624002091088986e-01
-1.026272368140313862e+00
-8.604470438265909848e-02
2.870967474668377206e-01
3.210943932226899555e-01
2.475321120222788718e-01
-9.267501490221585758e-02
1.283060440287225878e-03
7.432875530909535677e-02
1.006786511305002990e-01
8.496623802590062835e-02
6.288511429861795565e-02
4.080273212317715031e-02
4.063510642988679006e-02
1.312937196147792411e-02
6.153380745524758555e-02
3.951428700254645821e-02
-8.860202092721206762e-03
6.754156461147294704e-03
1.929653811862630519e-02
-1.002587886285530305e-01
-5.143394367211180651e-02
-1.757518187090198816e-03
1.387405759397924987e-02
3.216538277101059495e-02
5.071067069146555084e-02
2.803596018829559305e-02
-9.480029083855807670e-01
-2.641478433001495763e+00
-2.320673780501774086e-01
3.190221806360482582e-01
1.200507996471878447e-01
3.352219167461822913e-01
4.311708348430903781e-02
-2.183584337313074775e-01
2.215722318458590578e-02
1.714229062765946221e-01
3.900655084931899941e-01
3.847730102710545941e-01
3.046182432021508069e-01
-1.697222917303073120e-01
-1.244780218795333154e-01
1.741644608154728491e-03
1.301140194912675241e-01
1.390442461455652090e-01
1.044131327817722638e-01
-3.251698166203967899e-01
-1.307892821629593083e+00
-5.657766536952785197e-02
3.040751384807698354e-01
3.505084349241909258e-01
1.565297715141137358e-01
1.057579640498168272e-01
1.770774060757385471e-01
1.365760312524473274e-01
1.049809482307580144e-01
-2.852732430566704003e-01
-2.998682035523527190e-01
1.017138000955362387e-01
2.418201094834495357e-01
2.345029861575189667e-01
2.070740173227766934e-01
1.922453632210842644e-01
1.319564822638043255e-01
-7.098183071271994826e-02
-1.200651585542621136e-02
8.753906112006583362e-02
9.294729497082167280e-02
4.040572241918841123e-02
5.538673223304478588e-02
1.024073797182611517e-01
1.189957567094126478e-01
1.471250816687244556e-02
-8.695973441170921914e-02
6.457015563419503390e-02
7.586318766699076677e-02
2.300332672419330704e-03
2.849638011176261476e-02
8.985545600049335557e-02
9.265951925736817807e-02
1.593079718806105216e-01
1.455043846555494624e-01
9.278255370123136836e-02
1.130199528542381315e-01
9.549092532759373420e-02
9.750162161419742568e-02
2.309300511127834743e-02
7.421830035193088815e-03
6.592743762681430031e-02
1.126764684697994512e-01
1.073014756956245930e-01
1.384589543918828547e-01
1.554921059162360508e-01
1.061901959736174239e-01
7.582159249038936122e-02
3.754771869830633713e-02
9.278627792398824736e-03
2.976824877962105931e-02
3.486491727343138392e-03
6.725221721424773369e-02
1.174073677286308626e-01
1.527636399517757759e-01
2.157432326095778674e-01
1.463493996852621715e-01
1.255613446702780189e-02
-1.300341359385142059e-01
-1.581753679231129028e-01
-8.113236572276952829e-01
-1.119782606941056802e+00
-2.045518301959651508e-01
2.518869446459904848e-01
3.572826758735204722e-01
1.198269016389606756e-02
-1.490383145844165758e-01
2.487725179886692839e-01
4.138515569392159921e-01
3.382173709067847200e-01
1.637303062480011395e-01
4.149123451719181899e-02
-2.891096641788547528e-01
1.486753775803808519e-01
3.702277489768364127e-01
3.217640477188714043e-01
2.936271885349407973e-01
3.426402171400463326e-01
3.029488425505668658e-01
-7.865645452537690652e-01
-9.361900267068301584e-01
2.537122981731922966e-01
5.516671087506254123e-01
3.993444329583434316e-01
4.021790746070787459e-01
4.499684392578325864e-01
4.713506123579258578e-01
3.626382095564819052e-01
-7.016462226017976533e-01
-1.784894743589270805e+00
2.179776439708611679e-01
7.238445241593585155e-01
7.602273309372744592e-01
6.311904891197929190e-01
5.073452515155270071e-01
5.181204982485301258e-01
5.435780130685554656e-01
3.416945408720659660e-01
3.173275372835818176e-01
2.299040991113950883e-01
1.562044148667079413e-01
1.949249161965696531e-01
1.453349298647926835e-01
1.402239704052656299e-01
2.191259822885371356e-01
3.251815645833036617e-01
3.763671825278364635e-01
4.161269793024759966e-01
4.145643862099858135e-01
4.105978277309975111e-01
5.332007776643751251e-01
4.778695924347540203e-01
4.896307582182035656e-01
4.961743194622010300e-01
5.118115172882397035e-01
4.836555861611883111e-01
4.891369801451955768e-01
