-4.103280077189802085e-06
-2.477596387950167854e-05
-4.799475580370846583e-05
-5.019655550465385794e-05
-3.648329773551144622e-05
-2.024743720931915109e-05
-1.313698608773850257e-04
-7.882498065217365298e-04
-2.085959863579679198e-03
-3.554214879245205273e-03
-4.868802588382885148e-03
-5.938280567098906670e-03
-6.809329089885368495e-03
-7.632788312717819247e-03
-8.397146212735360007e-03
-9.056103610466124942e-03
-9.591008322616450740e-03
-1.001046480080999314e-02
-1.033329766022568312e-02
-1.057816025309117267e-02
-1.075742734222271194e-02
-1.088437401970602722e-02
-1.094715346349771877e-02
-1.096121121158149733e-02
-1.095521901566743478e-02
-1.093089913244573406e-02
-1.089976702628569528e-02
-1.091600762573680279e-02
-1.096851909035951970e-02
-1.102752011093569885e-02
-1.107624470139770972e-02
-1.109975030563862576e-02
-1.108795837208175449e-02
-1.117481530350994401e-02
-1.206669146898464370e-02
-1.443540148619621571e-02
-1.727967872208842695e-02
-2.003109800845647576e-02
-2.262133274818346057e-02
-2.495548792837649216e-02
-2.715095972915559930e-02
-2.932704422729466576e-02
-3.137955437199813069e-02
-3.317593207355366836e-02
-3.458479872381032411e-02
-3.558569589864700455e-02
-3.627997550318364656e-02
-3.691606044190290370e-02
-3.753824336608483497e-02
-3.808514148169042657e-02
-3.848912860037763395e-02
-3.873975940086903103e-02
-3.891300201415192478e-02
-3.935995473866530509e-02
-4.047636776600332942e-02
-4.175299945560325549e-02
-4.284677756823620370e-02
-4.368385553913958080e-02
-4.433667982448739886e-02
-4.483673771890202275e-02
-4.516146576194902257e-02
-4.532881150378121476e-02
-4.541488772855908906e-02
-4.562671757110185744e-02
-4.598453648507509067e-02
-4.628785502686142556e-02
-4.641671102392193327e-02
-4.635174712182628387e-02
-4.610433486808006992e-02
-4.569372287127764637e-02
-4.518239776427791093e-02
-4.467858793044569149e-02
-4.417818776101336414e-02
-4.363403311422697772e-02
-4.304172847274775893e-02
-4.242665239769288776e-02
-4.178518054436815288e-02
-4.109310473316938467e-02
-4.035115751633226722e-02
-3.962293492800803701e-02
-3.895590565930594912e-02
-3.829226271201361526e-02
-3.761815417748125279e-02
-3.696354458362700185e-02
-3.631720170360156624e-02
-3.564552529501187339e-02
-3.492921111086128710e-02
-3.413497387037107977e-02
-3.326621802100308833e-02
-3.234758790568494080e-02
-3.138021330213307952e-02
-3.037280756068885812e-02
-2.933911834082615633e-02
-2.832080713343178291e-02
-2.733160010652384980e-02
-2.634249304534294969e-02
-2.532489185705889823e-02
-2.427049003017500706e-02
-2.316146955309817193e-02
-2.199130144291542438e-02
-2.078597940445801526e-02
-1.957347828827604025e-02
-1.838354663877151546e-02
-1.723610410755594888e-02
-1.613134997282409180e-02
-1.507308770566043871e-02
-1.402710914775812980e-02
-1.295450656232569921e-02
-1.181996794332809339e-02
-1.059338566184115683e-02
-9.315385831458961388e-03
-8.079547529860817839e-03
-6.982078208863174221e-03
-6.147363154402697531e-03
-5.948894258710066101e-03
-6.517950881273805452e-03
-7.395724815103364366e-03
-8.208406255587538669e-03
-8.848367690693338672e-03
-9.456742656856460469e-03
-1.008828377151350410e-02
-1.054200652603505192e-02
-1.068716942417283211e-02
-1.055054336832732774e-02
-1.023995753212963121e-02
-9.888034789017426454e-03
-9.631085506077805697e-03
-9.284173538788366084e-03
-8.695616164791976702e-03
-7.860088469992554741e-03
-6.789714894032378156e-03
-5.473499571447219131e-03
-4.072724589589276495e-03
-3.161650691944828482e-03
-2.830500413640941928e-03
-2.503220883817510942e-03
-1.891101433385791297e-03
-9.993745869766490660e-04
1.790920575406400577e-04
1.676912287570474398e-03
3.496674374906751440e-03
5.444933195907916516e-03
6.828712878963466050e-03
7.200372236682006481e-03
7.427974565360269399e-03
8.027158953805414374e-03
9.112972325509408056e-03
1.064669445100615425e-02
1.256662096266561619e-02
1.486326025889816473e-02
1.751418136907939571e-02
2.040612584591940462e-02
2.347074080460078913e-02
2.663052137518985563e-02
2.982254300526120463e-02
3.303149087801501155e-02
3.622302565596580148e-02
3.938807156371283702e-02
4.257099394337347104e-02
4.583765926065532653e-02
4.923291617208580551e-02
5.278468283282605755e-02
5.649741773743983259e-02
6.038313561981098476e-02
6.449087614540012503e-02
6.880685381809573120e-02
7.332521006638968719e-02
7.804453097309821397e-02
8.296080902434239956e-02
8.805340512965535715e-02
