-2.039011568614028120e-03
-4.099926706400019473e-03
-1.589912165156210071e-03
1.926903721554158212e-03
3.461163168723487178e-03
7.222083327055118032e-04
-5.470361745189782077e-02
-1.631347988111467306e-01
-2.161427876026426609e-01
-1.892210654925409741e-01
-1.403274548615270623e-01
-9.685677461600189497e-02
-8.194190861392204595e-02
-8.101751580211069559e-02
-7.046204889652883663e-02
-5.492249622591756364e-02
-3.998149161704461080e-02
-2.836920660559308360e-02
-2.025400088881651808e-02
-1.401290672763459352e-02
-1.005336202814311776e-02
-4.857981580072881153e-03
1.220473241975781123e-03
2.531827176995781262e-03
2.004309585393069214e-03
3.128298138023350404e-03
-2.834585476259626931e-03
-1.198639361421678651e-02
-1.469048689859655220e-02
-1.342481443394132751e-02
-1.014601833046616455e-02
-4.826640070876343953e-03
-2.425463493776012364e-04
-5.998002918313109777e-02
-2.795112228195864579e-01
-4.254138009583300351e-01
-3.924355412053041059e-01
-3.422481249869887554e-01
-2.915694990456684788e-01
-2.505043110591468336e-01
-2.450419631978582868e-01
-2.392924233883416407e-01
-2.111605005221033893e-01
-1.625045668457624493e-01
-1.051156690195161059e-01
-5.688904153060716368e-02
-4.692266189106365781e-02
-6.154578437293820037e-02
-6.508996621380436221e-02
-5.334809265309124054e-02
-3.468074498082467094e-02
-1.894384293899148766e-02
-3.382875298958512578e-02
-1.351220958195669675e-01
-2.048138384422562575e-01
-1.773228800857108989e-01
-1.278389645735622526e-01
-9.089530751029914479e-02
-7.023146588750407704e-02
-4.922748026851281322e-02
-2.831486620945154395e-02
-1.313894906361226349e-02
-2.594130647833851194e-02
-6.087233734438412397e-02
-6.886661089638571043e-02
-4.496589841815458455e-02
-1.502997515277365234e-02
1.096412544582895179e-02
3.282472734386869540e-02
4.851704018400510021e-02
4.668272103251140670e-02
3.726302429890641921e-02
3.795842415679328424e-02
4.447840064637318541e-02
4.753879146473043160e-02
4.844189407970654615e-02
5.313218142420414458e-02
6.122914079577240071e-02
6.306305240088956598e-02
5.242119326794964645e-02
4.646554263081363600e-02
5.005104125395083009e-02
4.939184318004287422e-02
4.639954587564632665e-02
4.901707303030424651e-02
5.512110679183447604e-02
6.534300205473025924e-02
7.779653266097830144e-02
8.534345541735727236e-02
9.076467191309035842e-02
9.581459334729061639e-02
9.968334098579031965e-02
9.862067389961798325e-02
9.244983620640623290e-02
8.953022828160048241e-02
9.308355785908495328e-02
9.874232978875813194e-02
1.058153894435996389e-01
1.153228379458011987e-01
1.220539077486916535e-01
1.236753084400854658e-01
1.210243502520877840e-01
1.145722100460221937e-01
1.082615540573736851e-01
1.018236257705928544e-01
9.847727340033581023e-02
1.021902028345103020e-01
1.108424118891476878e-01
1.250697541221832410e-01
1.375326604818632448e-01
1.367803152793570787e-01
1.194031775928312417e-01
9.327139632886673193e-02
2.515360387506883344e-02
-9.503001263590708791e-02
-1.661844685379124664e-01
-1.522243038864405096e-01
-1.061260558662928399e-01
-7.860904951049393907e-02
-8.218267423147072870e-02
-6.901936877847067442e-02
-2.393064263902161537e-02
2.278041171144435523e-02
5.111550130048792689e-02
5.989044859823771522e-02
3.975256326024357439e-02
3.029169058740124182e-02
5.990329418282809570e-02
9.702132105565100528e-02
1.273843667170288796e-01
1.573679261258637829e-01
1.855460527437028939e-01
1.395562189038927481e-01
2.572845634860654318e-02
-1.330361153958423137e-02
3.577081400170534914e-02
8.930275051081645876e-02
1.315821283962651800e-01
1.745137219688011332e-01
2.187500829893435361e-01
2.543128238232684191e-01
2.129663883799253477e-01
4.478573784984288264e-02
-4.517702288382705045e-02
1.467081913983542957e-02
1.023963218418066645e-01
1.790832582030844056e-01
2.360309820654052926e-01
2.830802648760659124e-01
3.291713579348111152e-01
3.605663477290997343e-01
3.769015239142230467e-01
3.849379650460071356e-01
3.826463788069077165e-01
3.787254295290123918e-01
3.739563722169826909e-01
3.664171689907527174e-01
3.641971020233191747e-01
3.734535741029423317e-01
3.915129270370745762e-01
4.140371688967721120e-01
4.374114466821596436e-01
4.590762109280420167e-01
4.870984158483809834e-01
5.166938587463909549e-01
5.421590172837696953e-01
5.671026247974925161e-01
5.918550864366884934e-01
6.141255400846613588e-01
6.337940816593883309e-01
