-9.602890988903344460e-06
-5.917069876591076589e-05
-1.292900381886596495e-04
-1.905874344576889375e-04
-2.480738949615711821e-04
-3.166467985808002462e-04
-5.190839507846979790e-04
-1.252831265013608537e-03
-2.581528768053155398e-03
-4.024696272656972003e-03
-5.275882905482542212e-03
-6.267733404968646449e-03
-7.064078705965170547e-03
-7.821276180147248083e-03
-8.526638502744651044e-03
-9.137895728092756270e-03
-9.643524165209577462e-03
-1.005450664276915165e-02
-1.039371171560614544e-02
-1.068143989630227116e-02
-1.092702703537436724e-02
-1.114227413948626864e-02
-1.131162768594959518e-02
-1.144944276059199628e-02
-1.158627959630165183e-02
-1.172166495748916230e-02
-1.186248164296968208e-02
-1.206021724451651622e-02
-1.230018456614986010e-02
-1.255183712785390426e-02
-1.280130772736138602e-02
-1.303587004019347850e-02
-1.324605546036252378e-02
-1.356330436712270202e-02
-1.466777805146984338e-02
-1.716626910679115367e-02
-2.002130916918719306e-02
-2.269129615018559976e-02
-2.514536594754206156e-02
-2.732191007466909863e-02
-2.935699523598724048e-02
-3.137769771306910677e-02
-3.328122030594024561e-02
-3.494340812979658539e-02
-3.624955262563316072e-02
-3.719922040713648237e-02
-3.790261813663993451e-02
-3.860302817352068150e-02
-3.933542932692455502e-02
-4.003381182648037967e-02
-4.063448038549329067e-02
-4.112818830840734435e-02
-4.158782612233879322e-02
-4.235104877728803480e-02
-4.378108505654522420e-02
-4.535039288369940164e-02
-4.673245168373924008e-02
-4.787700872962531717e-02
-4.887604715623999896e-02
-4.975936833987917168e-02
-5.050771393760453143e-02
-5.114481623184315845e-02
-5.174058754906610269e-02
-5.249217921071019227e-02
-5.340644604679938706e-02
-5.426788878812014577e-02
-5.495971190690852881e-02
-5.548127418719572823e-02
-5.585611868804331998e-02
-5.610020243482282537e-02
-5.626033889537992994e-02
-5.644390965801676652e-02
-5.662422456093561124e-02
-5.675834212234764919e-02
-5.685948658681345275e-02
-5.694975537565893919e-02
-5.702378624008858088e-02
-5.706241304749871263e-02
-5.707404456693524614e-02
-5.712269378113983553e-02
-5.725551232463042817e-02
-5.739719383030282562e-02
-5.750846233903964683e-02
-5.761054720082602054e-02
-5.770481490522184204e-02
-5.777907280490165998e-02
-5.782806781203408270e-02
-5.783174362506722510e-02
-5.779547378336689217e-02
-5.772989809043253817e-02
-5.764502414635227362e-02
-5.755891858508128262e-02
-5.748486767224098015e-02
-5.746074017953459873e-02
-5.748998967092056045e-02
-5.752688411199934071e-02
-5.751821044717288223e-02
-5.745706091554732969e-02
-5.734803419702414612e-02
-5.719514762928398083e-02
-5.701687765700502036e-02
-5.685143354393373816e-02
-5.672699497538887664e-02
-5.666407599060282324e-02
-5.666291811796940470e-02
-5.672703785166057638e-02
-5.683321051081863251e-02
-5.695648510671100923e-02
-5.706537807547894942e-02
-5.712099731088016163e-02
-5.716600787293207864e-02
-5.729820174851493753e-02
-5.760825156470315844e-02
-5.820637342334876452e-02
-5.945027992560715513e-02
-6.143016328961560524e-02
-6.367261720694974980e-02
-6.582038886295116242e-02
-6.779257701786094159e-02
-6.974774134536579351e-02
-7.174729068185943526e-02
-7.360743893615002975e-02
-7.521122210265113184e-02
-7.660684629338587737e-02
-7.790002999124585881e-02
-7.920336673086521284e-02
-8.063172667497647828e-02
-8.200588769486155671e-02
-8.317966785881032721e-02
-8.415331905491756082e-02
-8.494397078485162178e-02
-8.553596545323478850e-02
-8.607883097133857409e-02
-8.712433350038117919e-02
-8.870481872980932880e-02
-9.023949586155255442e-02
-9.146615280397493719e-02
-9.241483796677331386e-02
-9.310365101319825754e-02
-9.350989691158191619e-02
-9.363559099579935041e-02
-9.368668756369330497e-02
-9.434305550620629421e-02
-9.595125311146714131e-02
-9.761800002617235239e-02
-9.887005143759271253e-02
-9.960815881246497250e-02
-9.990096515784849251e-02
-9.986896019919505596e-02
-9.951361073475201158e-02
-9.881521436895593369e-02
-9.787949997523084922e-02
-9.678858428971887085e-02
-9.564965171808140210e-02
-9.453244715660170938e-02
-9.344377809133130874e-02
-9.241824209889257236e-02
-9.145959812257395405e-02
-9.049831358528934167e-02
-8.944418282558394551e-02
-8.823748241604199849e-02
-8.685879584664724096e-02
-8.531353092455828957e-02
-8.360021365310532637e-02
-8.165840241972564806e-02
-7.950695248465246279e-02
-7.714164567140213702e-02
-7.456418501169831403e-02
-7.178499027858471770e-02
-6.883550379137420849e-02
