-2.148109897366673200e-03
-4.690360032378926985e-03
-2.535725443374430010e-03
1.273054848335669533e-03
3.376176715795445749e-03
1.050832161732543832e-03
-5.745404315327396622e-02
-1.815891730271579074e-01
-2.603746389362938674e-01
-2.540687327160451314e-01
-2.148095435576797829e-01
-1.717481797641381980e-01
-1.524933281079676461e-01
-1.478031093891525038e-01
-1.334254721490549245e-01
-1.129067866466086228e-01
-9.179550348652616709e-02
-7.345360272571760385e-02
-5.869576631017377200e-02
-4.630722606479472508e-02
-3.681357577173958312e-02
-2.678632176959182959e-02
-1.602554916204006197e-02
-1.052901362326519319e-02
-7.880260820332954386e-03
-4.250555211162142938e-03
-8.457057965660685558e-03
-1.766348800512649100e-02
-2.126981966217659017e-02
-2.073771558268382512e-02
-1.768316716528289811e-02
-1.188901628383929113e-02
-6.137786695065507864e-03
-6.780849067712996225e-02
-3.091249277352743352e-01
-5.053781969132058460e-01
-5.159918772024773004e-01
-4.919860612257083154e-01
-4.546762418913652404e-01
-4.163367021303798210e-01
-4.097244899906552495e-01
-4.030825820349274724e-01
-3.715272471525161158e-01
-3.145609606106172240e-01
-2.424841351577680659e-01
-1.749880065166148913e-01
-1.453504895399843344e-01
-1.460875154053537239e-01
-1.403695061544542044e-01
-1.208230669292013476e-01
-9.365654529812710016e-02
-6.874606686126361055e-02
-7.598137238463122112e-02
-1.794885395722009558e-01
-2.671013676043543228e-01
-2.547793551905759291e-01
-2.106806880660870018e-01
-1.711244198364940683e-01
-1.444557980968634026e-01
-1.159177305784373363e-01
-8.589728821300443573e-02
-6.104811361130191294e-02
-6.574969359370956556e-02
-9.868283371714928198e-02
-1.089015036987626139e-01
-8.499038887641192919e-02
-5.077718888557375410e-02
-1.730070880140792411e-02
1.386109403795165659e-02
3.957674854551894439e-02
4.666976170577571276e-02
4.285086115063785339e-02
4.719481129879933567e-02
5.724522856679833960e-02
6.382712460372072516e-02
6.763026361672458409e-02
7.494327686760059171e-02
8.608440191229758953e-02
9.118236375921473513e-02
8.235519307230676489e-02
7.618064678341462947e-02
7.968942361118105944e-02
7.931488787236676274e-02
7.610682666222040593e-02
7.850154973114277512e-02
8.519746215745643836e-02
9.701267273925313905e-02
1.125299570048582526e-01
1.239815133517714191e-01
1.332638596700008449e-01
1.421404920084527457e-01
1.495990964066057360e-01
1.516277780667019404e-01
1.471980697256400905e-01
1.448476798689687650e-01
1.489415503607546265e-01
1.558058560090845035e-01
1.647149511386635234e-01
1.769173471187636126e-01
1.870443123168780697e-01
1.918690302125264646e-01
1.916203110779704510e-01
1.863239760952304369e-01
1.798880461792518037e-01
1.724897250036047103e-01
1.675523630896835203e-01
1.701260595144436505e-01
1.788753258584495354e-01
1.948716822742787569e-01
2.109059406306900142e-01
2.138453768653235110e-01
1.979265305276300124e-01
1.694712410639036826e-01
9.338609451557169927e-02
-4.772790832578976961e-02
-1.510583923691110608e-01
-1.651138508168666641e-01
-1.354667611695871132e-01
-1.145099177407467167e-01
-1.217845778674074009e-01
-1.116001759939818927e-01
-6.397545177565053254e-02
-8.078169619441639970e-03
3.302063225965883031e-02
5.424667166767656312e-02
4.308929920410244085e-02
3.716081080504366613e-02
7.150263192557673730e-02
1.177102573487757986e-01
1.600615397316668687e-01
2.036735894710529626e-01
2.468457164335433329e-01
2.125015256704479716e-01
9.398286630907930206e-02
3.809180625247567814e-02
7.669407636831679365e-02
1.305419202674094614e-01
1.799201075732749511e-01
2.346183716512195983e-01
2.944878819416341664e-01
3.482475764460886691e-01
3.217570418884057037e-01
1.489697977657695738e-01
3.157960156805701690e-02
7.102508482670408241e-02
1.548815722768967784e-01
2.410687138116131001e-01
3.152306594304982723e-01
3.830704157879181726e-01
4.521332259745206028e-01
5.073544842898518592e-01
5.453097002514160074e-01
5.719390301702539370e-01
5.843879360877149987e-01
5.912217230814984514e-01
5.942743318237977412e-01
5.918042946986086239e-01
5.926884935716317804e-01
6.049008500267721855e-01
6.274346348241596205e-01
6.565076067212552990e-01
6.884618451092217040e-01
7.201383628747222154e-01
7.594495614022401808e-01
8.023823857870511223e-01
8.421609707363850728e-01
8.819567138213378898e-01
9.219043772600138409e-01
9.595136306616032229e-01
9.941302684112358623e-01
