-2.283633847964193109e+00
-2.281738777607116742e+00
-2.280264246594221333e+00
-2.278364284256547023e+00
-2.276107597548969963e+00
-2.272166474474600850e+00
-2.297805359483179100e+00
-2.285218855956719253e+00
-2.281543155177028659e+00
-2.276793419822901399e+00
-2.269063615738867945e+00
-2.255514191722365780e+00
-2.243188324844308745e+00
-2.237032935704483805e+00
-2.220871129571749591e+00
-2.178276791080843822e+00
-2.020667819684499378e+00
-3.696782483391191754e+00
-2.507136050791891613e+00
-2.413292970198106513e+00
-2.380013611609185453e+00
-2.357296433247204170e+00
-2.341279510747273473e+00
-2.332837410247910359e+00
-2.326358826891099518e+00
-2.319882334254999012e+00
-2.318071611249200359e+00
-2.318877351921999619e+00
-2.315728341546074986e+00
-2.309741039180631006e+00
-2.303135525642366233e+00
-2.296946357227013458e+00
-2.291821751047605549e+00
-2.306046244652766308e+00
-2.282162850015727606e+00
-2.279981579866898755e+00
-2.275531581778553747e+00
-2.269946164964346202e+00
-2.262580870593204452e+00
-2.253523838990442396e+00
-2.247952254010326723e+00
-2.241996271170267896e+00
-2.229119563792771874e+00
-2.195777287885193552e+00
-2.040460770136033997e+00
-2.785728855488356359e+00
-2.529813367631960297e+00
-2.582505451679285802e+00
-2.553812168085447531e+00
-2.453120665423753621e+00
-2.392064465995150435e+00
-2.363466971517542259e+00
-2.365478244032815258e+00
-1.785339696724077552e-01
-2.184447805810806553e+00
-2.117994056933532043e+00
-3.184122850003237915e+00
-2.420661302798804648e+00
-2.368148029402990407e+00
-2.343173586357939708e+00
-2.327165075236380609e+00
-2.317276472312203239e+00
-2.314090097897265608e+00
-2.315802005906580252e+00
-2.313077141316630225e+00
-2.304971410592574266e+00
-2.297724608465707696e+00
-2.292042878847729170e+00
-2.287396630253965224e+00
-2.283327628347051608e+00
-2.279299315712876250e+00
-2.274987381095855188e+00
-2.270853823679540362e+00
-2.267395923863056328e+00
-2.263933107819135149e+00
-2.260267689687835535e+00
-2.257099990675455636e+00
-2.254593527795045738e+00
-2.251577884415024489e+00
-2.247268084582918490e+00
-2.243364436671162920e+00
-2.239795679713671550e+00
-2.234632342190570942e+00
-2.229118730573997009e+00
-2.225937871881075836e+00
-2.224581930432524501e+00
-2.224677460830594811e+00
-2.225380310693427788e+00
-2.224267508630177304e+00
-2.222530545335245744e+00
-2.221395123529425142e+00
-2.220180309152953058e+00
-2.218023138049626475e+00
-2.214744438561091489e+00
-2.211529062597341611e+00
-2.208255706104466753e+00
-2.204591637783728686e+00
-2.202238585874221499e+00
-2.201606543480757239e+00
-2.200059734852573445e+00
-2.197630052863089656e+00
-2.194764277526588980e+00
-2.191067599129159493e+00
-2.187615838957484460e+00
-2.184129292108392573e+00
-2.181806136815176433e+00
-2.182095161513668113e+00
-2.183869668850466184e+00
-2.185923490741003228e+00
-2.186882893447789744e+00
-2.185539225076087444e+00
-2.181283113071498470e+00
-2.174731275087652183e+00
-2.157297610234841123e+00
-2.111625234778014004e+00
-2.064167168150146559e+00
-2.073688899005246000e+00
-2.103259396886838495e+00
-2.118491877799619338e+00
-2.118893874099271990e+00
-2.126684917552987386e+00
-2.143809132284127728e+00
-2.157639796973907398e+00
-2.164815468282502042e+00
-2.166185531424417832e+00
-2.160511694774606806e+00
-2.156856575354808570e+00
-2.161578899536445775e+00
-2.166794634112324758e+00
-2.170191905829597978e+00
-2.172899278823368974e+00
-2.174388941531272046e+00
-2.165008224223612388e+00
-2.139740293814011096e+00
-2.124566462008971701e+00
-2.132569802623106359e+00
-2.141242538701694009e+00
-2.147330947671877599e+00
-2.153079520025280580e+00
-2.157953556264991857e+00
-2.160945061810847001e+00
-2.153592447890518180e+00
-2.118308091653988257e+00
-2.084911135682136152e+00
-2.098102669793801667e+00
-2.116926740839694343e+00
-2.129175470536527115e+00
-2.137940642896786869e+00
-2.144733623478932483e+00
-2.148428738825227668e+00
-2.148452735245456768e+00
-2.146599011540994084e+00
-2.144786186439755049e+00
-2.142594041912887715e+00
-2.140138325948242048e+00
-2.137565464653611080e+00
-2.134872323045598375e+00
-2.132415507955071288e+00
-2.130573260782778089e+00
-2.129082818209479200e+00
-2.128148690020913225e+00
-2.127683867125282013e+00
-2.127451572276329195e+00
-2.127763482862913946e+00
-2.127998463409125129e+00
-2.127459462797119727e+00
-2.126482772079847372e+00
-2.125596152612368783e+00
-2.124713125192108087e+00
-2.123805723626836173e+00
