-1.066935641469467927e-02
5.695519719836310800e-03
5.235242390524241785e-02
3.216286768665903989e-02
2.890459561357885607e-02
-3.722069440675480206e-02
-8.659143042950319114e-01
-1.167916346700862862e+00
-2.461756139183798875e-01
1.867672282902563541e-01
2.871063827888138409e-01
2.573350710936480601e-01
-7.683330508624677813e-02
8.572059470184703600e-03
8.694545810842461975e-02
1.264158294585004394e-01
1.155473903396657537e-01
9.942964674385240675e-02
7.942075673752979625e-02
7.507254985704978067e-02
4.653018096802364473e-02
9.197807784691131028e-02
7.001269467065084073e-02
2.252720841201214658e-02
3.456568022064196444e-02
4.253584286990812896e-02
-8.348297321165248919e-02
-4.333003557402489991e-02
5.794616992131197339e-03
2.738285702148887668e-02
5.141647763089488704e-02
7.479366636416164005e-02
5.524202911591499787e-02
-9.860211780045717855e-01
-2.888324666715664790e+00
-5.611766319411655157e-01
9.013857311676548578e-02
-1.626775186484408220e-02
2.744805003888668438e-01
2.128967574563039866e-02
-2.377082225975689078e-01
1.010808468405954841e-03
1.719383357291330572e-01
4.304257317148438289e-01
4.700758886678744197e-01
4.130351614351248091e-01
-8.067318544493490284e-02
-6.660383467660456469e-02
4.609309776820070398e-02
1.853552435157143075e-01
2.050038678154598448e-01
1.751851300151844870e-01
-2.809547323768012417e-01
-1.367620529533659868e+00
-1.598059316651219142e-01
2.595803266159911193e-01
3.699530101635472579e-01
2.214002216420306868e-01
1.738384497680423024e-01
2.568626093952826039e-01
2.310082948541855863e-01
1.952811538957464066e-01
-2.206378389457728240e-01
-2.705705907284046696e-01
1.164248909450215363e-01
2.793318172914173170e-01
3.094679094010828746e-01
3.051232486610310213e-01
2.986555313436011216e-01
2.204413080087771204e-01
1.770670873376295473e-02
3.660436779129916385e-02
1.392422941900653965e-01
1.673186033449254040e-01
1.077773694844811336e-01
1.211170890184324889e-01
1.743133351218759397e-01
2.039790586171121856e-01
9.661845557653428451e-02
-9.371650391273550484e-03
1.268318664655384842e-01
1.190501028212600232e-01
3.642696715987850387e-02
6.974676129104837030e-02
1.520941343735526530e-01
1.681021763611772746e-01
2.541422497513183276e-01
2.534665329350450635e-01
1.845688213656432319e-01
2.177856657891743541e-01
2.100007655873653012e-01
2.118501187555615894e-01
1.340975985653147795e-01
1.061391523324529129e-01
1.544878798260464481e-01
1.794355750740131983e-01
1.778705097218045705e-01
2.334980386527172325e-01
2.666395257076985548e-01
2.049276056211982167e-01
1.889334284699198396e-01
1.415535859486349302e-01
1.104073161629093858e-01
1.284622124092936746e-01
9.719228142345986976e-02
1.719117633949239776e-01
2.408921872715918400e-01
2.910523313258318590e-01
3.547485291533221119e-01
2.962776556022456154e-01
1.640017355908363617e-01
5.339841215333429592e-03
-5.262088652482177498e-02
-7.543315950239741774e-01
-1.171752010732493465e+00
-2.819391793187700501e-01
2.322403099664008541e-01
4.129252049680717795e-01
1.062554650596563288e-01
-5.681654620388709026e-02
3.717667217191332196e-01
5.738526566972292908e-01
5.476487989654649224e-01
3.787481195154030478e-01
2.354122289710843807e-01
-1.427070991194322180e-01
2.990204277519953324e-01
5.448740595704877343e-01
5.229531695014648651e-01
5.140004182221137308e-01
5.718383813226506351e-01
5.280989486225688978e-01
-6.181710095868431232e-01
-9.093615160464354474e-01
2.769534686681651703e-01
6.506140231864533385e-01
5.560939569048534148e-01
6.066463564549398058e-01
6.807738129344444999e-01
7.213890658331121308e-01
6.301083052298759313e-01
-4.745098617898430571e-01
-1.789587198911436916e+00
1.662938010580773673e-01
7.914822616798786736e-01
9.044271555017456832e-01
8.359219754022738647e-01
7.981957665498574661e-01
8.125582173640107930e-01
8.056240366154687749e-01
6.001225015502602567e-01
5.721065808865587465e-01
5.063799028326733120e-01
4.222584662038735281e-01
4.410828295128232934e-01
3.883670255802753601e-01
3.760003031785197347e-01
4.347017446134585628e-01
5.273439321661212986e-01
5.730867255968471463e-01
6.403484445825732285e-01
6.468760714305142878e-01
6.683051428418387285e-01
7.786710740392319696e-01
7.487865118293934863e-01
7.566896704342764846e-01
7.180877936946501450e-01
7.095862285854641627e-01
7.120270679490181553e-01
7.354389114377535286e-01
7.694859748857911796e-01
7.963941129523048890e-01
8.230662941731594628e-01
8.312703406870798339e-01
8.282333596930868680e-01
8.131614004219347436e-01
8.005240798278903114e-01
7.920128591711046440e-01
8.000186353956013630e-01
8.018952945354640427e-01
8.116752028524121254e-01
8.292869672163734052e-01
8.543143877101235795e-01
8.928816305623294980e-01
9.396859401584929383e-01
9.490413530101819983e-01
9.698561253751343259e-01
9.582869511743306035e-01
9.663723931196070982e-01
9.534550384079099050e-01
9.464137775178458334e-01
9.462416912419648884e-01
9.607831384420399967e-01
9.807957720141424751e-01
1.006587822441498359e+00
1.049844605879001636e+00
1.075983036127222237e+00
1.101861004833220026e+00
1.102614447585672508e+00
1.083544606522271359e+00
1.059811917539835724e+00
1.053627148550594361e+00
1.050945671325126840e+00
1.053795034781788376e+00
1.070690978476938948e+00
1.099758461606380244e+00
1.128395611918987518e+00
1.130429141587287800e+00
1.136606667294782103e+00
1.141996005510232060e+00
1.125820681762744968e+00
1.115643959766826399e+00
1.111288543801915552e+00
1.117353565877993837e+00
1.125796965171771191e+00
1.140370659744287529e+00
1.172702246448159791e+00
1.196635168081780609e+00
1.207043941172550205e+00
1.199164741620316832e+00
1.185255692545946982e+00
1.169919182310057870e+00
1.168667163270754372e+00
1.170132184886374382e+00
1.168246723331739290e+00
1.173075172499816965e+00
1.176595488825376901e+00
1.189716929229998943e+00
1.210427516732968556e+00
1.228500293546209043e+00
1.238574618649708636e+00
1.236502224698572405e+00
1.233079196761678986e+00
1.218970905109372005e+00
1.214758490384540757e+00
1.198135236934478876e+00
1.193417306417221990e+00
1.199006517179229014e+00
1.205437173143722340e+00
1.223508911316617986e+00
1.247492917365784937e+00
1.257307596635802938e+00
1.270850193857304689e+00
1.249026682945623801e+00
1.222017018796948573e+00
1.204762694234782661e+00
1.188246045079814461e+00
1.186460466054385599e+00
1.184838302301139734e+00
1.197165229343988724e+00
1.217400634582824992e+00
