1.283112158785099793e-02
2.266746678356745814e-02
6.744438777872965862e-02
4.888046241304681155e-02
5.023633910806422909e-02
-2.129622331803967400e-02
-8.769866326788703370e-01
-1.226708924583786109e+00
-3.225761414244119329e-01
1.312661633428861274e-01
2.620304557451020311e-01
2.555738595681663616e-01
-7.053671595615837453e-02
1.398944248356781897e-02
9.785307960389323656e-02
1.482909484005021372e-01
1.412203413461381174e-01
1.320336249237726300e-01
1.166612563522818474e-01
1.105324420217701081e-01
8.355258654877978364e-02
1.266518380625844264e-01
1.044137536653991921e-01
6.009617625466770474e-02
7.091938640250289305e-02
7.470140377605732906e-02
-5.374699269589636175e-02
-1.831493134280465576e-02
2.949389024922218980e-02
5.466523429484513447e-02
8.199230884520454510e-02
1.075165879007949910e-01
8.968494719561348472e-02
-9.820430995329406665e-01
-2.984329493213373041e+00
-7.130943998134966488e-01
-3.126421454431468905e-02
-9.725810836799035630e-02
2.347747612810979490e-01
4.853595018622897106e-03
-2.428237425842949548e-01
-6.936448884232240819e-04
1.840863776361998105e-01
4.664258959155915818e-01
5.364535465422840543e-01
4.975541522540207762e-01
1.379223330200095299e-03
6.788127550994227377e-03
1.148089387062038169e-01
2.628914966848616697e-01
2.884448291623158966e-01
2.613594226027609047e-01
-2.063564008014928952e-01
-1.340643418724924318e+00
-1.597835623066524713e-01
2.815549719533093076e-01
4.211616641743749501e-01
3.027761186928843995e-01
2.564177678818829187e-01
3.488371038228844090e-01
3.364504787114341866e-01
2.983017073541732733e-01
-1.274305338425042733e-01
-1.914812982462001656e-01
1.795191772731113966e-01
3.472287994687021095e-01
3.999715046166107957e-01
4.112811434482440687e-01
4.100378431832241710e-01
3.133125186502641046e-01
1.190265288442682590e-01
1.054920172059085060e-01
2.096101719297736587e-01
2.572420012601006056e-01
1.907101010807521480e-01
2.027718322116822403e-01
2.602250817898602575e-01
3.002713918981713137e-01
1.916118169365932100e-01
8.924470803179000711e-02
2.121115761468495287e-01
1.798991062859140733e-01
8.505609693065060983e-02
1.240696683332614958e-01
2.245427275698843594e-01
2.512182437817214731e-01
3.534934869128783519e-01
3.634854543734413745e-01
2.784104086474178397e-01
3.250657391449184308e-01
3.284072453791479496e-01
3.318015179794321923e-01
2.544624905389283320e-01
2.188823415499188130e-01
2.574897846999397721e-01
2.554408120827184603e-01
2.514385975664821249e-01
3.269852749859138985e-01
3.729563590574356269e-01
2.975142238509261849e-01
2.974937679456859940e-01
2.446087683947727465e-01
2.148334176195088596e-01
2.333335957529856786e-01
1.991835528529293797e-01
2.849757007543728404e-01
3.704075151828266077e-01
4.321266495216735115e-01
4.908925863768517361e-01
4.401231203190287267e-01
3.144856486240905080e-01
1.522528712366583714e-01
7.692467614463635583e-02
-6.410926612663057078e-01
-1.118883978254529898e+00
-2.497237194020834328e-01
2.832819375524734951e-01
4.983863624866218811e-01
2.147316096545580644e-01
5.564756063100458061e-02
5.102634329883100062e-01
7.306406218815815201e-01
7.415019183370792355e-01
5.798453184694194462e-01
4.252702567341841711e-01
1.995212027452775150e-02
4.716534452174633851e-01
7.260592729957789926e-01
7.159772606960180807e-01
7.191249355769744334e-01
7.800022128041698144e-01
7.274006125636830467e-01
-4.389078041296618493e-01
-8.155780342493418322e-01
3.615144570401455648e-01
7.636499732486833336e-01
6.939303163376564498e-01
7.758896635686026722e-01
8.648735143157962879e-01
9.151834765659417892e-01
8.387576521714811273e-01
-2.648372634014187765e-01
-1.720170061243804671e+00
1.996674414269601905e-01
8.782386735879359474e-01
1.009707204444674877e+00
9.670226334109214283e-01
1.004181777262978637e+00
1.020136768364075630e+00
9.753439922467754819e-01
7.656345939157855884e-01
7.397482250284961314e-01
6.966249096305963118e-01
6.177476002378233799e-01
6.264263565957761681e-01
5.753288968226396571e-01
5.649032345985994796e-01
5.994454843885754780e-01
6.774552146798146213e-01
7.054978834933679499e-01
7.763429519458382444e-01
7.898112916105192172e-01
8.243746384375884029e-01
9.190678514533671128e-01
8.988634777797361863e-01
8.844797403822466375e-01
8.961150637946522224e-01
9.193930252787811952e-01
9.105810530765141575e-01
9.230757040873224240e-01
