-1.299284756342575242e-06
-6.788979296083003295e-06
-4.273604270763924269e-06
2.690421486917233933e-05
8.129293883242638533e-05
1.462317223418532460e-04
8.920429213580288882e-05
-5.129816962501881732e-04
-1.761661804741483173e-03
-3.188809139429154768e-03
-4.467007378122801568e-03
-5.500042978768489126e-03
-6.331419621748518578e-03
-7.111050076731123895e-03
-7.828003821457313674e-03
-8.434794281210931943e-03
-8.910312413730546444e-03
-9.262794427659665902e-03
-9.509390554971072079e-03
-9.667778678658645042e-03
-9.751528650376916144e-03
-9.774272695631396751e-03
-9.725833836051951328e-03
-9.622229283114068152e-03
-9.490749446011793183e-03
-9.333570532528359318e-03
-9.164133544189370303e-03
-9.037124920803446190e-03
-8.942183572067623556e-03
-8.849651977399321245e-03
-8.741504001555485542e-03
-8.602010893066962607e-03
-8.421252363071360034e-03
-8.334112041685309141e-03
-9.052694220321157170e-03
-1.126153612412213005e-02
-1.396679194271638336e-02
-1.659532651657363508e-02
-1.907026889669382469e-02
-2.128817637069541080e-02
-2.336263425424426124e-02
-2.541029624530101796e-02
-2.732705548590655745e-02
-2.897914159595034109e-02
-3.023139221056474896e-02
-3.105792992315226791e-02
-3.155825294187244306e-02
-3.198196183515945867e-02
-3.237430582443951571e-02
-3.267407422151706597e-02
-3.281136394637455128e-02
-3.277557550919587420e-02
-3.264418318570161404e-02
-3.277156277844108651e-02
-3.355952846817317897e-02
-3.450187520746437336e-02
-3.525170780456810676e-02
-3.572963565814661624e-02
-3.600232712001366631e-02
-3.610382231992598223e-02
-3.601145600421167686e-02
-3.574151561983394954e-02
-3.537346477375619136e-02
-3.511703862361773010e-02
-3.499527150514588486e-02
-3.481456207155389504e-02
-3.445646144691179302e-02
-3.389554219421785780e-02
-3.313914559315284114e-02
-3.220937637402602333e-02
-3.117727813921027102e-02
-3.015074037460879763e-02
-2.913560549766685409e-02
-2.808275441596442407e-02
-2.697920143817147259e-02
-2.585152780758515761e-02
-2.469656674181750292e-02
-2.348755355351451329e-02
-2.222143352886328527e-02
-2.096088328317271404e-02
-1.975175381724105644e-02
-1.854393139969430504e-02
-1.733705105471779889e-02
-1.616648834687946235e-02
-1.501528534797437996e-02
-1.383946915831431139e-02
-1.261279860093623278e-02
-1.129549299307440122e-02
-9.890073186989787463e-03
-8.428178307675393555e-03
-6.906519299101863789e-03
-5.328718256004678910e-03
-3.708077317193760568e-03
-2.087186671629794738e-03
-4.837723869682449256e-04
1.123107126288316101e-03
2.748655253126567471e-03
4.400124909430799813e-03
6.105333713180621444e-03
7.875543025114419698e-03
9.680791614956560723e-03
1.149851689361592114e-02
1.329919193434144983e-02
1.506440199321774920e-02
1.679513154640798617e-02
1.848839280073255598e-02
2.018452776484445238e-02
2.192966416531247353e-02
2.376092887519629798e-02
2.570319965094251813e-02
2.771601365700565936e-02
2.970864084483970310e-02
3.158457258529224349e-02
3.321573304538671945e-02
3.422773198163525654e-02
3.447920071800091718e-02
3.442563449074691889e-02
3.444393024505525147e-02
3.464742609140945839e-02
3.489906574881515566e-02
3.514648230426607040e-02
3.559731808276064141e-02
3.638467902565736822e-02
3.748852283328902441e-02
3.879856591431236901e-02
4.017276765198431188e-02
4.146652453011483858e-02
4.286873799876116109e-02
4.453128999728310500e-02
4.645903089597668706e-02
4.864009789825578939e-02
5.108128593082084112e-02
5.361439118638607754e-02
5.565980151845304619e-02
5.710917245304379664e-02
5.853809195946495236e-02
6.024157794877075395e-02
6.222015431798529755e-02
6.448934060099327514e-02
6.708346459105590798e-02
7.000450570942555462e-02
7.306437986790888239e-02
7.557129166506326712e-02
7.704407386209910502e-02
7.834458420753599717e-02
8.000049284119695181e-02
8.212365083264369647e-02
8.468147086892302555e-02
8.763711112486612109e-02
9.097527809935450349e-02
9.465006060879946337e-02
9.854276363452563192e-02
1.025927264999124539e-01
1.067409978641091078e-01
1.109312826198048385e-01
1.151469456178591533e-01
1.193564905215387245e-01
1.235501872370707577e-01
1.277611554351974765e-01
1.320403671331356887e-01
1.364226157266398010e-01
1.409390588599945537e-01
1.455956544111842998e-01
1.504086219692391535e-01
1.554186602945627771e-01
1.606143403040059536e-01
1.659802636343370719e-01
1.714871650218271482e-01
1.771164728564286195e-01
1.828610521311424542e-01
1.887263778382403112e-01
1.947243604565227215e-01
2.008645777867218984e-01
2.071532070892006805e-01
2.135862287438935747e-01
2.201509177951898599e-01
2.268283211598515481e-01
2.336003603019309316e-01
2.404538375852296739e-01
2.473835724693753402e-01
2.543848435004127939e-01
2.614573392217541259e-01
2.686064251105148015e-01
2.758434635279596869e-01
2.831876711852298611e-01
2.906584168205846308e-01
2.982593488231414791e-01
3.059909278992995474e-01
3.138419649392562571e-01
3.218043090516352622e-01
3.298630929377102117e-01
3.380051394173959611e-01
3.462233729744295663e-01
3.545193532517489921e-01
3.628996796144378090e-01
3.713763405037567300e-01
3.799676600909595581e-01
3.886853613598287849e-01
3.975355735610137109e-01
4.065099150663891714e-01
4.155874914349111382e-01
4.247456445646848322e-01
4.339704163006002924e-01
4.432527050784185185e-01
4.525886641739444993e-01
4.619834747618619120e-01
4.714495721079717816e-01
4.809971209696616290e-01
4.906242143861688221e-01
5.003278205620297348e-01
5.101023671206398324e-01
5.199331062243496282e-01
5.298068557642973131e-01
5.397155513580761399e-01
5.496573294970065193e-01
5.596336277872847598e-01
5.696513219531156302e-01
5.797250858357363423e-01
5.898656497083514250e-01
6.000739719501451130e-01
6.103401490894542203e-01
6.206494333239902517e-01
6.309878364628778158e-01
6.413485351915397814e-01
6.517274944750484078e-01
6.621206081504178442e-01
6.725266821420303742e-01
6.829460567206968591e-01
6.933844417284615869e-01
7.038517322203161619e-01
7.143562252936224155e-01
7.249004689466823637e-01
7.354801662326143630e-01
7.460877538013644950e-01
7.567119352826100487e-01
7.673436372567721264e-01
7.779709615515121301e-01
7.885879262808480616e-01
7.991951174053132378e-01
8.097962937215527068e-01
8.204014883923662627e-01
8.310228342630868736e-01
8.416666831112862290e-01
8.523349549162831940e-01
8.630128075634698748e-01
8.736806103011853786e-01
8.843233036373245870e-01
8.949296423328081396e-01
9.054959021542710040e-01
9.160221918047365408e-01
9.265163467903593242e-01
