-1.076847613558108881e-02
5.597330968388635093e-03
5.281471903370868470e-02
3.318883715044192856e-02
3.013554991338329714e-02
-3.649869324829575767e-02
-8.737703271440018238e-01
-1.190941925186977501e+00
-2.734895377603831501e-01
1.678154452565583932e-01
2.786357973231559648e-01
2.569872037193505210e-01
-7.466172040494711837e-02
1.080243233262564995e-02
9.061876662515051806e-02
1.320881997547654063e-01
1.228259752236135621e-01
1.075791869476728224e-01
8.782707252146926269e-02
8.340717803527447627e-02
5.445183300427502288e-02
9.974805395101632444e-02
7.775633121242730983e-02
2.957951319708810797e-02
4.081571757826500668e-02
4.832931418679652785e-02
-7.917128432901907042e-02
-4.069599714338670293e-02
7.984508299377640270e-03
2.982762723700935897e-02
5.442429678129437343e-02
7.858986254108588088e-02
5.957319946662240767e-02
-9.911637412014437931e-01
-2.925780505859098657e+00
-6.141382740791092587e-01
5.065017563072027329e-02
-4.157336738205197335e-02
2.616071084654959522e-01
1.744083948212538093e-02
-2.392804478345614827e-01
1.453146509635128147e-03
1.773632589520134917e-01
4.431910612427727991e-01
4.904125467789305359e-01
4.384411960068370639e-01
-5.684894017386582510e-02
-4.771981994055285448e-02
6.249084531435182555e-02
2.020468717328179342e-01
2.230597840305129920e-01
1.939751338707833006e-01
-2.662333057320811491e-01
-1.369468256624444491e+00
-1.704496847624110689e-01
2.560214474194650869e-01
3.758456585006652029e-01
2.335549890758935876e-01
1.888595147357834958e-01
2.742722690582951595e-01
2.504192068546080563e-01
2.154635081703417943e-01
-2.041848741918289023e-01
-2.605266024358526278e-01
1.250789835440061504e-01
2.914552347288088541e-01
3.255411216621295623e-01
3.241024127715200764e-01
3.194709534023379427e-01
2.416171477592797545e-01
3.647198752331895499e-02
5.210986636800454819e-02
1.533878122371646335e-01
1.814203436713294482e-01
1.213873498856884448e-01
1.339239593701621600e-01
1.870272651414860987e-01
2.171898352455510217e-01
1.092834311371973510e-01
9.697853656085997365e-04
1.358645175186922738e-01
1.280245740289496226e-01
4.443770472769520419e-02
7.666032594757909990e-02
1.591671916845823209e-01
1.759856615729579743e-01
2.634311558651866725e-01
2.642939974147583415e-01
1.957092631560954366e-01
2.287812702901199091e-01
2.209198649127427361e-01
2.225123360522203164e-01
1.437049864643826225e-01
1.139826006989991813e-01
1.611662671054381324e-01
1.857514870984626199e-01
1.839712765280580586e-01
2.398149289345672397e-01
2.737006525693452264e-01
2.120419561848108647e-01
1.953000814904499727e-01
1.466610547384188390e-01
1.138104489545254117e-01
1.304394647455409117e-01
9.787273739507862391e-02
1.720065064744802918e-01
2.416686721300649321e-01
2.931840543230843088e-01
3.586763447257960147e-01
3.012564186414066203e-01
1.678594535661468434e-01
5.722065107007678897e-03
-5.662594553845040624e-02
-7.685370115682104153e-01
-1.202465078469357351e+00
-3.191390919844450669e-01
2.023040489226724525e-01
3.940263141170420313e-01
9.388362443193838669e-02
-6.835152946841918653e-02
3.635892729186732675e-01
5.732100140032846403e-01
5.535770886729216578e-01
3.874010511587832606e-01
2.431469635258138862e-01
-1.404765291326496301e-01
2.983527081122248070e-01
5.476452499465325197e-01
5.296554971996816352e-01
5.230016220542161864e-01
5.826528143331842768e-01
5.399116924745442914e-01
-6.169871142905694050e-01
-9.274754291069928769e-01
2.538449474600988909e-01
6.365333541362108161e-01
5.503846714309750254e-01
6.065012481826964619e-01
6.854390719076844940e-01
7.301249228275872305e-01
6.408411395929028975e-01
-4.737235799720587726e-01
-1.816870449756587735e+00
1.271163219836506930e-01
7.647542456016662715e-01
8.924575463543346077e-01
8.345748354076175657e-01
8.032764098434165279e-01
8.216972470790484540e-01
8.172629828146418252e-01
6.110912484054753513e-01
5.802603851024212833e-01
5.112080709110493615e-01
4.229590941434415718e-01
4.379319127033076686e-01
3.817147928589450512e-01
3.659526489294826490e-01
4.223304428722283177e-01
5.142881553902676206e-01
5.603361159238890998e-01
6.284337674448319255e-01
6.357517573174638059e-01
6.575874938275620973e-01
7.690045945581396314e-01
7.399778317683449735e-01
7.478503716165858517e-01
7.084207354506444343e-01
6.984360967829756905e-01
6.992552404332685878e-01
7.212242093125529330e-01
7.542123164446408179e-01
7.803428372205007957e-01
8.063698908955339029e-01
8.138362218648089730e-01
8.097365633645243754e-01
7.931624026788242077e-01
7.786350305573459529e-01
7.680138246213226161e-01
7.739404335106456756e-01
7.738319080641264947e-01
7.817219240051680451e-01
7.976454798272434310e-01
8.212554429242158172e-01
8.587755284179992010e-01
9.049667538374963627e-01
9.137178557088749820e-01
9.337377105422706158e-01
9.210088272661356434e-01
9.275976511618280185e-01
9.128905052597855452e-01
9.037398426399572138e-01
9.013383906132523826e-01
9.137550630456350298e-01
9.318807324693367811e-01
9.560480031352009966e-01
9.980670906370474604e-01
1.023207010140991802e+00
1.048108813960948904e+00
1.047650514442832748e+00
1.026810645018003232e+00
1.000706968767554272e+00
9.918492620133618765e-01
9.864495497500427312e-01
9.866309151756844642e-01
1.001071486589582893e+00
1.028057375576398424e+00
1.054965761358678922e+00
1.055264352540865147e+00
1.059529703684110924e+00
1.062898549190543385e+00
1.044414043556302296e+00
1.031611313315777156e+00
1.024505922489952425e+00
1.027877785933090315e+00
1.033773861679742279e+00
1.045981346547536717e+00
1.076287526895105984e+00
1.098491485020149483e+00
1.107184583534539524e+00
1.097316805611741497e+00
1.081022387321399325e+00
1.062956430434625510e+00
1.058852099720260842e+00
1.057514577264991651e+00
1.052855948975425449e+00
1.054972974493683768e+00
1.055868508258372973e+00
1.066508673827301745e+00
1.084985096619906830e+00
1.101031349744320931e+00
1.109127921806174033e+00
1.104932738810602277e+00
1.099173631985856048e+00
1.082465532736804459e+00
1.075476648270695890e+00
1.055914819104958990e+00
1.048164190314204713e+00
1.050847578670452087e+00
1.054555686519590640e+00
1.070154356696982667e+00
1.091988405521905126e+00
1.099794459772224009e+00
1.111350799751967600e+00
1.087251554063920267e+00
1.057438923687618271e+00
1.037060627754046394e+00
1.017280951329806449e+00
1.012286438173943814e+00
1.007618770841741451e+00
1.017156827142850162e+00
1.034972951859928436e+00
