1.147915464420253689e-02
1.838555311372844572e-02
5.584119219231845760e-02
3.104359806011309370e-02
3.001870801267502581e-02
-3.552706226979020221e-02
-7.914303772071216159e-01
-9.721575126642963971e-01
-3.129706366932333284e-02
3.214757169601895059e-01
3.388759416525251034e-01
2.530530984222224000e-01
-8.652266402416629310e-02
8.110112704954444696e-03
8.224700311506023820e-02
1.144556251760255883e-01
9.283504666260000704e-02
7.637154192257342156e-02
5.898799035030979909e-02
5.360047142608993787e-02
3.046467323282085055e-02
7.365205397315313651e-02
5.025066341709154283e-02
1.178583085906215883e-02
2.876570216523911122e-02
3.502680404196070740e-02
-7.866512647852377804e-02
-2.723962548487776636e-02
2.232840636956759037e-02
4.193606074607913320e-02
6.090221109649439357e-02
7.637663941668430823e-02
5.219134044175696013e-02
-9.089711781445014571e-01
-2.543535883238915218e+00
-1.207608519095150212e-01
3.916787544901945695e-01
1.722392519037620473e-01
3.811012279329415997e-01
7.254292294979425293e-02
-1.778230331529758179e-01
5.777542702782781370e-02
1.988625532360414894e-01
4.093982140996262342e-01
4.047704449211431132e-01
3.187196254214054170e-01
-1.505441994589554744e-01
-8.780603753807472711e-02
4.338158787587237386e-02
1.810146957007254809e-01
1.852080774538871211e-01
1.458978778692596734e-01
-2.776479796304731629e-01
-1.226430076412278636e+00
3.761562582071639738e-02
3.844895249677711124e-01
4.149288050875844513e-01
2.308475783892185162e-01
1.592653201166668309e-01
2.305091765663399017e-01
1.988927936180559797e-01
1.541719422386411686e-01
-2.274265646610503233e-01
-2.222444589941951210e-01
1.572215417197356246e-01
2.814814959037145181e-01
2.882417741121739430e-01
2.660142496653413735e-01
2.436200923309588262e-01
1.444143525643546422e-01
-2.272647414416356648e-02
-1.985411730821756704e-03
1.132531778768164354e-01
1.540228486007852449e-01
8.641675167479315189e-02
1.021761938249320378e-01
1.548925255552250357e-01
1.831119564441354985e-01
7.543374791022736114e-02
-6.403232986219503653e-03
1.246358473062691152e-01
9.060713079812232618e-02
7.400153452583463354e-03
5.736120937586738910e-02
1.507107741085295660e-01
1.619030597789984649e-01
2.418025760540489510e-01
2.286494841694776958e-01
1.376925066385101815e-01
1.830418556950879627e-01
1.814398628793157942e-01
1.812855769508843751e-01
1.097526267587333182e-01
8.801128395127016946e-02
1.340423723037204029e-01
1.335966964129237100e-01
1.312476943983980071e-01
2.002580409494053026e-01
2.311856334206132679e-01
1.507862986607883538e-01
1.541415961237062593e-01
1.089855316117442352e-01
9.156243438310202043e-02
1.182092125622370982e-01
9.115705107366806059e-02
1.751581096787671044e-01
2.434137403229432728e-01
2.811211000185027675e-01
3.140153587098169496e-01
2.480458804440540677e-01
1.307494371337039052e-01
1.300389331258977599e-03
-3.247431125123556583e-02
-6.431549237825278098e-01
-9.452832246268377814e-01
-2.090669668086307317e-02
4.169154971917646280e-01
5.067895697867883520e-01
1.587538787395414708e-01
9.013293795258059404e-04
4.216751142440668954e-01
5.603365732928065057e-01
5.019824246664571499e-01
3.144329679659407795e-01
1.740310208419481586e-01
-1.668781954852892602e-01
3.104221117792653195e-01
5.160428450917952103e-01
4.562084120436976642e-01
4.297210168588250223e-01
4.660561572934088792e-01
3.991729229959717351e-01
-6.483395348226284050e-01
-8.154765435389268458e-01
3.967064919243953880e-01
6.796214656687704636e-01
5.110997594057804516e-01
5.301531142617343928e-01
5.647527721958105484e-01
5.693971370547562527e-01
4.692300099310715567e-01
-5.259264575093819394e-01
-1.669581401814233201e+00
3.592958792667530488e-01
8.725296459728383303e-01
8.327767226521344268e-01
6.793965220745504796e-01
6.489360146207604485e-01
6.191397653737721329e-01
5.501231541137588943e-01
3.517702682909584766e-01
3.533065214488666506e-01
3.338573515461658037e-01
2.815595399141945787e-01
3.123281787108077578e-01
2.795630566957026941e-01
2.858694818698659379e-01
3.280257956378828110e-01
3.997560062941357684e-01
4.146947113242848149e-01
4.679447247106179875e-01
4.635672528066567821e-01
4.827083496317804423e-01
5.553708156147044717e-01
5.162126975210762359e-01
4.937361107788048598e-01
5.006754314833299357e-01
5.179329438671589347e-01
5.047072390033696676e-01
5.142026196018824047e-01
