8.322485072861682091e-04
3.147803235664606986e-03
9.084213135210662815e-03
1.686396157286569261e-02
2.380751749128991526e-02
2.628637744662015718e-02
-3.141784609745434248e-02
-1.685830635794912380e-01
-2.750335231308994044e-01
-2.975982764634653721e-01
-2.800389311096673772e-01
-2.500654328047510755e-01
-2.375567393176224174e-01
-2.379048201681918384e-01
-2.266296704391652928e-01
-2.055655697800863324e-01
-1.804173464342811728e-01
-1.551842478464481034e-01
-1.308283637409107525e-01
-1.075180556669517451e-01
-8.632360079650049089e-02
-6.428169430234875747e-02
-4.129108020845578819e-02
-2.291694505870332799e-02
-7.280025894072287423e-03
8.499997648449990340e-03
1.547728923257996742e-02
1.560726469351065605e-02
1.981549935811766083e-02
2.788945116805870844e-02
3.888503511078769681e-02
5.300629786896499107e-02
6.746272802158355397e-02
1.112480347539478165e-02
-2.459782789466906650e-01
-4.937265143628341013e-01
-5.624356591334535027e-01
-5.878805276388702206e-01
-5.895540415217631613e-01
-5.790482221059538581e-01
-5.935244708158383675e-01
-6.048867136021433000e-01
-5.865854004629061924e-01
-5.349080642644182815e-01
-4.567761068934960145e-01
-3.725588770025179408e-01
-3.199397081452122760e-01
-2.978813373891262550e-01
-2.702441024965462346e-01
-2.274925628513462250e-01
-1.742321945043424913e-01
-1.212404497047238072e-01
-1.007604546346046182e-01
-1.855181649664304766e-01
-2.719692309211873549e-01
-2.609264180005431699e-01
-2.116960365634251440e-01
-1.584277297965262232e-01
-1.134237143647199297e-01
-6.443998940142034448e-02
-9.897450503335118721e-03
4.177324499427677307e-02
6.321124048417102459e-02
5.178126435876242301e-02
5.703204607501052154e-02
9.469905242712586824e-02
1.465517230475095189e-01
2.030910013600622233e-01
2.606399273007496964e-01
3.117974305648636979e-01
3.435524949453451216e-01
3.603703345303501671e-01
3.806740795933397092e-01
4.087803719852138307e-01
4.344107148704023369e-01
4.554617433489139278e-01
4.796766378851863299e-01
5.090916060882075822e-01
5.333007615660272371e-01
5.430986486155733317e-01
5.528359317972663112e-01
5.668732669729164009e-01
5.718909445053654839e-01
5.723100260692606245e-01
5.805239397950924252e-01
5.962623939500314441e-01
6.202553601841110931e-01
6.515869170400029331e-01
6.784660569165049671e-01
7.029651441106864462e-01
7.302615570048550664e-01
7.577139999803963466e-01
7.799924060014723493e-01
7.944064985386719568e-01
8.080221230501454244e-01
8.229759240784583207e-01
8.368044607525000345e-01
8.545767249833170487e-01
8.796433265201867302e-01
9.026379066537718598e-01
9.206101677918819837e-01
9.345410130795970272e-01
9.424571036353052156e-01
9.487430878800973133e-01
9.531179759335972612e-01
9.601456657755039759e-01
9.776218614050929956e-01
1.004592819244421564e+00
1.039732817715652402e+00
1.075893515934973177e+00
1.101054291071305924e+00
1.107311312137163828e+00
1.097040058982647670e+00
1.033496978313115822e+00
8.898949676872384140e-01
7.660489759880710903e-01
7.280463089742430505e-01
7.400830417610713141e-01
7.520719951550964844e-01
7.396947822271123796e-01
7.484549955943021748e-01
8.024069557753298332e-01
8.749593041585853603e-01
9.414570298976436824e-01
9.899317689437997503e-01
1.002753246505773355e+00
1.017643456046426920e+00
1.075948717040033031e+00
1.150551499737835437e+00
1.225950474142920354e+00
1.305998313799207056e+00
1.386580187122326668e+00
1.387826789072311717e+00
1.286797434604590507e+00
1.229744382600849839e+00
1.268635290795101511e+00
1.330396510580927227e+00
1.395719729501702755e+00
1.473764749306049504e+00
1.562276547314537023e+00
1.650268161078404683e+00
1.662291067463913752e+00
1.506741187818052996e+00
1.373020366361799915e+00
1.396854214892632173e+00
1.475319889099784065e+00
1.564640337984091634e+00
1.657916962040008935e+00
1.757452915618489930e+00
1.857041350051711781e+00
1.941101006018538966e+00
2.009611718363355060e+00
2.071829704080877299e+00
2.124040891387698249e+00
2.169300420148122743e+00
2.209141686229679102e+00
2.242526227518268467e+00
2.274959084775941331e+00
2.312428406719349905e+00
2.354995400508628656e+00
2.402724661740934575e+00
2.454870129047311167e+00
2.509362030626540729e+00
2.571411102766318457e+00
2.637568128438268378e+00
2.700973220420691323e+00
2.763279535940538878e+00
2.826665606202770853e+00
2.889736848494455668e+00
2.951756605487298124e+00
