-3.239001717249200690e-02
-7.566002467018833819e-03
4.085210145128016085e-02
1.870633842707510389e-02
1.124916939731097215e-02
-4.828752276996647885e-02
-8.378218445044094409e-01
-1.074189985416596382e+00
-1.364006816077414641e-01
2.587120520450718608e-01
3.141828326500605284e-01
2.538348341814072873e-01
-8.618857905573173994e-02
4.330778809737839685e-03
7.821470945170068412e-02
1.068832947661599586e-01
9.279077919955980303e-02
7.103545052914990443e-02
4.831580885130382780e-02
4.734754745812722043e-02
1.870241647685898234e-02
6.693822422691163287e-02
4.511616289127884372e-02
-4.544381542748230154e-03
9.754334056330429825e-03
2.194730633757285138e-02
-1.002242963296757217e-01
-5.403942025165638097e-02
-4.232530545069797430e-03
1.264338066098205648e-02
3.241418646177254143e-02
5.264147456110387230e-02
3.089264871167874196e-02
-9.660229038161792792e-01
-2.725957852260149750e+00
-3.361299248156971453e-01
2.536169308749370299e-01
8.512460892288364889e-02
3.219517845019251312e-01
4.144041006074664080e-02
-2.227941028306260896e-01
1.681454033429530259e-02
1.726664848376735506e-01
4.028548173191968118e-01
4.086703738824046805e-01
3.340201299659689149e-01
-1.482957474215667870e-01
-1.151786312076234498e-01
6.460399995791954453e-03
1.366379456282448002e-01
1.490549981574497695e-01
1.161170666131197404e-01
-3.222232131538663724e-01
-1.339063548363625733e+00
-9.936960863409854960e-02
2.819900313418481907e-01
3.491124087761546813e-01
1.654188808983032832e-01
1.171703574120624008e-01
1.908544786215085887e-01
1.521931864631720088e-01
1.204447836970251318e-01
-2.788964531126402191e-01
-3.062449391279538080e-01
9.534221570205184126e-02
2.450850721209243688e-01
2.462928803865826188e-01
2.237830483289997563e-01
2.114172728544693181e-01
1.511820489295069569e-01
-5.713178724788353646e-02
-3.797289674990600439e-03
9.511689388002486645e-02
1.018449709334610792e-01
4.911603060529146081e-02
6.342045946736618589e-02
1.112425017151863760e-01
1.294781198512740539e-01
2.428586859238476836e-02
-8.191555351365858995e-02
6.821309592921886988e-02
8.130239879301939809e-02
7.515443401648266852e-03
3.291388413960319448e-02
9.549426989415103761e-02
1.001663039156546198e-01
1.695283786621179511e-01
1.583017397075842103e-01
1.058996651250392051e-01
1.258994712530348281e-01
1.081440452851597928e-01
1.097389922742968010e-01
3.345728938197126134e-02
1.496658690520838442e-02
7.259852568845108489e-02
1.207282527528514282e-01
1.169055532798571051e-01
1.496612979504629570e-01
1.686144150025945254e-01
1.197756537383963815e-01
8.822456666996122965e-02
4.781893686668026167e-02
1.687906206827219369e-02
3.556400730245241892e-02
7.843172595156447380e-03
7.159498908382452842e-02
1.238643312355473675e-01
1.621984586583972709e-01
2.290780534713228456e-01
1.617786524799971482e-01
2.531382062144305056e-02
-1.243501396428914052e-01
-1.601399151997468795e-01
-8.329468822861715305e-01
-1.171793118268467770e+00
-2.618823156114722384e-01
2.160203031614720826e-01
3.454763199192696366e-01
1.040686325386593059e-02
-1.529787144953317912e-01
2.492349546495850332e-01
4.273318638561634519e-01
3.613779936034446916e-01
1.882534964550811318e-01
6.136852857275611889e-02
-2.815035471345377904e-01
1.521785922417107639e-01
3.829819717806329793e-01
3.432164760533256143e-01
3.194050605145385413e-01
3.718397539675094565e-01
3.343121277904799182e-01
-7.780408675891482551e-01
-9.639388803160873209e-01
2.252486831397493006e-01
5.487497046815082991e-01
4.149609182386764239e-01
4.276164666063628217e-01
4.829526821381682211e-01
5.105276827197682277e-01
4.038521591747988859e-01
-6.839601615759793862e-01
-1.823735867593517135e+00
1.672778173131756474e-01
7.091796457240958640e-01
7.785631499273334422e-01
6.691766883553960099e-01
5.534958587549827502e-01
5.678044725379572943e-01
5.962458449837750862e-01
3.922995976395568518e-01
3.626367224478219131e-01
2.693319247871387434e-01
1.886345382301249374e-01
2.222860628109727954e-01
1.688486642115822334e-01
1.602194382693674646e-01
2.383745707502842315e-01
3.474877589071911910e-01
4.035064170381625348e-01
4.481202906294198818e-01
4.503359430188398904e-01
4.486977279345368275e-01
5.753622265494457988e-01
5.234624329486561312e-01
5.367625158956703668e-01
5.445757314588166587e-01
5.614127492616354242e-01
5.336099249482955109e-01
5.388912242630470306e-01
