-2.894812704400639947e-06
-1.657224732785433327e-05
-2.732895512499776229e-05
-1.470350109249785469e-05
1.381979739566746979e-05
4.469240700437250439e-05
-4.749057221728492930e-05
-6.481599562464874153e-04
-1.798572800680855403e-03
-3.014764047644784891e-03
-4.008244708908128597e-03
-4.731148932107867577e-03
-5.261791866858664748e-03
-5.761071716828050464e-03
-6.216707032945905688e-03
-6.585990509008271196e-03
-6.855583957531564618e-03
-7.038622167461839989e-03
-7.154852943563306221e-03
-7.221604749214282151e-03
-7.249481526994531674e-03
-7.248829114480921307e-03
-7.206340851234281294e-03
-7.136278408986593963e-03
-7.063049082178190531e-03
-6.984369064909932284e-03
-6.909444896547607684e-03
-6.886532092480106802e-03
-6.897939143733032921e-03
-6.912083877691434577e-03
-6.912914250027431089e-03
-6.887607041002167391e-03
-6.829245050708987637e-03
-6.870020997883543278e-03
-7.673695934080525076e-03
-9.799263100108465685e-03
-1.218922100821889787e-02
-1.433211978787700229e-02
-1.622229948098113939e-02
-1.781427681731092422e-02
-1.926018429633718707e-02
-2.068748681387500010e-02
-2.199814178989747959e-02
-2.307742265535225185e-02
-2.381923343433851523e-02
-2.422773887877394811e-02
-2.441772507973394984e-02
-2.462738500512928405e-02
-2.487710701993075743e-02
-2.509179617941909024e-02
-2.520097314114244993e-02
-2.519701323474986612e-02
-2.515541427318342474e-02
-2.540612169790886637e-02
-2.628500197875635602e-02
-2.724869881748715264e-02
-2.798226391732271806e-02
-2.844934368972634742e-02
-2.874584198618279976e-02
-2.891521462089898659e-02
-2.894258400221392385e-02
-2.885114713123443364e-02
-2.871779397175835274e-02
-2.873399821562945891e-02
-2.889547575087673958e-02
-2.899854386367365852e-02
-2.893830367627376818e-02
-2.870935278649646219e-02
-2.833267243974983696e-02
-2.783468979750415573e-02
-2.728110158624529047e-02
-2.676976102147603578e-02
-2.628729136025411556e-02
-2.578042224006669297e-02
-2.524099835606721798e-02
-2.469313372397335948e-02
-2.413069625900655241e-02
-2.352848716984521499e-02
-2.288754307424555046e-02
-2.226882916085537803e-02
-2.171073794831172854e-02
-2.115367192285222062e-02
-2.059016475013123945e-02
-2.005093333013210910e-02
-1.952022426387506684e-02
-1.896209495660962016e-02
-1.835882765075311923e-02
-1.768060087854928658e-02
-1.693663022943252966e-02
-1.615634875433202833e-02
-1.533904072338934665e-02
-1.449127013583080027e-02
-1.362548764288614225e-02
-1.277988248925739957e-02
-1.196366706246108566e-02
-1.114769882279111404e-02
-1.030934574302506609e-02
-9.442600492391088618e-03
-8.528462582237838346e-03
-7.562369636839358367e-03
-6.573291081715829619e-03
-5.584960169413746844e-03
-4.622745212142068821e-03
-3.700279290957008815e-03
-2.812604854458882354e-03
-1.959762785805673879e-03
-1.104447391839368398e-03
-2.089920637499183970e-04
7.558230262662693011e-04
1.809761993640785112e-03
2.907140397791311073e-03
3.959531482400132502e-03
4.883853562222299598e-03
5.573491221663966558e-03
5.694838886750689180e-03
5.172064827711110244e-03
4.483054764273948153e-03
3.967412831697107907e-03
3.685861752896945655e-03
3.468864996123306125e-03
3.255340577472345780e-03
3.234469779746802515e-03
3.507821641325694750e-03
4.025830450629123633e-03
4.670458258477012958e-03
5.311956726470659293e-03
5.831755556563119475e-03
6.428054477911606009e-03
7.239284577708263516e-03
8.254238121320638111e-03
9.451334985268183483e-03
1.083326160885706227e-02
1.223692248399665082e-02
1.312894469116022284e-02
1.348363417768800275e-02
1.389410813206706785e-02
1.461172786002089621e-02
1.559498941271346938e-02
1.682937142250634163e-02
1.832820558753419510e-02
2.007797599156853699e-02
2.188442225725093643e-02
2.310063299175339410e-02
2.336905167661659788e-02
2.359924118214112507e-02
2.425622335491448359e-02
2.538771856335247240e-02
2.691029297080112931e-02
2.874548893414492767e-02
3.086668313878981190e-02
3.323354948377360563e-02
3.573320090964917511e-02
3.831206813556173318e-02
4.091411554030686265e-02
4.349672631470381801e-02
4.605997491289511026e-02
4.858378931253229394e-02
5.107075805695532322e-02
5.356700413478197170e-02
5.613173070551139010e-02
5.879941654862463896e-02
6.159059240122666257e-02
6.450362270004812715e-02
6.754658764607962551e-02
7.075825724741426070e-02
7.411819129263545747e-02
7.761511099489991350e-02
8.124555402220144662e-02
8.500551112770912687e-02
8.887699911524642171e-02
