-6.999598359653283171e-04
-1.025235507009290663e-03
2.730209965880327477e-03
8.271743984758670246e-03
1.254011733306487422e-02
1.229044311701577540e-02
-4.669407035373335235e-02
-1.801725119552898546e-01
-2.772782084690361137e-01
-2.892353816633327357e-01
-2.629081920756989876e-01
-2.268268319799018606e-01
-2.103525568271336355e-01
-2.074049207739433187e-01
-1.936236776004433835e-01
-1.716067265376745588e-01
-1.470357073549404259e-01
-1.237247268228250513e-01
-1.027142707923796305e-01
-8.359025879854169172e-02
-6.718937912411734881e-02
-5.034829395194860557e-02
-3.283056325205220560e-02
-2.046315402668250072e-02
-1.119084972901963730e-02
-1.607161871618247376e-03
-5.787479588650848873e-04
-5.858849793645339726e-03
-6.535789942117301021e-03
-3.270729998137907393e-03
2.728245360875446515e-03
1.172155329940294428e-02
2.094630161458274631e-02
-3.939876611359022923e-02
-2.929430633493924074e-01
-5.237573871262004577e-01
-5.714911568534926101e-01
-5.775196968861499025e-01
-5.626355473410202812e-01
-5.390139636385865574e-01
-5.426222193392380433e-01
-5.442841407543186349e-01
-5.179962154673581898e-01
-4.613705900435359775e-01
-3.828585947748252005e-01
-3.028376654529014167e-01
-2.575065638309952387e-01
-2.436583237178135408e-01
-2.247966807402075329e-01
-1.920652505652941378e-01
-1.505639356852379873e-01
-1.105869800541191134e-01
-1.034908275449491488e-01
-1.989414027900657245e-01
-2.900376814267980330e-01
-2.824441885418124132e-01
-2.386150587080642649e-01
-1.938645520178574888e-01
-1.591479497126515874e-01
-1.212193150714695189e-01
-7.950237035659718510e-02
-4.173001702976963934e-02
-3.410144504916238356e-02
-5.799830055799618661e-02
-6.296375192591288639e-02
-3.439656620793528352e-02
7.083363126111193175e-03
5.106548512578996252e-02
9.470184203166154280e-02
1.325788789922611732e-01
1.513794362672074012e-01
1.567996843166475363e-01
1.678250407719376058e-01
1.856311670484803444e-01
2.004472985584982159e-01
2.114980244027031275e-01
2.258575626815839676e-01
2.447958348267162410e-01
2.581278610282706221e-01
2.570572715808002728e-01
2.569273185361238276e-01
2.638233729753412526e-01
2.644867038595350439e-01
2.615853349114948823e-01
2.655510737404934707e-01
2.756334358485924563e-01
2.925858465961082011e-01
3.152645837987000377e-01
3.337994351900475110e-01
3.500986542828585235e-01
3.675746189409154208e-01
3.843115542144081020e-01
3.955849209283850421e-01
3.994054169632914042e-01
4.036224132887958338e-01
4.117311098791042734e-01
4.209062358563699369e-01
4.333392739581169995e-01
4.512795894268993857e-01
4.672996851739084079e-01
4.782106311650443642e-01
4.844589791621019548e-01
4.849830155368140550e-01
4.838932985236136242e-01
4.811877848446231010e-01
4.808891218392298272e-01
4.895391238591552674e-01
5.060744651735094024e-01
5.304494979353203687e-01
5.555807849327872860e-01
5.686514609258799258e-01
5.624276822387781483e-01
5.409835760585706144e-01
4.681142712013249829e-01
3.205806078488069311e-01
1.999305355454513156e-01
1.673228155853264676e-01
1.834169217554612874e-01
1.969195417604286125e-01
1.849113096125092337e-01
1.925959703149936753e-01
2.425954988798387779e-01
3.071991283804124673e-01
3.620146493115515840e-01
3.978841471343906311e-01
3.992304621295869049e-01
4.033655652196732611e-01
4.493491526621152254e-01
5.099364844981305600e-01
5.693548340136382890e-01
6.319010041298334102e-01
6.946463682730228406e-01
6.784501779958350687e-01
5.664970161638623880e-01
5.058734744675725814e-01
5.412841021863283864e-01
5.974454989493065415e-01
6.543918152509682340e-01
7.212618810358143451e-01
7.967184321813267633e-01
8.694105515692766017e-01
8.635517583078414772e-01
6.977297086342345578e-01
5.669664748829088552e-01
5.942518970249530685e-01
6.736096425444690894e-01
7.619862573303520792e-01
8.479751593318971548e-01
9.347052378451380372e-01
1.022598449545871091e+00
1.096279492965856139e+00
1.153514845668119015e+00
1.201824710505309035e+00
1.237430215931870414e+00
1.265687078024527956e+00
1.288529164746315292e+00
1.304480987489736066e+00
1.320945741222552039e+00
1.345180910180001632e+00
1.377017523109872910e+00
1.415435892940723361e+00
1.458018472285094846e+00
1.501938516944020252e+00
1.553760492817965355e+00
1.609988388309512741e+00
1.664234685973471128e+00
1.715345336806783472e+00
1.762032683384411991e+00
1.806593781061959669e+00
1.851032661561132775e+00
1.897437356684869680e+00
1.946169326847553283e+00
1.996889424343702091e+00
2.048419965199476778e+00
2.098831643684758497e+00
2.146502702947401531e+00
2.190680894941767320e+00
2.231663875325228030e+00
2.270754742946986759e+00
2.308652379588263859e+00
2.345602376957100610e+00
2.382716160559180896e+00
2.421111008837086853e+00
2.462295949586238208e+00
2.507832574806271531e+00
2.555955624300113360e+00
2.605083411918950098e+00
2.653700248093890046e+00
2.700918889520244281e+00
2.746432157291575749e+00
2.789207284619589000e+00
2.829949180650224605e+00
2.870034793324566014e+00
2.910818458503375172e+00
2.953152840960028946e+00
2.998676431393986874e+00
3.047516349262413105e+00
3.098681968827110111e+00
3.150493819952292274e+00
3.199970166835584884e+00
3.245333507184630761e+00
3.287210655568418183e+00
3.326829679423236819e+00
3.364801610999579307e+00
3.402469655898693546e+00
3.441648280961149720e+00
3.483264030327158256e+00
3.525719122963582475e+00
3.567652466283943724e+00
3.609213007083348135e+00
3.648909237925671345e+00
3.685703295337855234e+00
3.720255920383496395e+00
3.753608650827648052e+00
3.786639188079555574e+00
3.820007772242239419e+00
3.855378166238550008e+00
3.893469842925682212e+00
3.933007726230851819e+00
3.971957686670326115e+00
4.008676450431963190e+00
4.042541814604557082e+00
4.074271300247510830e+00
4.104901047929791602e+00
4.134440988342365841e+00
4.163179956738732201e+00
4.191518269385015927e+00
4.220082804306471758e+00
4.250062291719404861e+00
4.281880846214334291e+00
4.314946809324489152e+00
4.347988185826940466e+00
4.380101494528227057e+00
4.410415469224203022e+00
4.438818715396510406e+00
4.465058112563644599e+00
4.489109990796726457e+00
4.512390977979722884e+00
4.535690881931179419e+00
4.559940881252665612e+00
4.586383696724320558e+00
4.614604182087479245e+00
4.644027839481184472e+00
4.672566083956491312e+00
4.697560703810545135e+00
4.719123290190032627e+00
4.737803444043722223e+00
4.754599800804100163e+00
4.770510367847625055e+00
4.786580657988452892e+00
4.804346723273216213e+00
