1.457476882951400129e-06
1.059206447565764461e-05
3.642877878551918430e-05
9.361561038490333764e-05
1.733969708375104586e-04
2.631810248161677024e-04
2.351169489077769561e-04
-2.928056478759208121e-04
-1.354323617562618823e-03
-2.464513061854278417e-03
-3.341024209262988612e-03
-3.942224208112151025e-03
-4.351336747507858482e-03
-4.730819880804250539e-03
-5.068813072814989419e-03
-5.321797540934512100e-03
-5.474581126197328694e-03
-5.541359454966946971e-03
-5.539878789706435477e-03
-5.486009736933633932e-03
-5.391786227925405954e-03
-5.267173580119854925e-03
-5.100724539423444337e-03
-4.906805894981940315e-03
-4.706352189900029313e-03
-4.496640450426555961e-03
-4.288871379783513321e-03
-4.129954110224709485e-03
-4.001135045856011110e-03
-3.870359953899990546e-03
-3.719987192324978979e-03
-3.536902945031469500e-03
-3.315529473106895459e-03
-3.188862462213161181e-03
-3.815875720736114276e-03
-5.739666847211400032e-03
-7.896597230868005260e-03
-9.785845690643529826e-03
-1.140852759168459879e-02
-1.272236565554499439e-02
-1.388524900513697299e-02
-1.502383867398633492e-02
-1.604261883500434846e-02
-1.683066910338797476e-02
-1.728408470046401482e-02
-1.740686665332321151e-02
-1.731555831562262004e-02
-1.724704585604064713e-02
-1.721592267857240469e-02
-1.714345517742875760e-02
-1.695545182232219630e-02
-1.664548365993691673e-02
-1.629124089676314141e-02
-1.622079578147924209e-02
-1.676044018844798783e-02
-1.736096969889388414e-02
-1.771074518390245572e-02
-1.777710973295947364e-02
-1.765534658403947882e-02
-1.739674185023008801e-02
-1.698824534630733255e-02
-1.645204111051880996e-02
-1.586981036567101239e-02
-1.543142740847591038e-02
-1.512866147243620979e-02
-1.476605996230337392e-02
-1.424384861910614475e-02
-1.355091803135099852e-02
-1.270533229686190459e-02
-1.173993202704822977e-02
-1.073260030694673552e-02
-9.775837289608959105e-03
-8.866395495693561724e-03
-7.944161269366077985e-03
-6.987097506584379752e-03
-6.021460929435697856e-03
-5.041213305748915886e-03
-4.017442918967641108e-03
-2.946567811696051281e-03
-1.888401734986036064e-03
-8.772186642975732512e-04
1.353560944710396029e-04
1.136824681551293738e-03
2.091533915326413643e-03
3.027159824176735726e-03
3.995356186618815274e-03
5.021734140624474658e-03
6.142253579812735446e-03
7.344912205794721857e-03
8.587797947112178060e-03
9.878707980998505112e-03
1.121810290444825997e-02
1.259331199317440149e-02
1.396503207002355862e-02
1.531934006092794572e-02
1.667439862575789689e-02
1.803399479688933341e-02
1.940538573176077419e-02
2.082406204646227235e-02
2.230029314436147644e-02
2.379807977073702605e-02
2.530276445769681984e-02
2.678972020857510114e-02
2.824870460245295506e-02
2.968705045580926141e-02
3.110621339106106262e-02
3.255224276141902018e-02
3.407086867202509251e-02
3.568978211840040382e-02
3.741688527269375342e-02
3.920533594182534776e-02
4.097223622926633724e-02
4.263741522828284891e-02
4.409395322368949571e-02
4.501869669060800522e-02
4.533743072170597077e-02
4.552908984538918402e-02
4.592733860714218186e-02
4.658689935430099238e-02
4.733533174709379093e-02
4.811280454171491111e-02
4.911375584333329408e-02
5.043326037540323686e-02
5.202383059182117547e-02
5.375994690867848952e-02
5.549972072484385399e-02
5.712003791267125652e-02
5.883057985132722489e-02
6.076649644510314502e-02
6.291169731638243667e-02
6.524301422523597072e-02
6.775555948310198195e-02
7.027764117802123844e-02
7.228268835633058775e-02
7.374052257937643851e-02
7.525147426966199982e-02
7.706589060098101296e-02
7.914015598974258325e-02
8.146513752370213024e-02
8.404998868639289300e-02
8.687532610117032483e-02
8.975451700388061005e-02
9.205505762101372225e-02
9.339814992052081211e-02
9.470013771339946818e-02
9.642924089728073522e-02
9.860879955107275385e-02
1.011529165760516186e-01
1.040136604073920029e-01
1.071479974063336976e-01
1.104774458977187679e-01
1.138855768833967330e-01
1.173366506184960745e-01
1.208053995391488722e-01
1.242626434564515631e-01
1.277091380060826065e-01
1.311313632671073648e-01
1.345333779578495592e-01
1.379446868099505064e-01
1.414051683005718152e-01
1.449352003785111809e-01
1.485586122390220032e-01
1.522779018396870077e-01
1.561062860157345078e-01
1.600693265667240128e-01
1.641468991851934012e-01
1.683182277026641083e-01
1.725794679189443515e-01
1.769311357986277922e-01
1.813637081763983250e-01
