-3.926868258193742155e-06
-2.283966964859629516e-05
-4.171689759598457096e-05
-3.932264118138381224e-05
-2.352037201315522404e-05
-8.126669354350354906e-06
-1.159931837552254579e-04
-7.221458256919294260e-04
-1.852698038919176754e-03
-3.021985154378672642e-03
-3.954300087575416539e-03
-4.615049487192096969e-03
-5.090380952633373479e-03
-5.541998063932998021e-03
-5.955413778200666780e-03
-6.288368663480372982e-03
-6.529179065806019894e-03
-6.691479979677658618e-03
-6.795396378992076859e-03
-6.857869391756619276e-03
-6.888201166148003388e-03
-6.895813447769788898e-03
-6.866377036257627006e-03
-6.813862338263143581e-03
-6.762516053529274429e-03
-6.709072984389004290e-03
-6.661592693452646034e-03
-6.667027557003406789e-03
-6.706161613749464859e-03
-6.747478140217902723e-03
-6.776126889248121690e-03
-6.780366580203848852e-03
-6.754017472470154326e-03
-6.828226527211685506e-03
-7.653161568419743037e-03
-9.755044551102945438e-03
-1.206369459968989998e-02
-1.408951248747168303e-02
-1.584769295764302047e-02
-1.730731723813316164e-02
-1.862782505728064614e-02
-1.993660137018885697e-02
-2.113453623491314687e-02
-2.211018214628468481e-02
-2.276383852047934170e-02
-2.310635287535396307e-02
-2.325441617452802048e-02
-2.344120863716685557e-02
-2.367990150546301839e-02
-2.389228655727268849e-02
-2.400898541586884982e-02
-2.402365065044736320e-02
-2.401121892217583306e-02
-2.429501907625561744e-02
-2.519411071034376517e-02
-2.615795225698971244e-02
-2.688356505884348380e-02
-2.734742235877702515e-02
-2.765307002947278367e-02
-2.784415934752133490e-02
-2.790663061451812560e-02
-2.786481129528099385e-02
-2.779335643310332227e-02
-2.787825213180420911e-02
-2.810817935788081923e-02
-2.827667742161563483e-02
-2.828330776178529168e-02
-2.812952202468874466e-02
-2.784016656175049634e-02
-2.744138235612822441e-02
-2.699524410541610450e-02
-2.659731499522486470e-02
-2.622766485170725109e-02
-2.583366839238378579e-02
-2.541106454115613089e-02
-2.498325258402239388e-02
-2.454354786541784045e-02
-2.406800742453531899e-02
-2.355959119574285374e-02
-2.307886908386641567e-02
-2.266263787848531858e-02
-2.224736676053060136e-02
-2.182153369334971157e-02
-2.141455358557522656e-02
-2.101315497918736577e-02
-2.058603293932729020e-02
-2.011883001805360449e-02
-1.958501037087626712e-02
-1.899475926089194341e-02
-1.837470246118835804e-02
-1.772555087292502704e-02
-1.705535262759114851e-02
-1.637600238882862963e-02
-1.572413937576486176e-02
-1.510598038749955130e-02
-1.448895853766979380e-02
-1.384645075053356732e-02
-1.317369168863905850e-02
-1.245674694573886167e-02
-1.169361704678881925e-02
-1.091181920324624938e-02
-1.013648417194737243e-02
-9.391722298525122942e-03
-8.690280716560607605e-03
-8.026531272682236109e-03
-7.400104748627599378e-03
-6.775944940643616708e-03
-6.119884367504147687e-03
-5.404486286657167633e-03
-4.609503081907396702e-03
-3.781581652033816267e-03
-3.008734236968655957e-03
-2.370283533112355415e-03
-1.966815227182228988e-03
-2.122249157997282889e-03
-2.895430382058947032e-03
-3.805416068086194935e-03
-4.525440038179698483e-03
-5.009641065568204085e-03
-5.435007883598317290e-03
-5.863202513520348290e-03
-6.109405826376521076e-03
-6.078667165176764899e-03
-5.827234102163532554e-03
-5.472061561216278597e-03
-5.136059396290785888e-03
-4.929140187051126581e-03
-4.652447518354742469e-03
-4.171722664826725893e-03
-3.502257998810516439e-03
-2.667814863255033985e-03
-1.665405601269326439e-03
-6.551036276778983512e-04
-1.576994005676933498e-04
-1.759324342361451787e-04
-1.164053807760946364e-04
2.566920890174739355e-04
8.895176254971120470e-04
1.759261565672709873e-03
2.875376087072600666e-03
4.222285708729083334e-03
5.604557913356661598e-03
6.387820495415642320e-03
6.252307393828931623e-03
6.115798834826941498e-03
6.420129118459061250e-03
7.196868446607315728e-03
8.349694806890069904e-03
9.786855732478557529e-03
1.148372589522520491e-02
1.340868084012279346e-02
1.545198995920674112e-02
1.756036842758998753e-02
1.967510281789860288e-02
2.175552314019835176e-02
2.380570211375401118e-02
2.580698986243186790e-02
2.776412871544392882e-02
2.972804276362123882e-02
3.176102746943984534e-02
3.389812093247575320e-02
3.615610537223166304e-02
3.853003973571730856e-02
4.102523308391135826e-02
4.368164698599739243e-02
4.647690601409295436e-02
4.940155774403614392e-02
5.245200484836805982e-02
5.562302857357052932e-02
5.889489363817324713e-02
