1.536793054644162256e-06
1.160314285259946887e-05
4.114295915383274705e-05
1.087360905023185406e-04
2.094051615251629468e-04
3.316638768426339819e-04
3.391986974963033096e-04
-2.055014652847888569e-04
-1.427191688722807264e-03
-2.868556253562285722e-03
-4.193568568736580349e-03
-5.290999696675122328e-03
-6.191817000689358794e-03
-7.040295487467267306e-03
-7.824344314591859945e-03
-8.492601702232963415e-03
-9.018158147487503190e-03
-9.405869912606510189e-03
-9.669044416088489954e-03
-9.822981575440656657e-03
-9.881696064081277320e-03
-9.858998264235911690e-03
-9.746271417814761015e-03
-9.560065551490713742e-03
-9.326919493186952570e-03
-9.050359191065728351e-03
-8.746624477816442381e-03
-8.472778265907152453e-03
-8.221507877275536363e-03
-7.964488384015748490e-03
-7.682728570211946884e-03
-7.359444539447482919e-03
-6.984239072919283184e-03
-6.693448828907109897e-03
-7.216961198665572744e-03
-9.286348535620565087e-03
-1.193915897900633266e-02
-1.459147657673547788e-02
-1.714533130666499525e-02
-1.947560703459412859e-02
-2.168073228372622771e-02
-2.386924664972216864e-02
-2.593260608631641970e-02
-2.772834529305165385e-02
-2.910726738212538953e-02
-3.002687261348669506e-02
-3.057616331542610880e-02
-3.100408210743246101e-02
-3.135986976678627886e-02
-3.158432581458781030e-02
-3.160467605893248211e-02
-3.140837814547091378e-02
-3.107367064719445543e-02
-3.096338668529798402e-02
-3.150270446422708676e-02
-3.220139914543102694e-02
-3.270531791061571242e-02
-3.292100339333357828e-02
-3.290213303663985789e-02
-3.268094065313065927e-02
-3.223108886163501829e-02
-3.156392271213938339e-02
-3.076070867030045522e-02
-3.003713965973954861e-02
-2.942573725220902145e-02
-2.874266018312159401e-02
-2.786874940444648840e-02
-2.676865340378304162e-02
-2.544201170264541803e-02
-2.391104203167303960e-02
-2.225460758305872200e-02
-2.058254231934778661e-02
-1.891447982096317385e-02
-1.720191413816945375e-02
-1.542400556046037881e-02
-1.360924587441627795e-02
-1.175601286130508426e-02
-9.835299839976739678e-03
-7.839773980566072317e-03
-5.831532464001348143e-03
-3.856832538337481072e-03
-1.874872303990365082e-03
1.002481201032197344e-04
2.025698841928090001e-03
3.922162915369414686e-03
5.843812158578442356e-03
7.825112007070139999e-03
9.914685973768688418e-03
1.211369886980361368e-02
1.438499332205092629e-02
1.673699927193073728e-02
1.917218114162724113e-02
2.167843155958691301e-02
2.421201372217924447e-02
2.674992768846666535e-02
2.930381024034781762e-02
3.187444607389031126e-02
3.446702430348112106e-02
3.711932822946109600e-02
3.984845225176093797e-02
4.262102370454708133e-02
4.541959906761399574e-02
4.821411431812800547e-02
5.098630674726631340e-02
5.373711374246048500e-02
5.646329754807872386e-02
5.921110737428650350e-02
6.203538733905164526e-02
6.497771686530270929e-02
6.806074603986239646e-02
7.124634031296546433e-02
7.444658586885324891e-02
7.756194980777306180e-02
8.045554201104904157e-02
8.274041985400766575e-02
8.424632228892522945e-02
8.541438475947482623e-02
8.662840351093370472e-02
8.801762630616116745e-02
8.945697644725555953e-02
9.089962944170815184e-02
9.256527075719037101e-02
9.459952200250619503e-02
9.699920825548317971e-02
9.965811652002820598e-02
1.024263923848981739e-01
1.051473584362839914e-01
1.080113188121057666e-01
1.111741084847303468e-01
1.146452062680299033e-01
1.184169256983083479e-01
1.224951110838238960e-01
1.267056527350282902e-01
1.304528598189279021e-01
1.335890773406763210e-01
1.366793509149794028e-01
1.400306739168479808e-01
1.436576168068765258e-01
1.475911978676588965e-01
1.518745573277410499e-01
1.565156338156020732e-01
1.613353984136665364e-01
1.656342068077896745e-01
1.688691263551126143e-01
1.718775640189555975e-01
1.752070548927739113e-01
1.789808678815403009e-01
1.831852815388703981e-01
1.878187248711932766e-01
1.928687512477453292e-01
1.982715061990062699e-01
2.039038885531331002e-01
2.097104818452090735e-01
2.156457355080073912e-01
2.216584721321896156e-01
2.277290023579758294e-01
2.338262018268532638e-01
2.399383479509316353e-01
2.460851232362790131e-01
2.523050043243084128e-01
2.586225411011127684e-01
2.650688118308651142e-01
2.716546423280773448e-01
2.784008495720003973e-01
2.853432659370983560e-01
2.924707837675391553e-01
2.997655172690922853e-01
3.072238014213916069e-01
3.148462579769891190e-01
3.226225392866153840e-01
