-1.259649940843895699e+00
-1.261470592088328457e+00
-1.258464948403505090e+00
-1.260160407003718674e+00
-1.261414054189208489e+00
-1.263740312908017804e+00
-1.258345357309297308e+00
-1.260009910900927066e+00
-1.261362694618839431e+00
-1.263344002440679015e+00
-1.266173698801584147e+00
-1.270071634724987408e+00
-1.273459494688323534e+00
-1.275876762326915159e+00
-1.279774841704679034e+00
-1.285943013383498590e+00
-1.295121703423985471e+00
-1.308350501096080531e+00
-1.327918794797432911e+00
-1.360389972502311640e+00
-1.417587941601675672e+00
-1.624452545547080851e+00
-2.034278438181393867e-01
-9.429068038860212164e-01
-1.042230223188274962e+00
-1.100471365834929882e+00
-1.078862245254170737e+00
-9.359118660544157864e-01
-8.203421962349104479e-01
-9.031088218659251154e-01
-1.024094408260160405e+00
-1.109597673878020885e+00
-1.150756995107595104e+00
-1.346308191161558865e+00
-1.270450170960290226e+00
-1.267175969837287530e+00
-1.268749187236306808e+00
-1.271031364553254051e+00
-1.273907987032393274e+00
-1.277200605580334880e+00
-1.279347283142402203e+00
-1.281573859251575964e+00
-1.285517293193985777e+00
-1.292699788873311384e+00
-1.306121191345408494e+00
-1.330727393094148781e+00
-1.353945919078789695e+00
-1.358858543927864204e+00
-1.370275430162663177e+00
-1.406356591116826538e+00
-1.511724338666232015e+00
-1.991905962619060944e+00
-1.878790827330369506e+00
-1.355544603428738171e+00
-1.316059607062509240e+00
-1.321574302459740835e+00
-1.342983677722243252e+00
-1.379827524610153011e+00
-1.433037452894476038e+00
-1.577283519420428881e+00
-3.824196363330773174e+00
-7.516613350171822416e-01
-7.442211349595951875e-01
-3.514061723855065544e+00
-2.158691348169595514e+00
-1.857251548074609904e-01
-1.004812543321685903e+00
-1.118058055335661383e+00
-1.161541967577790935e+00
-1.182327281377844486e+00
-1.189049726704521248e+00
-1.190006711537859641e+00
-1.193919204122358524e+00
-1.200348402982544194e+00
-1.205250394940062808e+00
-1.208876638354924982e+00
-1.213269095332815573e+00
-1.218312129828660995e+00
-1.221861386488731993e+00
-1.222895284305188346e+00
-1.224281983580222555e+00
-1.226940416446199444e+00
-1.228647669311341062e+00
-1.229922371531911196e+00
-1.232260524989127193e+00
-1.235301771466266185e+00
-1.238806095469743296e+00
-1.242359280163697566e+00
-1.245242858694473487e+00
-1.247789965431471026e+00
-1.250227590419172863e+00
-1.252502282401434019e+00
-1.254572220952578254e+00
-1.256503875361996592e+00
-1.258431559774830566e+00
-1.260344235075846253e+00
-1.262212855862513861e+00
-1.263993412204483135e+00
-1.265630128567277080e+00
-1.267259475990919482e+00
-1.268966367310902399e+00
-1.270776019220052344e+00
-1.272756872371413106e+00
-1.274784281701643485e+00
-1.276883168632039878e+00
-1.278829635489448835e+00
-1.280224568812339481e+00
-1.281141342761721091e+00
-1.281641019899099732e+00
-1.282210316737084410e+00
-1.283535928042779162e+00
-1.286037095215888604e+00
-1.289673032236799743e+00
-1.299346003741013833e+00
-1.339392503243753030e+00
-1.527106092512485747e+00
-1.659296271337935114e+00
-1.459407082627329100e+00
-1.404573181880827804e+00
-1.413365657391572938e+00
-1.390736920694705336e+00
-1.344305159363299973e+00
-1.320063783508735433e+00
-1.309943129099973014e+00
-1.306506978888344994e+00
-1.309239584369600751e+00
-1.311122108640376149e+00
-1.306204509156069005e+00
-1.301208850530692462e+00
-1.297971157146007526e+00
-1.295491343985949451e+00
-1.293762756713547901e+00
-1.297773484552753764e+00
-1.312259169326335240e+00
-1.324162685719844301e+00
-1.318690569081941488e+00
-1.312161020437125680e+00
-1.307667106647368849e+00
-1.303682923295349960e+00
-1.300316592959309014e+00
-1.298145143364099363e+00
-1.301261058040837471e+00
-1.320063436827491721e+00
-1.346100476424128445e+00
-1.338570712157695075e+00
-1.324759491462364824e+00
-1.315401814798905500e+00
-1.309582910033165959e+00
-1.305544613214546512e+00
-1.302623187794114568e+00
-1.301237482040292992e+00
-1.300974016833758684e+00
-1.301226036746494508e+00
-1.302079817116328808e+00
-1.303213120647219725e+00
-1.304532109060365652e+00
-1.306105882801954277e+00
-1.307556414003734790e+00
-1.308522085771038679e+00
-1.309065030946793939e+00
-1.309290027180093574e+00
-1.309371805005126621e+00
-1.309464986986887958e+00
-1.309263415771742434e+00
-1.308993468438554020e+00
-1.308930214830976935e+00
-1.309085435310366918e+00
-1.309469689741751264e+00
-1.309959022182730637e+00
-1.310461215688805581e+00
-1.310895792529664927e+00
-1.311260673860205062e+00
-1.311579342278273108e+00
-1.311903165371198998e+00
-1.312300761380825520e+00
-1.312819576725415605e+00
-1.313470353293530346e+00
-1.314228201553522268e+00
-1.315036954736369390e+00
-1.315869809112666156e+00
-1.316717242198668369e+00
-1.317540306423132135e+00
-1.318303291790693166e+00
-1.318959689863489215e+00
-1.319467004050075110e+00
-1.319905815228065382e+00
-1.320335971719248658e+00
-1.320810306188548777e+00
-1.321350134931056797e+00
-1.321958876121983817e+00
-1.322662122262083573e+00
-1.323426996572741654e+00
-1.324202219118320922e+00
-1.324943088283841330e+00
-1.325625462437294733e+00
-1.326201096807132274e+00
-1.326678592440415860e+00
-1.327100128799259426e+00
-1.327526010234929776e+00
-1.328049158538243901e+00
-1.328713579977710113e+00
-1.329484172328166736e+00
-1.330313332981669650e+00
-1.331177795094836025e+00
-1.332032869834598232e+00
-1.332822700013625239e+00
-1.333524862394443788e+00
-1.334199946053150398e+00
-1.334892719278844675e+00
-1.335596589632027431e+00
-1.336358643904051124e+00
-1.337206052173563808e+00
-1.338111120620860683e+00
-1.339036681036945620e+00
-1.339954321638313628e+00
-1.340844270543679162e+00
-1.341654863573986667e+00
-1.342370490638576719e+00
-1.343041021030753512e+00
-1.343736105905885214e+00
-1.344505762617844491e+00
-1.345363376454671078e+00
-1.346278100147193513e+00
-1.347212630420242307e+00
-1.348166536466963716e+00
-1.349129587570478295e+00
-1.350089089888485194e+00
-1.351024749835936678e+00
-1.351898769765253139e+00
-1.352702074718626246e+00
-1.353460376587927394e+00
-1.354220157141619918e+00
-1.355010927489317618e+00
-1.355859765647455362e+00
-1.356765157448149628e+00
-1.357732870245811352e+00
-1.358759413356983803e+00
-1.359792417847774937e+00
-1.360805300706403376e+00
-1.361767074326121651e+00
-1.362637759739600218e+00
-1.363439704199329361e+00
-1.364197522598015633e+00
-1.364990169446214541e+00
-1.365908951783895153e+00
-1.366940103646046456e+00
-1.368057404579358094e+00
-1.369219893016717426e+00
-1.370390324844018792e+00
-1.371530421361141894e+00
-1.372585487724395481e+00
