-2.116091657577856555e+00
-2.110799413381520218e+00
-2.085923919556474271e+00
-2.159790588824877844e+00
-2.131703057264071166e+00
-2.140497812120353505e+00
-2.115687261838089306e+00
-2.112376182033420591e+00
-2.106499293919947835e+00
-2.096523095213014720e+00
-2.081166220581288862e+00
-2.058607226160700243e+00
-2.040480126104553094e+00
-2.029936094341259878e+00
-2.009775318345712325e+00
-1.976104377418244962e+00
-1.925711040146951269e+00
-1.856504792509576562e+00
-1.767640823806762018e+00
-1.645254851005189423e+00
-1.498000277064236219e+00
-1.171323733997465144e+00
1.290029199231141899e-01
2.342504134226263801e+00
3.348217275872889864e+00
2.777225216176176303e+01
1.960045732759518877e-02
-1.297791671028631022e+00
-1.441657347350194129e+00
-1.408698759320156535e+00
-1.258281723611178737e+00
-7.573792712496503210e-01
8.174563897172841820e-01
-1.918515711932783585e+00
-2.070342051147947338e+00
-2.080865350326810415e+00
-2.071203933787767681e+00
-2.058012320658753502e+00
-2.041562726523054039e+00
-2.023144347659102671e+00
-2.012920348127981818e+00
-2.002452657254486290e+00
-1.981582120637210176e+00
-1.941049669156966972e+00
-1.862138959730865517e+00
-1.715778942443626054e+00
-1.623996149255416688e+00
-1.665004674047068312e+00
-1.660748509010953056e+00
-1.575552924475172478e+00
-1.377618448649154947e+00
-1.036634341559590222e+00
-1.276851413329983531e+00
-1.825257543239680924e+00
-1.917043701200576988e+00
-1.890683598809269617e+00
-1.819251833693636078e+00
-1.723771780805836151e+00
-1.629809239882039185e+00
-1.478523975919975975e+00
-1.196113996472683905e+00
-7.273828636159485050e-01
-1.000932929561726636e+00
-1.466959138691250608e+00
-1.530315800719619812e+00
-1.323517682798323492e+00
-6.383236240770784331e-01
4.975985520651568628e+00
-5.095364371966516259e+00
-3.523567370349264927e+00
-3.441091184808512171e+00
-3.719744800805911300e+00
-3.618885111515041331e+00
-3.331795011963457842e+00
-3.205219880372729868e+00
-3.148275470363246509e+00
-3.028362297050072094e+00
-2.883090293638336910e+00
-2.834189824833685645e+00
-2.946206635212206493e+00
-3.035240830309621884e+00
-2.963900497823352964e+00
-2.959513526990858345e+00
-2.998082340037229176e+00
-2.943083188792599447e+00
-2.841105890971833414e+00
-2.716162306833824758e+00
-2.606262681911433621e+00
-2.546489880715625098e+00
-2.505389330251263758e+00
-2.470653319123552905e+00
-2.443413373626491580e+00
-2.432177998978183542e+00
-2.437465348114606911e+00
-2.435411819300658642e+00
-2.414430143515243987e+00
-2.388536678169673522e+00
-2.361402434698044228e+00
-2.332352017831140323e+00
-2.310331729090394859e+00
-2.296673599793613185e+00
-2.288955685212717750e+00
-2.286544393510790751e+00
-2.284975541371925711e+00
-2.284351678601285851e+00
-2.280282258552518204e+00
-2.266699182403780100e+00
-2.247802148497533459e+00
-2.225798054961686034e+00
-2.207605449884236570e+00
-2.197908708597438920e+00
-2.197237589005722747e+00
-2.204971782064701902e+00
-2.316711716372736873e+00
-2.003141937658154514e+00
-2.055898311355197627e+00
-2.046824846625368011e+00
-2.014832577486402876e+00
-1.979454095436253391e+00
-1.977270357067749673e+00
-1.949118159068023548e+00
-1.760971160612479602e+00
-4.649180025119781234e+00
-2.507000634195709399e+00
-2.395961795989967946e+00
-2.496293441768268728e+00
-2.586226287645377653e+00
-2.344601205313333381e+00
-2.247534803922566660e+00
-2.206609808298948927e+00
-2.180592975036645953e+00
-2.162265130746762409e+00
-2.162332956701424447e+00
-2.240776763167755092e+00
-3.652479174197968970e+00
-2.242562574589082036e+00
-2.170368864738822623e+00
-2.146976860722509706e+00
-2.132462708912907345e+00
-2.121955096949503794e+00
-2.113562072464641339e+00
-2.103375015035380269e+00
-2.054702207601521557e+00
-2.447679678099487610e+00
-1.947368120522523727e+00
-2.066634412370562224e+00
-2.081278519981998976e+00
-2.083182999779302769e+00
-2.081865490313914435e+00
-2.079673007957675956e+00
-2.075628838329806936e+00
-2.070044891771748219e+00
-2.063569142811398471e+00
-2.055790966040797585e+00
-2.047641521535697784e+00
-2.039188537073635565e+00
-2.030047402723551553e+00
-2.021780519477454519e+00
-2.016041397661797241e+00
-2.012464577381910757e+00
-2.010014863783708527e+00
-2.007794524347332743e+00
-2.005217521324613728e+00
-2.003834892955349112e+00
-2.002607839320216243e+00
-2.000474272064536763e+00
-1.998129442378726139e+00
-1.995646223906889727e+00
-1.992661343607823543e+00
-1.989181657325232333e+00
