-6.729046050933531293e-04
-8.924665522042781428e-04
2.784113451505822266e-03
7.684776652008201703e-03
1.096077468472898657e-02
9.682072948767097773e-03
-4.763206171232675645e-02
-1.687152691069266353e-01
-2.426867838364245578e-01
-2.319973246764052699e-01
-1.897948713446864499e-01
-1.452574199730003734e-01
-1.255321602943844095e-01
-1.206608671161502194e-01
-1.063383846494379836e-01
-8.588515876741126265e-02
-6.505209136409989545e-02
-4.713231145895284413e-02
-3.256584274385695976e-02
-2.043414126865993746e-02
-1.123550702613421333e-02
-1.528389466967886023e-03
8.684265961513214574e-03
1.391544513847446131e-02
1.671509206194842639e-02
2.039731671972281127e-02
1.626858756905523798e-02
7.530206238670620819e-03
4.570086778977541439e-03
5.935876325770796276e-03
9.999993369274736213e-03
1.671752790268801747e-02
2.319169217971567276e-02
-3.749351622523518918e-02
-2.749477211769281726e-01
-4.626993636875347815e-01
-4.651083310578449370e-01
-4.349471365426154090e-01
-3.927954955674960447e-01
-3.512742580658004821e-01
-3.423710721073432994e-01
-3.337007345176351003e-01
-3.010252499916283297e-01
-2.439659317492698376e-01
-1.726656850099282381e-01
-1.067152439608432674e-01
-7.915703406001381448e-02
-8.124072456319983426e-02
-7.602552425979529349e-02
-5.633875399634501180e-02
-2.881141534813455932e-02
-3.806671331701209221e-03
-1.094858755740824377e-02
-1.128699798006278371e-01
-1.961606876306454805e-01
-1.792188879908837018e-01
-1.315119360860798614e-01
-8.889620368055498045e-02
-5.993085533117580022e-02
-3.010515879618833046e-02
1.082452554376864967e-03
2.662685661089862765e-02
2.221480099067777575e-02
-9.404908287473437434e-03
-1.816970363749231127e-02
5.946772252435759271e-03
4.011401790176938320e-02
7.391969729836966874e-02
1.051420047653089107e-01
1.291750816268052993e-01
1.343566833990693932e-01
1.284595703834283120e-01
1.301304557252504490e-01
1.392098275055695666e-01
1.455688354942260287e-01
1.489118457756176683e-01
1.561015181699030030e-01
1.677736038385097272e-01
1.737109588652447356e-01
1.664011974980674213e-01
1.618741107162010584e-01
1.648831753873554462e-01
1.621031209442499454e-01
1.568327137970526863e-01
1.589661284901823235e-01
1.667898561336240149e-01
1.806124765938729171e-01
1.986476255774428656e-01
2.113493948114089083e-01
2.214508265207215942e-01
2.323416039504386799e-01
2.422366730698784221e-01
2.467159865882699032e-01
2.446250513241966518e-01
2.439920918084459711e-01
2.476995611516370210e-01
2.525446907137348651e-01
2.605574534801450848e-01
2.734404754848021590e-01
2.836595674466982353e-01
2.887519759732327107e-01
2.896074889952711673e-01
2.856758917963819755e-01
2.812629923962580714e-01
2.761511187192330907e-01
2.742628081076686763e-01
2.811869726680633619e-01
2.949707782919752108e-01
3.150067684002956780e-01
3.339955248987842573e-01
3.402510950381070765e-01
3.284650709751485431e-01
3.044044884902229464e-01
2.339675011540532368e-01
1.005831242802290859e-01
6.478128568418950461e-03
1.546306046495480972e-03
3.890505803169039267e-02
6.626951275745147918e-02
6.481711086041967718e-02
8.130477658907860061e-02
1.344690606424145118e-01
1.949571298940958874e-01
2.400453025225796622e-01
2.637118882203066672e-01
2.536090512139212438e-01
2.497000010928285274e-01
2.865730627929303775e-01
3.341603707623900799e-01
3.772616138822668108e-01
4.209315009947529607e-01
4.625005286689771178e-01
4.266573457722850349e-01
3.078933451277702793e-01
2.529759533836406504e-01
2.928997097711424913e-01
3.468906954521297492e-01
3.961907344684278964e-01
4.505492669109087411e-01
5.087586071971347268e-01
5.602218361059236873e-01
5.336630726916538059e-01
3.614845937503869955e-01
2.455139444404846882e-01
2.876831996807775460e-01
3.717597412574862314e-01
4.543397729513820038e-01
5.265012600479272997e-01
5.934499936371986362e-01
6.568789674883789287e-01
7.030902464516417538e-01
7.326682340100230117e-01
7.542866767497210523e-01
7.651208219421242740e-01
7.712600791877110007e-01
7.744702959546512222e-01
7.734552104125790306e-01
7.753254911527140969e-01
7.862496910676383122e-01
8.048187924286430706e-01
8.293122808900683651e-01
8.568017720546532434e-01
8.845376058852134626e-01
9.189210448457398872e-01
9.558423751088618303e-01
9.894506376157830019e-01
1.019097651129728721e+00
1.044191303427037365e+00
1.067383912088878839e+00
1.090748631988692097e+00
1.116181375810366694e+00
1.143761087829934908e+00
1.172963466831631996e+00
1.202526196620587795e+00
1.230654141886949438e+00
1.256009010258785086e+00
1.278196383607568709e+00
1.297792151553451401e+00
1.316233204919445399e+00
1.334172844704814898e+00
1.351813731941210239e+00
1.370144211435837978e+00
1.390067999729573289e+00
1.412797836505154558e+00
1.439492832404758893e+00
1.468055476450958574e+00
1.496940807690863240e+00
1.524723106285452712e+00
1.550819999493660672e+00
1.575112918425157993e+00
1.596861485044433815e+00
1.616976510910984599e+00
1.636884372752155592e+00
1.657809917616866358e+00
1.680400656948778160e+00
1.706017141132510240e+00
1.734431819528144958e+00
1.764493290436605299e+00
1.794499059137506958e+00
1.821738301991776998e+00
1.844903976057688411e+00
1.865043574899280188e+00
1.883560284438588806e+00
1.901117318099938558e+00
1.918997806609225920e+00
1.938787787368470683e+00
1.961082949218664773e+00
1.984061531218933805e+00
2.006417318179539500e+00
2.028363048639129751e+00
2.048512999226916431e+00
2.066099680945910233e+00
2.081973797759277378e+00
2.097233023805901819e+00
2.112679839254998804e+00
2.128848490895052681e+00
2.147189255929125018e+00
2.168090807351607641e+00
2.190085967539735723e+00
2.211176288563772019e+00
2.229962644598602939e+00
2.246118923022527802e+00
2.260590793593342696e+00
2.274460861712507054e+00
2.287725581424245203e+00
2.300665341219646720e+00
2.313616316054788680e+00
2.327122581996401429e+00
2.342196722167936507e+00
2.359034955178991311e+00
2.376890118019964859e+00
2.394476212592417497e+00
2.411012950179375114e+00
2.425795079771931206e+00
2.438922006102880680e+00
2.450271170770731644e+00
2.459984758616975853e+00
2.469497427891329089e+00
2.479485732330204417e+00
2.490725174191215974e+00
2.504204359257908852e+00
2.519258545314897457e+00
2.535221631646722429e+00
2.550018146542722075e+00
2.561335651326068774e+00
2.569661937255744988e+00
2.575766875902465891e+00
2.580756948835170483e+00
2.585571507713669170e+00
2.591133522060516725e+00
2.598723903289521076e+00
