-2.116436274780606874e-03
-4.514014982076439489e-03
-2.237738219464304335e-03
1.507307553445612954e-03
3.450242696371960162e-03
9.920696669250789017e-04
-5.663668941052432682e-02
-1.760891969594785278e-01
-2.467747636638915609e-01
-2.332795158388332180e-01
-1.897830554691562199e-01
-1.452937521040932323e-01
-1.263253828944368995e-01
-1.221032633872408402e-01
-1.084423794089381526e-01
-8.915967011181191726e-02
-6.980287401551700521e-02
-5.353914969585142625e-02
-4.096832963215213397e-02
-3.071978475727152325e-02
-2.324777938297292734e-02
-1.506672456158864894e-02
-6.115002144440599696e-03
-2.286807081684141731e-03
-1.000703239075488712e-03
1.496957511669104153e-03
-3.582603989571707739e-03
-1.307988025243607237e-02
-1.663915213139346636e-02
-1.602429514153829587e-02
-1.298010220469695240e-02
-7.374161601480427701e-03
-2.014316480308545043e-03
-6.319602341122568245e-02
-2.981290154485999322e-01
-4.789235327842812362e-01
-4.747650770879338622e-01
-4.404150086054717805e-01
-3.964802512802080847e-01
-3.549404235483276659e-01
-3.467697884955307508e-01
-3.389465093248304473e-01
-3.072735023950082800e-01
-2.519396903859092429e-01
-1.837439485022099861e-01
-1.219353382797282725e-01
-9.857560218943815789e-02
-1.042442191020575282e-01
-1.021944507601662833e-01
-8.584405662876343213e-02
-6.201857910621870473e-02
-4.063193515587450177e-02
-5.095889015177965803e-02
-1.546358542060377317e-01
-2.374720255964042348e-01
-2.205000523842878812e-01
-1.742470766516102110e-01
-1.348800471792594435e-01
-1.096024697971687695e-01
-8.313806896755657205e-02
-5.586921693424853896e-02
-3.414451578739691184e-02
-4.168258887103217653e-02
-7.574018473237703608e-02
-8.572214473895262143e-02
-6.203664579475273722e-02
-2.923782437535681761e-02
1.810335419578246868e-03
2.986918126125088363e-02
5.211499069969364323e-02
5.592207871071388364e-02
4.972514791362181441e-02
5.230643314717721426e-02
6.070478572230788433e-02
6.568983207163033022e-02
6.811715738602366899e-02
7.418151226035353540e-02
8.398846680048933921e-02
8.769990337629056387e-02
7.791419694982418265e-02
7.142573404462551623e-02
7.466807688320548086e-02
7.397576130182295651e-02
7.062921192171461859e-02
7.292772199705739589e-02
7.931566000809982253e-02
9.052562802606976822e-02
1.049746827157774787e-01
1.150451354635689677e-01
1.228888088308400378e-01
1.302859888712695480e-01
1.362960595527604457e-01
1.369986153787199346e-01
1.316348821538392000e-01
1.287302145271033427e-01
1.323348732090101343e-01
1.385534476063374487e-01
1.466408447508610602e-01
1.577584437158454089e-01
1.665608208574019533e-01
1.700727467748135990e-01
1.687195090559024668e-01
1.626867040030091915e-01
1.559268015419845443e-01
1.485106905885995310e-01
1.438086303067775407e-01
1.465525332509531320e-01
1.551441152219216468e-01
1.704831216839721997e-01
1.852760109349413653e-01
1.868470492572176234e-01
1.701478042966571846e-01
1.420393439430367166e-01
6.807023743711443364e-02
-6.687351870289073852e-02
-1.601542822209761074e-01
-1.646501148988681329e-01
-1.284438784321417504e-01
-1.038626016320213646e-01
-1.086295275947263550e-01
-9.640445504885186701e-02
-4.856483391975360830e-02
5.275480872233458129e-03
4.284590714710962561e-02
6.023135556556472037e-02
4.596372479320640775e-02
3.841705989009365496e-02
7.085680141873001991e-02
1.138748493342089940e-01
1.520529645048620260e-01
1.908341967714929643e-01
2.285951118450404718e-01
1.896345647494973863e-01
7.126647332256638712e-02
1.957000764496261147e-02
6.114706981513676892e-02
1.150643194714889017e-01
1.624212809419188219e-01
2.134800563876225743e-01
2.682634126393431684e-01
3.158424844293936662e-01
2.838147618973962949e-01
1.110551944286849169e-01
8.891060441739567777e-04
4.647538920862202827e-02
1.320706512330829252e-01
2.159485975498716126e-01
2.850907365547908356e-01
3.463303552493294246e-01
4.076638049899814487e-01
4.544738212016296020e-01
4.843185417203496046e-01
5.035267264502540918e-01
5.096122166645026264e-01
5.112993035655729601e-01
5.102021668611850247e-01
5.045638381600664468e-01
5.030575997228460272e-01
5.131210670864392309e-01
5.332035392381223593e-01
5.592750311086666093e-01
5.876145006800485016e-01
6.151848242915346487e-01
6.499222066982915935e-01
6.875698032105854729e-01
7.216324991961348134e-01
7.554183252841206730e-01
7.891342974973707403e-01
8.203640551829861627e-01
8.486278735855978805e-01
