-1.327437813549301966e-06
-7.111289804425813485e-06
-5.086580699246162285e-06
2.690641432713164797e-05
8.529828148490519076e-05
1.583243046503589194e-04
1.102772407937704631e-04
-5.071092797803542114e-04
-1.840518474924499872e-03
-3.444399434202706674e-03
-4.977174126831572162e-03
-6.315616109223885603e-03
-7.478414188713102505e-03
-8.602779775955381181e-03
-9.672772766645229559e-03
-1.063333365044467384e-02
-1.145421214151807858e-02
-1.213542346295568009e-02
-1.268813852086475395e-02
-1.312625413743707600e-02
-1.346121561513185030e-02
-1.370594938493143768e-02
-1.384968429721112823e-02
-1.390791174003232038e-02
-1.390936400023928647e-02
-1.385857423054302415e-02
-1.377116134967414432e-02
-1.370659409324973162e-02
-1.366055445155751544e-02
-1.360657772816104005e-02
-1.352755338347217708e-02
-1.340732008849455405e-02
-1.323452270526158728e-02
-1.314553768245427419e-02
-1.388437867115929411e-02
-1.622654173782625553e-02
-1.924210708963686872e-02
-2.234245395039482010e-02
-2.541810895811058221e-02
-2.833170350163712395e-02
-3.116743307229577833e-02
-3.402782584891964751e-02
-3.679694702076793944e-02
-3.932094845356581825e-02
-4.143706647743775756e-02
-4.308937679260213538e-02
-4.435410485650628787e-02
-4.547538682264225945e-02
-4.650596167302480793e-02
-4.738916756506393602e-02
-4.805351691095756383e-02
-4.848383699138097969e-02
-4.875562458500572183e-02
-4.923679611823076480e-02
-5.037490917802109336e-02
-5.169832111845890782e-02
-5.285163181511728925e-02
-5.373359478116433025e-02
-5.439271174680536391e-02
-5.485211455057869417e-02
-5.507971609423380904e-02
-5.508316208383558232e-02
-5.493761391695838048e-02
-5.486082892528592464e-02
-5.489311956924441266e-02
-5.484777442751261750e-02
-5.459920130861772858e-02
-5.411092206563312967e-02
-5.338043556552529711e-02
-5.242244018221085822e-02
-5.130489116564031921e-02
-5.014037582958588007e-02
-4.894340675802770491e-02
-4.766991264233908648e-02
-4.630850069582204825e-02
-4.488794514861695062e-02
-4.340808210668817280e-02
-4.184333128143034181e-02
-4.019014672075308520e-02
-3.851310704476385710e-02
-3.686456656358656769e-02
-3.519945033213540270e-02
-3.351909819742683594e-02
-3.186224989046326783e-02
-3.021575982482515785e-02
-2.853619364826921398e-02
-2.679515681575433614e-02
-2.494850368529783272e-02
-2.299332797477554244e-02
-2.095832780888374006e-02
-1.883880859337109734e-02
-1.663696915394224235e-02
-1.436545515806312255e-02
-1.206848041982462247e-02
-9.767746366910762951e-03
-7.445392293894619040e-03
-5.087247984183290023e-03
-2.686263987608449380e-03
-2.134701309399735999e-04
2.345181871580548621e-03
4.961252954713128195e-03
7.611359924754904430e-03
1.026339177740921878e-02
1.289475728482164171e-02
1.550236523120382057e-02
1.807956613993065564e-02
2.066489800959414591e-02
2.330649515449106923e-02
2.604629565551313045e-02
2.891583324256091422e-02
3.187990612837705157e-02
3.484708909242516944e-02
3.771284873252683106e-02
4.033500090829230528e-02
4.230764222182461370e-02
4.343892396184724503e-02
4.415469124710585946e-02
4.484146878005040165e-02
4.563918489407126078e-02
4.643135404931936216e-02
4.717372219742915068e-02
4.808763605884488340e-02
4.933256334279325500e-02
5.091494753414556318e-02
5.274163014600372762e-02
5.467586067050161230e-02
5.656518457058409832e-02
5.859352264589834380e-02
6.092382155527516913e-02
6.357577356787336154e-02
6.654922252083080025e-02
6.986109134989579306e-02
7.334810621277047804e-02
7.640452378767725872e-02
7.886842020448769919e-02
8.129120665182525129e-02
8.398428706217114792e-02
8.697097035431930467e-02
9.028574748608726719e-02
9.398150573747578174e-02
9.807782151040297935e-02
1.023965694443870061e-01
1.062211766270680369e-01
1.089961868507640236e-01
1.115372023004610053e-01
1.143931969975440083e-01
1.177153320858519842e-01
1.215062885898755690e-01
1.257562725438648998e-01
1.304713429418756510e-01
1.356221230440372849e-01
1.410974844215487078e-01
1.468362031169185566e-01
1.527748719617934570e-01
1.588488179027851555e-01
1.650316795705037143e-01
1.712820338164718903e-01
1.775798519805575626e-01
1.839504151954231004e-01
1.904414660326746722e-01
1.970883270433536893e-01
2.039251379406898101e-01
2.109618475665780146e-01
2.182186468879304120e-01
2.257421531548625682e-01
2.335272531272550023e-01
2.415627532605899574e-01
2.498213746952263892e-01
2.582843703830770554e-01
2.669435742408381440e-01
2.758035802307153284e-01
2.848763192984437587e-01
2.941722720480121622e-01
3.036990521166852419e-01
3.134540183708317551e-01
3.234250221488871313e-01
3.335924260671251362e-01
3.439361844062535090e-01
3.544402607405451877e-01
3.650964251689795548e-01
3.758970396910566447e-01
3.868391199013135884e-01
3.979259791519187961e-01
4.091678848054214890e-01
4.205843096910029666e-01
4.321964392788941733e-01
4.440103675231764635e-01
4.560288160819266912e-01
4.682421455030471580e-01
4.806428098906432855e-01
4.932156622762719489e-01
5.059462058990040756e-01
5.188254980382239756e-01
5.318533389612525308e-01
5.450351906291730497e-01
5.583827832009745640e-01
5.719154479005321701e-01
5.856469739643552774e-01
5.995859744386146106e-01
6.137261760323776683e-01
6.280473655530356414e-01
6.425257804141015772e-01
6.571451603878818437e-01
6.718936319648877165e-01
6.867645030526458028e-01
7.017605933468381574e-01
7.168930470680575651e-01
7.321718836406815312e-01
7.475953922823678210e-01
7.631604866006890253e-01
7.788613000763281446e-01
7.946820721431590018e-01
8.106076626873696123e-01
8.266275481887078724e-01
8.427374183246805206e-01
8.589366321141634897e-01
8.752305882855592190e-01
8.916335595161890559e-01
9.081569714058748133e-01
9.248028439076386720e-01
9.415618335382246462e-01
9.584187141851414626e-01
9.753579769168482239e-01
9.923707207034733191e-01
1.009450775942924095e+00
1.026591905048412690e+00
1.043790894147432535e+00
1.061046325915667721e+00
1.078362623274444987e+00
1.095749202078627915e+00
1.113214671375964082e+00
1.130762273223352876e+00
1.148388222166229600e+00
1.166084940390411884e+00
1.183840386385956123e+00
1.201644085409864005e+00
1.219482148744023720e+00
1.237346170487108266e+00
1.255234487164161417e+00
1.273149095437230649e+00
1.291099029334921600e+00
1.309096454188430458e+00
1.327148444011237549e+00
1.345257879470077134e+00
1.363410258468868541e+00
1.381584831392071555e+00
1.399764256998444756e+00
1.417934333949925296e+00
1.436088240389971959e+00
1.454223294801315847e+00
1.472345219486783652e+00
