1.434850796190177997e-06
1.032914663985352483e-05
3.524945554388876498e-05
8.996286332835347159e-05
1.650109906180016847e-04
2.478822935270505890e-04
2.133077498507150044e-04
-3.067535090731722839e-04
-1.325800239410500781e-03
-2.358142993555847541e-03
-3.140327946691099693e-03
-3.648980953044567762e-03
-3.977573842885139162e-03
-4.288871158541288260e-03
-4.567517730881892439e-03
-4.769807752045045202e-03
-4.881748134343232709e-03
-4.918216800149293605e-03
-4.896574814139273250e-03
-4.831682333139198857e-03
-4.734315801863338107e-03
-4.613098557465031106e-03
-4.455810897961553357e-03
-4.276368155770080004e-03
-4.094449649654660801e-03
-3.906124068123833365e-03
-3.721832869474474628e-03
-3.586489366394726187e-03
-3.479284597093846611e-03
-3.368320604452189858e-03
-3.237164106415110505e-03
-3.074111791706758776e-03
-2.874934061753374546e-03
-2.771424133634766210e-03
-3.404179473327364515e-03
-5.272109124185752477e-03
-7.297130114665633521e-03
-9.011680695058829280e-03
-1.044532473346476177e-02
-1.157408017391945571e-02
-1.256535755070374745e-02
-1.354411907989553840e-02
-1.441340027916979995e-02
-1.506676281912561373e-02
-1.540802630130512843e-02
-1.544845286017549821e-02
-1.530639561440760160e-02
-1.521116640382331672e-02
-1.516631210153729890e-02
-1.508847302788769371e-02
-1.490420626757856144e-02
-1.460937688410725993e-02
-1.428161243306461103e-02
-1.424006396883991180e-02
-1.478781245550584572e-02
-1.536657088487865773e-02
-1.568220477552710254e-02
-1.571942262382861055e-02
-1.558238480004810883e-02
-1.532422799749105259e-02
-1.493253550365724810e-02
-1.442990491571759411e-02
-1.389604546088082405e-02
-1.351297822703890691e-02
-1.326259671566449271e-02
-1.294879630575907110e-02
-1.247872152706512409e-02
-1.184769231613422291e-02
-1.107747267999009688e-02
-1.020211096187596291e-02
-9.297787182948651086e-03
-8.451750993095502595e-03
-7.655265855377665039e-03
-6.846587120142523866e-03
-6.004732426936825775e-03
-5.156293376770425783e-03
-4.294791674487838037e-03
-3.392001533799642466e-03
-2.445684537262632439e-03
-1.515128433343753810e-03
-6.317332495622539909e-04
2.541216206106693565e-04
1.129556683822276024e-03
1.960182499632943508e-03
2.774737471422218747e-03
3.623440730190288350e-03
4.529262650553367298e-03
5.525140036044697174e-03
6.596456835300103065e-03
7.701170669092978309e-03
8.847820081209283385e-03
1.003693241628584622e-02
1.125617570532105351e-02
1.246770078586123889e-02
1.365987770932893322e-02
1.485207956937819283e-02
1.604826157321818589e-02
1.725568384927914783e-02
1.850882281064276935e-02
1.981606310296536028e-02
2.114096821030701789e-02
2.246987177097598334e-02
2.377955678518350879e-02
2.506157649634026263e-02
2.632435774197451964e-02
2.756988988079671701e-02
2.884353319867970916e-02
3.018829609840079781e-02
3.162852251509115642e-02
3.316915977253064723e-02
3.476236837910291061e-02
3.632772500656329673e-02
3.779048543644333846e-02
3.905086540562180408e-02
3.980021440506804897e-02
3.998445517532439597e-02
4.008478856303742538e-02
4.041568295729885962e-02
4.101148447454813772e-02
4.169039651013110165e-02
4.239311199814575770e-02
4.331060748236450347e-02
4.452814913335188807e-02
4.599140578090056553e-02
4.757485918651550155e-02
4.914269614143958187e-02
5.058234935678629363e-02
5.210809178903216127e-02
5.384864102379871564e-02
5.578173623266147185e-02
5.788169975277251966e-02
6.014252816365091292e-02
6.239486471538947809e-02
6.413063976753730078e-02
6.534661189756500732e-02
6.664453252451806031e-02
6.825394791377238646e-02
7.011531255878122870e-02
7.221132823879879148e-02
7.454562383227579525e-02
7.709544601717727152e-02
7.967597198197204356e-02
8.167465320610092783e-02
8.275256874529711426e-02
8.383712158790006252e-02
8.536677224456884483e-02
8.733760640835266931e-02
8.964897047411228559e-02
9.224676871006581846e-02
9.508587951546343398e-02
9.808915197162412780e-02
1.011456998608935148e-01
1.042268869335131048e-01
1.073129658877856468e-01
1.103796125280668006e-01
1.134312816811610392e-01
1.164569997115272038e-01
1.194627843691771912e-01
1.224785731702329739e-01
1.255428325644238619e-01
1.286736880182034748e-01
1.318925814008916897e-01
1.351998793577835756e-01
1.386072382756590726e-01
1.421382048605508430e-01
1.457712182413215263e-01
1.494857363813590911e-01
1.532785971095133315e-01
1.571507494786989756e-01
1.610931666779799043e-01
