1.466916905904758142e-06
1.070437086559813913e-05
3.693687938521421761e-05
9.520150776295922736e-05
1.770652010490692246e-04
2.699274387962379441e-04
2.448564228410819200e-04
-2.861955656205742967e-04
-1.365946378055155584e-03
-2.510332070159577034e-03
-3.429194956210093737e-03
-4.072840570737577305e-03
-4.519574697046378244e-03
-4.931204498801372398e-03
-5.297035574415610848e-03
-5.573496415199278436e-03
-5.744806389410118605e-03
-5.824813366410462601e-03
-5.831399866525811305e-03
-5.780880703974720924e-03
-5.685876260975045692e-03
-5.557003476979182309e-03
-5.383237543547563647e-03
-5.179229388992719584e-03
-4.966534573285445904e-03
-4.743039020962145323e-03
-4.520359381276035753e-03
-4.346345560826522965e-03
-4.203222647878640875e-03
-4.058974282353950032e-03
-3.895503756924415754e-03
-3.699109402844913581e-03
-3.463620014391690250e-03
-3.322493038696527467e-03
-3.942558041558826346e-03
-5.886265015983208580e-03
-8.097152298214834593e-03
-1.006094676260043189e-02
-1.176631560471599371e-02
-1.316236028545174699e-02
-1.440201940920494798e-02
-1.561193858879312418e-02
-1.669677838161690714e-02
-1.754344847197975357e-02
-1.804449266654560569e-02
-1.820052681890392890e-02
-1.812704153350927494e-02
-1.806402941918574048e-02
-1.803092856122830503e-02
-1.795131907577197233e-02
-1.775101622994174067e-02
-1.742283251593068280e-02
-1.704460784306748369e-02
-1.694834040774222117e-02
-1.747057915205793913e-02
-1.806661906479047064e-02
-1.841785624857087897e-02
-1.848414677166882944e-02
-1.835660878128428722e-02
-1.808535177463143490e-02
-1.765679291312173896e-02
-1.709278413113970996e-02
-1.647576424653317967e-02
-1.599899599337285122e-02
-1.565867604198945690e-02
-1.525995283748151840e-02
-1.470030536449144602e-02
-1.396587877604983652e-02
-1.307305226936376040e-02
-1.205403728240174270e-02
-1.098737877039370793e-02
-9.967848131585658675e-03
-8.994689033726422853e-03
-8.008695082322136657e-03
-6.987548179101485922e-03
-5.957460410087166841e-03
-4.912647854816041756e-03
-3.823962772238824297e-03
-2.687274284085009769e-03
-1.562621005566119546e-03
-4.855300186161924311e-04
5.917697998661696282e-04
1.656874493660633225e-03
2.673551173681067497e-03
3.668972183642778447e-03
4.695359698070946178e-03
5.779457272985722566e-03
6.958575672581596150e-03
8.221923181453556079e-03
9.527740722739380316e-03
1.088356280775135305e-02
1.228982969413440658e-02
1.373372048576349501e-02
1.517528535641709045e-02
1.659956332446568122e-02
1.802411139760155476e-02
1.945256022948202435e-02
2.089210373683502570e-02
2.237862514520091994e-02
2.392319259463279030e-02
2.549001742092580139e-02
2.706403524034448754e-02
2.861999866511151513e-02
3.014685354676183149e-02
3.165140137061565190e-02
3.313480570329016550e-02
3.464336387775722448e-02
3.622395751483396820e-02
3.790575536823582309e-02
3.969801527965979154e-02
4.155442659960650875e-02
4.339110314533124041e-02
4.512553099585295269e-02
4.664762258746296686e-02
4.762779440413687088e-02
4.798278430108056380e-02
4.818996605151155965e-02
4.859088648420799295e-02
4.924923076623245743e-02
4.999713456432167136e-02
5.077508449939642510e-02
5.177935089585749412e-02
5.310950468392917900e-02
5.472135944520654244e-02
5.648972661227244507e-02
5.827028690757628249e-02
5.993533857497466283e-02
6.169232946928202704e-02
6.367888725021035590e-02
6.588149201605263128e-02
6.827808702859314294e-02
7.086429444899050578e-02
7.346744192846167698e-02
7.555293289775402710e-02
7.707858013050369883e-02
7.864332165131300567e-02
8.050593503539130169e-02
8.262975434463837310e-02
8.500952676531270402e-02
8.765715312669924986e-02
9.055501900265176818e-02
9.351597127356633954e-02
9.589904048049086027e-02
9.730791629156236577e-02
9.865323227738564960e-02
1.004151843346699213e-01
1.026289451583832085e-01
1.052155623622760133e-01
1.081304014250450141e-01
1.113318232739272245e-01
1.147410919632183279e-01
1.182395211808824897e-01
1.217882438129635481e-01
1.253593880930956028e-01
1.289213935391995414e-01
1.324731155268079053e-01
1.359996443100894847e-01
1.395039420064017321e-01
1.430151136392917854e-01
1.465734922168359933e-01
1.502003455214714622e-01
1.539205162303202146e-01
1.577374450132909556e-01
1.616650643459337511e-01
1.657298466733167219e-01
1.699123324857153006e-01
1.741916822031480128e-01
1.785637533150665757e-01
1.830288354042382826e-01
1.875771332974505434e-01
