-4.139835097242707438e-06
-2.520823395304503349e-05
-4.945720092669731555e-05
-5.286821920465589443e-05
-3.990162446216477429e-05
-2.374608905980659027e-05
-1.356952137561818572e-04
-8.039835048735815030e-04
-2.140653742308121828e-03
-3.682138349182158613e-03
-5.096265348606019048e-03
-6.279493642885271634e-03
-7.268352962918832837e-03
-8.209052429065699305e-03
-9.088711101184617294e-03
-9.858637341372303645e-03
-1.049730946829791935e-02
-1.101096561261128218e-02
-1.141702703950750637e-02
-1.173364224696204876e-02
-1.197325125344263913e-02
-1.214962775634751031e-02
-1.225133055273574037e-02
-1.229411375386701977e-02
-1.230769274358225508e-02
-1.229510921477228701e-02
-1.226897424904743565e-02
-1.228547787394776089e-02
-1.233587603440329354e-02
-1.239146158147832848e-02
-1.243562881001579294e-02
-1.245312364853661154e-02
-1.243321659868346432e-02
-1.251045285703443997e-02
-1.340376683075682196e-02
-1.581962727918142728e-02
-1.877816522197162108e-02
-2.169990012896558587e-02
-2.450023184259653153e-02
-2.706916169058756413e-02
-2.951208004129552906e-02
-3.194316054130575538e-02
-3.425424003942826451e-02
-3.630564426032964476e-02
-3.795632719332870525e-02
-3.917582406223628355e-02
-4.005873379823197966e-02
-4.085392371286734881e-02
-4.161088188136760624e-02
-4.227163521175229116e-02
-4.276919810093510188e-02
-4.309247816193646774e-02
-4.331776372027135863e-02
-4.380246474018466979e-02
-4.496066503927624580e-02
-4.629563038091551869e-02
-4.745909481086579840e-02
-4.836751511481137550e-02
-4.908606874721826302e-02
-4.964237674409278933e-02
-5.001074269974858932e-02
-5.020649030166592780e-02
-5.030491936559369770e-02
-5.051697937194069704e-02
-5.087007810006820285e-02
-5.116613444757961426e-02
-5.128181119603451854e-02
-5.119325158799933884e-02
-5.090832435200703943e-02
-5.044398047723963607e-02
-4.986202666742676343e-02
-4.927299798763926791e-02
-4.867635559604977652e-02
-4.802669259085928788e-02
-4.732017564713858482e-02
-4.658310785051737041e-02
-4.581301765832617584e-02
-4.498612094401607808e-02
-4.410302796925053004e-02
-4.322825324086933263e-02
-4.241197856219564022e-02
-4.159827193176209026e-02
-4.077339930058701545e-02
-3.996787788687645310e-02
-3.917129842554899211e-02
-3.834990091763767345e-02
-3.748348484529733654e-02
-3.653726242624703163e-02
-3.551292317556218464e-02
-3.443431948558592359e-02
-3.330235554259931147e-02
-3.212567405127354780e-02
-3.091828993420784460e-02
-2.972294779084622834e-02
-2.855519533006876248e-02
-2.738717830183953067e-02
-2.619024458267088518e-02
-2.495553643904503682e-02
-2.366445114173673994e-02
-2.230939668093308986e-02
-2.091585772905562093e-02
-1.951227907652684085e-02
-1.812964336716691230e-02
-1.678964017198730091e-02
-1.549412345618807890e-02
-1.424829098962186388e-02
-1.301860794367962551e-02
-1.176550513938281507e-02
-1.045206937511285704e-02
-9.045857677162273333e-03
-7.585741433563318072e-03
-6.166047619351792096e-03
-4.886569186766139342e-03
-3.877336676723520427e-03
-3.523927073776294151e-03
-3.976209876683306325e-03
-4.784355670800032392e-03
-5.567701140254599154e-03
-6.206013298871937423e-03
-6.831397343818029072e-03
-7.495205836421605164e-03
-7.991159428953748672e-03
-8.178640370919447108e-03
-8.075204537749031825e-03
-7.783695310033351619e-03
-7.436342535707601842e-03
-7.173756104913446736e-03
-6.813681994610787211e-03
-6.200617041769404189e-03
-5.324126114436000812e-03
-4.192746125343813253e-03
-2.792614829173379817e-03
-1.284157275424643559e-03
-2.528763607910623594e-04
1.901622152943773371e-04
6.134566679196214829e-04
1.314273480490691856e-03
2.297410215155620480e-03
3.577494752015115617e-03
5.193805076695747966e-03
7.154829532773570623e-03
9.269599690278119281e-03
1.083363498345084677e-02
1.136979955676391957e-02
1.173045516711214431e-02
1.244277731308195308e-02
1.363909762476829546e-02
1.529504733878914863e-02
1.735847810437914779e-02
1.982634239049985841e-02
2.268107177364214050e-02
2.581101576335272790e-02
2.914614423151208611e-02
3.260552347033639914e-02
3.612120222840035921e-02
3.967274857559534990e-02
4.322105118669897217e-02
4.675242448713223808e-02
5.030810982346694410e-02
5.395325022035324380e-02
5.773378636039461914e-02
6.167954268090306003e-02
6.579692926221192284e-02
7.009957960737132898e-02
7.463883318684717827e-02
7.940326711211134758e-02
8.438839064523591393e-02
8.959376869964949530e-02
9.501606418274302635e-02
1.006347254032387145e-01
