-1.334059549311127035e-06
-7.190224282735870872e-06
-5.292901796198215792e-06
2.688256675535885876e-05
8.625456128115812542e-05
1.613378120035442688e-04
1.157307386063852867e-04
-5.049618393814820239e-04
-1.859033671113782555e-03
-3.507737517535507860e-03
-5.107523194618903556e-03
-6.529510233708767271e-03
-7.786595440105337912e-03
-9.012656787194744251e-03
-1.019010375403853717e-02
-1.126156685800025654e-02
-1.219401509312330323e-02
-1.298480875461189774e-02
-1.364294922364271342e-02
-1.418069328398820390e-02
-1.460828617488911518e-02
-1.493786503276693482e-02
-1.515797611831539056e-02
-1.528351470710959288e-02
-1.534316223182977806e-02
-1.534171845056386818e-02
-1.529511793330306374e-02
-1.526386326938304443e-02
-1.524509833078470725e-02
-1.521324564519802199e-02
-1.515157151824140375e-02
-1.504395976175497418e-02
-1.487882813185403483e-02
-1.479297569814837753e-02
-1.553827446765966569e-02
-1.791323701801088297e-02
-2.100598650504471171e-02
-2.422729765133856822e-02
-2.746204773468765084e-02
-3.056590187294443844e-02
-3.361634452719726440e-02
-3.671230119378968842e-02
-3.973455201081634719e-02
-4.252376679948793176e-02
-4.490953650530120356e-02
-4.682728244009039947e-02
-4.834583734917757142e-02
-4.970612406413685291e-02
-5.096103147302704500e-02
-5.205373118627176776e-02
-5.291133819788642473e-02
-5.351666721418524286e-02
-5.394387717740928290e-02
-5.456342399071612698e-02
-5.583372387371748208e-02
-5.729220353023685430e-02
-5.858253902456471429e-02
-5.959891487014549322e-02
-6.038563808466793775e-02
-6.096305949772943406e-02
-6.129650027865377743e-02
-6.139107901352354457e-02
-6.132039018713153489e-02
-6.130365360829983373e-02
-6.138516743002997433e-02
-6.138004205406277086e-02
-6.116117761224144911e-02
-6.068945723215365268e-02
-5.995982771985537002e-02
-5.898487990200641101e-02
-5.783143402295555513e-02
-5.661286675228285881e-02
-5.534561784642902382e-02
-5.398686494668866742e-02
-5.252571867877203760e-02
-5.099162783162807661e-02
-4.938533788505550248e-02
-4.768177778679216772e-02
-4.587749838461695207e-02
-4.403772910116648953e-02
-4.221662915742756261e-02
-4.037067525285571029e-02
-3.850199701721444823e-02
-3.665051504289457834e-02
-3.480439763339537168e-02
-3.292074645727113835e-02
-3.097100032485957527e-02
-2.891021535729617134e-02
-2.673430814647532669e-02
-2.447129126286626960e-02
-2.211610901609804836e-02
-1.967057912707251624e-02
-1.714713635811341771e-02
-1.459034446765636490e-02
-1.202287846438686303e-02
-9.427715737067918558e-03
-6.791073031337467245e-03
-4.106089599917235947e-03
-1.343640789598841718e-03
1.510914132636362317e-03
4.429480100221335967e-03
7.388470930593952005e-03
1.035511798088818887e-02
1.330572995261969718e-02
1.623606771411809438e-02
1.913837440865661862e-02
2.205049330818274408e-02
2.502079802684667800e-02
2.809222683261561326e-02
3.129788308418663539e-02
3.460392764121562881e-02
3.791892469584275810e-02
4.113648907169011049e-02
4.411093488744444180e-02
4.642833427687709930e-02
4.788358194663221157e-02
4.889353309392092256e-02
4.984507046600950703e-02
5.088317072072447850e-02
5.189566531815716782e-02
5.284005186437021329e-02
5.394098402450746288e-02
5.536462259047988943e-02
5.712462368793363304e-02
5.913315023215626881e-02
6.125603608063556749e-02
6.334008169211982620e-02
6.556883394090651240e-02
6.810858443284810437e-02
7.098342625769299419e-02
7.419699987282225850e-02
7.776971270085221433e-02
8.154056336101027369e-02
8.489839280350192086e-02
8.766843182791951572e-02
9.039536582584493940e-02
9.339350211182760597e-02
9.669112392725962013e-02
1.003272734284606921e-01
1.043596438081361294e-01
1.088126840298005438e-01
1.135115329570202114e-01
1.177344449528279491e-01
1.209079638650129157e-01
1.238350793170770320e-01
1.270680463461294762e-01
1.307664725737188449e-01
1.349414155288110317e-01
1.395901316871507036e-01
1.447247642906632770e-01
1.503211057087802949e-01
1.562711282664452916e-01
1.625146544660187320e-01
1.689881625007489674e-01
1.756256543183860042e-01
1.823988275950444993e-01
1.892640002579238090e-01
1.961985601777838373e-01
2.032256006795365166e-01
2.103916799032877760e-01
2.177318375280138107e-01
2.252805865729540502e-01
2.330485875198748669e-01
2.410568317064940569e-01
2.493532961896047784e-01
2.579344315725968229e-01
2.667901893368551103e-01
2.758939320370312753e-01
2.852270167367506604e-01
2.947811238106412546e-01
3.045606744139582323e-01
3.145776034405912691e-01
3.248425913059976855e-01
3.353635815762966432e-01
3.461382579010538474e-01
3.571546059986225319e-01
3.683928032088881199e-01
3.798322708551829519e-01
3.914561731609478290e-01
4.032553687485196381e-01
4.152212857714418504e-01
4.273500219121392218e-01
4.396440923179931182e-01
4.521131852141730967e-01
4.647765307444758909e-01
4.776554857595059489e-01
4.907565259314877193e-01
5.040827694432312711e-01
5.176248453932908999e-01
5.313752715769846091e-01
5.453187524232524508e-01
5.594403752008105801e-01
5.737306164132228714e-01
5.881886862687795148e-01
6.028195813654556590e-01
6.176347702597527745e-01
6.326536401151179323e-01
6.478903261462161112e-01
6.633539361334462869e-01
6.790386466524509501e-01
6.949243771985718077e-01
7.109870598252510110e-01
7.272098014064959370e-01
7.435799295053866498e-01
7.600898835639517959e-01
7.767416884597421189e-01
7.935459275857864592e-01
8.105123378006338086e-01
8.276390289685283674e-01
8.449226965993911209e-01
8.623572123126266309e-01
8.799263860308116358e-01
8.976144100814775761e-01
9.154099473287028443e-01
9.333078485816946879e-01
9.513067011770826031e-01
9.694112672646729711e-01
9.876354483433477105e-01
1.005990590377276561e+00
1.024478764328964786e+00
1.043090596238822387e+00
1.061810600561187812e+00
1.080622755229736276e+00
1.099517491955116499e+00
1.118487935409530731e+00
1.137527121808210806e+00
1.156631120942422264e+00
1.175797850882985163e+00
1.195031180039709540e+00
1.214340172778533677e+00
1.233733300965982327e+00
1.253213796007874414e+00
1.272777852185928982e+00
1.292417769120238535e+00
1.312121216149387370e+00
1.331877266046977759e+00
1.351671418750044040e+00
1.371494527706881517e+00
1.391344204265417384e+00
1.411221820048580433e+00
1.431135964335692901e+00
1.451098620108863813e+00
1.471116876022227959e+00
1.491193723507363567e+00
1.511314655479393254e+00
1.531458578488570810e+00
1.551607510520878419e+00
1.571746412526281444e+00
1.591867551575605111e+00
1.611967375319327545e+00
1.632050877778371545e+00
