-4.038970319689319867e-06
-2.404254752156421765e-05
-4.556589203566693282e-05
-4.587721132560820483e-05
-3.115149067711595689e-05
-1.503676991621462068e-05
-1.248814136996061468e-04
-7.625136490692130181e-04
-1.995566322472626993e-03
-3.345275407395298904e-03
-4.503659873508362131e-03
-5.400679673389276875e-03
-6.099388753777709379e-03
-6.756724788636929609e-03
-7.361719428554709156e-03
-7.870703440168286963e-03
-8.268567463229800976e-03
-8.566640823046992037e-03
-8.784937259520066502e-03
-8.941966557763187176e-03
-9.049233815430374542e-03
-9.118656121070684017e-03
-9.137404135310155454e-03
-9.120252053987780091e-03
-9.094053937791873182e-03
-9.058405796865443699e-03
-9.023208974526564924e-03
-9.039576491364968366e-03
-9.092897086299478807e-03
-9.152205152228589172e-03
-9.201044790582261351e-03
-9.225440242924310558e-03
-9.216697413447581116e-03
-9.307808335188941587e-03
-1.018390119755991328e-02
-1.245987246633643158e-02
-1.510349397228291125e-02
-1.757118183995007993e-02
-1.982499843449341340e-02
-2.179565402773610272e-02
-2.361910448246519120e-02
-2.542064938581881442e-02
-2.710032417305163061e-02
-2.853534564697161532e-02
-2.960819520584092798e-02
-3.031241535059968351e-02
-3.075749814260319084e-02
-3.118803504314224609e-02
-3.163743569129397193e-02
-3.203771854612721265e-02
-3.231999135677347812e-02
-3.247486732912638341e-02
-3.257767271165609019e-02
-3.296877377902911882e-02
-3.401376847800902103e-02
-3.518504349894376049e-02
-3.615176870579898949e-02
-3.685825148323030459e-02
-3.738936074354778233e-02
-3.778240474968432711e-02
-3.801918739291697963e-02
-3.812108456204777590e-02
-3.816454667372300852e-02
-3.834915679599050498e-02
-3.868296263183078343e-02
-3.896222776149851907e-02
-3.907356317105788179e-02
-3.900543378626090962e-02
-3.877478460275537997e-02
-3.840412145116543774e-02
-3.795638463119226091e-02
-3.753536765181077900e-02
-3.713085989342369830e-02
-3.669311982600607924e-02
-3.621729770371386742e-02
-3.572764788110989465e-02
-3.521904499030985985e-02
-3.466704237314430920e-02
-3.407297976500461845e-02
-3.349918254239854509e-02
-3.298887203298708770e-02
-3.248164664761966219e-02
-3.196409060939805341e-02
-3.146570282461328555e-02
-3.097427162693022068e-02
-3.045686577573321341e-02
-2.989596985097655105e-02
-2.926092961450277308e-02
-2.855794250497781586e-02
-2.781272456077043057e-02
-2.702651395754300523e-02
-2.620793528655729343e-02
-2.537012942234045249e-02
-2.455285770637329751e-02
-2.376685656696559193e-02
-2.298146632896830646e-02
-2.216853379927540002e-02
-2.132092606423614117e-02
-2.042226538040720074e-02
-1.946781396221492627e-02
-1.848430354792839070e-02
-1.749877387736897133e-02
-1.653885073968582725e-02
-1.562158806217417775e-02
-1.474468600983588201e-02
-1.391000315127412061e-02
-1.308264954146432998e-02
-1.222524106281915046e-02
-1.130538427754338923e-02
-1.029687673133694928e-02
-9.243001949367722278e-03
-8.235644031291013481e-03
-7.364737619502462890e-03
-6.745343934871769406e-03
-6.731317921122585875e-03
-7.424531224752388414e-03
-8.354598626572411549e-03
-9.162845221645107840e-03
-9.764540516285889413e-03
-1.031568287750746563e-02
-1.087544388481215957e-02
-1.125044056996850513e-02
-1.132501032963508479e-02
-1.113914071426461844e-02
-1.080631556447186371e-02
-1.045725000942198703e-02
-1.021915967366143069e-02
-9.901788165673145251e-03
-9.359671219982684809e-03
-8.595488695229396708e-03
-7.626405396268636123e-03
-6.445160165484130864e-03
-5.213313595825198876e-03
-4.485230211142493019e-03
-4.316695410151922575e-03
-4.121938110332713789e-03
-3.629727219352806445e-03
-2.863341030024764075e-03
-1.827952463083357994e-03
-5.011276461872502756e-04
1.111272927356731291e-03
2.813438520704178263e-03
3.933458501141075606e-03
4.073160978124956179e-03
4.123396011698608754e-03
4.575801532116261644e-03
5.514496231396532819e-03
6.877291004686380410e-03
8.588515268172497788e-03
1.063040501602293200e-02
1.297489783708838558e-02
1.550838416252085794e-02
1.816717916873453881e-02
2.088062764063714286e-02
2.359460042500725885e-02
2.630201253864599895e-02
2.897564769451330818e-02
3.161294934306714544e-02
3.426207149046282818e-02
3.698863975088600292e-02
3.983449806771320600e-02
4.282361477532413419e-02
4.595681909495922396e-02
4.924333675045505093e-02
5.272844020018464806e-02
5.639466402205661061e-02
6.023430202809500200e-02
6.424472803152721234e-02
6.842118998731000490e-02
7.274321008031811586e-02
