-4.364276721885117054e-03
-1.082861468862246490e-02
-1.168268320969505919e-02
-1.011934077498067436e-02
-1.027588907180262100e-02
-1.475442751171307347e-02
-7.705017387743076651e-02
-2.133809259056201613e-01
-3.129426839086102419e-01
-3.270675414574682471e-01
-3.028910675542096920e-01
-2.688731616143256731e-01
-2.542000688326042646e-01
-2.525986540389640322e-01
-2.398758987580479340e-01
-2.195625214369716915e-01
-1.969479578131549669e-01
-1.757568121374278869e-01
-1.577286128204558047e-01
-1.415617035869834173e-01
-1.279926190617828030e-01
-1.137985742931121314e-01
-9.834755310129186801e-02
-8.855972571771369983e-02
-8.258060071980527495e-02
-7.583584592549472148e-02
-7.737031640414704370e-02
-8.541480690814666488e-02
-8.884009364121270291e-02
-8.872097987013660703e-02
-8.646748742319772252e-02
-8.132143637730145092e-02
-7.577927281472882082e-02
-1.393499575771821042e-01
-3.954690159701802488e-01
-6.280687565025675489e-01
-6.769595961595826772e-01
-6.842209127329054175e-01
-6.718809400742066229e-01
-6.512052241319278290e-01
-6.578312562092230031e-01
-6.625486719508816291e-01
-6.385717303183160443e-01
-5.840743810060511354e-01
-5.086227472041132680e-01
-4.324558139972632942e-01
-3.908153737721448695e-01
-3.810300854318124930e-01
-3.669409004866301949e-01
-3.401986816648319145e-01
-3.057554996681502435e-01
-2.727475033358441880e-01
-2.723055039813744860e-01
-3.744435349648918554e-01
-4.725386279673017831e-01
-4.726834775860015436e-01
-4.373208890493460177e-01
-4.028946236889159316e-01
-3.786000678148532250e-01
-3.497312465038754370e-01
-3.178210847360608549e-01
-2.894177854695015872e-01
-2.898650094847817216e-01
-3.221185712523776945e-01
-3.339568435152563408e-01
-3.094313917890070265e-01
-2.724820596028864061e-01
-2.351617499153446922e-01
-1.985276973299039960e-01
-1.638820331451703027e-01
-1.471284535595217546e-01
-1.419313564317398468e-01
-1.282510260169172911e-01
-1.113438144968141030e-01
-9.923800659684343939e-02
-9.005984073116447830e-02
-7.823627280221080726e-02
-6.366590837930320712e-02
-5.581859133468659862e-02
-6.378532139038335658e-02
-7.067089233085520339e-02
-6.521993196247079239e-02
-6.077895800122295328e-02
-5.970559600008190637e-02
-5.568797388835672324e-02
-4.935485678426265732e-02
-3.911786886480275727e-02
-2.565482211080673952e-02
-1.425933914129664908e-02
-4.293914700640860671e-03
3.547013302339320148e-03
9.120234539248208219e-03
8.865927556231400358e-03
1.548981757966048055e-03
-3.531055313413128741e-03
7.021601724007111786e-04
1.058522698444365820e-02
2.151243675924138440e-02
3.392261841423761803e-02
4.541743793435780441e-02
5.148248379618521053e-02
5.092952880604642574e-02
4.430503057900264663e-02
3.475736899246092276e-02
2.307863426117023192e-02
1.201270726672250093e-02
6.145770188557463966e-03
5.327850278112365029e-03
1.341424567364082714e-02
2.381121281707846565e-02
2.082294677343190722e-02
-3.086445378760765967e-03
-4.176869487130448894e-02
-1.328246916162441338e-01
-2.986199700619985298e-01
-4.359919665624348850e-01
-4.853273207253872013e-01
-4.860905054009239668e-01
-4.899581351884521596e-01
-5.194175004644971949e-01
-5.310820029829924627e-01
-5.012701707105563509e-01
-4.577859745423524807e-01
-4.250614974706788951e-01
-4.082684745973058082e-01
-4.215772029412934718e-01
-4.320866784196212285e-01
-4.021816623266476487e-01
-3.563784969817410109e-01
-3.113252593412156322e-01
-2.622064952765054691e-01
-2.093394601927660859e-01
-2.341514131201037630e-01
-3.511672927554718715e-01
-4.134988337631916866e-01
-3.811946286511226911e-01
-3.283813498288524757e-01
-2.766263005233960404e-01
-2.164995607918272225e-01
-1.465851916489709639e-01
-7.937285779434626043e-02
-9.564257457986033439e-02
-2.669358301229513009e-01
-3.950065614082843291e-01
-3.684593729320998490e-01
-2.889095049043379215e-01
-1.955678409636620874e-01
-1.116252417359388655e-01
-3.250877519692736695e-02
5.739288871232414713e-02
1.411878126141925538e-01
2.082829790090572897e-01
2.598519726552949161e-01
2.913537701460303664e-01
3.136618447297919721e-01
3.289309626273318465e-01
3.343992897288435295e-01
3.417146056225894846e-01
3.622395389003006394e-01
3.965999274430331289e-01
4.396721614562696390e-01
4.865135655133743242e-01
5.331008260530054610e-01
5.894832329385837344e-01
6.525321093640066294e-01
7.146071186056657254e-01
7.793563235895801800e-01
8.451542050470922662e-01
9.084184929945128273e-01
9.677618588186427395e-01
