-3.921588088630545572e-06
-2.278767809068194653e-05
-4.155957433934859507e-05
-3.907545612855237621e-05
-2.326823509892155014e-05
-7.946285266176303310e-06
-1.157445858470361477e-04
-7.205547958842519352e-04
-1.846929295558914991e-03
-3.009389481200908448e-03
-3.934050477746754183e-03
-4.587959689155639634e-03
-5.058117651416555241e-03
-5.506189837621557927e-03
-5.917332624090340144e-03
-6.249222497616422484e-03
-6.490212771049430444e-03
-6.653921895468212742e-03
-6.760366029042591540e-03
-6.826321020823990747e-03
-6.860918321314446108e-03
-6.873418251855654450e-03
-6.849389963190959281e-03
-6.802739228175649737e-03
-6.757572155906495931e-03
-6.710487541988360664e-03
-6.669465776362358371e-03
-6.681287129429912264e-03
-6.726566578331235127e-03
-6.773815527947063542e-03
-6.808293147382796923e-03
-6.818372495333870770e-03
-6.797979528875295989e-03
-6.878148064912240241e-03
-7.707513929345555410e-03
-9.808767353355065180e-03
-1.211095545736305332e-02
-1.412776812533415166e-02
-1.587706260824494828e-02
-1.732953408442695908e-02
-1.864538897693378272e-02
-1.995179114761297737e-02
-2.114944255929051761e-02
-2.212722022550845519e-02
-2.278598076058249364e-02
-2.313702116096907901e-02
-2.329697152863205792e-02
-2.349817026606597012e-02
-2.375270486980693083e-02
-2.398188242936483486e-02
-2.411630883035131151e-02
-2.414974615206692474e-02
-2.415704674196722523e-02
-2.446072755834582252e-02
-2.537791793449460306e-02
-2.635746457705915105e-02
-2.709804153110143346e-02
-2.757764299560897664e-02
-2.790050840168528667e-02
-2.811035925220744039e-02
-2.819311915848997374e-02
-2.817306054515814409e-02
-2.812458514616298158e-02
-2.823296309122599879e-02
-2.848603084974899238e-02
-2.867732939888498200e-02
-2.870707539697051752e-02
-2.857725083009855088e-02
-2.831292261227379148e-02
-2.794023365221250804e-02
-2.752106482381205116e-02
-2.715050067286239530e-02
-2.680814244492217210e-02
-2.644125750295128058e-02
-2.604562797127707441e-02
-2.564461474300292268e-02
-2.523146314152229647e-02
-2.478225390285752547e-02
-2.430000623559019565e-02
-2.384518826071129610e-02
-2.345431079565594296e-02
-2.306374247932046692e-02
-2.266208737917630237e-02
-2.227877466348106295e-02
-2.190050206635338337e-02
-2.149605410927401400e-02
-2.105121341589371448e-02
-2.053960099357053648e-02
-1.997152798415619337e-02
-1.937359446264414614e-02
-1.874642938828485067e-02
-1.809801070133859949e-02
-1.744014185145573853e-02
-1.680930270307722657e-02
-1.621151409631180207e-02
-1.561415432085355541e-02
-1.499069636807725744e-02
-1.433648639709775643e-02
-1.363768369560730553e-02
-1.289237824966276563e-02
-1.212807736628800440e-02
-1.136978728445056826e-02
-1.064144513492391170e-02
-9.955617923054627463e-03
-9.306565496475682764e-03
-8.693869841763056730e-03
-8.082519111997707797e-03
-7.438526503539803596e-03
-6.734680026720359265e-03
-5.950962059808067098e-03
-5.134101427965520950e-03
-4.371869960520045895e-03
-3.743104825543065034e-03
-3.347812260310844851e-03
-3.508763120947447616e-03
-4.283293172139940840e-03
-5.190594821285018055e-03
-5.905827003067466198e-03
-6.385016623259844211e-03
-6.805983936481872776e-03
-7.230338976515993284e-03
-7.473522084028165306e-03
-7.441344540953312436e-03
-7.190508851782866431e-03
-6.837816037682803091e-03
-6.505573660156313033e-03
-6.302798371762044841e-03
-6.030253743325339824e-03
-5.554199727362705771e-03
-4.890398177592524681e-03
-4.062733754612080084e-03
-3.068217221863301421e-03
-2.066651087973592031e-03
-1.577218895203254864e-03
-1.600491898745471384e-03
-1.543200507056227298e-03
-1.171449705704880571e-03
-5.404370954141786768e-04
3.264446199980173971e-04
1.438340495708803190e-03
2.779547505095822206e-03
4.154968565508813591e-03
4.932113499748693938e-03
4.794506557445800052e-03
4.660478202610314827e-03
4.969060888848209415e-03
5.749429697415625595e-03
6.904046225235067197e-03
8.340884775578684407e-03
1.003545793376075905e-02
1.195638553286006503e-02
1.399445896552734339e-02
1.609711999284032038e-02
1.820634391904411148e-02
2.028212541416551593e-02
2.232902205083731745e-02
2.432870588506815326e-02
2.628616015445079182e-02
2.825233677894324960e-02
3.028931134646007176e-02
3.243180377223097571e-02
3.469632399134001816e-02
3.707776873257194461e-02
3.958139180061848866e-02
4.224705295296032892e-02
4.505231279426341606e-02
4.798780873972197103e-02
5.105005780417170430e-02
5.423396925219099718e-02
5.751997876397552806e-02
