-6.665408155641924315e-04
-8.626181312058670263e-04
2.791353449407496350e-03
7.543796247298327831e-03
1.061011666057370094e-02
9.137501459473952939e-03
-4.772078575950213647e-02
-1.659413344893624909e-01
-2.349596747300113364e-01
-2.200090847811845829e-01
-1.754844375823567948e-01
-1.304086615602167432e-01
-1.111860030122608228e-01
-1.068691401412719538e-01
-9.320625098283209786e-02
-7.370007276170859045e-02
-5.410914421204177094e-02
-3.760035030463242112e-02
-2.448680668650915493e-02
-1.375920945677485720e-02
-5.870152627216183513e-03
2.652224011211321703e-03
1.171852110095829465e-02
1.590530493459094141e-02
1.785326758460756627e-02
2.082464746427097751e-02
1.614929364138344495e-02
7.227580067574786854e-03
4.283350046802053557e-03
5.670020386192550603e-03
9.676457616163602199e-03
1.620789120082825191e-02
2.236072997284799593e-02
-3.808310140029513846e-02
-2.715636580275760936e-01
-4.497065552562999891e-01
-4.431880989134446835e-01
-4.070685846463167890e-01
-3.613783686035586529e-01
-3.184907178810347239e-01
-3.092040115216597163e-01
-3.003268736660781313e-01
-2.680608879051842863e-01
-2.124530576715266961e-01
-1.439512126053938967e-01
-8.185530815177918806e-02
-5.842472953943284031e-02
-6.369386198153223488e-02
-6.082546236875130408e-02
-4.318214115443660961e-02
-1.780403604600606579e-02
4.930796994901304880e-03
-4.198864062614982712e-03
-1.062503807622575680e-01
-1.865908664731684707e-01
-1.669123080404922577e-01
-1.181487488344043491e-01
-7.600140326895937770e-02
-4.827123959772076922e-02
-2.007959414635071549e-02
9.084705507797944529e-03
3.240822448515509602e-02
2.601091824059121801e-02
-6.470069947642983349e-03
-1.523516287245140800e-02
8.592304178476445689e-03
4.174067018791639827e-02
7.390054862605763275e-02
1.030657365309797929e-01
1.248510687984956818e-01
1.279789107150353378e-01
1.206504587737909778e-01
1.213386354922307425e-01
1.295241363564742509e-01
1.349969927835476535e-01
1.375788437358894112e-01
1.440732269511741381e-01
1.549710066983603640e-01
1.600686324093058555e-01
1.521632290775467855e-01
1.474102708637856918e-01
1.502187008570827487e-01
1.472632554429130769e-01
1.419945272436548833e-01
1.441689347383677544e-01
1.518606897757897312e-01
1.653092824244747627e-01
1.826171731654126773e-01
1.943596239511362622e-01
2.034799797367817520e-01
2.133545550117980638e-01
2.222253296590584737e-01
2.257364459545862789e-01
2.229115047005123529e-01
2.217838203408856734e-01
2.250660702589944440e-01
2.294668114013446170e-01
2.369863151088072994e-01
2.492115179894384136e-01
2.586088303457451665e-01
2.629016694143675448e-01
2.630738620340743461e-01
2.586755123922965249e-01
2.540291278713546208e-01
2.488430127549845217e-01
2.470042827524469298e-01
2.538761755935053377e-01
2.673260906309107288e-01
2.866596415105703288e-01
3.045754513605289371e-01
3.096886651681552971e-01
2.971285228730110028e-01
2.729905779751597428e-01
2.035740482088884140e-01
7.371550687515854294e-02
-1.451154167795108696e-02
-1.402311677654789583e-02
2.675300921837420881e-02
5.564425615376494133e-02
5.503057789876404648e-02
7.208283278683751127e-02
1.246552382041756363e-01
1.831504734771754461e-01
2.253647289423411915e-01
2.460426743494397994e-01
2.335244835381431461e-01
2.282410396354726534e-01
2.635790973502638024e-01
3.088432496986215914e-01
3.490506805150265790e-01
3.894690471669470799e-01
4.274980052835160027e-01
3.887221433924918368e-01
2.701130811061451253e-01
2.179217102094204439e-01
2.597236644309085518e-01
3.137074309072728218e-01
3.616802568774453719e-01
4.136969503620720467e-01
4.686879781589565197e-01
5.163074807744719719e-01
4.863639541349533690e-01
3.143351576484416654e-01
2.030827757432225322e-01
2.491633329169887778e-01
3.342646591269438638e-01
4.153512316490404199e-01
4.843938250775439158e-01
5.472364960050359883e-01
6.059259789159299192e-01
6.471344329626419478e-01
6.720485733662834305e-01
6.892694167479288536e-01
6.962389764403104087e-01
6.993829261783055529e-01
7.001935574604072343e-01
6.974351347260120404e-01
6.980037807467577293e-01
7.079315816203022305e-01
7.256255567365967885e-01
7.486608421819480608e-01
7.743419628226179130e-01
8.000813459341699074e-01
8.322343590959941917e-01
8.665116709994207245e-01
8.966836190290858877e-01
9.256751992896025127e-01
9.547993994352268476e-01
9.821844126550756116e-01
1.007437267608406684e+00
