-1.942331177395496100e+00
-1.934404075249541943e+00
-1.946804750553358554e+00
-1.940035021923439684e+00
-1.934725357789238487e+00
-1.924006910316271357e+00
-1.947126766871668746e+00
-1.940667314270438037e+00
-1.934913024979464158e+00
-1.925973128354266040e+00
-1.912316349898566914e+00
-1.891984134424226527e+00
-1.875008493694562350e+00
-1.864805066168119474e+00
-1.845394221332784968e+00
-1.811407337449697952e+00
-1.756338452933702499e+00
-1.669682192418479039e+00
-1.526913239238619324e+00
-1.240689960681058635e+00
-5.649510193050948370e-01
-3.485498021174918648e+01
-3.123820518739533370e+00
-2.755582415097238780e+00
-2.647244011524266583e+00
-2.523858441498348260e+00
-2.722015961826659947e+00
-4.414410680348097138e+00
-1.074886679555783608e+01
-5.799368054937357186e+00
-3.424518955162892730e+00
-2.677346466530534208e+00
-2.434548577840764061e+00
-1.717854567903948748e+00
-1.907053462957582823e+00
-1.915296163183465072e+00
-1.906901115112158873e+00
-1.895513524739313116e+00
-1.881144904288102992e+00
-1.864731142759032956e+00
-1.855082708380902279e+00
-1.845148793692832578e+00
-1.825762891175348734e+00
-1.787323331004174287e+00
-1.706913149452774059e+00
-1.531366130247833190e+00
-1.383482243132729828e+00
-1.428579608290943437e+00
-1.407363363168609549e+00
-1.224007721966719586e+00
-5.494515975474640879e-01
6.339501031876873860e+00
6.746639198637269796e-01
-1.625598804225374838e+00
-1.749927291786465000e+00
-1.720400505093916843e+00
-1.626654869516089619e+00
-1.463866254798552591e+00
-1.232742272922430438e+00
-5.819619587101410030e-01
2.035992480368554425e+01
-3.909338183223305840e+00
-4.834827096479595632e+00
2.354226842247649776e-01
-4.632627852514296096e-01
9.491135412890335132e+00
-3.305963230014326903e+00
-2.588904682878282237e+00
-2.373862496971685943e+00
-2.282284675908140770e+00
-2.264033067948887368e+00
-2.276058448954367819e+00
-2.264201202300915483e+00
-2.232246752197609041e+00
-2.209846067087767985e+00
-2.194850652400792690e+00
-2.173211672918895054e+00
-2.146748656734748018e+00
-2.130697755267847437e+00
-2.131699772795823122e+00
-2.128872294097530649e+00
-2.115959433708173520e+00
-2.110343676444989214e+00
-2.107635806043268722e+00
-2.095938980412245911e+00
-2.078975240600847485e+00
-2.058982397667501019e+00
-2.039389395334924693e+00
-2.025174225790605576e+00
-2.013251447800435301e+00
-2.001858786145380265e+00
-1.991448806364876978e+00
-1.982581607269547908e+00
-1.974910281952392266e+00
-1.967010063241452889e+00
-1.958749125349770415e+00
-1.950618431522312068e+00
-1.942706891479735853e+00
-1.935209998132410014e+00
-1.927930743336793373e+00
-1.920560344057457014e+00
-1.912907132110647446e+00
-1.904683713242729892e+00
-1.896350352907063330e+00
-1.887786017875235256e+00
-1.879978678969469019e+00
-1.874553515156985428e+00
-1.871014916417104601e+00
-1.868982958225672508e+00
-1.866348680583321151e+00
-1.860376692910339358e+00
-1.849381091854567671e+00
-1.833539027415756140e+00
-1.787554061220891777e+00
-1.508042801007008160e+00
-5.024124751789864618e+00
-5.661759943887032520e+00
-9.494478330501183727e-01
-1.415589488692995168e+00
-1.407613760054179153e+00
-1.520754001191226834e+00
-1.685371160502834975e+00
-1.759329729496531769e+00
-1.786503319130297474e+00
-1.792549156991312120e+00
-1.777231241658217442e+00
-1.766747893769778255e+00
-1.783802091923973432e+00
-1.800452049530988141e+00
-1.810107964453290030e+00
-1.817118331712341384e+00
-1.821469400138590045e+00
-1.801700970094155974e+00
-1.732409471308990145e+00
-1.677839604573397647e+00
-1.714534603965602422e+00
-1.747262961592784603e+00
-1.766580826234187329e+00
-1.782057913243557223e+00
-1.794193007603299694e+00
-1.801092034157692368e+00
-1.785097228254656887e+00
-1.692487233935926483e+00
-1.558361503914196255e+00
-1.622826513582602770e+00
-1.696324515156492962e+00
-1.737200404716389590e+00
-1.759547750773231112e+00
-1.773716893959165875e+00
-1.783241538436692641e+00
-1.786521631337765204e+00
-1.785472357936643606e+00
-1.782651962692681336e+00
-1.777573401228054184e+00
-1.771682523161374423e+00
-1.765308090845543632e+00
-1.758092474001208494e+00
-1.751804476036940006e+00
-1.748028956344058749e+00
-1.746238947209822756e+00
-1.745810112249990498e+00
-1.745839706205929875e+00
-1.745643010926421157e+00
-1.746702855791202103e+00
-1.747876533058178028e+00
-1.747977278911930776e+00
-1.747036650707217476e+00
-1.745090119357675773e+00
-1.742755363299373750e+00
-1.740463154057486195e+00
-1.738561060494647981e+00
-1.737015482413523104e+00
-1.735689200387378506e+00
-1.734327090003955352e+00
-1.732618089833079855e+00
-1.730365933968153414e+00
-1.727553217874330693e+00
-1.724320168216696203e+00
-1.720940623574395145e+00
-1.717527483576840597e+00
-1.714113835800385122e+00
-1.710867772412683063e+00
-1.707933227741471605e+00
-1.705498781540048858e+00
-1.703723899237446604e+00
-1.702191395058305634e+00
-1.700632532487142967e+00
-1.698816172172976202e+00
-1.696681639924450202e+00
-1.694233808179376188e+00
-1.691380049857008849e+00
-1.688292787801133787e+00
-1.685213597068295321e+00
-1.682334071455046320e+00
-1.679742444020067449e+00
-1.677635873002170541e+00
-1.675937692451214156e+00
-1.674439025181952756e+00
-1.672862730932986874e+00
-1.670808655452777014e+00
-1.668121140486001686e+00
-1.665002949662628629e+00
-1.661686182729473327e+00
-1.658276508122321413e+00
-1.654969619290181937e+00
-1.651997444481059452e+00
-1.649427657833606675e+00
-1.646956705121693121e+00
-1.644387067989799833e+00
-1.641759215323218113e+00
-1.638868075306973315e+00
-1.635616474641424567e+00
-1.632149198736873252e+00
-1.628639122260739702e+00
-1.625205096772395885e+00
-1.621922067159162095e+00
-1.619002755602481303e+00
-1.616484082574522585e+00
-1.614122770932644446e+00
-1.611612444874352512e+00
-1.608757033965492855e+00
-1.605528277228019274e+00
-1.602087077569830154e+00
-1.598602333940605913e+00
-1.595070925165860576e+00
-1.591535250856541239e+00
-1.588043393670247161e+00
-1.584676040752790893e+00
-1.581582214405381048e+00
-1.578778581097260103e+00
-1.576137452108251624e+00
-1.573456352721857243e+00
-1.570622443895779652e+00
-1.567536568150656340e+00
-1.564227938020013919e+00
-1.560683429447315751e+00
-1.556933555325835217e+00
-1.553205054603264301e+00
-1.549597954248092435e+00
-1.546227671565597372e+00
-1.543238498054299690e+00
-1.540508173707158868e+00
-1.537924777467654991e+00
-1.535156157483928752e+00
-1.531854271699691017e+00
-1.528119820954942476e+00
-1.524085750293488806e+00
-1.519933763496842616e+00
-1.515810819740255333e+00
-1.511861560116550818e+00
-1.508285061863992027e+00
