-6.917885219241960660e-04
-9.842025763870214383e-04
2.750188007669159343e-03
8.096649288301401015e-03
1.204946700160567166e-02
1.145580747396231051e-02
-4.706910765209521702e-02
-1.767725546141152571e-01
-2.665650370685193615e-01
-2.709494589930906416e-01
-2.388218313435725437e-01
-1.991094224939369550e-01
-1.806652328533169816e-01
-1.763087755390874423e-01
-1.616890682338390228e-01
-1.396267610282216909e-01
-1.158391951743247411e-01
-9.399251658809061605e-02
-7.494128738151961677e-02
-5.810300251343705757e-02
-4.418956296101549802e-02
-2.992790669509166890e-02
-1.512988142852770938e-02
-5.503728202883591270e-03
1.177496856500179039e-03
8.318081826346811897e-03
7.121361475367397886e-03
1.453416950074476466e-04
-1.823530902137313059e-03
3.265277860122965496e-04
5.256026448878545893e-03
1.312186821465590077e-02
2.110573127482635522e-02
-3.973511937170685904e-02
-2.887101672599349245e-01
-5.063152392367361587e-01
-5.393017601512938297e-01
-5.327040817500900971e-01
-5.075699225881491472e-01
-4.764596891090636110e-01
-4.743362535202658714e-01
-4.711235285050086041e-01
-4.413653266887190840e-01
-3.833337736713213761e-01
-3.060720919885692171e-01
-2.298086029177404122e-01
-1.898335566957615739e-01
-1.812202246530255079e-01
-1.672048777977808431e-01
-1.393396315483007575e-01
-1.031408631323209590e-01
-6.891067987701601782e-02
-6.746753600854138444e-02
-1.662898846672363207e-01
-2.562919298303081850e-01
-2.467631892038361086e-01
-2.023652394428016588e-01
-1.587489144369461092e-01
-1.262769055184258249e-01
-9.137870324106331377e-02
-5.353007874400951549e-02
-2.026745216011234529e-02
-1.722166035909644330e-02
-4.447632443030931360e-02
-5.158041265576154139e-02
-2.525767490893245787e-02
1.316160051638073231e-02
5.320123209978290524e-02
9.215505041733164371e-02
1.248286620339116582e-01
1.384035068441083205e-01
1.392403147485692938e-01
1.462857327301610721e-01
1.603479092404863637e-01
1.715522407374942548e-01
1.792701319247458069e-01
1.905215513675810879e-01
2.063850472645337719e-01
2.166538891047548043e-01
2.129151523710562932e-01
2.107432685619255452e-01
2.158433722962371515e-01
2.149286480658620657e-01
2.108561655781757416e-01
2.139029273498461170e-01
2.230183631782069187e-01
2.387971581781524189e-01
2.598722344349276847e-01
2.764374765507183751e-01
2.906341744851102527e-01
3.058682525620579629e-01
3.202625877249649644e-01
3.291871855376403699e-01
3.309157527023532386e-01
3.333761468258952254e-01
3.398971657156105719e-01
3.475418963069984435e-01
3.584493602023419712e-01
3.746960840712592611e-01
3.888053257762910664e-01
3.977962003383228029e-01
4.022543293859659475e-01
4.012851471491648003e-01
3.990780363494123573e-01
3.955829124441781475e-01
3.948023629596777995e-01
4.029934017686391257e-01
4.188058933024557673e-01
4.419939683659687701e-01
4.653738416073277540e-01
4.764427138557505992e-01
4.685537273372956113e-01
4.463359657991829987e-01
3.742831374365277464e-01
2.312831947733285931e-01
1.193086312838675805e-01
9.624331837500364750e-02
1.203393356947720788e-01
1.397790635614416799e-01
1.327085921103155486e-01
1.447463329004768373e-01
1.972994117367063149e-01
2.620498205120376234e-01
3.150049298612958015e-01
3.479146123836192595e-01
3.462085613798402406e-01
3.480956470084330401e-01
3.913860700525125247e-01
4.479674768294373832e-01
5.021912076809539327e-01
5.585617006146019747e-01
6.142239181151578631e-01
5.911983483051637123e-01
4.762077603598940390e-01
4.165470396840342815e-01
4.529369526296058712e-01
5.082981430832751446e-01
5.628537304485193848e-01
6.258144841941853942e-01
6.957995264991319040e-01
7.616233434734835939e-01
7.488331659153855124e-01
5.802956825898052395e-01
4.534673417518209071e-01
4.852828304502249113e-01
5.664862891560594749e-01
6.536315146680272692e-01
7.358454902754228977e-01
8.167613746724358137e-01
8.971239664550288984e-01
9.620104660820788522e-01
1.010052822636080760e+00
1.048953432418007647e+00
1.075427185807750208e+00
1.095428725841949946e+00
1.110796072343036123e+00
1.120257035422113745e+00
1.131099771225180461e+00
1.150427111059866725e+00
1.177818413445063550e+00
1.211425598598925069e+00
1.248904577867717913e+00
1.287536534769032626e+00
1.333759550299526975e+00
1.383809638416332533e+00
1.430848382466233470e+00
1.477376308335766719e+00
1.524551991168730414e+00
1.570393869236269335e+00
1.614171646333608878e+00
