-8.024711860744193626e-01
-8.029664392594901834e-01
-8.032034125378966216e-01
-8.037593198659290783e-01
-8.044786178092840911e-01
-8.057397609019918416e-01
-7.994881977800745165e-01
-8.022873172517508422e-01
-8.033804092588713308e-01
-8.047417698174395007e-01
-8.065851949531838150e-01
-8.090302157334179345e-01
-8.111919273642702599e-01
-8.128237844812404855e-01
-8.153002965754441167e-01
-8.191073303149379869e-01
-8.246871909669046818e-01
-8.327575860095662863e-01
-8.452264188807383505e-01
-8.672879888471434207e-01
-9.131010452287233736e-01
-1.165078834937775198e+00
-5.243322332394849683e-01
-6.801693525447563005e-01
-7.182479127887277937e-01
-7.393677241612788276e-01
-7.422966010675704496e-01
-7.354470577102525386e-01
-7.364751386576018355e-01
-7.445168834333908414e-01
-7.546039485696333093e-01
-7.644279401783976580e-01
-7.715603818206298037e-01
-4.819435408262597864e-01
-8.103742491322503128e-01
-8.074900558518599558e-01
-8.084068696336694781e-01
-8.097998321223853768e-01
-8.115641936101417597e-01
-8.135875500386198222e-01
-8.149695104069284435e-01
-8.164139535945195147e-01
-8.188504670185152712e-01
-8.231179032428620479e-01
-8.308085825036621852e-01
-8.444083586138069197e-01
-8.586360751681503256e-01
-8.654686147290184817e-01
-8.770390577443082369e-01
-9.087256065100780544e-01
-1.023538091669955907e+00
1.178318212720895630e+01
3.390989883032069496e-01
-9.010013395991609553e-01
-8.522283748191491481e-01
-8.571763154343279290e-01
-8.816024350175841739e-01
-9.417500879826053994e-01
-1.134148573914492975e+00
-6.803565825779500642e-02
-6.407931563564088773e-01
-7.086001030195760997e-01
-7.179007323935097107e-01
-6.965872569225411981e-01
-6.936703674134032660e-01
-7.246880291607211699e-01
-7.479115118896828562e-01
-7.618629577877087389e-01
-7.707406981586313321e-01
-7.763313920547666447e-01
-7.792747191561166797e-01
-7.809702229779225124e-01
-7.829571170674698433e-01
-7.853574052056324639e-01
-7.874915214575988198e-01
-7.893443618645324955e-01
-7.912481919507139416e-01
-7.931990207725490016e-01
-7.949234334009196434e-01
-7.963498926743325379e-01
-7.977778421170588219e-01
-7.992468887718897630e-01
-8.006450714301288629e-01
-8.020344228350545501e-01
-8.034193923967343220e-01
-8.047488713017891815e-01
-8.059701992215058119e-01
-8.070757079693249292e-01
-8.081968381549540226e-01
-8.093097282581791507e-01
-8.103498605110370789e-01
-8.113609913978216959e-01
-8.124452030276859693e-01
-8.136571262613245814e-01
-8.148531532736971172e-01
-8.159892838355016220e-01
-8.171268534509987802e-01
-8.181264522630702363e-01
-8.189050228634624506e-01
-8.197468154351214009e-01
-8.207223199330785368e-01
-8.218025776564887863e-01
-8.230485710817424527e-01
-8.243157966799078418e-01
-8.256236583337692725e-01
-8.267913256483583329e-01
-8.275205602709325703e-01
-8.278889459550824448e-01
-8.280019208988478319e-01
-8.281684455933749911e-01
-8.287928502725960822e-01
-8.301082921266991210e-01
-8.320350101257734110e-01
-8.365274638240326466e-01
-8.477151100403033102e-01
-8.622846534697622412e-01
-8.670104403802676440e-01
-8.635448722536742672e-01
-8.611181555841456170e-01
-8.626439266634144953e-01
-8.611991526106925754e-01
-8.549476755895915048e-01
-8.490451934686493729e-01
-8.454005285000051328e-01
-8.438202258595520755e-01
-8.447144079074415668e-01
-8.453744371395193191e-01
-8.434793293588953578e-01
-8.412521048005550117e-01
-8.395490922693045199e-01
-8.380822612743921152e-01
-8.369608712717527821e-01
-8.388742073230672780e-01
-8.451845870877359168e-01
-8.497953605629386953e-01
-8.487891069324530191e-01
-8.468821276368684314e-01
-8.452523926965724854e-01
-8.434800227011737261e-01
-8.417468932355021138e-01
-8.404476083297727218e-01
-8.419100936485933717e-01
-8.502389043662158530e-01
-8.591918041139536832e-01
-8.583268869213780405e-01
-8.545766186258504371e-01
-8.512628094422187708e-01
-8.486005527701285800e-01
-8.463434552850818138e-01
-8.446105172551466866e-01
-8.437339485624506530e-01
-8.434862007608223688e-01
-8.434875386385446427e-01
-8.438007865172006960e-01
-8.442974995151281137e-01
-8.449217063770393388e-01
-8.456904134393055106e-01
-8.464403305264265320e-01
-8.470063931626833353e-01
-8.474094294341613098e-01
-8.476647838679480795e-01
-8.478155791948721598e-01
-8.479299461796661053e-01
-8.478770200001529700e-01
-8.477764714962456871e-01
-8.478020530911544173e-01
-8.478938020576980428e-01
-8.479910649486238627e-01
-8.481267640180858436e-01
-8.483111848258420018e-01
