-3.547250951278518860e-02
-1.334344518623931976e-02
3.946506584615495222e-02
2.259483143957546555e-02
1.694506671688938287e-02
-4.738422184444718993e-02
-9.206452265863542817e-01
-1.309736910994619974e+00
-4.250152733046165254e-01
3.891123750309738449e-02
1.865661516608808079e-01
1.994330061102093932e-01
-1.184914429318570522e-01
-2.838321984350140187e-02
5.935765066717696437e-02
1.078109997576919277e-01
1.106559764172750093e-01
9.942454601732134134e-02
8.134295751865226742e-02
8.224470773984102201e-02
5.231709576116094079e-02
1.018460672117315891e-01
8.281694212953115419e-02
2.897082369657739964e-02
3.732086232690848965e-02
4.699758934203220051e-02
-8.786728528147014217e-02
-5.722139347085305333e-02
-1.159348331976332164e-02
7.447091038249382261e-03
3.218575236830027025e-02
5.992238785811437873e-02
4.378191808244692729e-02
-1.045188339247857368e+00
-3.125987278987730544e+00
-9.076611642806209357e-01
-2.115670741194194404e-01
-2.634605772908289456e-01
7.686174739311613102e-02
-1.279036846223911006e-01
-3.782151939095265147e-01
-1.254664335200503800e-01
7.478814602938632650e-02
3.751297787016930618e-01
4.564747081687147157e-01
4.363060821488349839e-01
-5.371291460118478994e-02
-6.181856549566151077e-02
4.067453086662001227e-02
1.773822565404550577e-01
2.065743334412851184e-01
1.850698421381801462e-01
-2.883271787772724859e-01
-1.464977709315148591e+00
-3.170851055322054801e-01
1.243394267065168202e-01
2.765995939628704825e-01
1.496134504346997296e-01
1.281232387654928917e-01
2.266580076695519641e-01
2.102636626063634495e-01
1.904642640143412724e-01
-2.397108386707490768e-01
-3.261982042222539291e-01
6.359076253862572248e-02
2.498086511842333990e-01
2.924951901643959573e-01
3.015103315504072956e-01
3.117096626510899027e-01
2.630404310319462424e-01
3.951475240245536091e-02
6.915216074759972242e-02
1.625389557506586036e-01
1.732734146384768414e-01
1.193132399387495657e-01
1.298233079574087068e-01
1.802698791932418609e-01
2.061603786992121934e-01
9.860714624250546678e-02
-2.792171256761100118e-02
1.116532671625393575e-01
1.293346785849030789e-01
5.328499571505080495e-02
7.343934927906480004e-02
1.397485944057703100e-01
1.528412618158198066e-01
2.359962929628481865e-01
2.403607124204620304e-01
1.947123303864032873e-01
2.179487690774515596e-01
2.027200689782871490e-01
2.051219502324599375e-01
1.223753234447010063e-01
9.087275879274431256e-02
1.420101118714455213e-01
1.940360271977341899e-01
1.968216159515408792e-01
2.377517342510236109e-01
2.677282769991486400e-01
2.246763014333707509e-01
1.909572137848158380e-01
1.424717775338490422e-01
9.886744271742621548e-02
1.066477366878833682e-01
6.895428999618262444e-02
1.285195098879590159e-01
1.874278417641241923e-01
2.389267338182861911e-01
3.258675801865726918e-01
2.737019744891563411e-01
1.311877410734601512e-01
-4.839535757598625865e-02
-1.236303930459359407e-01
-8.952110425797100701e-01
-1.399471368653101067e+00
-5.636584443635491715e-01
-2.828914450247500129e-02
1.977553245799621440e-01
-8.083141681345162866e-02
-2.405901681726486940e-01
1.898944304683771456e-01
4.396296456505729422e-01
4.394581306932908715e-01
2.978800887568150424e-01
1.707664115164536645e-01
-2.149415374440649118e-01
1.982363138552038495e-01
4.687352202589966654e-01
4.755800750111623398e-01
4.840923979848972269e-01
5.658147933657617923e-01
5.525941197529817828e-01
-6.488851022414132697e-01
-1.012579844534793105e+00
1.312005909412335414e-01
5.428203170233865116e-01
4.931922510336914089e-01
5.645759418603234492e-01
6.737205186886076058e-01
7.518670139325502877e-01
6.781793581128403581e-01
-4.948622318054541336e-01
-1.898109331777182662e+00
-2.099412212986314849e-02
6.378168440837733710e-01
8.512600213742862465e-01
8.535270475275759106e-01
8.085542286913764976e-01
8.723250637641535299e-01
9.446758547794795735e-01
7.591553581798702321e-01
7.255005573093613602e-01
6.177965024968370411e-01
5.104403565172974666e-01
5.193884040646284950e-01
4.435843365794583937e-01
4.118488310312405920e-01
4.780994055115499464e-01
5.941821684009074289e-01
6.698396238298290895e-01
7.390602653588782545e-01
7.649690839551075427e-01
7.825672154770809685e-01
9.367702538265519907e-01
9.122887665432107829e-01
9.449908982057767526e-01
9.703593325785558887e-01
1.003684429764840180e+00
9.879742587346886928e-01
1.001409906469627575e+00
