-2.185577670017458361e-03
-4.903798576642394436e-03
-2.911190110220619656e-03
9.506026971594001319e-04
3.234159668683561986e-03
1.074361117487571127e-03
-5.845122555835541994e-02
-1.882449973386063069e-01
-2.772146205359776183e-01
-2.806385767755905092e-01
-2.479602642942810020e-01
-2.081458664020892357e-01
-1.898532781000438485e-01
-1.855774453674465252e-01
-1.710438388075810612e-01
-1.495019539809831488e-01
-1.265010029627497701e-01
-1.056393600318556447e-01
-8.801087234172255691e-02
-7.262495909439234398e-02
-6.013611311017866279e-02
-4.722639807594095074e-02
-3.356800770498515746e-02
-2.529922736127538860e-02
-2.022703798597042316e-02
-1.446763874949794776e-02
-1.688941688597400334e-02
-2.506358303755380421e-02
-2.814336604989163895e-02
-2.723747714130820424e-02
-2.378861881320811986e-02
-1.745252717906202108e-02
-1.095276214612802765e-02
-7.292750506077043393e-02
-3.216724249841909078e-01
-5.368747899595945894e-01
-5.669445637964118934e-01
-5.579924855130976580e-01
-5.315890564164449383e-01
-4.999606554072434372e-01
-4.977012941256766521e-01
-4.945108991408663224e-01
-4.647397240023730114e-01
-4.070414971170915330e-01
-3.310396058008470144e-01
-2.568502102713917656e-01
-2.191680940214587592e-01
-2.129205120249733629e-01
-2.014286693132331385e-01
-1.765469814586227981e-01
-1.438116930816775163e-01
-1.130548315775972562e-01
-1.148992929756476322e-01
-2.165024467404860764e-01
-3.084305528203652447e-01
-3.009596301769013049e-01
-2.592168371837713092e-01
-2.193710101789750067e-01
-1.908986866869475107e-01
-1.595837695805590317e-01
-1.257926569252675042e-01
-9.652248098629397088e-02
-9.695237497248397618e-02
-1.275433643848837284e-01
-1.371247053242537484e-01
-1.122003972796926652e-01
-7.563969169656345470e-02
-3.856729150466076811e-02
-2.889981490381901552e-03
2.792399357046853811e-02
4.003822467354543890e-02
4.024057034154426143e-02
4.784715147148304454e-02
6.095513685620827099e-02
7.046021464872494200e-02
7.685729011659664378e-02
8.653488268483637558e-02
1.000673992311601757e-01
1.075660973979971208e-01
1.005860795316745882e-01
9.540654051633477850e-02
9.972943733853927017e-02
1.001312200123055662e-01
9.740703622302497589e-02
1.001529551190339096e-01
1.073848916188754332e-01
1.200555673185991629e-01
1.369795500723511861e-01
1.502515470361158179e-01
1.614785566668582584e-01
1.723948003515356209e-01
1.818946335638125245e-01
1.858444505378839540e-01
1.828738005690995205e-01
1.814940021594021180e-01
1.864184042767924321e-01
1.942464074054182921e-01
2.042996748081160885e-01
2.179509885853660456e-01
2.298290113971557524e-01
2.364219741965572774e-01
2.377126984228379591e-01
2.335103949564219517e-01
2.276351454069197588e-01
2.203619113112176564e-01
2.151632461020271947e-01
2.174638183514730205e-01
2.262685325670514558e-01
2.428970009353650372e-01
2.602915015687011224e-01
2.648192258191318094e-01
2.498530245474913647e-01
2.209970695792335682e-01
1.422958415290476730e-01
-6.525255562365522843e-03
-1.227845365084841156e-01
-1.499751178894706827e-01
-1.304162658617027404e-01
-1.161763910044962544e-01
-1.286788450283169183e-01
-1.229545730923330971e-01
-7.739044259971464279e-02
-2.048151756318877803e-02
2.388032808969910853e-02
4.926070793066764097e-02
4.182068387703839762e-02
3.809226879170239666e-02
7.505031886679461306e-02
1.255172065979280605e-01
1.735021378016576021e-01
2.237708239056319381e-01
2.745345401705063804e-01
2.470821410442045341e-01
1.298570399479092030e-01
7.003044283492207422e-02
1.055032009080585365e-01
1.593281080565894792e-01
2.111489099717361040e-01
2.703721495353921256e-01
3.367526706323858421e-01
3.986611846828936323e-01
3.799136885457242152e-01
2.084306911928762163e-01
8.333890841891225532e-02
1.154302190611917189e-01
1.966127871959250095e-01
2.849053872476974281e-01
3.647182309393315891e-01
4.405682604445653738e-01
5.194952522970911479e-01
5.858928378293389860e-01
6.351085952802092427e-01
6.724856228176273598e-01
6.945929859399493367e-01
7.096619084189488280e-01
7.196646190416516875e-01
7.228000199749420318e-01
7.281252976651776398e-01
7.442269286473596202e-01
7.707773782870586121e-01
8.043614458165508907e-01
8.414734572600203188e-01
8.788742109709601902e-01
9.244860488986600400e-01
9.746204281930677116e-01
1.022212448578652566e+00
1.070277853187106443e+00
1.118860683961635072e+00
1.165372448116355208e+00
1.208934608101515096e+00
