-1.029019876157179735e-02
6.057918404917456145e-03
5.057652384722449712e-02
2.830764922202915618e-02
2.432244744668278502e-02
-3.986287481662598164e-02
-8.358951891777409715e-01
-1.081110374557999299e+00
-1.446607964555714776e-01
2.566526559298142329e-01
3.196216696863584117e-01
2.626672396913907193e-01
-7.725812732378069259e-02
1.077745088684237129e-02
8.570279547728759661e-02
1.191679480666276159e-01
1.034482186728095665e-01
8.488572032142548129e-02
6.435350737683147304e-02
6.034346576872029466e-02
3.313675856818516785e-02
7.866664694202890606e-02
5.620361502630903672e-02
1.066670802873461582e-02
2.493888030718102722e-02
3.377802939602592147e-02
-8.741989477307098022e-02
-4.180883993156959966e-02
8.131476687014679849e-03
2.810012524136250300e-02
4.955756937061463197e-02
6.965596279201849428e-02
4.788557398367510043e-02
-9.573391631663198398e-01
-2.737594129754370886e+00
-3.552465515918464822e-01
2.440995245764560062e-01
8.772868898640656665e-02
3.374021442531274229e-01
5.703531821505533617e-02
-2.039250845810303692e-01
3.245759347365115288e-02
1.889176026347141046e-01
4.234899794663407602e-01
4.380158026754482070e-01
3.646941729959512490e-01
-1.210183823228306588e-01
-8.793794805847185425e-02
3.322705561790990914e-02
1.700288076773624479e-01
1.832670901683339237e-01
1.495288956078057174e-01
-2.922736059644578943e-01
-1.317514668041282810e+00
-7.957063875682543475e-02
3.108983215241634124e-01
3.857329083939405878e-01
2.151352985209117330e-01
1.585041848956092458e-01
2.337295143376611761e-01
2.010480552250561992e-01
1.626167992239498372e-01
-2.394120586760390135e-01
-2.662356959408895274e-01
1.241577127661782354e-01
2.724876224071883790e-01
2.869386420466646381e-01
2.711594106325512787e-01
2.571913028888059283e-01
1.767494464987349745e-01
-1.814581615209810705e-02
1.115222694411163729e-02
1.166187760036194454e-01
1.426261489556079898e-01
8.293391404937917877e-02
9.735153116130278173e-02
1.489567058101599062e-01
1.749057648420483946e-01
6.792043367001579512e-02
-3.102660386461202069e-02
1.081239586573986000e-01
9.867675349147428387e-02
1.803863141669412307e-02
5.385806221432427876e-02
1.339913646696228033e-01
1.455255543815225927e-01
2.249608163525605442e-01
2.172903160508601328e-01
1.460318335114771382e-01
1.783648075450678661e-01
1.692267737700080821e-01
1.702359174245848816e-01
9.454356182537029807e-02
7.113751014928507144e-02
1.216031444515364157e-01
1.456579197749983123e-01
1.427649352887212508e-01
1.954948467133006129e-01
2.238238718346953204e-01
1.600040751281380513e-01
1.448352970425184350e-01
1.000821451765758208e-01
7.311743084982449958e-02
9.420621515213181696e-02
6.553716583776697524e-02
1.402173276079593522e-01
2.045256304627945387e-01
2.476869515871501504e-01
3.028473223221845867e-01
2.387320035346445490e-01
1.088963254258046021e-01
-3.876468190190568430e-02
-8.270019496427835626e-02
-7.483125520605625747e-01
-1.106179848234960739e+00
-1.953543394384495979e-01
2.895014758079993977e-01
4.291914992669811912e-01
1.003936121494496819e-01
-6.313613003827026060e-02
3.545836783786753266e-01
5.297790804392162878e-01
4.803412382450557017e-01
3.022701918769077345e-01
1.624996113325576363e-01
-1.957726848775742379e-01
2.545194315453964684e-01
4.847176090516454039e-01
4.457717079390192683e-01
4.260521107623426174e-01
4.746147334332924128e-01
4.242911057561836174e-01
-6.846484817944367141e-01
-9.073129916279467633e-01
2.918436827017601987e-01
6.269775076329049401e-01
4.988663696295080330e-01
5.273970800675307213e-01
5.823299041100842288e-01
6.061515191942045133e-01
5.053276612818398128e-01
-5.641228372425468596e-01
-1.776992292369534043e+00
2.167013403887234069e-01
7.894075796689363766e-01
8.447280963959934441e-01
7.361326398799433735e-01
6.742778982339053817e-01
6.725894859203069842e-01
6.543318807379046032e-01
4.483703195745343262e-01
4.266758964475237392e-01
3.681463150155568909e-01
2.935698507850921235e-01
3.204266939482023346e-01
2.743207987714255669e-01
2.682298816892617621e-01
3.293105399370609421e-01
4.184421606501214641e-01
4.573551917705152015e-01
5.160982386651313814e-01
5.144839765031659073e-01
5.292262200044722809e-01
6.302956811854094621e-01
5.917553517336712199e-01
5.941049820764672251e-01
5.526196024767111581e-01
5.433121680716247459e-01
5.451087110141179526e-01
5.669280591950753845e-01
5.977571832698065357e-01
6.202862508886659576e-01
6.419965028393639361e-01
6.454978878381216756e-01
6.388572467827425827e-01
6.216749281607820699e-01
6.082003242765703366e-01
5.995023248718145403e-01
6.070607254784865514e-01
6.080583474384434473e-01
6.165614324352202136e-01
6.321207423076445897e-01
6.540783576266548938e-01
6.881863309136991846e-01
7.288987976607245178e-01
7.321369606123457885e-01
7.474751855229946340e-01
7.316793788124593689e-01
7.366137483363661698e-01
7.214561566251453950e-01
7.131866467182880198e-01
7.120625874826562729e-01
7.251211500030811941e-01
7.426732110386072838e-01
7.649753900595231970e-01
8.032517762744039169e-01
8.234963323166973881e-01
8.433509565383947582e-01
8.388846208306668384e-01
8.165599570186372613e-01
7.916405009756637412e-01
7.851869537790463482e-01
7.822359718297622333e-01
7.845210490014293825e-01
7.999964825301917326e-01
8.262258945228566631e-01
8.507244004831786555e-01
8.486874566568414213e-01
8.514522451608397269e-01
8.537820083448588449e-01
8.355736688759469732e-01
8.244672298924335951e-01
8.195552053883969901e-01
8.247823853911380176e-01
8.318148470287858309e-01
8.443022402227307044e-01
8.732803919284362060e-01
8.927836052437745362e-01
8.987467901546810634e-01
8.874438251071152806e-01
8.715418580179319363e-01
8.554090875766557911e-01
8.537172157140942019e-01
8.544867819654518026e-01
8.517752023280356077e-01
8.555480150998031608e-01
8.577117621322443153e-01
8.689690058723362753e-01
8.869246399183081664e-01
9.015104979004324726e-01
9.079564751048754268e-01
9.028169967133039542e-01
8.971026558841832532e-01
8.816482484375869344e-01
8.766884811023867297e-01
8.598843321211218083e-01
8.553070005845933022e-01
8.605513654304237647e-01
8.659840608165143561e-01
8.821771630039623169e-01
9.031390234846201626e-01
9.094850237598084419e-01
9.195258503482657275e-01
8.953244504676203253e-01
8.678992638009688232e-01
8.513691076461027407e-01
8.360506647072434294e-01
8.352468672997310772e-01
8.340360745687298571e-01
8.458900738828007970e-01
8.643720636342702157e-01
