-4.117631307284645775e-06
-2.494200365156326677e-05
-4.854822661725426229e-05
-5.118730601880466682e-05
-3.771360154299379828e-05
-2.145221141246510377e-05
-1.328467202290197565e-04
-7.940606931818264703e-04
-2.106472743670773692e-03
-3.601872269644076485e-03
-4.952417702791064684e-03
-6.061645971601531055e-03
-6.972205339323699763e-03
-7.833194967991537541e-03
-8.632672821095546678e-03
-9.323518006345661233e-03
-9.886100694141655709e-03
-1.032827579138743089e-02
-1.066851249002334114e-02
-1.092546065180959557e-02
-1.111170364505829899e-02
-1.124087668536501161e-02
-1.130143901929769185e-02
-1.130909168290319088e-02
-1.129303372789020390e-02
-1.125559797250916608e-02
-1.120880118424214152e-02
-1.120765948333102106e-02
-1.124200295495618104e-02
-1.128245204806680758e-02
-1.131228131244092598e-02
-1.131641295825578340e-02
-1.128451531178220613e-02
-1.135078739089791233e-02
-1.222644579223128823e-02
-1.459635706605760287e-02
-1.746659831686728226e-02
-2.026333532850333602e-02
-2.291114206056343514e-02
-2.530881838615887253e-02
-2.756892689003477906e-02
-2.980876777296207272e-02
-3.192265535471418975e-02
-3.377536905203986500e-02
-3.523199412417286902e-02
-3.626855161512615444e-02
-3.698426763078373897e-02
-3.762827190055273441e-02
-3.824732641475359074e-02
-3.878170033643035808e-02
-3.916428044819688509e-02
-3.938462307925336137e-02
-3.951908027387459471e-02
-3.992142868293762498e-02
-4.099456797846948858e-02
-4.223383635651369039e-02
-4.329376369223222887e-02
-4.409653531758267464e-02
-4.471176370996519239e-02
-4.516954031862415592e-02
-4.544624821941670167e-02
-4.555902315626701032e-02
-4.558389981769907229e-02
-4.572963980921349036e-02
-4.601937166265562124e-02
-4.625353640739662126e-02
-4.631085446475929901e-02
-4.617029673479271928e-02
-4.584203013527997361e-02
-4.534461951759914677e-02
-4.474052252591676632e-02
-4.413908432278206700e-02
-4.353774631178689708e-02
-4.289012945485461831e-02
-4.219213914230434542e-02
-4.146958969843619891e-02
-4.071936751162254231e-02
-3.991747988758487936e-02
-3.906466551788323471e-02
-3.822493454343092040e-02
-3.744684266620891544e-02
-3.667330278879929462e-02
-3.589048434151573957e-02
-3.512854785835867188e-02
-3.437655664314912679e-02
-3.360082029838236395e-02
-3.278167123027475593e-02
-3.188525012737331715e-02
-3.091433633836779271e-02
-2.989333361213827867e-02
-2.882335936806145957e-02
-2.771317440133743565e-02
-2.657670283074558756e-02
-2.545608820796295760e-02
-2.436579991329701836e-02
-2.327728621271139484e-02
-2.216192558596449119e-02
-2.101120103239548231e-02
-1.980700802190728249e-02
-1.854244094547315147e-02
-1.724334926663070172e-02
-1.593794679824422911e-02
-1.465650323648679323e-02
-1.341964113021153378e-02
-1.222818781100496084e-02
-1.108644810698719216e-02
-9.960418764076906309e-03
-8.810879332217089535e-03
-7.601863032872413495e-03
-6.302360020015412845e-03
-4.952361205860723176e-03
-3.645799463221799375e-03
-2.480303392585735730e-03
-1.582406144899476709e-03
-1.330117507926597501e-03
-1.861505362425022129e-03
-2.720545207474213151e-03
-3.530032127210696192e-03
-4.176928736558882353e-03
-4.798589923772990200e-03
-5.448304912888964242e-03
-5.922943134084680816e-03
-6.087945112654576628e-03
-5.966683724902508215e-03
-5.665349819712083880e-03
-5.316742959077708913e-03
-5.059112492121035053e-03
-4.708731196857843249e-03
-4.112570644613992681e-03
-3.263533734241231502e-03
-2.172637840495734909e-03
-8.281041405852709349e-04
6.087526306162275875e-04
1.559004660837010883e-03
1.924321578576590388e-03
2.278124816258616982e-03
2.912759056827885287e-03
3.826984188361102612e-03
5.030755891881151000e-03
6.559061851878019225e-03
8.416462032922907011e-03
1.041007170241520230e-02
1.184208637230387343e-02
1.225340260275754704e-02
1.250645872209768181e-02
1.312194193453389279e-02
1.422185845008788578e-02
1.577297994079896598e-02
1.771700432786281476e-02
2.004650493294572039e-02
2.274042507109257094e-02
2.568557958007564729e-02
2.881243429507583317e-02
3.204169129791390597e-02
3.530810222727224362e-02
3.859409414287123113e-02
4.186329380172006814e-02
4.510473211596448956e-02
4.836152154687415466e-02
5.169923427339859212e-02
5.516311388878020888e-02
5.878174894433591674e-02
6.256024004932549121e-02
6.651107672067371746e-02
7.068400273514888199e-02
7.506591942968185438e-02
7.965123401724352736e-02
8.443863131339388040e-02
8.942407244010759648e-02
9.458665728928512817e-02
