-1.342219236604730430e-06
-7.289144677928904167e-06
-5.555369192703441641e-06
2.683913869606943553e-05
8.743833729062262230e-05
1.651406614174348543e-04
1.227247390738954262e-04
-5.018717390797574436e-04
-1.881761420327668528e-03
-3.587449768614986260e-03
-5.273806477967279277e-03
-6.805526202705317919e-03
-8.188564730328222116e-03
-9.552650490740150976e-03
-1.087800775098269994e-02
-1.210419612190610263e-02
-1.319443929778016736e-02
-1.414241922972003795e-02
-1.495399648408218471e-02
-1.563891170122536436e-02
-1.620543472314458014e-02
-1.666425337650916105e-02
-1.700262550247434029e-02
-1.723429482003529384e-02
-1.738750511755867562e-02
-1.746706767013734077e-02
-1.748904630632797802e-02
-1.751502664004785451e-02
-1.754385043314556081e-02
-1.755100271612075255e-02
-1.752022026778949151e-02
-1.743546237131295140e-02
-1.728488527832934898e-02
-1.720582025229192707e-02
-1.795999343103714743e-02
-2.037515290245651631e-02
-2.356336558100727632e-02
-2.693652435286415445e-02
-3.037397466759383935e-02
-3.372373251424930912e-02
-3.705549829065624828e-02
-4.046393326167669474e-02
-4.382575774012665432e-02
-4.697466631501558132e-02
-4.973032358874316522e-02
-5.201666386762062583e-02
-5.389231567280682034e-02
-5.559304565331563142e-02
-5.717082032745798154e-02
-5.856764818592511551e-02
-5.970805261309893031e-02
-6.057153487071029185e-02
-6.122980247958900030e-02
-6.205576024717856382e-02
-6.352093720876360317e-02
-6.517417562187717561e-02
-6.665841143354847564e-02
-6.786240494911721655e-02
-6.882527712566932632e-02
-6.956379037619739303e-02
-7.003982290069331318e-02
-7.025505729120008758e-02
-7.028079025893309295e-02
-7.033773318536773456e-02
-7.047496805949141074e-02
-7.050988881872960468e-02
-7.031358735584898600e-02
-6.984365192031598280e-02
-6.909174292080667856e-02
-6.806764119952070369e-02
-6.683652458754531234e-02
-6.551254048420034060e-02
-6.411440995734953019e-02
-6.260085947683444174e-02
-6.096168289214975999e-02
-5.922725717625315633e-02
-5.739958658664220253e-02
-5.545439803599713086e-02
-5.338853864416612943e-02
-5.126822489550648260e-02
-4.915007477539304337e-02
-4.699277433907398521e-02
-4.479975120782744846e-02
-4.261272033368064538e-02
-4.042183531532022450e-02
-3.818523186745955561e-02
-3.587448843391500414e-02
-3.344396648784622034e-02
-3.088834880231779156e-02
-2.823496051043883348e-02
-2.547842613760251812e-02
-2.262019755501448043e-02
-1.967253595015995560e-02
-1.668052457820646747e-02
-1.366815595779714496e-02
-1.061959457665360464e-02
-7.521704876536595627e-03
-4.368029068918323141e-03
-1.129410346221583917e-03
2.209393519952919729e-03
5.620612969545742826e-03
9.080321051904901089e-03
1.255483186151155200e-02
1.601895763715540516e-02
1.946686420279835489e-02
2.288921495406201490e-02
2.632276251224937094e-02
2.981595496017713093e-02
3.341279408473707413e-02
3.714822405865839811e-02
4.099006618821169484e-02
4.484688212943682001e-02
4.860996588323845957e-02
5.212916524741208896e-02
5.498027801389552410e-02
5.694103667060460006e-02
5.841598886328618762e-02
5.979120703896029232e-02
6.121695318443631101e-02
6.258579658694157777e-02
6.385702912712029611e-02
6.525917991806071128e-02
6.696672218076897554e-02
6.900258810136658538e-02
7.128612922968831367e-02
7.368710059602313900e-02
7.605206416349290233e-02
7.856466840463033341e-02
8.139588543471473758e-02
8.457589990378655553e-02
8.811379552593685827e-02
9.203509652359051496e-02
9.618245493745972152e-02
9.993870844076785387e-02
1.031134011452049803e-01
1.062425880681539536e-01
1.096437755547736981e-01
1.133512358553658422e-01
1.174097039114363333e-01
1.218830656607979429e-01
1.268022162916331297e-01
1.319968857953775498e-01
1.367394122817391922e-01
1.404339940487374927e-01
1.438672076032362079e-01
1.475943806546679005e-01
1.517849747474451783e-01
1.564602640190657645e-01
1.616264356311208350e-01
1.673036210077449848e-01
1.734746484787674792e-01
1.800360598735753492e-01
1.869296913668956617e-01
1.940925087924457171e-01
2.014573738398128533e-01
2.089939245167665716e-01
2.166558665506888859e-01
2.244174208745500498e-01
2.322988670809553458e-01
2.403451021280013644e-01
2.485905859444515198e-01
2.570700699974379222e-01
2.657948999083599717e-01
2.747868951341874699e-01
2.840955946264676069e-01
2.937193182315764872e-01
3.036494142221315973e-01
3.138600363632940149e-01
3.243326601658673702e-01
3.350587389986123266e-01
3.460424128366815788e-01
3.572955303507765468e-01
3.688289155629615457e-01
3.806508131675210294e-01
3.927592016543446363e-01
4.051421223398878890e-01
4.177793983156417590e-01
4.306496391050214090e-01
4.437348295807870269e-01
4.570244685857131617e-01
4.705085576007992376e-01
4.841817533461482692e-01
4.980452513513783930e-01
5.121076754109662454e-01
5.263876058379113321e-01
5.409062776737020295e-01
5.556703337657957764e-01
5.706831089938471102e-01
5.859353157100278819e-01
6.014193164989536378e-01
6.171194017831637124e-01
6.330199073642799323e-01
6.491103385203479403e-01
6.653889048519867622e-01
6.818597435077488056e-01
6.985337114813421344e-01
7.154299851076199035e-01
7.325628683884936043e-01
7.499418507995090355e-01
7.675614635141897457e-01
7.854016061701324380e-01
8.034376480202294335e-01
8.216517096332462966e-01
8.400298997926757272e-01
8.585633244858467128e-01
8.772527411524958518e-01
8.961077400943012750e-01
9.151374083197407749e-01
9.343393423858891156e-01
9.537096864768273008e-01
9.732417139976954346e-01
9.929184319820186788e-01
1.012722929402219973e+00
1.032642571275376842e+00
1.052670863782235955e+00
1.072805120523579570e+00
1.093048991154742522e+00
1.113415596903764904e+00
1.133915880658421749e+00
1.154551697225782769e+00
1.175313380065163393e+00
1.196184883036007118e+00
1.217149312453321031e+00
1.238196031261644903e+00
1.259317038199541328e+00
1.280504209307785413e+00
1.301752458964352321e+00
1.323058609100380423e+00
1.344425568008887906e+00
1.365861698148387093e+00
1.387375050744415583e+00
1.408968615787847378e+00
1.430638357576983211e+00
1.452376237828349792e+00
1.474169392686604629e+00
1.496006162351305457e+00
1.517871113264132488e+00
1.539753995587571422e+00
1.561651325372602539e+00
1.583563496016923811e+00
1.605498342125894817e+00
1.627467427260915533e+00
1.649477684637355779e+00
1.671532094509655897e+00
1.693616018347565255e+00
1.715707823054411829e+00
1.737788614988106772e+00
1.759842184933954945e+00
1.781859520346731118e+00
1.803835822173949444e+00
1.825775003701390675e+00
