1.271067360683429334e-02
2.226305117657923285e-02
6.633191485930316211e-02
4.706334610027203269e-02
4.804109136501429761e-02
-2.309960913565196200e-02
-8.698828686738858673e-01
-1.202885910904005096e+00
-2.921350184179242193e-01
1.549633395193796837e-01
2.757136344067971367e-01
2.607369235518822714e-01
-6.863794801237801946e-02
1.525490927511319317e-02
9.716542868621783069e-02
1.449978511611546561e-01
1.356581480185012900e-01
1.249453922907935166e-01
1.086836175802014109e-01
1.021072336211506365e-01
7.513340155356615369e-02
1.180858433440099831e-01
9.564125562051872809e-02
5.180484838523712054e-02
6.327804530688171947e-02
6.745758183572403421e-02
-5.948499805792435008e-02
-2.221036082401819586e-02
2.625410731476261056e-02
5.130822757522138233e-02
7.810495750608814625e-02
1.027944437685949508e-01
8.432790599028314182e-02
-9.776422616312040459e-01
-2.945322577021586063e+00
-6.538564882666453304e-01
1.811155731499036747e-02
-6.034363791789185139e-02
2.596065008499519045e-01
2.003646185393054280e-02
-2.307645387552302307e-01
8.655709112604409450e-03
1.876651736121072722e-01
4.615306931820308822e-01
5.223312798762720366e-01
4.764173201546023639e-01
-1.992212616743931422e-02
-1.062778356526005927e-02
9.929403577073822595e-02
2.465947721702601569e-01
2.702054393086930073e-01
2.418005392974401924e-01
-2.222048188825196113e-01
-1.339274495283472755e+00
-1.476408243839825718e-01
2.880307143400465675e-01
4.185199906200858244e-01
2.933361357341772169e-01
2.433309254041488845e-01
3.325894849525639074e-01
3.172953089306843610e-01
2.775254190766428541e-01
-1.450157778960728394e-01
-2.026045152207484878e-01
1.702786157386115551e-01
3.348809697701152222e-01
3.835282706494985150e-01
3.913401601253179152e-01
3.875140449940238652e-01
2.898995483583983734e-01
9.767150443892215483e-02
8.746246384160406839e-02
1.932817718854232814e-01
2.409874040586972299e-01
1.748436898813858775e-01
1.877029929114035212e-01
2.452005704992190893e-01
2.845323731980065052e-01
1.761346503649932893e-01
7.588718853001205633e-02
2.000812103346670812e-01
1.682537153289652698e-01
7.492319857811161055e-02
1.155259157149634563e-01
2.159894728748625592e-01
2.416683094759138617e-01
3.421001834597122149e-01
3.498916982080171323e-01
2.639953196560840265e-01
3.103860075566300392e-01
3.132327860817998300e-01
3.163121150202324317e-01
2.395532219266247043e-01
2.054722492776381026e-01
2.452258662010799728e-01
2.438440850468359677e-01
2.404947503533200470e-01
3.159509042808742452e-01
3.609218193774758054e-01
2.851867369339183833e-01
2.856669384806900802e-01
2.337650486648123749e-01
2.055346304309320082e-01
2.253531513967887145e-01
1.924554478589432238e-01
2.787412515025458060e-01
3.631448061449958908e-01
4.229364062981845196e-01
4.793358995771194175e-01
4.269406056018058004e-01
3.018192097518265227e-01
1.426385309064951146e-01
7.171198544471188430e-02
-6.355841690205270567e-01
-1.095121664849447063e+00
-2.167706013394496423e-01
3.110068517058505178e-01
5.158574761450910318e-01
2.254915831359667333e-01
6.519102984232746922e-02
5.159272160768005877e-01
7.277524858414906594e-01
7.304755733666494777e-01
5.643316374913451838e-01
4.093270474438860940e-01
8.900831739887871130e-03
4.633909421398475503e-01
7.140013073339103178e-01
6.993108808627335193e-01
6.992664911515735771e-01
7.573788514514461223e-01
7.029526243628776427e-01
-4.531036566983268066e-01
-8.090884774601899698e-01
3.754351070002189261e-01
7.699408067594042393e-01
6.920613548421570282e-01
7.678659427292725548e-01
8.509433312399921068e-01
8.958742340942908999e-01
8.159945603180213114e-01
-2.789417929998332379e-01
-1.705125385867251264e+00
2.300797640124782883e-01
8.983210855453990229e-01
1.015468672103279735e+00
9.615873412687299115e-01
9.905823689288482115e-01
1.000237959510283492e+00
9.513121538268991539e-01
7.411436040328662767e-01
7.171336811783259879e-01
6.763103107303884975e-01
6.005144746917838727e-01
6.123087846974516468e-01
5.642006187092236669e-01
5.567553987349853628e-01
5.935121599562327432e-01
6.723909569861158397e-01
7.004225155633759803e-01
7.706042466454451345e-01
7.831282368977241504e-01
8.168092434094853527e-01
9.099426998737180083e-01
8.882856014637463549e-01
8.734070363688584138e-01
8.849776263213947614e-01
9.081993654605599042e-01
8.995516991126476514e-01
9.124365749717370244e-01
