-2.221040396317356169e+00
-2.217455963965193178e+00
-2.200153859125322242e+00
-2.249087311572981029e+00
-2.231220763447337774e+00
-2.236690458813912485e+00
-2.220783722011008265e+00
-2.218533983831118217e+00
-2.214540053158156496e+00
-2.207709225834829425e+00
-2.197075576333258340e+00
-2.181229152255435899e+00
-2.168569804226946118e+00
-2.161436389907694711e+00
-2.147285842812451051e+00
-2.123153296049113514e+00
-2.086269648598805926e+00
-2.034376642043219441e+00
-1.965903675055547195e+00
-1.867767575412811798e+00
-1.744814682550872575e+00
-1.437047919968845511e+00
5.379169275397357453e-01
1.756647560296832467e+01
1.072515998578439422e+02
-7.060299921949110491e+00
-1.517277801422727279e-01
-1.618137994817854031e+00
-1.735091636720230257e+00
-1.706459258166461268e+00
-1.577233887932089296e+00
-1.088906490302674168e+00
1.453846465626757123e+00
-2.090838011427253562e+00
-2.191523391851871949e+00
-2.198050757823828860e+00
-2.191322119819034686e+00
-2.182185452982991158e+00
-2.170752236023036463e+00
-2.157912821970025430e+00
-2.150901924700333812e+00
-2.143698717657978481e+00
-2.129031740369928372e+00
-2.099955852154064218e+00
-2.041480334493217530e+00
-1.926725677581963669e+00
-1.854777912834725928e+00
-1.894010290035921917e+00
-1.893433191319513043e+00
-1.826358645449910112e+00
-1.659304274765463827e+00
-1.337958878484525327e+00
-1.582498366600555428e+00
-2.024592475504959133e+00
-2.088411188505485239e+00
-2.069173992908965865e+00
-2.017046441014633373e+00
-1.945251547149280835e+00
-1.872533457359077280e+00
-1.749537750473922681e+00
-1.498135818237454453e+00
-1.009131685758618557e+00
-1.328846370134455501e+00
-1.754588074348826243e+00
-1.805109076831913129e+00
-1.632717273018079229e+00
-9.409461109581321869e-01
-2.039964921611591109e+01
-3.476746073921437308e+00
-2.947427620314224228e+00
-2.918674356195105624e+00
-3.043185923330798737e+00
-3.002613969160224272e+00
-2.875496140698460934e+00
-2.816867400327112136e+00
-2.789861515387160651e+00
-2.730666835735061859e+00
-2.656579922893761214e+00
-2.631195076083018503e+00
-2.689503068419980991e+00
-2.733797808645904936e+00
-2.696282429368396460e+00
-2.693091972842958093e+00
-2.711490480070610776e+00
-2.682323036884311396e+00
-2.629029458689800425e+00
-2.562789304818005931e+00
-2.503281155643924283e+00
-2.470273669563637142e+00
-2.447189589160056578e+00
-2.427417430016175715e+00
-2.411688910371472261e+00
-2.404920196563783197e+00
-2.407397084692990408e+00
-2.405571690373879079e+00
-2.393014581067681057e+00
-2.377723821931524650e+00
-2.361753429717984076e+00
-2.344713435792363576e+00
-2.331648940306054296e+00
-2.323279258469866715e+00
-2.318205245810829318e+00
-2.316030847804645632e+00
-2.314239109845565689e+00
-2.312884050431459393e+00
-2.309585721577534390e+00
-2.301179091352898887e+00
-2.290049897268926493e+00
-2.277439293937748133e+00
-2.266916781360174937e+00
-2.260691956607393749e+00
-2.258713218416602331e+00
-2.260312163218575421e+00
-2.306532058581006517e+00
-2.175546349200419005e+00
-2.194949936388104206e+00
-2.188490046290742175e+00
-2.170362452554785992e+00
-2.149773312164418915e+00
-2.147364456847098424e+00
-2.129969902833035889e+00
-2.009841865822924234e+00
-2.920227357195241069e+00
-2.400667372952383083e+00
-2.353726970301581289e+00
-2.397268857399398545e+00
-2.434671095921692174e+00
-2.328790567291235014e+00
-2.283181931167415968e+00
-2.262943260552165992e+00
-2.249630987177682062e+00
-2.239920045697015638e+00
-2.237207685397551327e+00
-2.257704914252267159e+00
-2.796379970472956167e+00
-2.254520269942568156e+00
-2.233369296704262652e+00
-2.225259130625742099e+00
-2.219661756122257135e+00
-2.215205537567802807e+00
-2.211042155811151044e+00
-2.202985164285539810e+00
-2.148167811457410981e+00
-2.503728272292330637e+00
-2.023231436643853520e+00
-2.168372609657446937e+00
-2.186353890071921935e+00
-2.190414334355370141e+00
-2.190993271894550620e+00
-2.190531455954730866e+00
-2.188349905963006048e+00
-2.184828612648869850e+00
-2.180561726949248325e+00
-2.175259112521771954e+00
-2.169671678975645612e+00
-2.163856187646967300e+00
-2.157520230528469973e+00
-2.151861190868946672e+00
-2.148118549306436531e+00
-2.145978893614462368e+00
-2.144640543381820752e+00
-2.143428328856716192e+00
-2.141915552118326627e+00
-2.141261355016764512e+00
-2.140687916224110143e+00
-2.139424480570365272e+00
-2.137992346067598248e+00
-2.136448396364682978e+00
-2.134529002488307903e+00
-2.132244553664706554e+00
