8.217174866981461065e-04
3.069327867761918911e-03
8.809022318418860409e-03
1.614476767809433500e-02
2.244472897721483048e-02
2.417047627909785917e-02
-3.345762184419721896e-02
-1.667947714630323985e-01
-2.650362676394675820e-01
-2.783584109239666260e-01
-2.528698011059794526e-01
-2.169836830647411674e-01
-2.002737155250671752e-01
-1.970713962706016065e-01
-1.829467558004835015e-01
-1.600410977851141892e-01
-1.341822416064616941e-01
-1.092687624484914299e-01
-8.610826324004805521e-02
-6.470778511374063180e-02
-4.599256670849756479e-02
-2.686382839253400809e-02
-7.243789141683394661e-03
7.450528157703535659e-03
1.930458405622317852e-02
3.123710998231590819e-02
3.442503722031465402e-02
3.121337130880236232e-02
3.245809509895130479e-02
3.773772226245525330e-02
4.597164818739120362e-02
5.724851135747500291e-02
6.871193182228159391e-02
1.017397354925470704e-02
-2.434167619570402619e-01
-4.773232259626825624e-01
-5.289659102285902970e-01
-5.382705989476392894e-01
-5.253932553975982911e-01
-5.027263974094385857e-01
-5.066598671958701949e-01
-5.082952803000828634e-01
-4.817840227621091320e-01
-4.242997556171343998e-01
-3.436419322550680611e-01
-2.602801515968763968e-01
-2.110911567875675410e-01
-1.931893405489470417e-01
-1.700377371667928239e-01
-1.324576596882062196e-01
-8.548641669171039292e-02
-3.990418937625833662e-02
-2.733937000325854100e-02
-1.180031848303739750e-01
-2.055762456154282547e-01
-1.944481542097499516e-01
-1.463854512086815163e-01
-9.611070316355674326e-02
-5.547032923438866003e-02
-1.193060442766080698e-02
3.597136498153905015e-02
7.995382215855706409e-02
9.327545149243145206e-02
7.479545437225744442e-02
7.422953407821115956e-02
1.060063992837898678e-01
1.510953412907351245e-01
1.998051052125920379e-01
2.485152119857137742e-01
2.900342890464791545e-01
3.119363725091026107e-01
3.194489063004964935e-01
3.311033311069560003e-01
3.508564541752559052e-01
3.682752303463471266e-01
3.814411163151735784e-01
3.980663884261990693e-01
4.199723974907189628e-01
4.366975258451101238e-01
4.394533613544580053e-01
4.428750579333831094e-01
4.510038905294101452e-01
4.505900958319059568e-01
4.463122388526312156e-01
4.503759698715358861e-01
4.621070743936082637e-01
4.819856340815902307e-01
5.087643403773826067e-01
5.306627873059852618e-01
5.500230534636451063e-01
5.719709243993030823e-01
5.938585457816865087e-01
6.104494109390924406e-01
6.193562069571946216e-01
6.277901344051034505e-01
6.377910402725860406e-01
6.468768033164009612e-01
6.600671090859804302e-01
6.804450434912356904e-01
6.985326094989375845e-01
7.116150775789338301e-01
7.207890438511187492e-01
7.242767082699631542e-01
7.265667433801082931e-01
7.273465448672185030e-01
7.311764890056722255e-01
7.455126662539134363e-01
7.690221411721294142e-01
8.001103771169280066e-01
8.315051114851219616e-01
8.514828240711853624e-01
8.527597646077795801e-01
8.383768610608193228e-01
7.724786442770993355e-01
6.308073406885170709e-01
5.140824486241500901e-01
4.851022470138698917e-01
5.053374185682157904e-01
5.238436757269779864e-01
5.172170433026725966e-01
5.312971207893160130e-01
5.886612409901855747e-01
6.618311782095225304e-01
7.263259337846743602e-01
7.710464468508811953e-01
7.794890348601164476e-01
7.904833431326000470e-01
8.440741393673137916e-01
9.121497881516907880e-01
9.792560316687948241e-01
1.049406617248824336e+00
1.118551496634378140e+00
1.108114046284805809e+00
9.992242546329260788e-01
9.389286191503231072e-01
9.751215614910625495e-01
1.032620774101156824e+00
1.092091432011400798e+00
1.162559727843402557e+00
1.241569890234994311e+00
1.318189756583690198e+00
1.318303262941123322e+00
1.155099253321852482e+00
1.021415195838778045e+00
1.046879745765727288e+00
1.124768330879976741e+00
1.210563977107901756e+00
1.297600846653452988e+00
1.388331441140942202e+00
1.476774783826258597e+00
1.547920184829534085e+00
1.602691742087731797e+00
1.650782881862725926e+00
1.688827677880170297e+00
1.720245575499689261e+00
1.746698936988496875e+00
1.767345427210162523e+00
1.787739948409102331e+00
1.813701659972538627e+00
1.845002276172396316e+00
1.881524431115829898e+00
1.922304941028289749e+00
1.965205706773751615e+00
2.015304740605664335e+00
2.068927636385088586e+00
2.119320563850470851e+00
2.168283363371821260e+00
2.218038203768951000e+00
2.267203710326149757e+00
2.315130003399206160e+00
