-1.251309212726256372e-06
-6.292658871798918407e-06
-3.129782583621738817e-06
2.655344117939316319e-05
7.481679837970439868e-05
1.284596449777034998e-04
6.103435384751054954e-05
-5.121811850577065797e-04
-1.630359640034039935e-03
-2.808995374302131719e-03
-3.760901572018630467e-03
-4.439668203489994733e-03
-4.925004108819777161e-03
-5.378422043928270634e-03
-5.788003443245395147e-03
-6.110797343828388781e-03
-6.332772661748558261e-03
-6.467499946705377104e-03
-6.534060377699491863e-03
-6.549342607453057137e-03
-6.524607406309728026e-03
-6.470175102210575825e-03
-6.373527814011322248e-03
-6.249039732234989292e-03
-6.119906459120626543e-03
-5.983759930359338133e-03
-5.850617006317499272e-03
-5.768331116670502058e-03
-5.718901965383935311e-03
-5.670555119881941913e-03
-5.606576799872063817e-03
-5.513964572655677757e-03
-5.386247670167351558e-03
-5.355983631446710816e-03
-6.085900348488152388e-03
-8.130712050217502040e-03
-1.043082530674916374e-02
-1.247694120250961505e-02
-1.426444483751515210e-02
-1.574812014814634675e-02
-1.708181211727386947e-02
-1.839277055270613359e-02
-1.958399999020539461e-02
-2.054207536285289001e-02
-2.116149847550526444e-02
-2.144621255437065277e-02
-2.151178232754417941e-02
-2.159643706640366340e-02
-2.171901787577235066e-02
-2.180336546695054931e-02
-2.177764971217525936e-02
-2.163467439070987722e-02
-2.145085390682028442e-02
-2.155588834725587905e-02
-2.228302242636690661e-02
-2.308695627373789569e-02
-2.365308199773919970e-02
-2.394561551662148860e-02
-2.405984116613184981e-02
-2.404213398782355238e-02
-2.387836381076617956e-02
-2.359142584405439155e-02
-2.326020905627544655e-02
-2.307602210383864760e-02
-2.303356526405089463e-02
-2.293229650245851015e-02
-2.266897869026487586e-02
-2.223583038176421556e-02
-2.165263338304115534e-02
-2.094826116339065444e-02
-2.019319133640213107e-02
-1.948359633986746983e-02
-1.881023453139243559e-02
-1.811739331057932861e-02
-1.739166289942027654e-02
-1.665795601827274944e-02
-1.591020889794942522e-02
-1.512180347851436145e-02
-1.429198252847625056e-02
-1.348130478272208284e-02
-1.272673025073607286e-02
-1.197293641985857672e-02
-1.121999185277966493e-02
-1.050057968545043026e-02
-9.794523705953527698e-03
-9.059878772482134190e-03
-8.275799042893969976e-03
-7.409985616004220732e-03
-6.472575600564288781e-03
-5.497723073111495523e-03
-4.482116241875424602e-03
-3.429693426864823154e-03
-2.353017884335384217e-03
-1.290780084946253859e-03
-2.540847462901029731e-04
7.819961725343672985e-04
1.832934881304846414e-03
2.905144682582298105e-03
4.023854685301234482e-03
5.195860054762821943e-03
6.389547102682202780e-03
7.584541624491616604e-03
8.755694658731813518e-03
9.890579699775354020e-03
1.099502224865260211e-02
1.206954890590319039e-02
1.315482691514931017e-02
1.429172834296385357e-02
1.550907986465389216e-02
1.682229965449541162e-02
1.818526996381850461e-02
1.951150560920814764e-02
2.071877802319424533e-02
2.170006521499424218e-02
2.212515177178374717e-02
2.191813322178690418e-02
2.155746254861033717e-02
2.138159754261158285e-02
2.145004883428116432e-02
2.159266842432001898e-02
2.174885767701514871e-02
2.210994956498573902e-02
2.277546654904487322e-02
2.369683397073257466e-02
2.475306785749297606e-02
2.580942509860802148e-02
2.674502113916907634e-02
2.776209378264864538e-02
2.899805336156948896e-02
3.044002068344762654e-02
3.206580047772075032e-02
3.387512815728726395e-02
3.570139544984027996e-02
3.701286319635008204e-02
3.778097674420961144e-02
3.860160581701469612e-02
3.972673584812550646e-02
4.111478601564123869e-02
4.275358884271639182e-02
4.465506527224454708e-02
4.680350182335821924e-02
4.900727375507418077e-02
5.062393565908269305e-02
5.128623020837170393e-02
5.190594782486755016e-02
5.295079814585661182e-02
5.446055890095660018e-02
5.635142154792632113e-02
5.855658350476371232e-02
6.104319446387110326e-02
6.375630307973335908e-02
6.658136380294968348e-02
6.947153338640303655e-02
7.238347664779688773e-02
7.527866850413533761e-02
7.815661907963333821e-02
8.099936716718869611e-02
8.380923665839233594e-02
8.662606538634505526e-02
8.950011118494428930e-02
9.246070447404995674e-02
9.553152085544484862e-02
9.871131053070390793e-02
1.020105993451544124e-01
1.054624590726618433e-01
1.090484740340707803e-01
1.127505150530302286e-01
1.165400366231656160e-01
1.204019515044031929e-01
1.243329340329029781e-01
1.283411463090993188e-01
1.324392452928664643e-01
1.366360751383331185e-01
1.409364249974500161e-01
1.453352327173691450e-01
1.498201237553077048e-01
1.543743104582395442e-01
1.589834156034526103e-01
1.636386223675830864e-01
1.683387707785333753e-01
1.730824279321022674e-01
1.778718710595629804e-01
1.827139344584088054e-01
1.876200293349794268e-01
1.926076390950251238e-01
1.976925903987523381e-01
2.028748476151244762e-01
2.081522182052832903e-01
2.135123856887807814e-01
2.189476399507946369e-01
2.244447210418140104e-01
2.299932895062321569e-01
2.355893993466756930e-01
2.412370517339134934e-01
2.469440059332698445e-01
2.527220040920559740e-01
2.585873918587669462e-01
2.645487779104599424e-01
2.706091760437407401e-01
2.767582154438057440e-01
2.829754755886398354e-01
2.892412901491827060e-01
2.955458840597029457e-01
3.018842903840550651e-01
3.082562567274582666e-01
3.146693434209776874e-01
3.211365317925981566e-01
3.276669512969483944e-01
3.342575660010284611e-01
3.409049808434810314e-01
3.476038157541269658e-01
3.543406784873933124e-01
3.611050323001442353e-01
3.678918445432693973e-01
3.747018679585053524e-01
3.815383217648185554e-01
3.884088497148437402e-01
3.953273475899243272e-01
4.023024569550687213e-01
4.093330503215469318e-01
4.164083877865848438e-01
4.235146611020279561e-01
4.306402481954944017e-01
4.377811415832196795e-01
4.449357827445658553e-01
4.521022315225327604e-01
4.592810786261359857e-01
4.664739247069408234e-01
4.736870024567980120e-01
4.809296070206549589e-01
4.882085275546729219e-01
4.955246483143522229e-01
5.028726832665808555e-01
5.102451061902723017e-01
5.176317750059719058e-01
5.250255804986353469e-01
5.324171690664751821e-01
5.398033848376114774e-01
5.471869849999311253e-01
5.545729339130442970e-01
5.619712827159561996e-01
5.693928007382809131e-01
5.768418375787941477e-01
5.843184352383131719e-01
5.918072189535610317e-01
5.992903565295706336e-01
6.067560207504828496e-01
6.141966698912899592e-01
6.216119357669765977e-01
6.290043794324154947e-01
6.363830384412176855e-01
