-1.331325413254631479e-06
-7.157138005792772182e-06
-5.205181163185921307e-06
2.689697922467481776e-05
8.585886474276361875e-05
1.600671462611432088e-04
1.133941291769654895e-04
-5.059934960565319433e-04
-1.851440367173593166e-03
-3.481110721183359059e-03
-5.051969384924115056e-03
-6.437239064229363997e-03
-7.652064505598876222e-03
-8.831621001248689956e-03
-9.958951992539998715e-03
-1.097761787039058627e-02
-1.185574415713195641e-02
-1.259182908495859281e-02
-1.319583937235245183e-02
-1.368079846603937645e-02
-1.405754973612688245e-02
-1.433866600340313012e-02
-1.451308924847590463e-02
-1.459607824161152784e-02
-1.461645223874825927e-02
-1.457901147686487681e-02
-1.449966336895229697e-02
-1.443857467396834904e-02
-1.439235699460069198e-02
-1.433512029654387607e-02
-1.425002040581382565e-02
-1.412096496659369198e-02
-1.393650955589338832e-02
-1.383332606330604092e-02
-1.456004281753026965e-02
-1.690545425056100975e-02
-1.994973848754380899e-02
-2.310332950262914548e-02
-2.625292437170946222e-02
-2.925665848964700486e-02
-3.219448743716051692e-02
-3.516660007319685755e-02
-3.805495480612569592e-02
-4.070236456874611747e-02
-4.294154370394633741e-02
-4.471155892685255845e-02
-4.608446863739374538e-02
-4.730275406144646144e-02
-4.841947738282656455e-02
-4.937809808489567603e-02
-5.010652643123832822e-02
-5.058863992030602358e-02
-5.089939674083693300e-02
-5.140843841979568507e-02
-5.256982852520555166e-02
-5.391723447286674020e-02
-5.509464660126091318e-02
-5.599811822129378142e-02
-5.667373486893679396e-02
-5.714308850015799301e-02
-5.737269629853836844e-02
-5.736887728905981643e-02
-5.720605488493613749e-02
-5.710302300090315530e-02
-5.710256789878349198e-02
-5.701913726286452627e-02
-5.672634176575522963e-02
-5.618627200650733178e-02
-5.539508075278724158e-02
-5.436641018828929778e-02
-5.316774920450487857e-02
-5.191234647985614598e-02
-5.061602048631653333e-02
-4.923558280825988953e-02
-4.776007355659417364e-02
-4.621879245834948496e-02
-4.461222788739688944e-02
-4.291520731419926765e-02
-4.112434767370267558e-02
-3.930471235448557143e-02
-3.750980169252985524e-02
-3.569551603992930644e-02
-3.386371014023276810e-02
-3.205385812504700505e-02
-3.025361227700621575e-02
-2.841986975855068098e-02
-2.652415583026020499e-02
-2.452188352618862172e-02
-2.240949888673266638e-02
-2.021535505152210338e-02
-1.793461024245443514e-02
-1.556930929894145312e-02
-1.313204813619896910e-02
-1.066731906588730579e-02
-8.197458641852197608e-03
-5.705149208800736754e-03
-3.176491265540695805e-03
-6.045868559223909616e-04
2.039583517866171581e-03
4.770368328029613546e-03
7.559475552866089243e-03
1.038334667166643244e-02
1.320943426365033847e-02
1.601446267606968996e-02
1.879464266772346362e-02
2.154266466024806759e-02
2.429665948456117761e-02
2.710490377239424889e-02
3.000991414773117316e-02
3.304411803683558052e-02
3.617306477066538350e-02
3.930526465551130444e-02
4.233505254408677365e-02
4.511817812129848698e-02
4.724409074166027039e-02
4.851336662954779111e-02
4.934692727644054283e-02
5.013190429423374644e-02
5.101152760951511989e-02
5.187210507678723798e-02
5.267062343250653728e-02
5.363054776358630593e-02
5.491538170926977408e-02
5.653581377791302987e-02
5.840173919100943162e-02
6.037780790992675756e-02
6.231101047087803102e-02
6.438494984542832145e-02
6.676442535414928159e-02
6.947155376528353632e-02
7.250820108211647463e-02
7.589308979717010462e-02
7.946400078369605935e-02
8.261176075475787361e-02
8.516679341219943189e-02
8.767659209552984556e-02
9.045431454102782765e-02
9.352617522856437882e-02
9.692925565795754150e-02
1.007191222438510031e-01
1.049180078564502655e-01
1.093494458907616068e-01
1.132935828786865301e-01
1.161843236204272573e-01
1.188300121813180843e-01
1.217817477147651734e-01
1.251957478456336703e-01
1.290795862751943912e-01
1.334274788771746822e-01
1.382488436269206922e-01
1.435170566760248789e-01
1.491224820365120163e-01
1.550041656047878857e-01
1.610982933068750567e-01
1.673390939996354798e-01
1.736987766091264429e-01
1.801343356743629331e-01
1.866240062023718782e-01
1.931915998071511709e-01
1.998840015532438452e-01
2.067362145665794237e-01
2.137824422146773762e-01
2.210328871362087777e-01
2.285080358169896686e-01
2.362551150236061048e-01
2.442697215298219870e-01
2.525411088118537095e-01
2.610421396100670033e-01
2.697538905894644734e-01
2.786678711149697119e-01
2.877883437351178575e-01
2.971270146614555241e-01
3.066942547745117875e-01
3.164976420111185185e-01
3.265344932805832046e-01
3.367925042997146345e-01
3.472516960284121601e-01
3.578914830171241457e-01
3.686951426478446980e-01
3.796537049605769876e-01
3.907587910493692251e-01
4.020066967843294314e-01
4.134000966006263211e-01
4.249487554872357076e-01
4.366718454407948480e-01
4.485904929551416953e-01
4.607108512133851197e-01
4.730357033575311454e-01
4.855553911682596868e-01
4.982622271267695413e-01
5.111407984536509019e-01
5.241761893098653147e-01
5.373589477525857472e-01
5.506883669069814191e-01
5.641694812478114107e-01
5.778137171281700901e-01
5.916402887931011545e-01
6.056630350987489697e-01
6.198906995659231312e-01
6.343171061840863212e-01
6.489219487869237746e-01
6.636811160919265928e-01
6.785778135366961061e-01
6.935995454693241191e-01
7.087389676595645671e-01
7.239983013306190429e-01
7.393882375590455913e-01
7.549185100849042929e-01
7.705871844774931922e-01
7.863909291406788737e-01
8.023236085058487177e-01
8.183690978340201205e-01
8.345117591974462457e-01
8.507404941898941697e-01
8.670504123457180023e-01
8.834403409871681712e-01
8.999152339325835470e-01
9.164890793841703465e-01
9.331731903783653248e-01
9.499695489634119028e-01
9.668687238560619290e-01
9.838552671141863604e-01
1.000913302938288396e+00
1.018033479610129577e+00
1.035209162005698680e+00
1.052433642905509670e+00
1.069703252394864634e+00
1.087016154735881646e+00
1.104376425141782914e+00
1.121793254837754272e+00
1.139275155086865610e+00
1.156825343264847428e+00
1.174440001885804552e+00
1.192111460358152852e+00
1.209827487969339366e+00
1.227577328541792578e+00
1.245346724482457645e+00
1.263126832784876141e+00
1.280915570230424683e+00
1.298714579785898771e+00
1.316532652857145935e+00
1.334381868327280340e+00
1.352269328478036270e+00
1.370197995877879826e+00
1.388153379965652245e+00
1.406114544736967176e+00
1.424063793752719853e+00
1.441986463602043855e+00
1.459875237553075911e+00
1.477726973022281287e+00
1.495547023603726489e+00
