-1.664355365651205343e+00
-1.665385922387667028e+00
-1.663739949870551627e+00
-1.664650495304540012e+00
-1.665348843979971516e+00
-1.666712633759692030e+00
-1.663689099104116886e+00
-1.664567348059966312e+00
-1.665322602599829338e+00
-1.666469940398201288e+00
-1.668179843259077977e+00
-1.670658034428516903e+00
-1.672784444269825643e+00
-1.674179023592208049e+00
-1.676650345884534543e+00
-1.680845751757624962e+00
-1.687539249821770282e+00
-1.698018926507731230e+00
-1.715379976612733337e+00
-1.750520788665701488e+00
-1.839075025477238778e+00
7.359436491437996164e-01
-1.519912729419526709e+00
-1.567966275040741042e+00
-1.583437926928699113e+00
-1.597836560050624133e+00
-1.584276785358638806e+00
-1.512062283298043264e+00
-1.443839186928917995e+00
-1.484136251051121347e+00
-1.547302543984180767e+00
-1.590783424008996638e+00
-1.610904997396589433e+00
-1.700596384927850480e+00
-1.669291292245959513e+00
-1.668013135983097639e+00
-1.669037256051750573e+00
-1.670449545067318020e+00
-1.672232868876234901e+00
-1.674283462008023582e+00
-1.675561730698202689e+00
-1.676884646831606762e+00
-1.679362936104501047e+00
-1.684161341472189433e+00
-1.693991195546487916e+00
-1.715033146059093960e+00
-1.735365826683048285e+00
-1.733951063621801847e+00
-1.739926240562903681e+00
-1.771087939951238255e+00
-1.908114476083258682e+00
-1.183436151341907827e-01
-3.010353892633818251e+00
-1.713316888403079830e+00
-1.692362983511297658e+00
-1.696165549403002348e+00
-1.709641218953628972e+00
-1.734647409167269005e+00
-1.774806339899873242e+00
-1.924447570111856187e+00
-1.026401730156556891e+00
-1.498982080692457863e+00
-1.476122296792011346e+00
-4.658960563078137440e+00
-2.184833816667833162e+00
-1.254257810029451470e+00
-1.549372806221809062e+00
-1.598097234556660418e+00
-1.617484152471819758e+00
-1.626794688175825954e+00
-1.629334146326381960e+00
-1.629021261097824080e+00
-1.630616472321987809e+00
-1.633840737064772730e+00
-1.636252271010242954e+00
-1.637996316549505504e+00
-1.640275924509479566e+00
-1.642978814862929182e+00
-1.644796437476995887e+00
-1.645131060951241730e+00
-1.645748602439267572e+00
-1.647186545003921143e+00
-1.648036209365198346e+00
-1.648641615569300445e+00
-1.649942047938594669e+00
-1.651668133254061033e+00
-1.653648109474043837e+00
-1.655615611710235635e+00
-1.657165923704792210e+00
-1.658523297723457635e+00
-1.659822469858692084e+00
-1.661034028407462060e+00
-1.662140070774357881e+00
-1.663183921059386172e+00
-1.664230619933361854e+00
-1.665263474643331465e+00
-1.666270138740853390e+00
-1.667218497616216322e+00
-1.668073368377521071e+00
-1.668938897820851697e+00
-1.669868196444151298e+00
-1.670872287397275446e+00
-1.671992621685538527e+00
-1.673138165747956929e+00
-1.674326340144280501e+00
-1.675399831408594054e+00
-1.676096633693614946e+00
-1.676491874764406198e+00
-1.676644451662455237e+00
-1.676880969569439772e+00
-1.677627126872267560e+00
-1.679136060888997806e+00
-1.681379043054668454e+00
-1.687917360816010293e+00
-1.723706443149032319e+00
5.198044822220512451e+00
-6.615635680750298064e-01
-1.836177181653229518e+00
-1.757096165369786744e+00
-1.760015916528287150e+00
-1.739213669599602552e+00
-1.708463299469505259e+00
-1.694899822431295000e+00
-1.689764706231029923e+00
-1.688293070103802140e+00
-1.690275810828598235e+00
-1.691623717927092763e+00
-1.688821129327791937e+00
-1.686067773675727910e+00
-1.684384729932319136e+00
-1.683131182661702807e+00
-1.682298128165678364e+00
-1.684918607995177453e+00
-1.694461020614526525e+00
-1.702350616003464712e+00
-1.697685202280812211e+00
-1.693075760888030246e+00
-1.690198446672244836e+00
-1.687818684116149104e+00
-1.685909149352661229e+00
-1.684756613685185922e+00
-1.686827793750646176e+00
-1.699432648579330296e+00
-1.718375111159515800e+00
-1.710597447536336357e+00
-1.700291460585818148e+00
-1.694245765215791844e+00
-1.690813014765772504e+00
-1.688573584200203426e+00
-1.687028912158442973e+00
-1.686394203986827822e+00
-1.686397744764863260e+00
-1.686676154334445510e+00
-1.687289865884985307e+00
-1.688041161030581438e+00
-1.688879707915412087e+00
-1.689852580348579103e+00
-1.690719376268899232e+00
-1.691256026124033029e+00
-1.691519599055518519e+00
-1.691588211466329428e+00
-1.691581508390908484e+00
-1.691596217158790383e+00
-1.691433454026978866e+00
-1.691245081368338399e+00
-1.691198546827356042e+00
-1.691293957220775024e+00
-1.691530859513065810e+00
-1.691827068651350574e+00
-1.692123661511075294e+00
-1.692371434504840844e+00
-1.692572363645278966e+00
-1.692743596254225213e+00
-1.692919121613984501e+00
-1.693141965890997414e+00
-1.693440386947579368e+00
-1.693818669105394248e+00
-1.694259059278270918e+00
-1.694724750162592164e+00
-1.695199500539501525e+00
-1.695678065287233194e+00
-1.696136514327813982e+00
-1.696553666618274114e+00
-1.696901855028314365e+00
-1.697156869386931444e+00
-1.697374021613725636e+00
-1.697591219917155447e+00
-1.697841387650803613e+00
-1.698135206272906483e+00
-1.698473197335568896e+00
-1.698869697347793251e+00
-1.699301926911429783e+00
-1.699736478126740113e+00
-1.700145671652548707e+00
-1.700515734487265451e+00
-1.700817590657317968e+00
-1.701059809763189712e+00
-1.701270885691567702e+00
-1.701489775756144462e+00
-1.701774219401970489e+00
-1.702148830763329013e+00
-1.702587625336069443e+00
-1.703058743200471348e+00
-1.703547165260670404e+00
-1.704024656537556526e+00
-1.704456903610944263e+00
-1.704832147671655918e+00
-1.705191832294865595e+00
-1.705564508358407672e+00
-1.705945142515032265e+00
-1.706363549255122569e+00
-1.706835254749365482e+00
-1.707340786787919562e+00
-1.707855652325040108e+00
-1.708362149382246731e+00
-1.708848560164031305e+00
-1.709282929698410225e+00
-1.709657844083757094e+00
-1.710007360587033398e+00
-1.710376342889303070e+00
-1.710795064061374937e+00
-1.711269662890853915e+00
-1.711778181106800023e+00
-1.712296105838884586e+00
-1.712823525496185217e+00
-1.713354005102372346e+00
-1.713879943217554658e+00
-1.714388858711058283e+00
-1.714857593241985168e+00
-1.715282184889512562e+00
-1.715680666850365022e+00
-1.716083277166549070e+00
-1.716507921606229337e+00
-1.716970659726598347e+00
-1.717468605282398642e+00
-1.718004509620093323e+00
-1.718574794309339904e+00
-1.719145313270621811e+00
-1.719699935586509687e+00
-1.720219941617686654e+00
-1.720681583690133909e+00
-1.721101721727455569e+00
-1.721497040913764209e+00
-1.721918667368094402e+00
-1.722422633078198206e+00
-1.722996401413384282e+00
-1.723621045197013091e+00
-1.724269117220404546e+00
-1.724917162022366668e+00
-1.725541548732894670e+00
-1.726109144775092252e+00
