-8.225942762749784452e-06
-5.207986596695982941e-05
-1.164324283597217163e-04
-1.728520950691790690e-04
-2.245005248241485043e-04
-2.854489050689929452e-04
-4.855350683570201775e-04
-1.261615060382674340e-03
-2.743899354533970054e-03
-4.477265345265061570e-03
-6.122776024610374415e-03
-7.565268053904446004e-03
-8.829777430623915457e-03
-1.005601702993123674e-02
-1.122742573009199649e-02
-1.229257000211585529e-02
-1.322832283116151704e-02
-1.403715358708721578e-02
-1.473609108411988618e-02
-1.534344479181923467e-02
-1.586967311304641678e-02
-1.632846858250226046e-02
-1.670634248181120801e-02
-1.701839798154408320e-02
-1.729775510987223777e-02
-1.754885963636286517e-02
-1.778328665552883492e-02
-1.805964560793959020e-02
-1.837194691673288069e-02
-1.869319391944109301e-02
-1.900908831461643050e-02
-1.930531020308252563e-02
-1.957013295725557392e-02
-1.993782671588884350e-02
-2.113892844998897444e-02
-2.391685594045005886e-02
-2.731685857704137591e-02
-3.075139661277754080e-02
-3.412410923510750260e-02
-3.731424772846394372e-02
-4.041385122999979762e-02
-4.353234465969332140e-02
-4.655460980078750949e-02
-4.933073940009154168e-02
-5.170886824502143875e-02
-5.364933494092542776e-02
-5.523740919472410610e-02
-5.671951826855221174e-02
-5.815079040821179157e-02
-5.947773520295324134e-02
-6.063737555201134666e-02
-6.161777256739676967e-02
-6.249345076961083240e-02
-6.362688890662722419e-02
-6.545251372304558557e-02
-6.748996707629614789e-02
-6.938978834252310102e-02
-7.106218729795030220e-02
-7.256981845910168150e-02
-7.393085776675084597e-02
-7.511466092778812387e-02
-7.613454945028334808e-02
-7.705938647662206875e-02
-7.810187756864658826e-02
-7.929644940786584328e-02
-8.043893213733357972e-02
-8.139819826807477565e-02
-8.215156850123496446e-02
-8.270692564282260129e-02
-8.307324814741774699e-02
-8.329828014904508415e-02
-8.349569332959977386e-02
-8.365553194680741544e-02
-8.373701584902250306e-02
-8.374920118593655316e-02
-8.371831244644153958e-02
-8.364313929743988352e-02
-8.350442683881476036e-02
-8.330842498510568350e-02
-8.312293448621640990e-02
-8.300533814232549656e-02
-8.289230253926738179e-02
-8.275093322769074000e-02
-8.260405252049921043e-02
-8.244999149567713848e-02
-8.226954386990999180e-02
-8.205160370765267330e-02
-8.176916705489868653e-02
-8.142345604492563782e-02
-8.102758691501865673e-02
-8.058855115926875923e-02
-8.012265015490929732e-02
-7.964559319255329339e-02
-7.920105190865450728e-02
-7.880214650034274293e-02
-7.841144910882691388e-02
-7.798055224510999639e-02
-7.749708854858201879e-02
-7.695478100969049828e-02
-7.635110203532280426e-02
-7.570501485748530601e-02
-7.505330646768565428e-02
-7.442944887555809352e-02
-7.386035621418626795e-02
-7.335265780103528144e-02
-7.291546862322334510e-02
-7.252579853912015373e-02
-7.215446157019810014e-02
-7.176587733964692739e-02
-7.131730006168844616e-02
-7.084534797219589619e-02
-7.044983972119080173e-02
-7.023621643934201131e-02
-7.033859594860301934e-02
-7.116095999233923441e-02
-7.286922581559256151e-02
-7.502459492493036841e-02
-7.724177668888075610e-02
-7.938998404475536286e-02
-8.159336068150190024e-02
-8.390131117156836293e-02
-8.610878666217965105e-02
-8.806298281698635155e-02
-8.977611883400725412e-02
-9.133902376832141179e-02
-9.286865442022665396e-02
-9.449892148503280520e-02
-9.605618991473491297e-02
-9.737855883145564440e-02
-9.844598675328543325e-02
-9.926068322211277495e-02
-9.979712022951597872e-02
-1.002029367548149807e-01
-1.010720797336569499e-01
-1.025214358563362460e-01
-1.039932996181870961e-01
-1.051861494525955648e-01
-1.060875198217652721e-01
-1.066826785999277494e-01
-1.069240163106767727e-01
-1.067922159797533854e-01
-1.064811150171512538e-01
-1.067146246056947939e-01
-1.079683286407778636e-01
-1.094057766839949264e-01
-1.104999190955442689e-01
-1.110870857192701178e-01
-1.111767980835817876e-01
-1.108409156085869707e-01
-1.100639495574845111e-01
-1.088206656596685251e-01
-1.072092885062431999e-01
-1.053101971175388341e-01
-1.032327598057066614e-01
-1.010633815748910036e-01
-9.883037420926615857e-02
-9.658586591200338245e-02
-9.435248946648268353e-02
-9.207926405015698368e-02
-8.968397227460170318e-02
-8.710429201380576192e-02
-8.430851853924693773e-02
-8.129029744024057758e-02
-7.803835402845525626e-02
-7.448638133683008200e-02
-7.064169129555421256e-02
-6.649627319924948654e-02
-6.204575691622021133e-02
-5.729424835741538796e-02
-5.226846487216307846e-02
