-2.787620232230214157e+00
-2.783142388544045609e+00
-2.758116274494032183e+00
-2.815211057250662563e+00
-2.798262820441737908e+00
-2.803136213946586519e+00
-2.787385059386997987e+00
-2.784546694107911335e+00
-2.779478143501632914e+00
-2.770489009235004296e+00
-2.755760881204234458e+00
-2.732442084372379565e+00
-2.715109975378740437e+00
-2.707491635505721028e+00
-2.688196308690626424e+00
-2.652492314017153685e+00
-2.594666703351224513e+00
-2.509200272809085863e+00
-2.392530682885459115e+00
-2.214064035723532164e+00
-1.988715244309042562e+00
-1.182464132083633768e+00
-1.211291426907529356e+01
-6.457241720339419899e+00
-7.425775421827903067e+00
-5.587780694053321895e+00
-7.833503928207496969e-02
-2.119280367831077427e+00
-2.239019670609990520e+00
-2.185223411033379470e+00
-1.991905104024114026e+00
-1.155943849614799346e+00
1.425439952507411157e+01
-2.650701660004708415e+00
-2.756400807473823988e+00
-2.761891153539984600e+00
-2.752431088466331666e+00
-2.739842101912136396e+00
-2.723969330794794530e+00
-2.706258044766918225e+00
-2.697884062790984139e+00
-2.689077897332281530e+00
-2.668949194512143741e+00
-2.626006159906119297e+00
-2.530761597450942535e+00
-2.310394564658154515e+00
-2.204742539663171463e+00
-2.334484281227862557e+00
-2.353491466914559460e+00
-2.254321271231930268e+00
-1.970445444361347498e+00
-1.321666629776991675e+00
-1.943934990552477649e+00
-2.570861019500134237e+00
-2.639927487516890103e+00
-2.610574623433779884e+00
-2.535489819726115535e+00
-2.427851210654245584e+00
-2.317954467057765200e+00
-2.116866878004870500e+00
-1.637417604055818154e+00
-4.136276173509798593e-01
-1.526147923157701314e+00
-2.236050330332343794e+00
-2.295790640039229391e+00
-2.036074952898480284e+00
-6.417980836372051412e-01
-6.294895440863023772e+00
-3.865657826077861792e+00
-3.498451102691758408e+00
-3.512461826622497618e+00
-3.682718712598512134e+00
-3.653697896900001574e+00
-3.514709879900888900e+00
-3.456357347077005926e+00
-3.432750018421084182e+00
-3.365440924978602144e+00
-3.279368463725809590e+00
-3.254978373464422425e+00
-3.338261221866352546e+00
-3.398233701710193344e+00
-3.344826531929156577e+00
-3.341892666348438734e+00
-3.367143547322994035e+00
-3.326537637403673919e+00
-3.257598231178115533e+00
-3.175546606963869145e+00
-3.105243302517326498e+00
-3.068747420666950276e+00
-3.043657321255819781e+00
-3.021965005820787198e+00
-3.004738857919292183e+00
-2.998626452483598825e+00
-3.003949691691280677e+00
-3.002602953748223502e+00
-2.986560137303236218e+00
-2.967480011105601001e+00
-2.947955572585418071e+00
-2.927425963820892374e+00
-2.912261969115949256e+00
-2.902976858198335286e+00
-2.897669152275400783e+00
-2.895845196152996515e+00
-2.894185205494156143e+00
-2.892909810274488347e+00
-2.888771468102752316e+00
-2.877880099037064987e+00
-2.863922859308170032e+00
-2.848628930081512856e+00
-2.836318567085951869e+00
-2.829219416621706173e+00
-2.827056220621762428e+00
-2.829126838158167345e+00
-2.913052267876735435e+00
-2.753971562993000610e+00
-2.763754681092570831e+00
-2.754126587918598101e+00
-2.730565485500503264e+00
-2.702683336644698731e+00
-2.700193157711191283e+00
-2.675901750540974788e+00
-2.457235281593263210e+00
-3.164941255100034212e+00
-2.946757649508492172e+00
-2.915649816835869323e+00
-2.968362380411133650e+00
-3.015545008519349146e+00
-2.898363325297252935e+00
-2.850764071869066996e+00
-2.829800956496808517e+00
-2.815717227819225066e+00
-2.805210757705573599e+00
-2.801379353190968757e+00
-2.827303508531870957e+00
-2.707885148800831310e+00
-2.816767876528077252e+00
-2.795698901134281655e+00
-2.787985915084761679e+00
-2.782389639192389019e+00
-2.777701485229387757e+00
-2.772971066749582825e+00
-2.761842881065863509e+00
-2.639922072509248707e+00
-2.945121512634903738e+00
-2.357131545996727251e+00
-2.721823410415431965e+00
-2.745646285517291840e+00
-2.750382101839604410e+00
-2.750784300876778943e+00
-2.750004555181265076e+00
-2.747010796191572179e+00
-2.742313978090292537e+00
-2.736692649900499319e+00
-2.729711188166917157e+00
-2.722466594323354805e+00
-2.714998482489539455e+00
-2.706877394391042024e+00
-2.699881645021882104e+00
-2.695732276419478879e+00
-2.693759519922189760e+00
-2.692709595091025143e+00
-2.691629217810771912e+00
-2.689990726053280490e+00
-2.689511434780571975e+00
-2.689016400136523544e+00
-2.687502400564572014e+00
-2.685753742850457648e+00
-2.683861102169916357e+00
-2.681451099135029992e+00
-2.678565429208222604e+00
