-4.073494505294841918e-06
-2.443288094706714506e-05
-4.685233838027851397e-05
-4.815146246679673751e-05
-3.393754553378727627e-05
-1.773460347512710196e-05
-1.282552752389021428e-04
-7.761306998699218744e-04
-2.043436257994927108e-03
-3.455594597398746991e-03
-4.695725180112913719e-03
-5.682392996799176706e-03
-6.470143109588584115e-03
-7.212960251874752857e-03
-7.899850573725745659e-03
-8.485939933425777279e-03
-8.954397664954283700e-03
-9.315247830170059889e-03
-9.587991108218237024e-03
-9.791299310302491871e-03
-9.937189190686720672e-03
-1.003831528884126939e-02
-1.008235867580702626e-02
-1.008442180441510017e-02
-1.007228727623176237e-02
-1.004662758233447993e-02
-1.001813637314005918e-02
-1.003948960386395924e-02
-1.009785836502986693e-02
-1.016281134961140656e-02
-1.021764678059991667e-02
-1.024781733973686125e-02
-1.024385784443922892e-02
-1.033926204119342378e-02
-1.123045381903350903e-02
-1.356239406801437904e-02
-1.631872449592070701e-02
-1.894201756019161728e-02
-2.137801653109262096e-02
-2.354401645116805178e-02
-2.556650104966583237e-02
-2.756804428653580538e-02
-2.944683772599183610e-02
-3.107523431655422053e-02
-3.232867734048603531e-02
-3.319361727164071851e-02
-3.377557966842155424e-02
-3.432149417082405729e-02
-3.487071050412130641e-02
-3.535874242043880733e-02
-3.571728295349597959e-02
-3.593628695406547030e-02
-3.609134366115377551e-02
-3.652844884677457216e-02
-3.762905199036280235e-02
-3.887491663705647249e-02
-3.992826917039112716e-02
-4.072358213558423951e-02
-4.133914815174632301e-02
-4.180930222253090994e-02
-4.211365417913148085e-02
-4.227187510902409573e-02
-4.236034042523224158e-02
-4.258264976965412535e-02
-4.295329378563098738e-02
-4.327012070417657341e-02
-4.341611301338829665e-02
-4.337553349826845511e-02
-4.316238909437700860e-02
-4.279750475522142716e-02
-4.234362798167962127e-02
-4.190692887800756550e-02
-4.148039976579023791e-02
-4.101557044522476797e-02
-4.050772809620716008e-02
-3.998163433909466408e-02
-3.943287569402461473e-02
-3.883704707608391649e-02
-3.819509413573990431e-02
-3.756996388681825561e-02
-3.700707649413600281e-02
-3.644732471330184437e-02
-3.587697386449188036e-02
-3.532570971050831565e-02
-3.478179095171569229e-02
-3.421188417530587889e-02
-3.359749359696626025e-02
-3.290655934037581276e-02
-3.214380863002974653e-02
-3.133441749680113825e-02
-3.047959118820292926e-02
-2.958801318349489964e-02
-2.867314895986606063e-02
-2.777575952834817827e-02
-2.690814071453598647e-02
-2.604046060310000188e-02
-2.514427682917508983e-02
-2.421179422912708365e-02
-2.322584879545757860e-02
-2.218074437685609371e-02
-2.110282675549796094e-02
-2.001963871934197420e-02
-1.895992541327184283e-02
-1.794223498290312829e-02
-1.696554824976656550e-02
-1.603270020481882205e-02
-1.510910597883302793e-02
-1.415652534859039059e-02
-1.314099434683123520e-02
-1.203424681629837456e-02
-1.087819499144448629e-02
-9.765674518490185044e-03
-8.789972708546934729e-03
-8.071072651171254386e-03
-7.973170587575113474e-03
-8.613542322740311979e-03
-9.527568219886588252e-03
-1.034819137098608871e-02
-1.097845153446765087e-02
-1.156663631528208856e-02
-1.216985429908196137e-02
-1.259094202843928992e-02
-1.270648808563706357e-02
-1.254978609600196533e-02
-1.223166358180209808e-02
-1.188414145407955085e-02
-1.163944421474146472e-02
-1.131017869871327013e-02
-1.074754257313646592e-02
-9.949981444513918832e-03
-8.932046940105535862e-03
-7.684560277347407195e-03
-6.368999536622635405e-03
-5.550329131137876279e-03
-5.302459728190024590e-03
-5.044352205864677079e-03
-4.495097840780527647e-03
-3.668269017678642881e-03
-2.562567278441989921e-03
-1.150289050646086586e-03
5.670244357809299616e-04
2.394636987513895643e-03
3.649304884866555812e-03
3.906680119188397048e-03
4.046010618196109812e-03
4.572243108397945274e-03
5.586090177610434325e-03
7.037678035517008074e-03
8.858456515006355933e-03
1.103474401863434838e-02
1.354120227533055741e-02
1.626420152972140806e-02
1.913746097328596421e-02
2.208668203682392223e-02
2.505315454289899421e-02
2.802559510014527092e-02
3.097322760344013368e-02
3.389027826738637283e-02
3.682314222361574019e-02
3.983780531045203605e-02
4.297788779244651747e-02
4.626957458534521062e-02
4.971569027230033494e-02
5.332697846522470309e-02
5.715073455821326198e-02
6.117145416123988266e-02
6.538240864345894188e-02
6.978162448317561106e-02
7.436476863519438096e-02
7.911131730862563938e-02
