-9.813146698766688630e-03
6.424997033606929739e-03
4.824349109729581669e-02
2.381715897622020683e-02
1.948343402318081230e-02
-4.179551973888365191e-02
-7.969205161741288457e-01
-9.782122588737570679e-01
-3.784883803997746154e-02
3.145557899369127441e-01
3.308431658044825863e-01
2.459365033062659023e-01
-9.323464553225362106e-02
3.022665092266549336e-03
7.641587852339715159e-02
1.047966656616453884e-01
8.555982804741121828e-02
6.628020722533259357e-02
4.692471589362131462e-02
4.454492228472540366e-02
1.974333233247406102e-02
6.558308244318609981e-02
4.277575477947936911e-02
-6.652760360367770964e-05
1.677672443517629064e-02
2.627977266252871924e-02
-8.919704992190989612e-02
-3.800078491351614740e-02
1.143047537009969118e-02
2.842288435737304331e-02
4.638027409063893991e-02
6.267408410078051384e-02
3.890536548861611710e-02
-9.201673545740562954e-01
-2.554861773304805350e+00
-1.326158010315642288e-01
3.801010868954429744e-01
1.573188364831343833e-01
3.604117610783702519e-01
5.600188893530100298e-02
-1.977250101661481296e-01
4.117467250095169229e-02
1.836748586149503648e-01
3.934389214429209192e-01
3.840615454526527528e-01
2.991390638081611875e-01
-1.685063595431395833e-01
-1.090265508419894225e-01
2.144200463648419583e-02
1.533516300447156921e-01
1.582525576669540912e-01
1.205674943656634412e-01
-3.019553855172845136e-01
-1.252554663336447716e+00
9.027292873041825594e-03
3.526066423276444373e-01
3.818287513309402414e-01
1.887974993451833061e-01
1.271075010677709671e-01
1.977652572390899699e-01
1.612317836449052022e-01
1.234096389316236414e-01
-2.582408274923452263e-01
-2.574177416620030412e-01
1.326178202267666306e-01
2.602579493389654552e-01
2.563032036840311445e-01
2.295839612639809513e-01
2.101936775919630573e-01
1.307087006858818901e-01
-5.173086260031872774e-02
-9.403564443590223254e-03
9.809552054526252118e-02
1.204783128764997102e-01
6.046283774727043148e-02
7.611261872671026829e-02
1.255912758284604136e-01
1.472678995645155531e-01
4.176443513905894744e-02
-4.794774260805514943e-02
9.382732486192305044e-02
8.158343340277712796e-02
3.326715285773163000e-03
4.175383636327123504e-02
1.185222224573263816e-01
1.246996105011437539e-01
1.968109750910434497e-01
1.823009489864495514e-01
1.104831009315900003e-01
1.434875563357367045e-01
1.340858348026617297e-01
1.352359359570964870e-01
6.313323551137361989e-02
4.565721073517003958e-02
9.822671441535671399e-02
1.207097348580076224e-01
1.161794779286853263e-01
1.655929493384961648e-01
1.887821209092791497e-01
1.238391138287449067e-01
1.109429843320155484e-01
7.020399533373528067e-02
4.851443699681379229e-02
7.279402789557509745e-02
4.667962161827582390e-02
1.204661422415814198e-01
1.786677814468114467e-01
2.138983999283631254e-01
2.602050535664121034e-01
1.917938916615766765e-01
6.763649795689380406e-02
-6.517082141324853639e-02
-9.287277447262370922e-02
-7.162153514129434573e-01
-1.008640605534253831e+00
-8.786271353207381063e-02
3.487764433659410468e-01
4.357411475804245371e-01
8.525248139455864071e-02
-7.243051937340908020e-02
3.351794988664530961e-01
4.815802183389834568e-01
4.108635719883755311e-01
2.298848116800654706e-01
1.010838453593650432e-01
-2.289912296514188816e-01
2.300732902080058484e-01
4.392819022470486612e-01
3.814018448701564923e-01
3.524908688786602129e-01
3.939603141802537345e-01
3.400331576858563465e-01
-7.178651426510977984e-01
-8.605355151368957456e-01
3.393928970284101343e-01
6.176814683653076843e-01
4.492814289906678638e-01
4.564881509650558500e-01
4.949720541030466769e-01
5.058465973157889595e-01
4.010777264910416751e-01
-6.175953868634809218e-01
-1.706083056685764987e+00
3.129909765661447185e-01
8.051082890918247470e-01
7.889058862528017801e-01
6.399680463618528936e-01
5.603059710091501389e-01
5.501140307080845115e-01
5.276923951218904785e-01
3.294884185704708424e-01
3.207870284985203657e-01
2.737178326396744188e-01
2.116865718064431245e-01
2.475943793088691836e-01
2.082588437950696481e-01
2.082304001837096408e-01
2.704311382619527526e-01
3.540375121551329052e-01
3.847400220772310142e-01
4.344748763053076779e-01
4.254826251308592155e-01
4.351870910627990696e-01
5.280747930756735098e-01
4.829148282042837748e-01
4.825643523705230864e-01
4.413738577215120529e-01
4.342167497270505994e-01
4.376555900523346754e-01
4.594922803026638691e-01
4.882359361257577746e-01
5.074736476635006710e-01
5.254888240591595316e-01
5.259253980359765990e-01
5.177098818004715053e-01
5.007019698762162907e-01
4.886606573337588522e-01
4.818099965450644007e-01
4.905462155284210368e-01
4.920518830486966255e-01
5.005357429436672057e-01
5.151668521836378911e-01
5.351020278668552344e-01
5.657377836716157571e-01
6.013701052604234487e-01
6.000618695620605347e-01
6.119255742465301573e-01
5.943322641810888651e-01
5.986132966972372849e-01
5.837087356882035838e-01
5.766234120492110815e-01
5.766779372906596368e-01
5.900045650248189055e-01
6.065687961483754442e-01
6.267435898701771979e-01
6.612954434515143642e-01
6.771271616204905808e-01
6.927997658387501367e-01
6.854363910141549887e-01
6.626731307820694639e-01
6.395526090958090215e-01
6.354916667023073895e-01
6.344873205662882043e-01
6.380816179446555658e-01
6.536838322567806170e-01
6.783631512377559236e-01
6.999989629807585878e-01
6.955938553799980717e-01
6.969942770182719904e-01
6.984243569260926154e-01
6.805670234211329550e-01
6.709576477934942051e-01
6.677041345012129092e-01
6.740010275099652670e-01
6.813076456563120775e-01
6.932694314458840434e-01
7.202816477803619666e-01
7.368098332061001621e-01
7.401442748650781667e-01
7.276971210728653272e-01
7.123690278741332538e-01
6.980253697973510807e-01
6.981988161542860283e-01
7.002617749868695896e-01
6.985704270993626785e-01
7.030170778530577813e-01
7.054923373379589080e-01
7.164749223138757728e-01
7.331725672245881231e-01
7.458264997143824182e-01
7.504269339883240519e-01
7.443164119014382685e-01
7.385936120332345922e-01
7.241877525651680969e-01
7.207710444006167894e-01
7.059932584571719794e-01
7.035800198447024201e-01
7.101895406284401968e-01
7.161497656836937065e-01
7.318551237631896189e-01
7.511165328911226791e-01
7.555375251532014946e-01
7.638558091318465859e-01
7.395152698134335179e-01
7.142554174430382208e-01
7.008974703532080408e-01
6.889255787173313994e-01
6.908565334747600595e-01
6.915197854215289208e-01
7.041312851106147352e-01
7.219290269891676104e-01
