-2.149509540703569126e-03
-4.698596007923266406e-03
-2.551047249458313678e-03
1.258168865617257173e-03
3.366800184213916778e-03
1.047157834227073654e-03
-5.749584373205883503e-02
-1.818494190139659239e-01
-2.610497774773357094e-01
-2.551842290469269470e-01
-2.162862178749249409e-01
-1.734875875990301297e-01
-1.544236906889954741e-01
-1.499098492304230534e-01
-1.356909151514403555e-01
-1.152991044164908413e-01
-9.427891462305225401e-02
-7.599740966976337164e-02
-6.127696489570206434e-02
-4.890956685370549673e-02
-3.942484005047360712e-02
-2.939825841493103747e-02
-1.862523001703832171e-02
-1.310854391523179688e-02
-1.044068752099961729e-02
-6.792185221507061887e-03
-1.098316249401250569e-02
-2.019434397432761513e-02
-2.381951214545770593e-02
-2.330896212808888576e-02
-2.027281383750718924e-02
-1.448912932370099646e-02
-8.737666923006828790e-03
-7.044379771164357984e-02
-3.120659192116275182e-01
-5.090952481901735993e-01
-5.205837714895412693e-01
-4.973654657754826847e-01
-4.607495280276893146e-01
-4.229926800998475289e-01
-4.169051021106583987e-01
-4.107761821995075113e-01
-3.796891022650496494e-01
-3.231065894469497546e-01
-2.512922811499779252e-01
-1.839397350243129337e-01
-1.543684132779254981e-01
-1.551799486590643706e-01
-1.495542770049775039e-01
-1.300926672304860421e-01
-1.029789911378930084e-01
-7.808632598273662628e-02
-8.533064943580742634e-02
-1.889545347785420160e-01
-2.769117611101685750e-01
-2.649711860889140680e-01
-2.211770700574359483e-01
-1.818331186801664390e-01
-1.553175678319445308e-01
-1.268882096578374807e-01
-9.692722686784475961e-02
-7.209701104230140101e-02
-7.680429496495799757e-02
-1.097981698447144383e-01
-1.201322708780954290e-01
-9.631875028537328909e-02
-6.214698807279168957e-02
-2.865372434862537704e-02
2.575556741661880894e-03
2.840041898780431423e-02
3.562194469446217093e-02
3.191545157000119648e-02
3.636084316997382354e-02
4.651997065046745844e-02
5.321982466758895525e-02
5.714209766749805963e-02
6.457774332588640809e-02
7.585377263566088490e-02
8.109839804745401504e-02
7.240821189418657211e-02
6.634702328585950770e-02
6.996755058422339524e-02
6.970794224548068629e-02
6.660790530503586659e-02
6.910840203801237036e-02
7.591931947855729002e-02
8.786451248979713913e-02
1.035368270476972885e-01
1.151655100639296520e-01
1.246376838722298291e-01
1.337162805233610696e-01
1.413859106079951300e-01
1.436301760857769949e-01
1.394071443108565733e-01
1.372515687597113121e-01
1.415396642332852617e-01
1.486074706787659239e-01
1.577316128122870087e-01
1.701659977019484848e-01
1.805430779299782573e-01
1.856264275595875535e-01
1.856355705961098834e-01
1.805871834340627147e-01
1.743840973483098133e-01
1.672050721172184951e-01
1.624734503232335703e-01
1.652518861609479639e-01
1.742177270374876408e-01
1.904531490006556582e-01
2.067571063182906677e-01
2.099809009777538760e-01
1.943291609674182296e-01
1.660937689761873837e-01
9.014349279035276108e-02
-5.103929160331492632e-02
-1.546695627146494889e-01
-1.690867206425122060e-01
-1.397402900322395891e-01
-1.189988333070869791e-01
-1.264623318718432199e-01
-1.164625921280880994e-01
-6.895302626665639201e-02
-1.306532872181201399e-02
2.811122488449759732e-02
4.946019890078000303e-02
3.842480383274512329e-02
3.257455900757536688e-02
6.701874990969294843e-02
1.134022096740433527e-01
1.559995956027954989e-01
1.999203746940473037e-01
2.434650802656842528e-01
2.095002516549825666e-01
9.117835628911677426e-02
3.529117623434014500e-02
7.391332681668633109e-02
1.278885822257118110e-01
1.774891915306572032e-01
2.324997022375115685e-01
2.927760895938608110e-01
3.470324949756872779e-01
3.210586333077621868e-01
1.485774803263572863e-01
3.115627946339762089e-02
7.055310630238076364e-02
1.545108712120251138e-01
2.409711879052106598e-01
3.155499707275252752e-01
3.839192773124854852e-01
4.536150549771444940e-01
5.095605148867883294e-01
5.482904694559058711e-01
5.757233739211112811e-01
5.889813850221390368e-01
5.966130551514339242e-01
6.004521486381307893e-01
5.987498442532703802e-01
6.003842535098810052e-01
6.133476505120288857e-01
6.366567110988531342e-01
6.665434315296988599e-01
6.993574656370439291e-01
7.319392392251361512e-01
7.722036368432434461e-01
8.161524112779587892e-01
8.570024799916647895e-01
8.979218740475575222e-01
9.390439482667554127e-01
9.778763638396124058e-01
1.013757660956366546e+00
