-2.088471769523281632e-03
-4.361915828151862254e-03
-1.991715447395151547e-03
1.681059057805910605e-03
3.477329340230656506e-03
9.095187257760367107e-04
-5.593365202729031621e-02
-1.713416446656431391e-01
-2.353249037853484271e-01
-2.163775675019741218e-01
-1.702505980744659919e-01
-1.255631930159238629e-01
-1.076994554533278053e-01
-1.045015397173908317e-01
-9.190962178287169493e-02
-7.400765236096511213e-02
-5.634718537516484466e-02
-4.192938228481038476e-02
-3.118246410793896334e-02
-2.262484624023257396e-02
-1.667564535898317588e-02
-9.823767969033191105e-03
-2.148449097692066434e-03
5.424198750986776972e-04
9.618204501944756148e-04
2.778250366583812254e-03
-2.778753135559889828e-03
-1.227762858696756533e-02
-1.560580955985052705e-02
-1.479231104495950903e-02
-1.167658961750108956e-02
-6.180248975982296882e-03
-1.113065074809608049e-03
-6.179952684228830206e-02
-2.911302810731927204e-01
-4.588806967722575125e-01
-4.432343557364047948e-01
-4.018419572745592916e-01
-3.542441293528621471e-01
-3.118969079564907210e-01
-3.040401117105994699e-01
-2.965507974005909264e-01
-2.659052589724210658e-01
-2.128873062147658424e-01
-1.486810205230190141e-01
-9.207957500818061969e-02
-7.406210300257859425e-02
-8.359118086463880604e-02
-8.417378432137892497e-02
-7.002821736003032871e-02
-4.854338768798256709e-02
-2.964514903283236441e-02
-4.205370428113647946e-02
-1.452597954826913840e-01
-2.235262439606079399e-01
-2.025839647060357074e-01
-1.548454888498219384e-01
-1.160869444373692771e-01
-9.235223612422968631e-02
-6.787359741279271053e-02
-4.302799876070623197e-02
-2.389442861979462762e-02
-3.363032153278699976e-02
-6.831060937716521009e-02
-7.779137330646604398e-02
-5.413698389064301730e-02
-2.245555845622928398e-02
6.637412507059507749e-03
3.225313560608223523e-02
5.185381994999022082e-02
5.328894155704811536e-02
4.558043180733224037e-02
4.717541957299845740e-02
5.464184361699776782e-02
5.871199925902365752e-02
6.039356831216753652e-02
6.579264079912054697e-02
7.483260972359517815e-02
7.772201164229365633e-02
6.748667343087011439e-02
6.107906571040186416e-02
6.437947660579798614e-02
6.365716876849740469e-02
6.040936665287332391e-02
6.281039589759057629e-02
6.909131902569877470e-02
7.993204591147620719e-02
9.362633839638669075e-02
1.027148471862910917e-01
1.095791186246408422e-01
1.160030449176883971e-01
1.211010416314537014e-01
1.210226586184405539e-01
1.152305673913430611e-01
1.122097853142327434e-01
1.157178265907627818e-01
1.216753116941169666e-01
1.293398160123951091e-01
1.398112006557889475e-01
1.477819679566297895e-01
1.505063878798739152e-01
1.485708078562494872e-01
1.422804497508668997e-01
1.356013555069259247e-01
1.284917309318849565e-01
1.242675933666338162e-01
1.273805503677751250e-01
1.360237260292785910e-01
1.509779217423993514e-01
1.649106870723476836e-01
1.655756171189026460e-01
1.485369096163532687e-01
1.210690546839110898e-01
4.921220381333774041e-02
-8.025280406970866642e-02
-1.650862617821126366e-01
-1.621195583711294019e-01
-1.214170039148541047e-01
-9.494827478255515874e-02
-9.865466947877619963e-02
-8.562037535413077882e-02
-3.842953372282803537e-02
1.300310555566413367e-02
4.719172584119341041e-02
6.123708742029147084e-02
4.451096099066782774e-02
3.592685547614592190e-02
6.706704919575853796e-02
1.076869491168476328e-01
1.427179439389845150e-01
1.779215557192172226e-01
2.117482546356065642e-01
1.697092185720569246e-01
5.248117858707126993e-02
5.150378566294015747e-03
4.955839156673746276e-02
1.035483668188206530e-01
1.491866797632837027e-01
1.972688079355081336e-01
2.480297110914909953e-01
2.908852489687276388e-01
2.549627022329045145e-01
8.331602019619907540e-02
-1.976389650760010386e-02
3.126895932437426251e-02
1.180966694451824617e-01
1.997032964671173472e-01
2.644894686527240468e-01
3.203658222450924686e-01
3.757185182498490317e-01
4.162969165579856190e-01
4.404685386282750081e-01
4.548013159671663308e-01
4.570381748956447998e-01
4.559494868455185035e-01
4.528829757584108551e-01
4.460294288313135791e-01
4.438540404864609323e-01
4.533185216286094166e-01
4.724285608690176330e-01
4.969949860778307693e-01
5.232971806872451781e-01
5.484475874520899907e-01
5.804241854737491879e-01
6.147744779207773291e-01
6.452774427249486910e-01
6.753598264520631611e-01
7.052846182876508774e-01
7.326911246915557285e-01
7.572404954756003503e-01
