-1.278266085408266502e-06
-6.564626364286699615e-06
-3.742651510317020124e-06
2.678810044377477281e-05
7.839758422586469563e-05
1.380803015065604742e-04
7.593328585819623759e-05
-5.137877349878790766e-04
-1.703320149411714909e-03
-3.015025965475702160e-03
-4.137807358522477622e-03
-4.997679956004298825e-03
-5.655538529379847135e-03
-6.268115513052608528e-03
-6.825434400292716523e-03
-7.283028145306565809e-03
-7.623800294482419374e-03
-7.859145520054514750e-03
-8.007735692701339197e-03
-8.087382122640244045e-03
-8.110923320913640197e-03
-8.090637031302605822e-03
-8.015292591433721692e-03
-7.900090522192917616e-03
-7.770355592618803479e-03
-7.626007747528376624e-03
-7.478674697012069848e-03
-7.379660269008671801e-03
-7.314763675430011568e-03
-7.252898582196454051e-03
-7.176240211222935372e-03
-7.070037582807137122e-03
-6.925807099570205350e-03
-6.877432121224076080e-03
-7.614759099826775776e-03
-9.762333560825285292e-03
-1.229267106564796604e-02
-1.465721702770273263e-02
-1.681043191546028812e-02
-1.867604856566375954e-02
-2.038787231190799729e-02
-2.206976775107089700e-02
-2.362283993668385859e-02
-2.492411984413424667e-02
-2.585351643547184261e-02
-2.640052153299797880e-02
-2.667395635330170947e-02
-2.692006627380059275e-02
-2.717311204159683635e-02
-2.736511095813866715e-02
-2.742489612710332508e-02
-2.734304495183330352e-02
-2.719635787887832862e-02
-2.732789389613057493e-02
-2.810762319355486136e-02
-2.900943730272178070e-02
-2.969850033789236260e-02
-3.011417768571574699e-02
-3.033641354260310091e-02
-3.040571164221509554e-02
-3.030416252139019051e-02
-3.005185999173612399e-02
-2.972875120795831147e-02
-2.953671638255326096e-02
-2.948583515817214742e-02
-2.937856636315015410e-02
-2.910259609658631327e-02
-2.864030511869178341e-02
-2.800492919653807186e-02
-2.722208909580202396e-02
-2.636303112067344204e-02
-2.553061858169711207e-02
-2.472375208675075403e-02
-2.388985653918868773e-02
-2.301524534434144786e-02
-2.212535148953266931e-02
-2.121535332592744058e-02
-2.025821457537543488e-02
-1.925167220101542745e-02
-1.825731106707719278e-02
-1.731679025335381913e-02
-1.637729733011150657e-02
-1.543828878931498109e-02
-1.453366309014630757e-02
-1.364474839185866352e-02
-1.272822340405456963e-02
-1.176014077752818646e-02
-1.070412901577943998e-02
-9.566345250400874051e-03
-8.379873030050798144e-03
-7.141681643347629060e-03
-5.855712317367593039e-03
-4.535061825095308002e-03
-3.220617849364702974e-03
-1.927049046053471272e-03
-6.313969733231800802e-04
6.819175648672475779e-04
2.019963857204504047e-03
3.409516640924232546e-03
4.859852207399354210e-03
6.340189653374904942e-03
7.828871797141090383e-03
9.298354742800477371e-03
1.073304580759353727e-02
1.213634450582384665e-02
1.350713579717389978e-02
1.488619440928679559e-02
1.631748547047645256e-02
1.783441133462501313e-02
1.945739362954297322e-02
2.114306241481905130e-02
2.280222569242014094e-02
2.434467245749692699e-02
2.565203433984562797e-02
2.637051709829682511e-02
2.638987284271980191e-02
2.617858069870736965e-02
2.609849130393369909e-02
2.623922848225303250e-02
2.644789151258652646e-02
2.666697889684100861e-02
2.709554039682759985e-02
2.785021440259928191e-02
2.889630876241664967e-02
3.011678148061692692e-02
3.137127384178290540e-02
3.252499376575810480e-02
3.377280335980192144e-02
3.526033281516165879e-02
3.698428660851206529e-02
3.892765745360214635e-02
4.109351639941252743e-02
4.331381781414427035e-02
4.503029531333377355e-02
4.617170704468346459e-02
4.732546035718791788e-02
4.876945573252390587e-02
5.048578014908697287e-02
5.247688846370104909e-02
5.476597522915273991e-02
5.734580137212796913e-02
6.002536620243010407e-02
6.213415758587421261e-02
6.324312516080922431e-02
6.423982633181733737e-02
6.562822183130438691e-02
6.748844641004743405e-02
6.976367605757453905e-02
7.240158293410521584e-02
7.537688747285947732e-02
7.863774836759739040e-02
8.206587376052405791e-02
8.560595035804728636e-02
8.920583525643842326e-02
9.281751491434643564e-02
9.643230053789282608e-02
1.000257097802317446e-01
1.035944641616312056e-01
1.071757623695331896e-01
1.108211860617386579e-01
1.145637354517656942e-01
1.184315618754732402e-01
1.224274854707477350e-01
1.265651011334590070e-01
1.308815150608809430e-01
1.353618911106022060e-01
1.399892835485458675e-01
1.447345076907337047e-01
1.495804492418134068e-01
1.545217362428588925e-01
1.595652179302761986e-01
1.647233586846691411e-01
1.700056158057075828e-01
1.754177108596421675e-01
1.809552823889384598e-01
1.866058711072773602e-01
1.923516281619848667e-01
1.981763285266580354e-01
2.040690100921429828e-01
2.100266309590160529e-01
2.160463143030910693e-01
2.221292834404653971e-01
2.282819193560539639e-01
2.345159209567619363e-01
2.408499747871922225e-01
2.473020132483849665e-01
2.538740807486511986e-01
2.605654213156639032e-01
2.673642922949512335e-01
2.742627125507851593e-01
2.812465618174295190e-01
2.883040277035490151e-01
2.954296052386513050e-01
3.026261713306144241e-01
3.099010870626535130e-01
3.172664533643053120e-01
3.247398791924627770e-01
3.323317871737371809e-01
3.400469265224881354e-01
3.478759900608916489e-01
3.557982597972231820e-01
3.637924443956698783e-01
3.718465865859413855e-01
3.799536584766966540e-01
3.881117071380183470e-01
3.963272900295476409e-01
4.046133821039702982e-01
4.129799210434637047e-01
4.214246566859657372e-01
4.299445051055354461e-01
4.385340711766751443e-01
4.471793076109881193e-01
4.558683405786784215e-01
4.645946365958856239e-01
4.733577160867538103e-01
4.821600411432325761e-01
4.910090460923663969e-01
4.999192331595975758e-01
5.089005087496510926e-01
5.179529340431463513e-01
5.270662213466720258e-01
5.362260346261353838e-01
5.454194802377346774e-01
5.546410918694821834e-01
5.638880892053471650e-01
5.731575074781851686e-01
5.824491321859668336e-01
5.917640443220015811e-01
6.011083461188403421e-01
6.104917883620251118e-01
6.199220649983819831e-01
6.294009939391617126e-01
6.389238100372135465e-01
6.484829306772457169e-01
6.580675599803016418e-01
6.676695261418228444e-01
6.772781397151084182e-01
6.868887987747701596e-01
6.965032102787811485e-01
7.061258272302820549e-01
7.157668230253780850e-01
7.254378046205522956e-01
7.351442472570088871e-01
7.448871892536678141e-01
7.546514763221068289e-01
7.644182238376574512e-01
7.741738251373935231e-01
7.839087755491320753e-01
7.936209958493743999e-01
8.033118661778004821e-01
8.129899298151532783e-01
