-1.217047070268296225e-06
-5.974289525138297327e-06
-2.463087709132618217e-06
2.612959867445760674e-05
7.052311043664233651e-05
1.176340461253176011e-04
4.549782988165729193e-05
-5.062877215285148998e-04
-1.541779396190496709e-03
-2.575801703557116171e-03
-3.354838921646480232e-03
-3.864493458525403071e-03
-4.202121470125977712e-03
-4.529432101598358101e-03
-4.828211765701321580e-03
-5.055176744838382578e-03
-5.198294776770092697e-03
-5.272197009527716458e-03
-5.295162657035768633e-03
-5.282124526849604762e-03
-5.242058834504874018e-03
-5.182948644177099405e-03
-5.090989990337508805e-03
-4.979891265545752232e-03
-4.870636173388780132e-03
-4.758653404858278688e-03
-4.652670154251154627e-03
-4.597117810065225359e-03
-4.570432414451769919e-03
-4.541175032061699375e-03
-4.494726330248555168e-03
-4.420445713783134438e-03
-4.314142014888472376e-03
-4.306207285439300932e-03
-5.027109658825704153e-03
-6.954401079354374446e-03
-9.004235214384282218e-03
-1.072684322265470350e-02
-1.216757632498168505e-02
-1.331265726576693308e-02
-1.433189726527638388e-02
-1.534897551358249505e-02
-1.626406813239950760e-02
-1.697163083612101761e-02
-1.737967234380431020e-02
-1.750458171571387181e-02
-1.746467078898066710e-02
-1.748460733532079814e-02
-1.756374614409448448e-02
-1.761784473844929186e-02
-1.757633181596107014e-02
-1.743587612997896108e-02
-1.727269305912639691e-02
-1.740080865712864341e-02
-1.811287537805102155e-02
-1.884808550352560022e-02
-1.932297728532378009e-02
-1.953206777393954804e-02
-1.958560968442072878e-02
-1.953275626830621239e-02
-1.936042454096597101e-02
-1.909212340943389555e-02
-1.880327468615639736e-02
-1.867160800761962294e-02
-1.867471280245440110e-02
-1.861144362563661031e-02
-1.839140984074995322e-02
-1.801824089255870884e-02
-1.751780647668909480e-02
-1.692080189848809216e-02
-1.629502814391024443e-02
-1.572783953204215379e-02
-1.520085056065472937e-02
-1.465614104210201732e-02
-1.408194250385982373e-02
-1.350329532451732817e-02
-1.291320551569249964e-02
-1.228606062888145875e-02
-1.162307692661873962e-02
-1.098348276049018399e-02
-1.039884089192793550e-02
-9.811652134360504193e-03
-9.223551765558156770e-03
-8.666209712253333808e-03
-8.118142670670966746e-03
-7.539540703119255484e-03
-6.913320948167431430e-03
-6.211538855505866624e-03
-5.448111986524806563e-03
-4.657302074205415567e-03
-3.834584745961080489e-03
-2.983399456016264974e-03
-2.115330917499773974e-03
-1.266348996321185316e-03
-4.436198815794735071e-04
3.794074530619479923e-04
1.217371329560667462e-03
2.075501319538896206e-03
2.977067677557330462e-03
3.926120096590373677e-03
4.890552692079997744e-03
5.851942227971542419e-03
6.788021124985684981e-03
7.689759073294675888e-03
8.565164012683200087e-03
9.415888308553251387e-03
1.028173717909318385e-02
1.119950502716392238e-02
1.219284733054124166e-02
1.327215905207457074e-02
1.438940350597365907e-02
1.546252241130446035e-02
1.641899474807142351e-02
1.716426628358633244e-02
1.739349564592370181e-02
1.706580051932339581e-02
1.666276638641245658e-02
1.648853264637248350e-02
1.656682152405740058e-02
1.671146352444814395e-02
1.686321180131761938e-02
1.720778100418072706e-02
1.782788638376934034e-02
1.866341367766490011e-02
1.959382409073104694e-02
2.049476630004757119e-02
2.126299907743078171e-02
2.210819961418894128e-02
2.315629223381697119e-02
2.438342037240424226e-02
2.576297121520831901e-02
2.729261552137203506e-02
2.880939076069119822e-02
2.981358634859420514e-02
3.032299503384141420e-02
3.093458637414499279e-02
3.186329638165405487e-02
3.303983566221731227e-02
3.443847250950841238e-02
3.606224319752713431e-02
3.788991498398839447e-02
3.973344134364738961e-02
4.098622456955602900e-02
4.135037874633322452e-02
4.175491423280393993e-02
4.261425274680120945e-02
4.392019135594947554e-02
4.556294834873951538e-02
4.746622699496225867e-02
4.959506435838169358e-02
5.189620817628257804e-02
5.426315505784715110e-02
5.666038681519839498e-02
5.905347668557192620e-02
6.141455141314511312e-02
6.375121896492995377e-02
6.605084993030325979e-02
6.832052373521314836e-02
7.060073448110937289e-02
7.293992428242440651e-02
7.536190471790139844e-02
7.788325542318652595e-02
8.049987530355540155e-02
8.321920456255017806e-02
8.607144491878948589e-02
8.903338533060102533e-02
9.209015028551884030e-02
9.523868281300945648e-02
9.847714924545263038e-02
1.017917504786719357e-01
