-2.096447956263770007e-01
-2.113005593953403149e-01
-2.082769564702722231e-01
-2.100715546690679059e-01
-2.112583344275878461e-01
-2.131830029073447652e-01
-2.080580925861719166e-01
-2.099205644803741055e-01
-2.111982258192684481e-01
-2.128868929846622904e-01
-2.150356599823334269e-01
-2.176236122397509076e-01
-2.198499168731271047e-01
-2.216228954652834648e-01
-2.239882123054694474e-01
-2.271161178008484494e-01
-2.310028851280194750e-01
-2.356080184008728096e-01
-2.410075537399634649e-01
-2.475001125968238069e-01
-2.551314541277915349e-01
-2.656378889812413546e-01
-2.815861733591693561e-01
-3.008124424285677501e-01
-3.251278243763174869e-01
-3.661648417822914170e-01
-3.910299837009563184e-01
-3.846876423674540080e-01
-3.986643073280025096e-01
-4.412587948807303317e-01
-5.479067528005819865e-01
-1.086901610606711310e+00
1.135709741457957778e+00
-3.323251950402611454e-01
-2.309117502140251577e-01
-2.226635896691743222e-01
-2.228868564543397546e-01
-2.240947029928064271e-01
-2.258173184479310147e-01
-2.278228411317254620e-01
-2.291074871188507611e-01
-2.304699335746003830e-01
-2.327710835655925625e-01
-2.364696407855288451e-01
-2.420641192843266953e-01
-2.495905430705448458e-01
-2.561101127735125327e-01
-2.600205412114379722e-01
-2.649774152112317482e-01
-2.730763600851354167e-01
-2.855401701589393992e-01
-3.025923471026019662e-01
-3.108827363756482276e-01
-2.833257666399322527e-01
-2.680938918677760463e-01
-2.706039136193826855e-01
-2.798715466800565932e-01
-2.923376616111290627e-01
-3.059236142013537219e-01
-3.261014154466594928e-01
-3.598390071694934633e-01
-4.144457298082141472e-01
-4.451850644129217160e-01
-4.161409286510120431e-01
-4.183269156110332454e-01
-4.952595326412631560e-01
-7.972352167091150132e-01
3.908255893612405885e+00
2.357994809051664475e-01
3.337416013642058310e-02
-2.207369685427873485e-02
-4.433367904961205141e-02
-6.659767663069732224e-02
-8.831063143678524741e-02
-1.036467182438777224e-01
-1.146262045398732110e-01
-1.250113933764332441e-01
-1.350396765175234104e-01
-1.423666224264015234e-01
-1.460820992005972818e-01
-1.496376782865972976e-01
-1.541373777947943613e-01
-1.573960365141721662e-01
-1.599524166463802133e-01
-1.632796714919799164e-01
-1.671654743682283173e-01
-1.714951758059213849e-01
-1.759710823290538406e-01
-1.797734680534631702e-01
-1.831596659739155863e-01
-1.863862101840698116e-01
-1.893757601631791410e-01
-1.920098258492010102e-01
-1.943083996029853489e-01
-1.965431972028542362e-01
-1.987938745149221420e-01
-2.009900371601854863e-01
-2.031509517842142176e-01
-2.052774237800333856e-01
-2.073073492381331540e-01
-2.092519402080191271e-01
-2.111481373085401514e-01
-2.130293555913443382e-01
-2.148999289798444456e-01
-2.167744667945152859e-01
-2.186099132677579715e-01
-2.202978132646974951e-01
-2.218176458764148928e-01
-2.231476762394034030e-01
-2.244146596933628834e-01
-2.258784904424611106e-01
-2.277380909088247973e-01
-2.300033498809714305e-01
-2.340344268238206960e-01
-2.428919267024958750e-01
-2.553892206796269382e-01
-2.628971728138055353e-01
-2.641220764327132375e-01
-2.653993345434165763e-01
-2.704983582467742620e-01
-2.723671521087057679e-01
-2.670863402189664892e-01
-2.609172046776143672e-01
-2.569829303417239807e-01
-2.552990483299095170e-01
-2.566009223086527791e-01
-2.576800999796300951e-01
-2.553587084025300546e-01
-2.524375161915382026e-01
-2.501312364763598195e-01
-2.481089462797682610e-01
-2.464719757425911095e-01
-2.483442524104138571e-01
-2.553208275675066252e-01
-2.607219002181914713e-01
-2.598401157608736800e-01
-2.577586578063296718e-01
-2.559130998199011797e-01
-2.538601987908972180e-01
-2.517825157567442629e-01
-2.501653527927275578e-01
-2.515579294002075472e-01
-2.601231258068990027e-01
-2.696873692346357654e-01
-2.695990345946345235e-01
-2.661421067747949398e-01
-2.626778319915787363e-01
-2.598517818632181120e-01
-2.574289962528258369e-01
-2.553452607514824502e-01
-2.540379041493627810e-01
-2.534171853206699243e-01
-2.531625159373703249e-01
-2.533312633280361270e-01
-2.537451766732581881e-01
-2.543378018863884371e-01
-2.551404217945364983e-01
-2.559541334951857539e-01
-2.565843973247226573e-01
-2.570350546999538022e-01
-2.573369068375569446e-01
-2.575565052117720910e-01
-2.577672898243413835e-01
-2.578178072337053983e-01
-2.577999487424352809e-01
-2.578610290107749559e-01
-2.580206887179724573e-01
-2.583000318057060429e-01
-2.586459717614825737e-01
-2.590150858677732759e-01
-2.593648582849529260e-01
-2.596886421558600166e-01
-2.599937708754651577e-01
-2.603027342130013744e-01
-2.606503413862350516e-01
-2.610638444559779670e-01
-2.615540180429926087e-01
-2.621131752519197389e-01
-2.627167511656363641e-01
-2.633510920516636267e-01
-2.640107149819030941e-01
-2.646754768937284452e-01
-2.653253424163310448e-01
-2.659339926659533559e-01
-2.664748425546167310e-01
-2.669773512747957156e-01
-2.674681386115249082e-01
-2.679719450643606171e-01
-2.685031810795429075e-01
-2.690663597944656371e-01
-2.696776196895523947e-01
-2.703254987414969723e-01
-2.709879985182316320e-01
-2.716433542266892820e-01
-2.722776658521479654e-01
-2.728650535897053087e-01
-2.734031787583003914e-01
-2.739074308117513956e-01
-2.744035815772170039e-01
-2.749367995237206319e-01
-2.755338652722892356e-01
-2.761857757203599606e-01
-2.768744097066213050e-01
-2.775906299917435538e-01
-2.783143379916893645e-01
-2.790181063059225530e-01
-2.796872809562447326e-01
-2.803443824728460432e-01
-2.810091575155396759e-01
-2.816793897671515667e-01
-2.823767206537164953e-01
-2.831167185773455497e-01
-2.838903064882950522e-01
-2.846825635343057659e-01
-2.854804616412191520e-01
-2.862738535501627712e-01
-2.870376540369902196e-01
-2.877599995680084066e-01
-2.884584594219629650e-01
-2.891623926045452930e-01
-2.898962280234488320e-01
-2.906699328002213534e-01
-2.914740121639578518e-01
-2.922937287889175728e-01
-2.931289633584495125e-01
-2.939755253795167667e-01
-2.948273186564284720e-01
-2.956747394739804857e-01
-2.964993952664621846e-01
-2.972937786535665983e-01
-2.980656449025096411e-01
-2.988334673681585230e-01
-2.996109538168499897e-01
-3.004116724076510980e-01
-3.012382585089832254e-01
-3.020952746372057574e-01
-3.029841241526026741e-01
-3.038839733885940753e-01
-3.047825544319247015e-01
-3.056649865399635457e-01
-3.065109136991659433e-01
-3.073250665795383973e-01
-3.081153763966661963e-01
-3.089136322439068327e-01
-3.097622631432532803e-01
-3.106617666856568150e-01
-3.116054048490287665e-01
-3.125789096671672818e-01
-3.135669617128000741e-01
-3.145527457601250965e-01
-3.155104895227418549e-01
