-3.450181332173498511e-02
-1.138964491665165300e-02
4.019662385256320830e-02
2.159378360282947218e-02
1.517810917344834636e-02
-4.784130692195309037e-02
-8.946693741821950541e-01
-1.232066593336387683e+00
-3.227645872653277515e-01
1.261391689878662570e-01
2.472277894331220138e-01
2.359465389477449493e-01
-9.201571102043781814e-02
-4.439230322004557305e-03
7.682168295140774650e-02
1.169097592296785976e-01
1.121335736068705125e-01
9.532134596424267359e-02
7.373905767148226931e-02
7.237167146724032829e-02
4.150506508790761245e-02
8.967247705633897559e-02
6.893733065792620462e-02
1.571166661301265713e-02
2.558845040396206388e-02
3.596288948499844901e-02
-9.491345659994419870e-02
-5.884222315716374635e-02
-1.105266166882192848e-02
8.027693506000297893e-03
3.166480521499126510e-02
5.720989117537043922e-02
3.917395783515585650e-02
-1.021060671177495882e+00
-2.996963203185634583e+00
-7.095092757433765218e-01
-3.259283263153631149e-02
-1.142829995606025884e-01
1.952541306737432258e-01
-3.551092953317569467e-02
-2.939119438075418200e-01
-4.825674353223979862e-02
1.350856194463810334e-01
4.095267957870892817e-01
4.617024497423180551e-01
4.178674901624014892e-01
-7.634090266401709346e-02
-7.573072992242577128e-02
3.080080349419080793e-02
1.643989216635218797e-01
1.871470700881066596e-01
1.606054629364744302e-01
-3.031791776415405093e-01
-1.428991559984694515e+00
-2.455804285906995066e-01
1.834946473318160298e-01
3.116316242607842235e-01
1.660712035714506651e-01
1.340203594712229829e-01
2.223071573146689905e-01
1.961793262458958464e-01
1.698742867178909266e-01
-2.530322525250524590e-01
-3.213351327653081180e-01
7.373882071178301800e-02
2.495894797335095339e-01
2.787422217756203024e-01
2.761505509779218492e-01
2.769829302120060399e-01
2.222371593569445747e-01
1.336668518102684944e-03
3.749309322014040408e-02
1.325841618544936762e-01
1.420861044336472756e-01
8.839462159328073665e-02
1.001006571999291245e-01
1.498192599041205941e-01
1.732306937484646980e-01
6.609859001589198091e-02
-5.408824064113244845e-02
8.952341526983650932e-02
1.064630804677737519e-01
3.149831729487045928e-02
5.373863704781569467e-02
1.193384851980985317e-01
1.299409647747375163e-01
2.085988395826232078e-01
2.074151536495799364e-01
1.586647062845370215e-01
1.799754499740256752e-01
1.631264363407678997e-01
1.645769152193967688e-01
8.329851343381873552e-02
5.574353029301828966e-02
1.092378502968389814e-01
1.604089933623103204e-01
1.612132196519220628e-01
1.994332146717285870e-01
2.255311969774492220e-01
1.799672991603790961e-01
1.462678233897889424e-01
9.991645353240741212e-02
6.028062189795570236e-02
7.190880123789683553e-02
3.798958096166749066e-02
9.969841887372009326e-02
1.572011917295459416e-01
2.048022905590922427e-01
2.851481446929906571e-01
2.272861914935446759e-01
8.555457771989234683e-02
-8.512602554829537538e-02
-1.472254483851497264e-01
-8.858706050562469292e-01
-1.332751618483798417e+00
-4.639308986529670498e-01
6.206415273635348950e-02
2.620061807056072722e-01
-3.426915422765918623e-02
-1.964973661640948555e-01
2.241493275581870614e-01
4.492674869083617684e-01
4.243407469846193214e-01
2.677322242599720625e-01
1.359909949768685067e-01
-2.396707502794385158e-01
1.790759400670129120e-01
4.365526024313851616e-01
4.267966435608274711e-01
4.222212510410188746e-01
4.914917369151448057e-01
4.671509254922061039e-01
-7.096508481105460175e-01
-1.015873425472644476e+00
1.491808643310792715e-01
5.384738239371630319e-01
4.633237041514689514e-01
5.144413087253234540e-01
6.034043887560369690e-01
6.613746397923725429e-01
5.724041175380053526e-01
-5.784784146513248793e-01
-1.898414609198593617e+00
2.446533280344368247e-02
6.553834914841480952e-01
8.259591408932380752e-01
7.903252176888053704e-01
7.175687989541327250e-01
7.594263871217191708e-01
8.115088240475408776e-01
6.138220187913163706e-01
5.761870368908662554e-01
4.691528081787487148e-01
3.677767099879107326e-01
3.835709635329661027e-01
3.148185519080211048e-01
2.911118924996843882e-01
3.624063203200125205e-01
4.775514880586015920e-01
5.476197437694089176e-01
6.088390744969922608e-01
6.262413427470665539e-01
6.362065226268907026e-01
7.799019815983655457e-01
7.443422706444211556e-01
7.682296977350989708e-01
7.853446870858045159e-01
8.108001719561542808e-01
7.886632788090983670e-01
7.971458763252576851e-01
