-7.134844586261691749e-04
-1.095335537920283852e-03
2.688266389588750069e-03
8.554926751683929534e-03
1.338134189646827260e-02
1.378287344179745036e-02
-4.584123688194603752e-02
-1.856086097599840556e-01
-2.955522247763192611e-01
-3.218365950500500783e-01
-3.078075493182066968e-01
-2.809647753318625929e-01
-2.711469569293603610e-01
-2.738744281008969050e-01
-2.647063171040290874e-01
-2.457899966804305836e-01
-2.226461808783384011e-01
-1.992435339202855427e-01
-1.768729044144637386e-01
-1.553743210527093188e-01
-1.357914696852229874e-01
-1.151623024186038541e-01
-9.319811080929210623e-02
-7.594294663934852974e-02
-6.166737135500858363e-02
-4.701902458746823332e-02
-4.102954504685020487e-02
-4.203472788308951907e-02
-3.901227123312328571e-02
-3.230734787036160238e-02
-2.293429989195985147e-02
-1.046532140600082289e-02
2.439688793665141173e-03
-5.542757996395412945e-02
-3.150564486639960138e-01
-5.673779395660945024e-01
-6.412921712973609356e-01
-6.719475950784636886e-01
-6.791976492265850984e-01
-6.740794354684145340e-01
-6.937465064538743675e-01
-7.102549946426134353e-01
-6.965446873088160240e-01
-6.489009296885774880e-01
-5.744842816161332966e-01
-4.935694195207228074e-01
-4.435849972029567989e-01
-4.240996250020714342e-01
-3.992160932112622795e-01
-3.595450240505897455e-01
-3.095599760638242937e-01
-2.595494561897751518e-01
-2.417768441288477010e-01
-3.296637277193861792e-01
-4.204425947262306895e-01
-4.143725305652979918e-01
-3.702267988097400764e-01
-3.224934275497282621e-01
-2.828585382029971118e-01
-2.384765993878160961e-01
-1.885903542295675750e-01
-1.411682983281228876e-01
-1.233041300875179075e-01
-1.386041596157494560e-01
-1.368415647366939547e-01
-1.013767082917368112e-01
-5.160216207015563133e-02
2.303766525389785991e-03
5.736910645794675301e-02
1.078951668631325245e-01
1.397713360347833667e-01
1.575356439949696652e-01
1.801046632170665851e-01
2.091674354050231111e-01
2.350892263244909186e-01
2.568218050228194826e-01
2.814835361187541518e-01
3.106352248616317535e-01
3.341317290370912074e-01
3.425342783547449255e-01
3.507345481632261897e-01
3.653750615804769453e-01
3.732317891837492185e-01
3.766385066647416346e-01
3.862440072798691282e-01
4.017919591198760298e-01
4.243354130110147948e-01
4.531595183499069757e-01
4.783687991272569384e-01
5.015385814125806752e-01
5.261124309552326350e-01
5.501315623685175682e-01
5.687271672827181046e-01
5.794651075574106525e-01
5.900192278857093742e-01
6.041176483034472744e-01
6.191071135318648722e-01
6.372666241765376771e-01
6.611437923350337309e-01
6.834292135794882705e-01
7.006194832930482397e-01
7.129275646920363307e-01
7.189915622766398506e-01
7.227463339041633184e-01
7.242227876784088636e-01
7.274394954674329172e-01
7.393863585556759155e-01
7.594994799343479652e-01
7.881258431469495562e-01
8.184323298114302148e-01
8.371617519330104562e-01
8.361221633158902877e-01
8.183909921585289515e-01
7.464654163467908665e-01
5.933017542724245974e-01
4.591779085178545605e-01
4.102394037581784669e-01
4.112400149627678525e-01
4.121458914874182033e-01
3.886386773018541407e-01
3.854004941499510339e-01
4.272174717301346347e-01
4.877059136338468548e-01
5.421563571157839156e-01
5.801365108647994484e-01
5.844740352371602388e-01
5.908959906605600887e-01
6.403771242769383809e-01
7.071738589673958186e-01
7.754552677829065210e-01
8.492767569014987306e-01
9.256576098805954222e-01
9.235813731820718964e-01
8.201418414004755242e-01
7.613863837841587934e-01
7.981420880956929809e-01
8.582426759189387688e-01
9.217093176334455462e-01
9.977943789583438861e-01
1.085442305804362961e+00
1.173221901400430589e+00
1.183276000575265607e+00
1.026939270933898252e+00
8.943652036192425436e-01
9.177601772917569622e-01
9.967599108472906533e-01
1.089477110988179342e+00
1.184099738517402800e+00
1.283270340112559804e+00
1.387125560445813033e+00
1.479670695855843432e+00
1.557299566932291768e+00
1.626787095295040730e+00
1.683649889763087160e+00
1.732594648190411979e+00
1.775346046621803842e+00
1.810086532587556141e+00
1.844125713425164959e+00
1.885087629860170200e+00
1.933357184758944358e+00
1.988293875643473374e+00
2.047812671960968167e+00
2.109147630240063798e+00
2.179024723107545913e+00
2.254354043215581971e+00
2.328599874549689641e+00
2.400415550521512120e+00
2.468177732704718519e+00
2.533965087399062899e+00
2.599688409170784364e+00
2.667478222096462570e+00
2.737806998520273094e+00
2.810421730866536905e+00
2.884194151864700295e+00
2.957137330620819071e+00
3.027482540497465902e+00
3.094269678568482895e+00
3.157603876003668653e+00
3.218653614034987065e+00
3.278072985623372571e+00
3.336072520736305780e+00
3.393778554291698502e+00
3.452384676637266558e+00
3.513538741881411465e+00
3.579020302583242774e+00
3.647277861338914295e+00
3.716773588869780376e+00
3.785998191764953447e+00
3.853947178410959573e+00
3.920228014518541748e+00
3.983654158690836056e+00
4.044798006590451855e+00
4.104971669831164682e+00
4.165557675656636150e+00
4.227490490657958233e+00
4.292545753954573051e+00
4.361050384772659605e+00
4.432139571872672157e+00
4.504196367828994241e+00
4.574146884684159531e+00
4.639991436998665897e+00
4.702120535801507017e+00
4.761622506471124616e+00
4.819024759912956313e+00
4.875646431392753222e+00
4.933375110852273870e+00
4.993286380619956333e+00
5.053905615639099125e+00
5.113866789095037113e+00
5.173301350835864731e+00
5.230673449268238961e+00
5.284806421921238062e+00
5.336241787065942432e+00
5.385958847031609764e+00
5.434840566785410054e+00
5.483588401083077990e+00
5.533964176587386596e+00
5.586864547518697321e+00
5.641146186130243656e+00
5.694800628465237047e+00
5.746094807201796328e+00
5.794266700868191400e+00
5.839904458858982572e+00
5.883992617807224157e+00
5.926520929046796837e+00
5.967759284243497220e+00
6.008120960866064841e+00
6.048262569546352552e+00
6.089458307992524411e+00
6.132259382252097879e+00
6.176181136524728998e+00
6.219995025851935644e+00
6.262767145608916231e+00
6.303560790769424216e+00
6.342160863024222550e+00
6.378235552916880380e+00
6.411655648946575248e+00
6.443797128235059013e+00
6.475479744852635555e+00
6.507698386682832847e+00
6.541823956613750823e+00
6.577588293442960143e+00
6.614499627924557146e+00
6.650502168740985098e+00
6.682793910613052724e+00
6.711294695205067384e+00
6.736413980673977342e+00
6.759054441578280503e+00
6.780200411710437969e+00
6.800926196006979119e+00
6.822877991742427817e+00
