-1.268818277097665703e+00
-1.266753840279019272e+00
-1.258750080210726763e+00
-1.298109092691713595e+00
-1.277183705366761624e+00
-1.282983920826655577e+00
-1.268565029065797489e+00
-1.267318480193561747e+00
-1.265089606527280086e+00
-1.261512374418575888e+00
-1.256424204610700590e+00
-1.249601399208065455e+00
-1.243808302102672236e+00
-1.239665927162469927e+00
-1.233217570669063345e+00
-1.223628208807874040e+00
-1.210487487701238596e+00
-1.193673791826932451e+00
-1.173093708067805441e+00
-1.146750701744279732e+00
-1.115341670642644667e+00
-1.063378245657892185e+00
-9.553549554837530433e-01
-8.307921209265012319e-01
-7.122779739527096421e-01
-4.337541906127155844e-01
-6.772535609034718851e-01
-9.244314817083496560e-01
-9.715895980298114853e-01
-9.624183520121178947e-01
-9.147009942307313679e-01
-7.729610905971349144e-01
-4.440262350764997978e-01
-1.163548829184695377e+00
-1.244277878419151939e+00
-1.251509142848537426e+00
-1.248778804931414355e+00
-1.244631608872504014e+00
-1.239440006989623200e+00
-1.233598947473130369e+00
-1.229913627991038094e+00
-1.226128466691267516e+00
-1.219455757015944553e+00
-1.207781457198262132e+00
-1.187847618969579688e+00
-1.156799099138278386e+00
-1.132731469046449391e+00
-1.128462849651931776e+00
-1.119014783142534775e+00
-1.093812041538632762e+00
-1.046631017737890801e+00
-9.760430591793560762e-01
-9.909747621568087972e-01
-1.135367919031611716e+00
-1.174942430639014823e+00
-1.168432691165523174e+00
-1.146608932854014551e+00
-1.118482144496171227e+00
-1.090904280193662590e+00
-1.049644122247323619e+00
-9.817066812018517830e-01
-8.832149712621257809e-01
-8.966391939289617419e-01
-1.000077383074664317e+00
-1.019999954612384352e+00
-9.576279607722963938e-01
-7.884830354321052948e-01
-2.398229698315090253e-01
-1.462588863979449627e+01
-2.305856379107576792e+00
-2.058857000716205032e+00
-2.100408529681578429e+00
-1.984505987295599461e+00
-1.828903603877173989e+00
-1.752827437252205245e+00
-1.712123023997554228e+00
-1.657788966432781397e+00
-1.598449219899999996e+00
-1.571878838369014542e+00
-1.595608631506244768e+00
-1.614425532896189619e+00
-1.593221210528988019e+00
-1.588233600597275696e+00
-1.595086424141379133e+00
-1.579794840372332754e+00
-1.550532157561982594e+00
-1.511848000090215471e+00
-1.473960060049843479e+00
-1.450209617914511417e+00
-1.432793336829826014e+00
-1.417887849909380105e+00
-1.405862200305028953e+00
-1.399221521166664539e+00
-1.398099586631318836e+00
-1.395480369323813363e+00
-1.387833685179485688e+00
-1.378601423879621812e+00
-1.368794810746849500e+00
-1.358162203339478014e+00
-1.349461670778083988e+00
-1.343403447403344719e+00
-1.339343325295099696e+00
-1.337068850778301510e+00
-1.335265935996697184e+00
-1.333869679958938015e+00
-1.331727018974058652e+00
-1.327082440547043829e+00
-1.320759625755296929e+00
-1.313197768325853554e+00
-1.306417312676467990e+00
-1.302150100652857301e+00
-1.300629512641909180e+00
-1.301365358867216493e+00
-1.318291833901897192e+00
-1.125382050470942419e+00
-1.232384384369432206e+00
-1.233625190191948828e+00
-1.223189798358948810e+00
-1.212551279749766842e+00
-1.213636080970203368e+00
-1.206173981273973794e+00
-1.160577724684681344e+00
-7.631023481334375802e-01
-1.566947890531789955e+00
-1.425887798598765466e+00
-1.457510188712797472e+00
-1.479572453945330102e+00
-1.371542789401337226e+00
-1.327380255206682680e+00
-1.308444013995550659e+00
-1.296690333758111047e+00
-1.288567344594722108e+00
-1.287143550513544010e+00
-1.300488089733478514e+00
-1.331616439670187280e+00
-1.302114566360911052e+00
-1.286786166144211041e+00
-1.279247394995670195e+00
-1.274009832461866942e+00
-1.270051647447702159e+00
-1.266818822116322574e+00
-1.262898435631161220e+00
-1.250311970228143998e+00
-1.197128891223141256e+00
-1.225497434323485901e+00
-1.244779227028370183e+00
-1.250539361869743349e+00
-1.252003265091902851e+00
-1.252080012128436337e+00
-1.251695130932678701e+00
-1.250519314322292797e+00
-1.248690706556915497e+00
-1.246482814469290101e+00
-1.243780003850972982e+00
-1.240887165149665350e+00
-1.237842370166467365e+00
-1.234527796825400037e+00
-1.231402432288119186e+00
-1.228983003744974933e+00
-1.227240163428662489e+00
-1.225919009501335921e+00
-1.224762794407691091e+00
-1.223570751327029971e+00
-1.222793711021289198e+00
-1.222145187262249078e+00
-1.221257855406175041e+00
-1.220320557693948871e+00
-1.219345681144921922e+00
-1.218215642152580935e+00
-1.216916392943787617e+00
