-6.472814272180104104e-04
-7.753952844864897163e-04
2.801106845004553998e-03
7.112314259500452165e-03
9.599826713986583937e-03
7.643435523756004352e-03
-4.771323111966611907e-02
-1.574270838288825969e-01
-2.125953811790336212e-01
-1.870522574952003803e-01
-1.382459238817329572e-01
-9.399028897649772119e-02
-7.803845550336871439e-02
-7.643757471694452577e-02
-6.534328125113808561e-02
-4.891690328477285576e-02
-3.296526616016725447e-02
-2.029731976316571929e-02
-1.089868011793095927e-02
-3.559250946515890753e-03
1.333738852073196833e-03
7.281012347044592617e-03
1.388774171666667945e-02
1.591691058376262444e-02
1.625193125704561467e-02
1.795592861426916972e-02
1.242114611299463545e-02
3.620948800540681189e-03
1.213845070133635299e-03
2.982873603308509956e-03
7.027210366054345569e-03
1.316413968645658780e-02
1.852566047767856619e-02
-4.095995274032399047e-02
-2.624444326254505855e-01
-4.130980657247715904e-01
-3.836843376246816262e-01
-3.348521583743140351e-01
-2.837013642521920009e-01
-2.411880988390838199e-01
-2.341590777602483853e-01
-2.271336143595907575e-01
-1.979066421821620014e-01
-1.478225528443715131e-01
-8.813312119077271189e-02
-3.710964454898670745e-02
-2.465569340218888572e-02
-3.741848877168337667e-02
-3.938921657809665855e-02
-2.580230961702842385e-02
-4.941821548233429895e-03
1.286734757281099081e-02
-3.254063378654754868e-04
-1.009460464564682636e-01
-1.713163084461595542e-01
-1.436585024625629259e-01
-9.266686372159102514e-02
-5.282774129493342241e-02
-2.925530982902009580e-02
-5.919861063118831562e-03
1.766860129566491522e-02
3.524124072144614594e-02
2.414026315011773977e-02
-9.537128949672686595e-03
-1.718207366154359678e-02
6.502784894332945542e-03
3.718152189210656433e-02
6.512172573710989232e-02
8.910110826022762942e-02
1.054268533290207699e-01
1.039313723408790413e-01
9.394634728862094608e-02
9.320248315273957362e-02
1.000280486740037222e-01
1.040245629416754330e-01
1.054106137270319488e-01
1.108059791769255287e-01
1.202884492710679654e-01
1.237541370374004163e-01
1.149527419313584459e-01
1.103302075987375175e-01
1.131873753668852650e-01
1.102580584261764890e-01
1.054676871852761877e-01
1.081301090127233383e-01
1.157161197658273938e-01
1.283382951942818040e-01
1.438390209667403663e-01
1.532391112321820625e-01
1.601203051104035935e-01
1.677669780002588040e-01
1.744777385795856228e-01
1.760637824551717634e-01
1.720426935659891687e-01
1.703812739668674192e-01
1.732364876737305937e-01
1.770726159573147995e-01
1.838351347153843462e-01
1.947969758804749263e-01
2.024859483318451892e-01
2.052146506580364294e-01
2.042127972136254521e-01
1.992826349208031422e-01
1.947334150477978698e-01
1.900095844340893014e-01
1.888836996155905112e-01
1.960488788177749964e-01
2.089101134550733763e-01
2.266119787674007457e-01
2.419398047150450037e-01
2.444691269469259354e-01
2.305811216529254082e-01
2.071838726580601808e-01
1.415863750002923083e-01
2.256559704153453250e-02
-4.890856594350771747e-02
-3.445257596273090112e-02
1.356792199520668457e-02
4.416656090716992999e-02
4.380391888322855004e-02
6.083207093417508649e-02
1.103606541892677428e-01
1.622831243787904443e-01
1.961423543012385806e-01
2.089339041568106792e-01
1.908101827299933939e-01
1.832185277066782081e-01
2.155894953709842077e-01
2.555095625578323593e-01
2.888980120554669462e-01
3.217442668391284899e-01
3.516597131486187688e-01
3.069175254884216608e-01
1.915822754308961207e-01
1.493638441506261738e-01
1.972488916284843019e-01
2.511276431672551657e-01
2.952311225755573365e-01
3.408280353717590416e-01
3.873943042232829148e-01
4.253902019360518150e-01
3.878484619324756855e-01
2.190741045724374503e-01
1.237461374849347651e-01
1.813665204407265141e-01
2.684718271256855138e-01
3.442879618446717527e-01
4.040787219372241612e-01
4.557530380545651294e-01
5.023507231738316703e-01
5.316069554903397609e-01
5.463119685564038486e-01
5.552145315570518047e-01
5.558630551011584098e-01
5.546437020699046538e-01
5.524809701822853691e-01
5.480065743503591547e-01
5.477021705251227113e-01
5.567755883511268378e-01
5.728859140190498689e-01
5.934052538512710750e-01
6.155940439503343464e-01
6.371488618176257557e-01
6.644619564122902222e-01
6.929433114285236117e-01
7.169428944413704929e-01
7.396949935405705556e-01
7.625772444741564238e-01
7.837516104903529124e-01
8.030288919893271427e-01
