-1.113975179686623428e-02
5.173256096896256852e-03
5.446304781628276415e-02
3.722183525359628459e-02
3.538638327048575921e-02
-3.266384745840354709e-02
-9.019186681878984535e-01
-1.280497120954021240e+00
-3.899419631376094264e-01
7.237946182589091726e-02
2.170013533252381499e-01
2.249787958347040928e-01
-9.502517752039556231e-02
-7.145035467484628366e-03
7.990525988182792250e-02
1.309709488850046843e-01
1.303019783679198740e-01
1.211274178760537723e-01
1.050940262015875454e-01
1.029024176338659280e-01
7.459143096192411004e-02
1.210948354823699891e-01
1.006474435647611854e-01
5.138099016664052221e-02
6.069023568710338323e-02
6.724547756471736804e-02
-6.520358587743976808e-02
-3.315864789464537110e-02
1.319432182003322726e-02
3.537235853803203517e-02
6.173160367347696464e-02
8.886843445006684106e-02
7.228730014717127395e-02
-1.013299277860441494e+00
-3.073731738933964230e+00
-8.405167231064230027e-01
-1.467494744429045372e-01
-1.991104295660853507e-01
1.437535617835956070e-01
-6.800799395121015500e-02
-3.148680314070756436e-01
-6.554035984020156747e-02
1.304985015977835894e-01
4.268497590611896597e-01
5.080350513451796779e-01
4.828467261676894218e-01
-9.652574068193295331e-03
-1.272099204880478007e-02
9.178286585955573729e-02
2.348455260538062361e-01
2.635218157329169419e-01
2.401723457261824013e-01
-2.322001335885419404e-01
-1.396903813404931860e+00
-2.385205256840293442e-01
2.058085827978786697e-01
3.567546195892293270e-01
2.380333109731701813e-01
2.064255680516775548e-01
3.039190928367318523e-01
2.914358740012718552e-01
2.636449888077176951e-01
-1.658004567302834298e-01
-2.444182734395562995e-01
1.349722842621739194e-01
3.135684396253662909e-01
3.635433471883359191e-01
3.757652985777177324e-01
3.818389028662870222e-01
3.097005742198345457e-01
9.970991720688091031e-02
1.058811985328756006e-01
2.035146551488218603e-01
2.325840350440115945e-01
1.721200691124110393e-01
1.829354516644362549e-01
2.368417238477551479e-01
2.702419074273916810e-01
1.620777344285311838e-01
4.659087831035514660e-02
1.771547867175407021e-01
1.695692654856728598e-01
8.305149997714787735e-02
1.115366893848051683e-01
1.948387667872896745e-01
2.153094056951680435e-01
3.091741358646551419e-01
3.177820162608402388e-01
2.530315874715607372e-01
2.882470605705934052e-01
2.827856935545665085e-01
2.860916135358836376e-01
2.059565339489113633e-01
1.717756631183976201e-01
2.161082075213675013e-01
2.406369807363508695e-01
2.394560643919911858e-01
2.976265517144578432e-01
3.361764878587485406e-01
2.771035236020216175e-01
2.599913489811226941e-01
2.088521273083694396e-01
1.713942048811089858e-01
1.839071095209650619e-01
1.473939915433713221e-01
2.199354386889447732e-01
2.929076176221435679e-01
3.508961165165800367e-01
4.253323881559569752e-01
3.750074768026402938e-01
2.409493774824411905e-01
6.869480789133769472e-02
-8.746839447929172229e-03
-7.591562994701300804e-01
-1.260020148792541983e+00
-4.126768875916182466e-01
1.242511483493532742e-01
3.505131097468216494e-01
7.338316907164191272e-02
-8.494102653630075661e-02
3.602080937871111055e-01
6.004692098294710512e-01
6.108998430179775063e-01
4.624445925685615189e-01
3.224253676246263134e-01
-7.535874893634450511e-02
3.558360178851086020e-01
6.206341970645734563e-01
6.218115030458402082e-01
6.296914870311313139e-01
7.027852260889804192e-01
6.710479789635145353e-01
-5.182612270615302164e-01
-8.998255715470553362e-01
2.561042415924021931e-01
6.667853550449663880e-01
6.114319447230708304e-01
6.915406262526371250e-01
7.940312707852882346e-01
8.614051784862837291e-01
7.884699239918989688e-01
-3.541590625212562848e-01
-1.799258470652691289e+00
9.023123864081836198e-02
7.640491771327844184e-01
9.440663982837287360e-01
9.298278349495310291e-01
9.306153465987114792e-01
9.743624516562587878e-01
9.905234639106833550e-01
7.935167429490854740e-01
7.627480078999007151e-01
6.903676999784733592e-01
5.942812944088347038e-01
6.007998570666452931e-01
5.362527762650252106e-01
5.115426096588978622e-01
5.621717947094089229e-01
6.543152131142562222e-01
7.047727074439040784e-01
7.800536538586573254e-01
7.953314187281941283e-01
8.244385755133341043e-01
9.460931953878084499e-01
9.274938035391699920e-01
9.430383026811113290e-01
9.085382228613474442e-01
9.008954636844176411e-01
9.032325414555406606e-01
9.271098942345383787e-01
9.633267623186967388e-01
9.938325026121100914e-01
1.024942984841743732e+00
1.037414331304275406e+00
1.037304300760317100e+00
1.023131633468508328e+00
1.009433653605698034e+00
9.985790707405641786e-01
1.004108755009137433e+00
1.003756621238929725e+00
1.011622390960418949e+00
1.028212203917960865e+00
1.053544716820279614e+00
1.094340161889320040e+00
1.145760568043899585e+00
1.160269140882528527e+00
1.185742367470521863e+00
1.177427086733027650e+00
1.187288147068727318e+00
1.174778574675226839e+00
1.166523206742055674e+00
1.164372566874625869e+00
1.177235936427549756e+00
1.196602408765973014e+00
1.223023646149075550e+00
1.268901784445895631e+00
1.299132430008075989e+00
1.329598556239624862e+00
1.334199834846422572e+00
1.316556955990360267e+00
1.291371133054293630e+00
1.282045325729332053e+00
1.275700739487862112e+00
1.274851580215677904e+00
1.288851341749422286e+00
1.316725211111160476e+00
1.345955064905197451e+00
1.348801726643978238e+00
1.355141324789578938e+00
1.360291555095760163e+00
1.342573403139273092e+00
1.329270914043976681e+00
1.321018365336674050e+00
1.323256365169753757e+00
1.328428479784021787e+00
1.340533266288444603e+00
1.372045858715962741e+00
1.396762236338299656e+00
1.408305343469848703e+00
1.400515123350180247e+00
1.384906088755660125e+00
1.366159243351051655e+00
1.360709935529156311e+00
1.358007299470041174e+00
1.351936079736751228e+00
1.352738313819092486e+00
1.352557495981935531e+00
1.362612547287748832e+00
1.381457363814406758e+00
1.398784325202242940e+00
1.408545049317898590e+00
1.405660269353105951e+00
1.400508830473631949e+00
1.383422025395364408e+00
1.375275143551171197e+00
1.353787901893319656e+00
1.343532349603145937e+00
1.343959314199671962e+00
1.345956657692991776e+00
1.360722700155712950e+00
1.382995957076796234e+00
1.391960782182078527e+00
1.404963761160334945e+00
1.381423275969085651e+00
1.350201968413069942e+00
1.326996867650611200e+00
1.303558156327031092e+00
1.294768087500926868e+00
1.286648386465686134e+00
1.293510644071980353e+00
1.309981336354144155e+00
