-6.667838531128887115e-04
-8.636732419519976313e-04
2.791416298748960589e-03
7.549394066925622232e-03
1.062229327054079256e-02
9.154034779447043496e-03
-4.772589102517106607e-02
-1.660532660518644343e-01
-2.352314726392348287e-01
-2.203764465133302430e-01
-1.758460132842453449e-01
-1.306854470815926317e-01
-1.113403589604488597e-01
-1.069067004645151975e-01
-9.312959124090115781e-02
-7.350534594320444481e-02
-5.379402637721644731e-02
-3.716894638238415344e-02
-2.394863620645578534e-02
-1.312694127239742020e-02
-5.157371227535951022e-03
3.431882681502441967e-03
1.255573475245182896e-02
1.678870340727050409e-02
1.876907589401545506e-02
2.176257471701239718e-02
1.709908489298483589e-02
8.172938734740340869e-03
5.216896904973697055e-03
6.592725672602457905e-03
1.059208027359505137e-02
1.712121235019449517e-02
2.327562938129874859e-02
-3.719036623091752369e-02
-2.708299217655355529e-01
-4.493053360397298857e-01
-4.430171551126367291e-01
-4.069548667354155325e-01
-3.611948744759250207e-01
-3.181388914005086055e-01
-3.086457230371001392e-01
-2.995591805250770734e-01
-2.670643968529215484e-01
-2.111967783058864290e-01
-1.424003670095128349e-01
-7.999546349494421338e-02
-5.627734259163894026e-02
-6.132522450977454659e-02
-5.828869530825788597e-02
-4.050369578990452302e-02
-1.499314952535230061e-02
7.864358608942675910e-03
-1.168447105869307653e-03
-1.032051353585395764e-01
-1.836410741647727385e-01
-1.640229868253532675e-01
-1.152366738951259850e-01
-7.300401447145124512e-02
-4.516585867500261253e-02
-1.686213854644224089e-02
1.241554834669983398e-02
3.584422721230894060e-02
2.952677733427072279e-02
-2.929651554122860574e-03
-1.170581824198412522e-02
1.212356096004441920e-02
4.529963092441643968e-02
7.750313906559991306e-02
1.067152675378923860e-01
1.285399197539408289e-01
1.316842176297845779e-01
1.243358080850143349e-01
1.249794383065920972e-01
1.331123411754268071e-01
1.385277756655254600e-01
1.410429725214779884e-01
1.474646261175087125e-01
1.582892758093869534e-01
1.633119609664981653e-01
1.553178223598942476e-01
1.504599524687319223e-01
1.531627785371803552e-01
1.501007226498511093e-01
1.447189269731455064e-01
1.467802889169079195e-01
1.543668623627779402e-01
1.677191443632987666e-01
1.849417231227742930e-01
1.966025847796541992e-01
2.056358532759862690e-01
2.154185093093524961e-01
2.241914229383846491e-01
2.275964350417482851e-01
2.246511931549803887e-01
2.233908953748514337e-01
2.265363040554783935e-01
2.307995630124836661e-01
2.381817980028070048e-01
2.502737613762832103e-01
2.595403977657176897e-01
2.636970586429718266e-01
2.637244746324414191e-01
2.591700628365607995e-01
2.543575060298470802e-01
2.489995565847946124e-01
2.469857601928002189e-01
2.536884929977802905e-01
2.669806835433362058e-01
2.861688118512155099e-01
3.039486373659686658e-01
3.089214181913731427e-01
2.962001248728578506e-01
2.718715772205426151e-01
2.022253189336565282e-01
7.205450773354307725e-02
-1.654101214999860459e-02
-1.635697089463909043e-02
2.422836162547200439e-02
5.302033944273955302e-02
5.233976802726213878e-02
6.933855433271940427e-02
1.219020572906540645e-01
1.804327941423155834e-01
2.226975686977060720e-01
2.434074147765760143e-01
2.308776729363563041e-01
2.255282838777431798e-01
2.607992184055676343e-01
3.060159775488715539e-01
3.461814204608522072e-01
3.865515291877242299e-01
4.245211885409816421e-01
3.856393923506995502e-01
2.667923793437851909e-01
2.142769554287614897e-01
2.558130014327416046e-01
3.096164958070464213e-01
3.574579865914426779e-01
4.093711908655995324e-01
4.642741928592088452e-01
5.118058055654072236e-01
4.817299226536992940e-01
3.094155111329736085e-01
1.977181965277015063e-01
2.434274643262975546e-01
3.282951849900428432e-01
4.092475063941903302e-01
4.782029706206295527e-01
5.409709107581019971e-01
5.995789667785732524e-01
6.407101743381702352e-01
6.655327583992620699e-01
6.828724975265720865e-01
6.900157344169531859e-01
6.931150264522901727e-01
6.938096424401453133e-01
6.907838199947924362e-01
6.910338513384124415e-01
7.004599029926061871e-01
7.173887184154995600e-01
7.399836045835150866e-01
7.652488852469384595e-01
7.904980235239222885e-01
8.221252483803759281e-01
8.559129388204474997e-01
8.861651247145361232e-01
9.123557357512197541e-01
9.340413949109308556e-01
9.539306619870421278e-01
9.740872929650014056e-01
9.963452203741574031e-01
1.020712162457854122e+00
1.046623766659114274e+00
1.072804313705129076e+00
1.097494322405625056e+00
1.119418796347075640e+00
1.138255418028772725e+00
1.154627223977239492e+00
1.169983187126816926e+00
1.184950794926433515e+00
1.199713273363640198e+00
1.215225499218347771e+00
1.232342752815271503e+00
1.252216880874259086e+00
1.275929000545369174e+00
1.301327106855454163e+00
1.326896330828734039e+00
1.351245461793642244e+00
1.373867737124407906e+00
1.394684183390967780e+00
1.413013084674925812e+00
1.429798536385316288e+00
1.446463795867459101e+00
1.464193834053364451e+00
1.483586216933548974e+00
1.505941816506009889e+00
1.530963385595926818e+00
1.557479526567554950e+00
1.583797869849883355e+00
1.607279211356223536e+00
1.626721582994562931e+00
1.643253738926858887e+00
1.658298455273517158e+00
1.672512599165882685e+00
1.687151703073907161e+00
1.703742522009602078e+00
1.722807417305966204e+00
1.742483965345387409e+00
1.761489988417139552e+00
1.780059053198238983e+00
1.796832539417940522e+00
1.811102628364055001e+00
1.823754672137770649e+00
1.835888770059368902e+00
1.848282351262742207e+00
1.861437839502294356e+00
1.876758527328643344e+00
1.894565872925444205e+00
1.913363425051392230e+00
1.931175026473138212e+00
1.946664790769180087e+00
1.959572262269492215e+00
1.970885981798337738e+00
1.981687661439912151e+00
1.991961948875331956e+00
2.001981315424570251e+00
2.012063619175781692e+00
2.022733344500367014e+00
2.034965269582216685e+00
2.048910839665242012e+00
2.063798620511640980e+00
2.078350847814482982e+00
2.091822843294361522e+00
2.103548922471822458e+00
2.113672827609296423e+00
2.122093925038231799e+00
2.128982819815015137e+00
2.135767697086358385e+00
2.143092418053968995e+00
2.151695515023753558e+00
2.162511528174734021e+00
2.174828984158676537e+00
2.187973982151358410e+00
2.199885453891330389e+00
2.208335436730879398e+00
2.213891098221072884e+00
2.217358792063698125e+00
2.219854556981035287e+00
2.222291860557940257e+00
2.225558926203769161e+00
2.230877829887551123e+00
