-1.788585141208520524e+00
-1.787902375476109196e+00
-1.786564052432444205e+00
-1.784443395675799016e+00
-1.783059603365505730e+00
-1.784295451307617242e+00
-1.787711459679707904e+00
-1.787715515358669016e+00
-1.786977722904390831e+00
-1.785625652814322839e+00
-1.783621482445104878e+00
-1.780865665030149536e+00
-1.778624361847680913e+00
-1.777146385528734829e+00
-1.774682935139186402e+00
-1.771002974242309236e+00
-1.766060798013091793e+00
-1.760086860100031014e+00
-1.753676111218574141e+00
-1.746462100567846232e+00
-1.739406465961575332e+00
-1.729011456452623330e+00
-1.711509402516636191e+00
-1.701854790087659275e+00
-1.700250977160885135e+00
-1.693556877126715765e+00
-1.709972095502465539e+00
-1.728540638920333494e+00
-1.733421581812215173e+00
-1.733096086107310363e+00
-1.730146926238335991e+00
-1.723167424399796754e+00
-1.714888017149163835e+00
-1.760742873412896481e+00
-1.779967668977693318e+00
-1.782130804046904160e+00
-1.780912601670649575e+00
-1.779167426434155486e+00
-1.777021236685989658e+00
-1.774648246308399457e+00
-1.773270225739397077e+00
-1.771867179963203753e+00
-1.769231111054261341e+00
-1.764479692074822470e+00
-1.756314845668982327e+00
-1.743866588830594644e+00
-1.736165107763407933e+00
-1.737367599382652283e+00
-1.736186332655647480e+00
-1.730004648093568020e+00
-1.718866109348515359e+00
-1.705098281612933642e+00
-1.713149228608233710e+00
-1.748549976140878481e+00
-1.758885482087074958e+00
-1.756444124034724386e+00
-1.749837891724911110e+00
-1.742435164783069812e+00
-1.736305968257249255e+00
-1.728051151472926428e+00
-1.717101704081160030e+00
-1.705524838843256674e+00
-1.710476493100911544e+00
-1.726112212191002637e+00
-1.729200917747636623e+00
-1.719665262592382948e+00
-1.701695808706675805e+00
-1.675675158803536569e+00
-1.635378203698383714e+00
-1.568506840348649733e+00
-1.547346960201813726e+00
-1.569040480786741520e+00
-1.544783313101924183e+00
-1.490174494494521218e+00
-1.453761724204212236e+00
-1.431941777871419852e+00
-1.360752863887832564e+00
-1.173341602407343531e+00
-1.115475730908205065e+00
-1.403880300405821124e+00
-1.494838370909608249e+00
-1.463225851703266578e+00
-1.438852641534021481e+00
-1.446094357715729473e+00
-1.418600529261735188e+00
-1.354498091847728736e+00
-1.161134234491578265e+00
-3.032135043855255230e-01
-1.442792504821200055e+02
-3.630796085680199514e+00
-2.915347046356006278e+00
-2.734566504024146916e+00
-3.136291671157243499e+00
7.428065205436326757e+00
-2.125885419815409794e-01
1.948940797854464169e+00
-3.585560044875961694e+00
-2.501361059434485501e+00
-2.218758675772358302e+00
-2.110406487469754566e+00
-2.085982873876975230e+00
-2.117946134788017520e+00
-2.239207883393639076e+00
-2.592494171845118434e+00
-7.712085631445312117e+00
-4.281162288158293361e-01
-8.547993739962120863e-01
-7.007629915250335184e-01
-2.071981913229911854e+01
-2.694404092027384845e+00
-3.174513688200360839e+00
-1.193619127469836450e+00
-1.599062242719766047e+00
-1.715993975199174182e+00
-1.753369225057718417e+00
-1.762007329112891263e+00
-1.761734080066120534e+00
-1.758331608258927758e+00
-1.755593250791361193e+00
-1.755618321065812060e+00
-1.754052013792496645e+00
-1.748207543050525947e+00
-1.739605716985976436e+00
-1.731854210177350861e+00
-1.727606708484823672e+00
-1.731374968512896295e+00
-1.733121467067783916e+00
-1.724710996688115561e+00
-1.708944554081740508e+00
-1.687575044605619690e+00
-1.650297898698056764e+00
-1.568488570715472985e+00
-1.653365909478337725e+00
-1.725424776751665501e+00
-1.736454905735353549e+00
-1.725998398515484755e+00
-1.705817831751231139e+00
-1.675290549623515757e+00
-1.604595885137109823e+00
-1.221560124122145652e+00
-2.484156342544519003e+00
-7.540327505003773245e-01
-1.711149686520969881e+00
-1.738803301572738658e+00
-1.728746051200011458e+00
-1.696114648804322611e+00
-1.589416161040111186e+00
1.606187997056580663e-01
-2.088345464735812840e+00
-1.919034297586623916e+00
-1.875856155033925221e+00
-1.858955790962443233e+00
-1.850746139612706731e+00
-1.847965116298537103e+00
-1.846560668864700716e+00
-1.846006703338533006e+00
-1.847014107794624715e+00
-1.846719115732752048e+00
-1.842633892113821670e+00
-1.836151552500240536e+00
-1.829628583124940810e+00
-1.824071557614753480e+00
-1.819625140596646151e+00
-1.815218116220937317e+00
-1.811287722971723690e+00
-1.808095335684528404e+00
-1.805282236591694289e+00
-1.802814774619807325e+00
-1.800684569993730166e+00
-1.798813769673946572e+00
