-1.598815929312448647e+00
-1.595402032833420414e+00
-1.600884210285109521e+00
-1.597841516768717440e+00
-1.595522423384561739e+00
-1.591035255418741468e+00
-1.601061942134527349e+00
-1.598118207472009944e+00
-1.595610921175544927e+00
-1.591827862795928361e+00
-1.586240414589927372e+00
-1.578242241418147396e+00
-1.571404029958845427e+00
-1.566875970339564272e+00
-1.559019436253882951e+00
-1.545960429806186198e+00
-1.525701383749103357e+00
-1.495253838217992293e+00
-1.447924067405553794e+00
-1.362631131279307350e+00
-1.193967727695661285e+00
-5.216004648909156050e-02
-2.385848661632598677e+00
-2.034344584580442650e+00
-1.944937496115167752e+00
-1.871170765991129414e+00
-1.936901454033338688e+00
-2.381785206064020777e+00
-3.029440260001592389e+00
-2.615971373344133433e+00
-2.146297558211131662e+00
-1.906726251185389520e+00
-1.812295260078651271e+00
-1.477975526160964836e+00
-1.581387236797255458e+00
-1.586054569190881391e+00
-1.582737102094272874e+00
-1.578124960893076745e+00
-1.572320808750231169e+00
-1.565684579337001336e+00
-1.561548508850179706e+00
-1.557282165165153387e+00
-1.549390164789136159e+00
-1.534417788354945689e+00
-1.504897078386200349e+00
-1.446334912308575804e+00
-1.393804329719932733e+00
-1.395203598810441425e+00
-1.379008952251556064e+00
-1.306222618012500503e+00
-1.070287667823332178e+00
3.280194526656998733e-01
-4.744024743922635734e-01
-1.443310533361642722e+00
-1.505842796490348467e+00
-1.494395796596887926e+00
-1.454876352808599727e+00
-1.387242575639052067e+00
-1.291728298481823245e+00
-1.036147814596617422e+00
2.505593132744536877e+00
-2.574873504461152152e+00
-2.796549906610284353e+00
-2.194370990588597747e-01
-7.390820540027737140e-01
-2.414686249112214611e+01
-2.161977672119121063e+00
-1.881285391437418131e+00
-1.789152090175017307e+00
-1.748195118806413095e+00
-1.737552257273828005e+00
-1.739242946524649280e+00
-1.732902769594170778e+00
-1.719768890148077656e+00
-1.710169924903813810e+00
-1.703429061464308836e+00
-1.694509775613030067e+00
-1.683887922785089808e+00
-1.676967042650853834e+00
-1.676213174128821759e+00
-1.674324674586053607e+00
-1.669025035531807255e+00
-1.666212726208383010e+00
-1.664462950167198585e+00
-1.659750114034082902e+00
-1.653179314615070616e+00
-1.645453027460795692e+00
-1.637723022977288778e+00
-1.631821242199877009e+00
-1.626762460777229524e+00
-1.621931405042957186e+00
-1.617481001398748397e+00
-1.613582809888300940e+00
-1.610101840171870524e+00
-1.606579281008729598e+00
-1.602984938559094186e+00
-1.599458424796250000e+00
-1.596055416918607195e+00
-1.592865717208686194e+00
-1.589736772809298593e+00
-1.586528935618828573e+00
-1.583175201716685576e+00
-1.579551023866332393e+00
-1.575864283025018020e+00
-1.572066001811745162e+00
-1.568570669201787560e+00
-1.566090206903805182e+00
-1.564453157229900970e+00
-1.563520829910773235e+00
-1.562394283508739212e+00
-1.559859348814384372e+00
-1.555172923009018326e+00
-1.548411724619433549e+00
-1.529726547526933711e+00
-1.438399690144902099e+00
-3.146802156546715246e-01
6.261208919572132103e-01
-1.206764233637150907e+00
-1.353659086109429754e+00
-1.345889178910244510e+00
-1.392210948046680663e+00
-1.469334359771022669e+00
-1.506513807366118174e+00
-1.521083965313695385e+00
-1.525228771338823064e+00
-1.519341727146568566e+00
-1.515262486549545651e+00
-1.523160292170370411e+00
-1.531074985873423611e+00
-1.535933635795204921e+00
-1.539559934663010221e+00
-1.541951623010015204e+00
-1.533960322834752699e+00
-1.505915401657157648e+00
-1.483340899157496562e+00
-1.495908811903110536e+00
-1.508865949361356318e+00
-1.517126178697260741e+00
-1.524083734411026736e+00
-1.529742492400416154e+00
-1.533169940648204665e+00
-1.526818691203716272e+00
-1.489805143457193726e+00
-1.437732187057424893e+00
-1.457630938728484704e+00
-1.486032055912905436e+00
-1.503479582988068941e+00
-1.513645547766944155e+00
-1.520380783728167540e+00
-1.525072547025130509e+00
-1.527001561135891583e+00
-1.526964120223962773e+00
-1.526071073856404503e+00
-1.524139310086646049e+00
-1.521776911824517242e+00
-1.519142503007004930e+00
-1.516095963789244383e+00
-1.513367228236008000e+00
-1.511633224388345020e+00
-1.510725268402483668e+00
-1.510411299561471132e+00
-1.510333539315681595e+00
-1.510198794079673501e+00
-1.510607744025512789e+00
-1.511104795286392299e+00
-1.511178269652573958e+00
-1.510823640831770787e+00
-1.510038793521407685e+00
-1.509072049898621204e+00
-1.508102280611253843e+00
-1.507279534424315504e+00
-1.506599029253674615e+00
-1.506009572390408557e+00
-1.505408571717083976e+00
-1.504665247201569134e+00
-1.503693197559357708e+00
-1.502478660809730471e+00
-1.501075029797172222e+00
-1.499593518205008191e+00
-1.498083653603201615e+00
-1.496561601508125339e+00
-1.495099672420469705e+00
-1.493761880463174707e+00
-1.492631654952921494e+00
-1.491782311707881448e+00
-1.491049284715458167e+00
-1.490318728402856507e+00
-1.489491715388543636e+00
-1.488535170082703640e+00
-1.487447088166354181e+00
-1.486184097301765039e+00
-1.484813908026143547e+00
-1.483436119956575761e+00
-1.482133479022686995e+00
-1.480947367356703737e+00
-1.479964559317166195e+00
-1.479160506750880399e+00
-1.478451055893446275e+00
-1.477720737877356472e+00
-1.476797713337365980e+00
-1.475607966124402592e+00
-1.474227603077837623e+00
-1.472750780649189517e+00
-1.471222079415787753e+00
-1.469724959861297364e+00
-1.468360756674469636e+00
-1.467164596543599542e+00
-1.466015456422351315e+00
-1.464829442072450583e+00
-1.463621055220682088e+00
-1.462303022913103767e+00
-1.460829584595269681e+00
-1.459257407188436995e+00
-1.457657920839469989e+00
-1.456082883114933502e+00
-1.454566558904189622e+00
-1.453201762366794991e+00
-1.452010468466084170e+00
-1.450894518613174089e+00
-1.449724183275207023e+00
-1.448411539946226734e+00
-1.446938406065531257e+00
-1.445367718051330241e+00
-1.443770071284616652e+00
-1.442145475697646839e+00
-1.440512512273528278e+00
-1.438893146572992610e+00
-1.437323122528366026e+00
-1.435868620567272824e+00
-1.434541191044189867e+00
-1.433289752492870495e+00
-1.432028397448942725e+00
-1.430705997426624299e+00
-1.429276798189889286e+00
-1.427748630862851975e+00
-1.426113800281449961e+00
-1.424382362751028808e+00
-1.422650597217195223e+00
-1.420964132766739274e+00
-1.419375634425934729e+00
-1.417951831014349739e+00
-1.416645941819395293e+00
-1.415411332418216039e+00
-1.414105440803991254e+00
-1.412571560415917249e+00
-1.410844106249751206e+00
-1.408975762926810260e+00
-1.407042828226334308e+00
-1.405110609625506823e+00
-1.403244540748552760e+00
-1.401536078190378953e+00
