-1.257375577101605887e-06
-6.352887599123820333e-06
-3.263856702978320148e-06
2.660993896181236743e-05
7.561195609311845871e-05
1.305745249818527764e-04
6.427339028395546235e-05
-5.126535647387110489e-04
-1.646581506164446120e-03
-2.854308426018403559e-03
-3.843240611443786599e-03
-4.560990110312248061e-03
-5.083373429153342608e-03
-5.571131930802948606e-03
-6.012985192614910337e-03
-6.365758898491871189e-03
-6.614814333871563319e-03
-6.773287473472801995e-03
-6.860190803328118821e-03
-6.892609832885235668e-03
-6.882120536957011224e-03
-6.839421376489305919e-03
-6.752211298674464651e-03
-6.634975491511006795e-03
-6.511310622361794233e-03
-6.379280495183735356e-03
-6.249183848792404586e-03
-6.169567853924545590e-03
-6.123200958947928527e-03
-6.078388291858543950e-03
-6.018118766734531153e-03
-5.928975689084326449e-03
-5.804033762442487726e-03
-5.776155931196469591e-03
-6.514083345823435366e-03
-8.587834851269661451e-03
-1.094452114263649162e-02
-1.306582463498604657e-02
-1.493822151343751105e-02
-1.651004219745481547e-02
-1.793118900074318692e-02
-1.932861691839695209e-02
-2.060522997777318455e-02
-2.164570455569742730e-02
-2.234149590336204430e-02
-2.269352037261415309e-02
-2.281599932543147344e-02
-2.294900526811237407e-02
-2.311472954791287532e-02
-2.323863845163026687e-02
-2.324884287288973145e-02
-2.313747976987572466e-02
-2.298091545492566071e-02
-2.311168831399261839e-02
-2.387097894039873908e-02
-2.471741420273009318e-02
-2.533161538834290821e-02
-2.567226665803917438e-02
-2.583138782294584074e-02
-2.585421630606583171e-02
-2.572590314995054639e-02
-2.546879441750799292e-02
-2.516204799824355715e-02
-2.499929348768680296e-02
-2.497853459309140947e-02
-2.489972634961920908e-02
-2.465749191802937487e-02
-2.424183302080291577e-02
-2.367109471869484338e-02
-2.297344916522506622e-02
-2.221954393157127283e-02
-2.150699376941016608e-02
-2.082826712040575928e-02
-2.012821787814556354e-02
-1.939325970869736765e-02
-1.864833400668091182e-02
-1.788758034981472941e-02
-1.708422332062629542e-02
-1.623712390425206126e-02
-1.540703513826268550e-02
-1.463191900736196885e-02
-1.385695179607851317e-02
-1.308201291481450937e-02
-1.234002294291971537e-02
-1.161111118096833268e-02
-1.085300320687000199e-02
-1.004415992795922724e-02
-9.151394826812592545e-03
-8.183991726165856448e-03
-7.175899083699131299e-03
-6.123882300912025095e-03
-5.031874996885538076e-03
-3.912543171624297336e-03
-2.805037395915168513e-03
-1.721210257183349197e-03
-6.365144494881436708e-04
4.645981413602649508e-04
1.588723506994630308e-03
2.761457561305689142e-03
3.990156858424261273e-03
5.243393325681389681e-03
6.500513048961357836e-03
7.735855915395905592e-03
8.936326818349367082e-03
1.010725587451402271e-02
1.124884791700626885e-02
1.240182739588685176e-02
1.360776921531594089e-02
1.489650547608178770e-02
1.628453276966932220e-02
1.772630168859786262e-02
1.913469733374405929e-02
2.042573177450419594e-02
2.148992080775100760e-02
2.199192006369611249e-02
2.184839236775508453e-02
2.153582515876321934e-02
2.139798516160708319e-02
2.150091294587786958e-02
2.167796736923541592e-02
2.186891132252297143e-02
2.226654243201846295e-02
2.297396396684753608e-02
2.394544856998496660e-02
2.506068855221644034e-02
2.618358675776317340e-02
2.719018852841540226e-02
2.828121396595154741e-02
2.959603583366725646e-02
3.112396605928616222e-02
3.284398460945516657e-02
3.475659772851692753e-02
3.669492054938781889e-02
3.812142940925289381e-02
3.899836375989686188e-02
3.992011214543132736e-02
4.114466573951153922e-02
4.263567876531125511e-02
4.438408311148636654e-02
4.640414444508658698e-02
4.868189608756044034e-02
5.102575579058180044e-02
5.278704449547370892e-02
5.358502416306709648e-02
5.432657317649419726e-02
5.548780736988931372e-02
5.711741126716823880e-02
5.913729033815751795e-02
6.148354769947104309e-02
6.412477812639069685e-02
6.700658305110866741e-02
7.001355014131546706e-02
7.309702613081732470e-02
7.621188189534981727e-02
7.931769935541872762e-02
8.241240772698775474e-02
8.547683742084574710e-02
8.851228842723005141e-02
9.155820571426913357e-02
9.466529194170403283e-02
9.786379185132536296e-02
1.011784288585063918e-01
1.046088822163849658e-01
1.081663732031521857e-01
1.118848832651581082e-01
1.157468064600369467e-01
1.197342986571679757e-01
1.238187181968010003e-01
1.279845990268482503e-01
1.322282557255811120e-01
1.365576659819749961e-01
1.409855528771643829e-01
1.455209995295120851e-01
1.501690964822052221e-01
1.549250252748150258e-01
1.597764788566793104e-01
1.647065240782020490e-01
1.697004707470518570e-01
1.747491302697402327e-01
1.798510327525568719e-01
1.850045307304293285e-01
1.902117673085426119e-01
1.954795678741756693e-01
2.008194891282527872e-01
2.062493517258763287e-01
2.117855073868582794e-01
2.174284289730203934e-01
2.231762847217888535e-01
2.290169308188750030e-01
2.349426500353015423e-01
2.409400550953847420e-01
2.469985526893843930e-01
2.531139322481518183e-01
2.592900306335947369e-01
2.655346021235575060e-01
2.718595454747651519e-01
2.782815545975987348e-01
2.848096985971801942e-01
2.914474260820688611e-01
2.981846494895236122e-01
3.050009336037650676e-01
3.118763139939464968e-01
3.188006072680588665e-01
3.257684745649259139e-01
3.327793743253704695e-01
3.398407297777862879e-01
3.469655984294294226e-01
3.541633547461873199e-01
3.614311910497248204e-01
3.687658283581283225e-01
3.761619289020530776e-01
3.836060019378094710e-01
3.910872647467468766e-01
3.986004075137312697e-01
4.061459675901780697e-01
4.137270523318962168e-01
4.213513098504797494e-01
4.290328136409984894e-01
4.367805194582367601e-01
4.445935880653953398e-01
4.524614006301262426e-01
4.603700552841699101e-01
4.683076787258550477e-01
4.762699784034541417e-01
4.842551676255875126e-01
4.922611216296711167e-01
5.002882924125455766e-01
5.083382010560124620e-01
5.164170815438470230e-01
5.245343538491371582e-01
5.326970239856607670e-01
5.409061926524417752e-01
5.491566952971854709e-01
5.574410000301142087e-01
5.657488309635644308e-01
5.740728599359223860e-01
5.824034589910308535e-01
5.907371767687538133e-01
5.990765637563594259e-01
6.074264939226160509e-01
6.157970621913021469e-01
6.241992320553306772e-01
6.326376023063775555e-01
6.411124287813564360e-01
6.496083765862974424e-01
6.581073750133114020e-01
6.665972063999447972e-01
6.750699063938693234e-01
6.835247441049736583e-01
6.919640345419412197e-01
7.003967158514332603e-01
