-1.006938308193328080e+00
-1.004027413665640411e+00
-1.008942056043628188e+00
-1.006135416114362968e+00
-1.004111722861770861e+00
-1.000479259250915076e+00
-1.009170579505567211e+00
-1.006380877534181373e+00
-1.004199166371233076e+00
-1.001081970211028516e+00
-9.967593242247534402e-01
-9.910173659833874105e-01
-9.860456212225036099e-01
-9.823808295301081905e-01
-9.767944488960047522e-01
-9.684144222611125175e-01
-9.566615936810856091e-01
-9.409092413977669933e-01
-9.197404852868611425e-01
-8.893670405390485811e-01
-8.461260886537822490e-01
-7.563236723195498890e-01
-4.358586740891756128e-01
1.954561639301393372e+00
-2.596725622675765344e+00
-1.599119246934111338e+00
-1.694953588781540121e+00
-4.352575070815584368e+00
1.911003449766636209e+01
-4.658835847747121228e+00
-1.952214384807159586e+00
-1.434225267766348288e+00
-1.278872094738250365e+00
-8.567897141488143298e-01
-9.860054365908991203e-01
-9.928708365550811266e-01
-9.907039285469722012e-01
-9.873312013591967196e-01
-9.830667383108320223e-01
-9.782219469346675744e-01
-9.750473942797232008e-01
-9.717612900548208144e-01
-9.661129770081591239e-01
-9.562965219309389475e-01
-9.393181271832319323e-01
-9.118539839723727169e-01
-8.877112471407675454e-01
-8.797746230032893466e-01
-8.663628517645183269e-01
-8.337186181665353635e-01
-7.643308863410451792e-01
-6.242054051986075658e-01
-6.208983884525087760e-01
-8.641653778139419817e-01
-9.141050108936282781e-01
-9.073512643638005359e-01
-8.810857953683659538e-01
-8.412392029494135670e-01
-7.928455795684075103e-01
-7.005435072316478218e-01
-4.447476083776236155e-01
1.017793132852551574e+00
1.436076551499770648e+00
-3.513296548548509035e-01
-4.581792321926591582e-01
2.716577635237069632e-01
-2.362019619070095722e+00
-1.434584572404987934e+00
-1.261039201965012513e+00
-1.194319302874251143e+00
-1.173614279936879612e+00
-1.169606270181908325e+00
-1.158730155293230313e+00
-1.142332249827805679e+00
-1.130263425442048941e+00
-1.121643170627436792e+00
-1.111553267945177170e+00
-1.100216270662512486e+00
-1.092452559019963410e+00
-1.090515392837670294e+00
-1.087944822001175371e+00
-1.082605188944143482e+00
-1.079468837838114759e+00
-1.077402662571313119e+00
-1.072968235465737497e+00
-1.066885437482693266e+00
-1.059628901804749557e+00
-1.052132196262571595e+00
-1.046209391045880066e+00
-1.041099053577728917e+00
-1.036227819115098203e+00
-1.031755959658430255e+00
-1.027902048223718223e+00
-1.024582541997737906e+00
-1.021265061859655043e+00
-1.017841061313964790e+00
-1.014472479114373549e+00
-1.011157644388437138e+00
-1.007938017296644784e+00
-1.004855407203748108e+00
-1.001838424135455652e+00
-9.988106982596461902e-01
-9.956838485172451181e-01
-9.925254088744646097e-01
-9.893039463081335638e-01
-9.862247667091584846e-01
-9.836931514060034409e-01
-9.816880082707520883e-01
-9.801879213880552166e-01
-9.786910975208046315e-01
-9.764094485306779037e-01
-9.728213931782044854e-01
-9.679507470914665568e-01
-9.565928132251904081e-01
-9.186160883783719422e-01
-8.198402111943081660e-01
-7.694551129604727535e-01
-8.244436489837253523e-01
-8.516307832652822984e-01
-8.412562194763479884e-01
-8.549458431016705440e-01
-8.960081983411916084e-01
-9.223917632719977888e-01
-9.346071851106054762e-01
-9.389622426554311563e-01
-9.356288660843343763e-01
-9.332064519924769819e-01
-9.390678282765314577e-01
-9.453094322853835552e-01
-9.494845322348952621e-01
-9.527423100639228482e-01
-9.550417021122228345e-01
-9.497920357937835734e-01
-9.318181083720555868e-01
-9.175568985145132750e-01
-9.227046688884731340e-01
-9.298185142425524630e-01
-9.350317079906305118e-01
-9.399309100577297738e-01
-9.442600476396239007e-01
-9.471439738244190609e-01
-9.430496105281002128e-01
-9.198823581784913994e-01
-8.909441659748078557e-01
-8.969315769052955689e-01
-9.113375776275870477e-01
-9.222616062633630651e-01
-9.295661400838268751e-01
-9.348999848644907740e-01
-9.389084575897028717e-01
-9.409048054020430207e-01
-9.413610176653137707e-01
-9.410817915539695377e-01
-9.399528385276040288e-01
-9.384073193016554404e-01
-9.365809211867985873e-01
-9.343883382802069537e-01
-9.323256337237794122e-01
-9.308673317245153012e-01
-9.299488684781764825e-01
-9.294474586915657532e-01
-9.291485261907305171e-01
-9.288519717374417173e-01
-9.289528101792254855e-01
-9.291686938195926615e-01
-9.291331696177811406e-01
-9.288208627687956076e-01
-9.282080292135780342e-01
-9.274515710337891683e-01
-9.266708253796299699e-01
-9.259725625578841823e-01
-9.253630331613202920e-01
-9.248141897025490277e-01
-9.242607440632149007e-01
-9.236126370390836948e-01
-9.228058141657187186e-01
-9.218233221314184878e-01
-9.206953436467301133e-01
-9.194935284817293830e-01
-9.182534321684414635e-01
-9.169882152017186927e-01
-9.157489625094690222e-01
-9.145831527698966568e-01
-9.135524294068639861e-01
-9.127143230328506052e-01
-9.119705374354574179e-01
-9.112448694407060401e-01
-9.104694670578552529e-01
-9.096140902510951864e-01
-9.086726059917535903e-01
-9.076102544565898267e-01
-9.064667903150827044e-01
-9.053063223014727878e-01
-9.041860717501537525e-01
-9.031380359023741811e-01
-9.022246796967130500e-01
-9.014385497928902868e-01
-9.007285960811750591e-01
-9.000199387421528030e-01
-8.991944851212454459e-01
-8.981934022860504907e-01
-8.970568243043803847e-01
-8.958426340558007794e-01
-8.945795705316907931e-01
-8.933233797108388607e-01
-8.921445214503778143e-01
-8.910731742965871671e-01
-8.900373457213583972e-01
-8.889819631490534224e-01
-8.879144966040957154e-01
-8.867770024437053866e-01
-8.855344974267153058e-01
-8.842192744868042631e-01
-8.828760210204680270e-01
-8.815397454482022388e-01
-8.802352724236010006e-01
-8.790260661522184549e-01
-8.779334101487824560e-01
-8.768993790723206283e-01
-8.758406782918690681e-01
-8.746957465235045692e-01
-8.734463662582911958e-01
-8.721274050841676395e-01
-8.707827929700631131e-01
-8.694133784209070459e-01
-8.680314104806237108e-01
-8.666524261177418476e-01
-8.653008214777130336e-01
-8.640219879352484256e-01
-8.628282351084968216e-01
-8.616909270166381862e-01
-8.605562778210527064e-01
-8.593890487771995712e-01
-8.581566511574545419e-01
-8.568591509846172904e-01
-8.554891331360806594e-01
-8.540495039155127088e-01
-8.526001606964981328e-01
-8.511724115720604722e-01
-8.498026448719746551e-01
-8.485380704389520190e-01
-8.473554306878738895e-01
-8.462275713367688468e-01
-8.450655304299754533e-01
-8.437638197816597074e-01
-8.423349843917904423e-01
-8.408070062003643041e-01
-8.392250482595067229e-01
-8.376312796373782676e-01
-8.360691134377848943e-01
-8.346008385146285180e-01
