-1.190350374014105705e+00
-1.189219680564926218e+00
-1.184907761607345122e+00
-1.207499608682294889e+00
-1.195082476842560970e+00
-1.198422301398141654e+00
-1.190205640307620882e+00
-1.189526043764084662e+00
-1.188308718281347209e+00
-1.186364865031129812e+00
-1.183619327395167842e+00
-1.179966161448432249e+00
-1.176852042671868936e+00
-1.174592956650022391e+00
-1.171124148135239240e+00
-1.166011230617254979e+00
-1.159046470566412967e+00
-1.150165536341348105e+00
-1.139301023469073915e+00
-1.125408384832105924e+00
-1.108758548382695164e+00
-1.081520683051824916e+00
-1.025975740994182539e+00
-9.605253091374634788e-01
-8.945402049929371824e-01
-7.412805972321647729e-01
-8.583400700108696491e-01
-9.942302540797214316e-01
-1.020446499021365749e+00
-1.014661988593742015e+00
-9.862720916233730373e-01
-9.008134262214445576e-01
-6.910395101469835044e-01
-1.130236054859369510e+00
-1.176495050725640645e+00
-1.180665722145107122e+00
-1.179235001272183059e+00
-1.177020003904117651e+00
-1.174239268202653674e+00
-1.171105511003277089e+00
-1.169110216737722974e+00
-1.167056565294851023e+00
-1.163464041820380990e+00
-1.157222813141591589e+00
-1.146648770375239268e+00
-1.130308312536891791e+00
-1.117379150069829352e+00
-1.114489876166748772e+00
-1.108952031555358486e+00
-1.095075636602079516e+00
-1.069352725817618754e+00
-1.030659371391806856e+00
-1.036789506735372957e+00
-1.115544042219218879e+00
-1.137734775799282172e+00
-1.134293618589337527e+00
-1.122369999113827177e+00
-1.106926149503757451e+00
-1.091657028532307505e+00
-1.068702226377006959e+00
-1.030632071210364265e+00
-9.744966327734996270e-01
-9.798318259908986860e-01
-1.037849863928194338e+00
-1.049079058329662528e+00
-1.012984925915868750e+00
-9.128679660946842356e-01
-5.629261910645215750e-01
-4.372279613928564679e+00
-1.703054407620456789e+00
-1.583686176071035456e+00
-1.594197364720860266e+00
-1.539799308634335118e+00
-1.468849831917483417e+00
-1.432569507776192186e+00
-1.412461673222090930e+00
-1.386474029649662265e+00
-1.358084890320331972e+00
-1.344765845265929460e+00
-1.354791234845255321e+00
-1.362568872084198190e+00
-1.352487210223417113e+00
-1.349669402340204716e+00
-1.352211136814000625e+00
-1.344968413051079281e+00
-1.331371152512280664e+00
-1.313222554629204009e+00
-1.295057725963350670e+00
-1.283330979799951255e+00
-1.274576957939322019e+00
-1.267016299180987460e+00
-1.260847708641952059e+00
-1.257289303872308084e+00
-1.256412480108763496e+00
-1.254853795945148676e+00
-1.250923896240262456e+00
-1.246233686498955606e+00
-1.241258833353839020e+00
-1.235872229251604670e+00
-1.231399776121957945e+00
-1.228201666901773681e+00
-1.225973007601993903e+00
-1.224607043380241400e+00
-1.223473864485149942e+00
-1.222534915974266889e+00
-1.221254875039554433e+00
-1.218822597880952374e+00
-1.215613987284349218e+00
-1.211828956628886456e+00
-1.208394982010680963e+00
-1.206108691794947951e+00
-1.205048025217036356e+00
-1.204936896972526483e+00
-1.211160829097560843e+00
-1.100385592182122396e+00
-1.172890408267700080e+00
-1.173610850189889865e+00
-1.168514650988620618e+00
-1.163332835867764370e+00
-1.163849553663657721e+00
-1.160177495972102957e+00
-1.138037627351834447e+00
-9.438371485745538081e-01
-1.331942785169118570e+00
-1.264482017523956392e+00
-1.277058248527208395e+00
-1.285177621414071769e+00
-1.237663647957136792e+00
-1.217396840512360079e+00
-1.208460356854827777e+00
-1.202836865544857137e+00
-1.198896085813862200e+00
-1.197736532477216009e+00
-1.201640684554431404e+00
-1.210086245312171016e+00
-1.201038871660692120e+00
-1.195743918438856523e+00
-1.192836844909539895e+00
-1.190719682969131332e+00
-1.189053987311468275e+00
-1.187591279804390609e+00
-1.185359179291497034e+00
-1.177140626119669742e+00
-1.146105451530653907e+00
-1.161294424533570346e+00
-1.173689007660925876e+00
-1.177862459622330160e+00
-1.179187664925523515e+00
-1.179558839934828018e+00
-1.179591203481334283e+00
-1.179106504999016813e+00
-1.178207184736224100e+00
-1.177070199423587926e+00
-1.175636962587375489e+00
-1.174086938196115870e+00
-1.172444867909270938e+00
-1.170645726084553750e+00
-1.168945702473533910e+00
-1.167631847384556609e+00
-1.166690253173502612e+00
-1.165982170797542627e+00
-1.165366973610124646e+00
-1.164733450042099605e+00
-1.164328782447445310e+00
-1.163997294853147846e+00
-1.163535338061854274e+00
-1.163045489020620771e+00
-1.162534061389578266e+00
-1.161936459592686877e+00
-1.161244230536145450e+00
