-4.093261293916041925e-06
-2.465937034692855856e-05
-4.760401848917657322e-05
-4.949117827420582003e-05
-3.559486234935294849e-05
-1.935614605259043092e-05
-1.302651843906890380e-04
-7.840762616797122744e-04
-2.071380626906914671e-03
-3.520290393413299905e-03
-4.808939157743299248e-03
-5.849216992996796732e-03
-6.690486282409350942e-03
-7.484710687354673500e-03
-8.220615426176310081e-03
-8.852435955537195020e-03
-9.362189256656768682e-03
-9.759015224926108345e-03
-1.006202120153712638e-02
-1.028991513214717879e-02
-1.045499088062533909e-02
-1.057034486706567161e-02
-1.062399403081037280e-02
-1.063128619979797004e-02
-1.062060617346203412e-02
-1.059332784337286767e-02
-1.056068963838106139e-02
-1.057636156461509540e-02
-1.062864433505244892e-02
-1.068751688658740873e-02
-1.073621689164216443e-02
-1.075992292498241173e-02
-1.074875780884299026e-02
-1.083651638971661751e-02
-1.172619031139093479e-02
-1.408038421259023842e-02
-1.689244589397216612e-02
-1.959737631404602845e-02
-2.213145270057117336e-02
-2.440386601235047803e-02
-2.653512731069773353e-02
-2.864571941681195999e-02
-3.063233648857017002e-02
-3.236415937282585004e-02
-3.371221654700652659e-02
-3.465851545866780598e-02
-3.530597098810247386e-02
-3.590264408510809857e-02
-3.649125673558949179e-02
-3.700942945491530328e-02
-3.738933659469925730e-02
-3.762069597745771460e-02
-3.777937827751820521e-02
-3.821477703363421879e-02
-3.931776692849545118e-02
-4.057594087463266969e-02
-4.164788193780676745e-02
-4.246249532086224937e-02
-4.309420948868371293e-02
-4.357551371193957301e-02
-4.388462985359482815e-02
-4.404014498513136866e-02
-4.411831955959889806e-02
-4.432506332525979614e-02
-4.467867651742012808e-02
-4.497808156842016819e-02
-4.510429094176863357e-02
-4.503918008916549254e-02
-4.479504490672722022e-02
-4.439171305494946096e-02
-4.389180870298960147e-02
-4.340290423108286028e-02
-4.291993145288475892e-02
-4.239528513946116961e-02
-4.182445934033785645e-02
-4.123262177719022592e-02
-4.061587717965337713e-02
-3.994994531620537498e-02
-3.923562857498811424e-02
-3.853630412052269638e-02
-3.789874224186959989e-02
-3.726467981152933873e-02
-3.662028631706025494e-02
-3.599541877783914851e-02
-3.537866020401466555e-02
-3.473648872777427427e-02
-3.404986731687548868e-02
-3.328592744831931211e-02
-3.244853255970137768e-02
-3.156252494762835231e-02
-3.062907841102295234e-02
-2.965691248822143258e-02
-2.865969350691272358e-02
-2.767878792185532455e-02
-2.672743943181691770e-02
-2.577635671239010204e-02
-2.479698829375334007e-02
-2.378119636786540231e-02
-2.271138550679423565e-02
-2.158131555777690128e-02
-2.041711121287020925e-02
-1.924661295377764689e-02
-1.809923624411130527e-02
-1.699443489908430971e-02
-1.593198585528830813e-02
-1.491534886473071947e-02
-1.391016977733377548e-02
-1.287775091201448507e-02
-1.178322958923063921e-02
-1.059712668659134119e-02
-9.360520730511459261e-03
-8.166759632693088022e-03
-7.111070230345307649e-03
-6.316333018447205065e-03
-6.152842149754974427e-03
-6.747015859481123728e-03
-7.637888112916040029e-03
-8.453754518820744135e-03
-9.090504266116728599e-03
-9.691680168289919586e-03
-1.031285626255992217e-02
-1.075437220959146387e-02
-1.088802102155337487e-02
-1.074287391115532481e-02
-1.042788898691165110e-02
-1.007559327431174073e-02
-9.820989895080586493e-03
-9.478346575379336530e-03
-8.896977596372319941e-03
-8.072878158927727227e-03
-7.019057433139436197e-03
-5.725205366888090792e-03
-4.352745984716014337e-03
-3.472844775342135652e-03
-3.170165598990722436e-03
-2.866839925909860434e-03
-2.276683599498484974e-03
-1.407720080294111963e-03
-2.548211497820091886e-04
1.212901122635734854e-03
2.996549602856058737e-03
4.902139506443391366e-03
6.239908033480880134e-03
6.570129845921629692e-03
6.764827191141769246e-03
7.336203635492476692e-03
8.394514769140052485e-03
9.897218005486469947e-03
1.178018274611409080e-02
1.403236611124963548e-02
1.663021407242964642e-02
1.946020845495927826e-02
2.245458403554730087e-02
2.553683887280046652e-02
2.864542523240305033e-02
3.176637472605089996e-02
3.486656024158182182e-02
3.793804721075141884e-02
4.102592326456101779e-02
4.419613025719316274e-02
4.749312359223986646e-02
5.094423932725886117e-02
5.455337071776005659e-02
5.833207806646498877e-02
6.232877708324552346e-02
6.652905665749125896e-02
7.092671247337635487e-02
7.552008915975673420e-02
8.030501757633612403e-02
8.526084851233750594e-02
