-1.259639783523390951e-06
-6.374886888104492126e-06
-3.311555225284902793e-06
2.663487648441023370e-05
7.590676314125261207e-05
1.313379350805550939e-04
6.540506951185579975e-05
-5.129510428185467654e-04
-1.652647927279431335e-03
-2.870731535808948923e-03
-3.872369267683939756e-03
-4.602816016252736162e-03
-5.136404937268666121e-03
-5.633614649662439626e-03
-6.083443666648959136e-03
-6.442680730776499318e-03
-6.696520639431365572e-03
-6.858011389971937349e-03
-6.946222165049463840e-03
-6.978395489714570195e-03
-6.966305029455730283e-03
-6.920863665476181294e-03
-6.829917807935345815e-03
-6.708055741772425695e-03
-6.579078873153378949e-03
-6.441257382941105621e-03
-6.305031838711986150e-03
-6.219233661713394375e-03
-6.166927463958037786e-03
-6.116445822739832727e-03
-6.050662962626711036e-03
-5.956007841605023660e-03
-5.825392594396550626e-03
-5.791807969222161241e-03
-6.526210425790760460e-03
-8.604104931271901180e-03
-1.097465642231567305e-02
-1.311571505487825993e-02
-1.501010778862088904e-02
-1.660357338335757826e-02
-1.804447171913686754e-02
-1.945963907959688544e-02
-2.075195683145562853e-02
-2.180543829748284382e-02
-2.251050207256451163e-02
-2.286710034291630084e-02
-2.298917232652899004e-02
-2.311770571577026132e-02
-2.327632976653509420e-02
-2.339125756852678678e-02
-2.339069680647987495e-02
-2.326665315460739111e-02
-2.309559558069705296e-02
-2.321122034559952585e-02
-2.395766547393212917e-02
-2.479489686983009020e-02
-2.540161162570702194e-02
-2.573436588284624613e-02
-2.588397613942364922e-02
-2.589531755366448335e-02
-2.575336132337886080e-02
-2.548035657403954074e-02
-2.515568060966691388e-02
-2.497393060585173172e-02
-2.493439349632099039e-02
-2.483721856389445662e-02
-2.457624465541519143e-02
-2.414069456485642973e-02
-2.354845812467652039e-02
-2.282754902501047539e-02
-2.204879097672050176e-02
-2.131043840777456858e-02
-2.060567076661572183e-02
-1.987960162370587883e-02
-1.911861855492887410e-02
-1.834771053371725760e-02
-1.756112438597423608e-02
-1.673205380717526780e-02
-1.585924818540077053e-02
-1.500356525987804786e-02
-1.420336158443174721e-02
-1.340400492269225308e-02
-1.260530416120966835e-02
-1.184026629840713787e-02
-1.108912567770896362e-02
-1.030947423541024241e-02
-9.479510913189831064e-03
-8.565728681680321449e-03
-7.577120676936492660e-03
-6.547598314453806703e-03
-5.473999107023319252e-03
-4.360298998083115586e-03
-3.219246729286723285e-03
-2.090204413720525740e-03
-9.853321659885284824e-04
1.197588998498996457e-04
1.240634186799452867e-03
2.383946915537689566e-03
3.575415784564270512e-03
4.822585048992364745e-03
6.094066945656774655e-03
7.369073910615355112e-03
8.621732295431634024e-03
9.838685652759165956e-03
1.102507916165765788e-02
1.218100724910474962e-02
1.334723043012776313e-02
1.456559631513268220e-02
1.586630856132165840e-02
1.726624297947898859e-02
1.872002122409028788e-02
2.014024848265871456e-02
2.144225361256350479e-02
2.251564117464162351e-02
2.302322740482021235e-02
2.287909772060242597e-02
2.255930687474675886e-02
2.240989661498658803e-02
2.249954050776294817e-02
2.266300590541666521e-02
2.284024280604748589e-02
2.322461934085176191e-02
2.392054363187201896e-02
2.488324882562684137e-02
2.599253128466973845e-02
2.711163175136653905e-02
2.811532630640632691e-02
2.920368761832057083e-02
3.051674284191418368e-02
3.204451072415936269e-02
3.376626955812454117e-02
3.568265400391368303e-02
3.762650448119252838e-02
3.905801460990702967e-02
3.993600477040974706e-02
4.085444483144038547e-02
4.207368531150101204e-02
4.355936264745186720e-02
4.530351824884724238e-02
4.732118910295035619e-02
4.959890911677292819e-02
5.194492834654567542e-02
5.370809436910223972e-02
5.450266955631386662e-02
5.523391812559115543e-02
5.638131664301933299e-02
5.799695850299615985e-02
6.000483324590909912e-02
6.234198766673565428e-02
6.497735785444591627e-02
6.785646368427970809e-02
7.086311189327637594e-02
7.394718483242593288e-02
7.706117172689860850e-02
8.016446101547804182e-02
8.325489717680736868e-02
8.631301171760824564e-02
8.934042450436030514e-02
9.237642149976438288e-02
9.547355767414325567e-02
9.866228346790223425e-02
1.019657829399180510e-01
1.053852024135908116e-01
1.089314419902950720e-01
1.126394564352946742e-01
1.164898689179874047e-01
1.204679368383881205e-01
1.245699152546524829e-01
1.287933556280115299e-01
1.331231648700682557e-01
