-2.740096398208095252e+00
-2.736523060649676431e+00
-2.716798444180855476e+00
-2.762493982804433035e+00
-2.748702014850377573e+00
-2.752656234358387799e+00
-2.739904489794309672e+00
-2.737640356039371170e+00
-2.733600247526091653e+00
-2.726454449583410433e+00
-2.714787673073030927e+00
-2.696382630240660383e+00
-2.682574974379948962e+00
-2.676340318037302879e+00
-2.660933207759826225e+00
-2.632542783897990901e+00
-2.586560760129664516e+00
-2.518361966406263530e+00
-2.424492500235695402e+00
-2.279376610135932957e+00
-2.091935239647230382e+00
-1.406272338022770185e+00
-8.673235726701424397e+00
-5.330823711102115503e+00
-5.825694312035662570e+00
-4.718935376659262104e+00
-1.799695899394402332e-01
-2.182167098223263935e+00
-2.286726471371721470e+00
-2.242573428450906903e+00
-2.078729945066844387e+00
-1.334287209602399660e+00
5.253338815580720933e+01
-2.629268032496595353e+00
-2.715002325315017284e+00
-2.719497040201023896e+00
-2.712012410663707129e+00
-2.702036182692542088e+00
-2.689452413587769541e+00
-2.675378574437239365e+00
-2.668616418335943763e+00
-2.661523892057779062e+00
-2.645467597775808422e+00
-2.611314816166643737e+00
-2.535650213700235689e+00
-2.360277070345211392e+00
-2.271979754286437725e+00
-2.373838097937885916e+00
-2.388300581554346991e+00
-2.306357366790232621e+00
-2.069044220939439960e+00
-1.505052567780250428e+00
-2.039574512540621498e+00
-2.564366351956638646e+00
-2.621030609296262526e+00
-2.597722390058325725e+00
-2.537529781093738723e+00
-2.450651610573078898e+00
-2.360870831779054324e+00
-2.194757973178133703e+00
-1.788345582801661005e+00
-6.708356301213809214e-01
-1.673703400781241468e+00
-2.287097920019360409e+00
-2.337988120222833643e+00
-2.120382506767557462e+00
-8.629030347687841607e-01
-5.172903862691548227e+00
-3.558671445856701254e+00
-3.286633742525533641e+00
-3.294034633158194225e+00
-3.414359131111001311e+00
-3.392512290939135866e+00
-3.292033537500482332e+00
-3.248795210829814373e+00
-3.230803982883402536e+00
-3.181124027107027352e+00
-3.117256300884832854e+00
-3.098509353175164627e+00
-3.158769514484281338e+00
-3.201857327120648744e+00
-3.163121314664062655e+00
-3.160566562538492441e+00
-3.178438987734775623e+00
-3.148807726381408045e+00
-3.098154024992000544e+00
-3.037241066287897251e+00
-2.984381080262587194e+00
-2.956506242250319438e+00
-2.937193008845747855e+00
-2.920453416321855400e+00
-2.907094379008593243e+00
-2.902089725843387757e+00
-2.905673773108983227e+00
-2.904333334888971052e+00
-2.892070513694439793e+00
-2.877493946776737754e+00
-2.862548655430813938e+00
-2.846821440505928891e+00
-2.835085474451598309e+00
-2.827751473588611120e+00
-2.823393616241186788e+00
-2.821624780367004703e+00
-2.819981249957945302e+00
-2.818608226361749125e+00
-2.815150002458676859e+00
-2.806786929292480526e+00
-2.796193467458426340e+00
-2.784641782401673371e+00
-2.775244796639974254e+00
-2.769555292084889153e+00
-2.767236337429244131e+00
-2.767588484209298372e+00
-2.816044909614522584e+00
-2.718102517142282348e+00
-2.723962133673236252e+00
-2.716601370339990940e+00
-2.699286682688701866e+00
-2.678725742242415553e+00
-2.676344182158244323e+00
-2.658086224946445419e+00
-2.497906559569758045e+00
-3.020851803479638775e+00
-2.857336612030707101e+00
-2.833586865747682815e+00
-2.869815633428386192e+00
-2.901671288997799802e+00
-2.819447289626381359e+00
-2.785159950054245215e+00
-2.769746471528280463e+00
-2.759289144825011419e+00
-2.751401790307782314e+00
-2.747419404697927892e+00
-2.751864655923697001e+00
-2.714542476639190571e+00
-2.748642673097238642e+00
-2.740667155201037097e+00
-2.736405824915225882e+00
-2.732922802673098062e+00
-2.729790339355899320e+00
-2.726355358693238085e+00
-2.717154614549446290e+00
-2.616284029512051301e+00
-2.884446720172533229e+00
-2.377792053433188002e+00
-2.682166117682517559e+00
-2.703454597265901427e+00
-2.708017375839142815e+00
-2.708755038703798412e+00
-2.708420645377336733e+00
-2.706195659023621580e+00
-2.702532002066501349e+00
-2.698091567242503874e+00
-2.692527462381777870e+00
-2.686736242653235518e+00
-2.680754916925626397e+00
-2.674235898860273242e+00
-2.668616152910487038e+00
-2.665292108142054861e+00
-2.663734417050542369e+00
-2.662933366046355221e+00
-2.662116679985691903e+00
-2.660853137691410630e+00
-2.660522443454154562e+00
-2.660182815170703208e+00
-2.659020912838434558e+00
-2.657666013085331347e+00
-2.656191022618533459e+00
-2.654296650974049765e+00
-2.652015090476053327e+00
