-1.033174084019090611e+00
-1.030904588289706769e+00
-1.034727131300645642e+00
-1.032546962541197377e+00
-1.030970733973525011e+00
-1.028131568062654821e+00
-1.034902038739948571e+00
-1.032737907939961453e+00
-1.031038467260854130e+00
-1.028603927250002048e+00
-1.025217293783431405e+00
-1.020701122213710343e+00
-1.016787878294322711e+00
-1.013911330046840531e+00
-1.009501071223869006e+00
-1.002847109654946722e+00
-9.934546321687225401e-01
-9.807670891064883545e-01
-9.635449616807305606e-01
-9.384758443230789560e-01
-9.020847575858645939e-01
-8.233147885084360906e-01
-5.015492970646612259e-01
1.347249365328509185e+01
-1.891222352940280294e+00
-1.428978406866751927e+00
-1.488492940965447930e+00
-2.532664867853261725e+00
-6.070644315447705885e+00
-2.660919774620696732e+00
-1.644401342282659106e+00
-1.334998541209414302e+00
-1.230705601463460974e+00
-9.162381272601688442e-01
-1.017203368687545684e+00
-1.022406291295778757e+00
-1.020684227671496025e+00
-1.018029629622593912e+00
-1.014675335748402851e+00
-1.010861310299754123e+00
-1.008361427786663711e+00
-1.005772896954492790e+00
-1.001310940204079181e+00
-9.935171427146640699e-01
-9.799230818557641554e-01
-9.576403546209395490e-01
-9.378947204455131414e-01
-9.316034988535861761e-01
-9.207219217563373803e-01
-8.935664334412379839e-01
-8.341214463518307198e-01
-7.072787258081996153e-01
-7.064753024280486793e-01
-9.204584610701359582e-01
-9.608099134555493359e-01
-9.553638345407695631e-01
-9.341366071754342304e-01
-9.014584383077615115e-01
-8.610137876981140970e-01
-7.812464090999076127e-01
-5.401537648609272546e-01
1.820929062448747526e+00
2.925037996911105331e+00
-4.565117888310715744e-01
-5.640240481933103123e-01
2.764264499725986868e-01
-1.841575407919801233e+00
-1.332267226228313062e+00
-1.216783846999932361e+00
-1.170308700612872954e+00
-1.155685047936397369e+00
-1.152890060319039955e+00
-1.145092464802873522e+00
-1.133226363377457968e+00
-1.124435977072447024e+00
-1.118118297093092739e+00
-1.110694291281984381e+00
-1.102327170841996384e+00
-1.096565887270159800e+00
-1.095080874579587471e+00
-1.093117333524107337e+00
-1.089107141063221373e+00
-1.086713805917396192e+00
-1.085100931244050049e+00
-1.081742143078394225e+00
-1.077173432586225443e+00
-1.071748245830646651e+00
-1.066153673750148467e+00
-1.061713272725437252e+00
-1.057867665009086133e+00
-1.054199001141579162e+00
-1.050822611354600866e+00
-1.047890074543029515e+00
-1.045334324118058600e+00
-1.042780493847216494e+00
-1.040159198081958447e+00
-1.037582450376239418e+00
-1.035057249993058370e+00
-1.032621473681834656e+00
-1.030277924375905929e+00
-1.027963564040422551e+00
-1.025623238863930808e+00
-1.023186010712260341e+00
-1.020718870566549308e+00
-1.018196729487441221e+00
-1.015795113403400896e+00
-1.013853910951236337e+00
-1.012347794695791281e+00
-1.011253146120637769e+00
-1.010151064782540464e+00
-1.008394487727436895e+00
-1.005561393147109905e+00
-1.001675880949563613e+00
-9.924489943225842659e-01
-9.608891334428660835e-01
-8.750127933114724144e-01
-8.305028673927655758e-01
-8.813406729169470655e-01
-9.055812109218497330e-01
-8.971221390289521036e-01
-9.091869483961230181e-01
-9.437976867516183477e-01
-9.655672878189491826e-01
-9.755439502154910070e-01
-9.790981948929381451e-01
-9.764222450921168361e-01
-9.744942525831219449e-01
-9.792827991154428036e-01
-9.843508231408794051e-01
-9.877334592562356796e-01
-9.903691726844701115e-01
-9.922302780484938411e-01
-9.880334212295205365e-01
-9.735423805791663110e-01
-9.620005966581721690e-01
-9.663009057268179269e-01
-9.721428374779215176e-01
-9.763989754875006533e-01
-9.803729512931975698e-01
-9.838672927046305805e-01
-9.861899686386764730e-01
-9.829209879534237526e-01
-9.642376675971437994e-01
-9.406333912484081683e-01
-9.457243982665451965e-01
-9.575886116694147798e-01
-9.664813479190526024e-01
-9.723834899842320745e-01
-9.766705127924810714e-01
-9.798796920829704327e-01
-9.814737884222115571e-01
-9.818385161982592368e-01
-9.816185139749329380e-01
-9.807227264631602770e-01
-9.794972647501928309e-01
-9.780497786366302293e-01
-9.763115093593276450e-01
-9.746796271119104738e-01
-9.735342107719542337e-01
-9.728223238447186727e-01
-9.724444889198806674e-01
-9.722276473910440586e-01
-9.720112564418680323e-01
-9.721121529770628822e-01
-9.723029729453981362e-01
-9.722906620443012571e-01
-9.720557189612932802e-01
-9.715799598216200428e-01
-9.709895092483445955e-01
-9.703800783090698046e-01
-9.698370858253551052e-01
-9.693652691689520484e-01
-9.689419543619531838e-01
-9.685146942101199308e-01
-9.680113751008760925e-01
-9.673808485375954280e-01
-9.666097656365343349e-01
-9.657224913913085018e-01
-9.647765689840304137e-01
-9.638004474232932939e-01
-9.628046176886853047e-01
-9.618300080108966865e-01
-9.609146164819073466e-01
-9.601077986747137416e-01
-9.594555297872171540e-01
-9.588784625190714950e-01
-9.583153361656253644e-01
-9.577116438868173987e-01
-9.570433153343680388e-01
-9.563055555905148886e-01
-9.554705874571900459e-01
-9.545705359137472978e-01
-9.536570433473436914e-01
-9.527761069769580260e-01
-9.519533709308753977e-01
-9.512390055198836070e-01
-9.506267490488131688e-01
-9.500753281890417234e-01
-9.495243496499529146e-01
-9.488787826179587714e-01
-9.480915026535068346e-01
-9.471951479412202834e-01
-9.462365015514672129e-01
-9.452387582723424941e-01
-9.442468766065139629e-01
-9.433176333284021275e-01
-9.424752118695011172e-01
-9.416612605502276967e-01
-9.408312839915722314e-01
-9.399913617587124515e-01
-9.390946668202666547e-01
-9.381130390145817621e-01
-9.370727033821851792e-01
-9.360098546932384966e-01
-9.349527884677708567e-01
-9.339215403749094868e-01
-9.329674453133748324e-01
-9.321075676130126109e-01
-9.312947999130065657e-01
-9.304615779866198810e-01
-9.295580916345478339e-01
-9.285697212870452910e-01
-9.275249036413947268e-01
-9.264593325816175007e-01
-9.253736677507212738e-01
-9.242778477700898110e-01
-9.231844560946305123e-01
-9.221132923073822596e-01
-9.211012074310434006e-01
-9.201580968288560758e-01
-9.192605463512451003e-01
-9.183647258780234246e-01
-9.174419971613172464e-01
-9.164658873512212534e-01
-9.154365734171487912e-01
-9.143480561888681635e-01
-9.132027830062395823e-01
-9.120496483030132717e-01
-9.109141468949777387e-01
-9.098259299636364261e-01
-9.088234557596973628e-01
-9.078875582901526631e-01
-9.069959820339046352e-01
-9.060759263760642668e-01
-9.050412522497237600e-01
-9.039024368064310089e-01
-9.026824858247887162e-01
-9.014184374636199371e-01
-9.001447984021576643e-01
-8.988971052046070831e-01
-8.977263444246257329e-01
