-2.152228229997865672e+00
-2.149892538937891562e+00
-2.153490003997885704e+00
-2.151546359047268542e+00
-2.149995168993360739e+00
-2.146776050063665675e+00
-2.153569829318053852e+00
-2.151730886396961751e+00
-2.150047236844956799e+00
-2.147380967755295522e+00
-2.143207919202233747e+00
-2.136794239893531788e+00
-2.131476014300308641e+00
-2.128471693170778334e+00
-2.122312566955855573e+00
-2.110975579585701478e+00
-2.091486647058018011e+00
-2.058066328170613080e+00
-1.994654594438164619e+00
-1.821951630428044755e+00
-7.226712560494523707e-01
-2.676688238206714754e+00
-2.361672683163873021e+00
-2.317769911784669734e+00
-2.303342558291413766e+00
-2.282804000216557050e+00
-2.321885884914178355e+00
-2.552008236259071694e+00
-2.858161562272433898e+00
-2.647765779365796490e+00
-2.426587425676110854e+00
-2.311012068100747552e+00
-2.264958391517752467e+00
-2.091976672551502325e+00
-2.143066689703565508e+00
-2.144970838629792098e+00
-2.142388881221862995e+00
-2.138920425919153434e+00
-2.134507517960009260e+00
-2.129425991812373020e+00
-2.126522094624348824e+00
-2.123513654905371695e+00
-2.117392279947838851e+00
-2.104677934275163143e+00
-2.075790788665919262e+00
-2.000442855461677105e+00
-1.929170107315183458e+00
-1.964586670546122127e+00
-1.960145416537160346e+00
-1.867691142637372570e+00
-1.206821830954723396e+00
-3.053555362498415970e+00
4.212899649104178224e+01
-2.059788398239296381e+00
-2.098238691520202703e+00
-2.088221107963835532e+00
-2.055782946894915586e+00
-1.991916863888078648e+00
-1.881217418315201950e+00
-1.299921447998418467e+00
-2.865019890332222374e+00
-2.442117515635171099e+00
-2.522927704098162138e+00
-2.717554893441678221e-01
-1.426041220963334633e+00
-3.190551555122934868e+00
-2.390891691970903565e+00
-2.287984244033875125e+00
-2.248640398835711096e+00
-2.230327761775399598e+00
-2.226784236915634985e+00
-2.229586371976276293e+00
-2.226941004174441741e+00
-2.219719928042353629e+00
-2.214561501685485823e+00
-2.211000453921998066e+00
-2.205871274481418620e+00
-2.199610625445960643e+00
-2.195714659762214804e+00
-2.195681977156783038e+00
-2.194692756002371681e+00
-2.191387500357652840e+00
-2.189733131522341392e+00
-2.188695391206209706e+00
-2.185643568650165403e+00
-2.181473931039553893e+00
-2.176707402467488617e+00
-2.172088444230223736e+00
-2.168624881088449641e+00
-2.165642664034246323e+00
-2.162782138640599872e+00
-2.160126178489851334e+00
-2.157735000962664351e+00
-2.155500565321268880e+00
-2.153237254623393326e+00
-2.150986625850219269e+00
-2.148793565040278519e+00
-2.146733195281158579e+00
-2.144883137252578731e+00
-2.142994693969197950e+00
-2.140950690290920999e+00
-2.138727766106557127e+00
-2.136231604962509412e+00
-2.133695645231748372e+00
-2.131071564240680782e+00
-2.128764235550006934e+00
-2.127397455705652085e+00
-2.126719116337238535e+00
-2.126549740987658144e+00
-2.126089640779760259e+00
-2.124365276894917276e+00
-2.120800249203055543e+00
-2.115468111084849667e+00
-2.098550726346620099e+00
-1.960732567917020663e+00
-2.470962515454579123e+00
-2.537875994165435856e+00
-1.635109469547138650e+00
-1.953965433909889526e+00
-1.951945717671589087e+00
-2.003913927889990898e+00
-2.068336960823893733e+00
-2.094198502513372695e+00
-2.103230108552686772e+00
-2.105121787227703489e+00
-2.099751264350929070e+00
-2.096182436636365498e+00
-2.102316472485733279e+00
-2.108090794708832316e+00
-2.111379358253605343e+00
-2.113753331602683527e+00
-2.115231810158896053e+00
-2.108604167010897257e+00
-2.084047524655604722e+00
-2.064161380130634882e+00
-2.079351144772671578e+00
-2.091529056738104408e+00
-2.098338417225294350e+00
-2.103595491969014741e+00
-2.107612043870061402e+00
-2.109849837702056696e+00
-2.104503275454915112e+00
-2.071499340975211823e+00
-2.018002836090064367e+00
-2.047725492809295833e+00
-2.076010554587305545e+00
-2.090267388599280629e+00
-2.097658858512482460e+00
-2.102202797045174876e+00
-2.105195894416859836e+00
-2.106165320274509423e+00
-2.105766217636840576e+00
-2.104827509605267988e+00
-2.103178758893422540e+00
-2.101292979729029398e+00
-2.099267842271094864e+00
-2.096978770769614808e+00
-2.095018955989528919e+00
-2.093915908788146041e+00
-2.093473671565193150e+00
-2.093471642423427870e+00
-2.093599669850621847e+00
-2.093633312143841962e+00
-2.094075901046905663e+00
-2.094535619956399142e+00
-2.094626131827439064e+00
-2.094366926950372854e+00
-2.093777467640277834e+00
-2.093066556604275874e+00
-2.092377362270994468e+00
-2.091823201407212895e+00
-2.091388858799884343e+00
-2.091026111746376426e+00
-2.090648442478784119e+00
-2.090152856364241529e+00
-2.089475924525181938e+00
-2.088614366935251265e+00
-2.087616663514639814e+00
-2.086575271669539600e+00
-2.085526698302802462e+00
-2.084480992403037636e+00
-2.083493920981517533e+00
-2.082612680906668956e+00
-2.081899474455908283e+00
-2.081405861076344177e+00
-2.080986852452198832e+00
-2.080552617670662130e+00
-2.080026036148086011e+00
-2.079389964947170988e+00
-2.078647481908020289e+00
-2.077768760702033202e+00
-2.076813777226915292e+00
-2.075865077124874336e+00
-2.074986850665995863e+00
-2.074207534406739661e+00
-2.073593132469599531e+00
-2.073114427619824340e+00
-2.072698729095635350e+00
-2.072250942916961325e+00
-2.071635730781001605e+00
-2.070803185667605462e+00
-2.069826176163485520e+00
-2.068785255186608829e+00
-2.067716293531361771e+00
-2.066686202069343281e+00
-2.065773815132569968e+00
-2.065000168681734305e+00
-2.064257356557755330e+00
-2.063477336245502336e+00
-2.062675346458120451e+00
-2.061780153921142666e+00
-2.060759578224811595e+00
-2.059665590848392291e+00
-2.058559028813296443e+00
-2.057480803539421199e+00
-2.056456281209407599e+00
-2.055559579378102519e+00
-2.054801475977718450e+00
-2.054094359006571668e+00
-2.053330045606825749e+00
-2.052441110073364605e+00
-2.051419763881444425e+00
-2.050324919131342849e+00
-2.049216737103436436e+00
-2.048093267697297382e+00
-2.046969301953444287e+00
-2.045861372976150783e+00
-2.044797997888692098e+00
-2.043831954201387191e+00
-2.042967783136683924e+00
-2.042158348835298565e+00
-2.041330489156675032e+00
-2.040444683358811684e+00
-2.039466208463045938e+00
-2.038407314998963660e+00
-2.037263548814654879e+00
-2.036046798996695273e+00
-2.034839903142072970e+00
-2.033678283095674999e+00
-2.032603257592604962e+00
-2.031666374381425388e+00
-2.030820634511887324e+00
-2.030024584222862138e+00
-2.029155426065235357e+00
-2.028087067275255340e+00
-2.026859867484610778e+00
-2.025524172741480555e+00
-2.024147805995022864e+00
-2.022784446038770501e+00
-2.021487124389208745e+00
-2.020328845016062580e+00
