-2.632918588991987718e+00
-2.630632614996262220e+00
-2.629623184131937297e+00
-2.626865952135179150e+00
-2.623201704357616570e+00
-2.615672851839325297e+00
-2.641207915748413182e+00
-2.632861354251517572e+00
-2.627863603215283561e+00
-2.620222419991129037e+00
-2.607509623392890941e+00
-2.585788299031904991e+00
-2.568032298744574504e+00
-2.560345280638684606e+00
-2.539133253424315395e+00
-2.491362670258286283e+00
-2.381260022767447637e+00
-2.027826135159090271e+00
-1.333078914568112872e+01
-3.310394125831735757e+00
-3.039472752192416749e+00
-2.906119211326789298e+00
-2.831571506046160813e+00
-2.808029485419782478e+00
-2.795198081984699101e+00
-2.777890493483048839e+00
-2.796231668201494713e+00
-2.855974321109100877e+00
-2.872801421030134250e+00
-2.837901314601195324e+00
-2.792121088095308235e+00
-2.751903801653898363e+00
-2.727049273845667088e+00
-2.475404681163518639e+00
-2.618328663166067827e+00
-2.619453800704682145e+00
-2.611867197547232511e+00
-2.601898120796724001e+00
-2.588839623945253798e+00
-2.573407005856870100e+00
-2.565293903136532716e+00
-2.556697418566095781e+00
-2.537128430594840722e+00
-2.490283570134885771e+00
-2.342956172486773347e+00
-8.813277040012307273e-01
-8.782002167661909553e+00
-5.458539488015869967e-01
-7.265716243311242106e-01
-5.897944042240319540e+00
-3.271286707001205052e+00
-3.005029661266191976e+00
-3.117469199209788044e+00
-2.366065251542885051e+00
-2.501691241418535050e+00
-2.458123663534366177e+00
-2.268167933047159135e+00
-4.901414042928877723e-01
-3.726402636911559263e+00
-3.071552191528652997e+00
-2.900230495722781132e+00
-2.834817595934520096e+00
-2.852402819694266789e+00
-2.999356219854697692e+00
-3.057623191714747612e+00
-2.889086316342373451e+00
-2.797599735543121025e+00
-2.752388807261381132e+00
-2.725989046977551844e+00
-2.710640360556673123e+00
-2.704820264166648336e+00
-2.703095902563390052e+00
-2.697671324912422453e+00
-2.688580095099143197e+00
-2.680661229651356336e+00
-2.673856995941829240e+00
-2.666292926174562261e+00
-2.658347425269346864e+00
-2.651539612342087793e+00
-2.645849765023572164e+00
-2.639880536966501712e+00
-2.633720054476870409e+00
-2.627466199303714056e+00
-2.621008601407376126e+00
-2.615302836059478331e+00
-2.610481094540018976e+00
-2.606691215990829313e+00
-2.603482524151231381e+00
-2.599250075268454641e+00
-2.594733454715382415e+00
-2.590672395337367817e+00
-2.586604901395821443e+00
-2.581591714230146550e+00
-2.575360202396032250e+00
-2.569522689123080461e+00
-2.564385213401130237e+00
-2.559247166297961229e+00
-2.555499312880216145e+00
-2.553544589748193872e+00
-2.550405102479372133e+00
-2.545894964771798108e+00
-2.540454118111238113e+00
-2.533699802821304914e+00
-2.527169944963509884e+00
-2.520523925245800267e+00
-2.515627741475602530e+00
-2.514767953014589885e+00
-2.516234913090948044e+00
-2.518647406145039902e+00
-2.519389945201173209e+00
-2.515802592448817876e+00
-2.506609946956496859e+00
-2.492869823207085833e+00
-2.452277911865140769e+00
-2.293959706439997248e+00
-1.956716245040830193e+00
-2.085927622343685783e+00
-2.284278765399952782e+00
-2.348889523200340612e+00
-2.348940148221891455e+00
-2.375212042974581994e+00
-2.426669658719021072e+00
-2.460368984094713607e+00
-2.474880210247407231e+00
-2.476814824679602456e+00
-2.463770421213787643e+00
-2.455764554568167668e+00
-2.467697922713199432e+00
-2.479729472688569913e+00
-2.486936539622343290e+00
-2.492445738260614885e+00
-2.495740539436645200e+00
-2.477027274266222712e+00
-2.419517572236836500e+00
-2.384409060267133729e+00
-2.413149598487393632e+00
-2.437508244523815648e+00
-2.452176143636863426e+00
-2.464365211066597006e+00
-2.474088528004304344e+00
-2.479626836316238592e+00
-2.464482050987383044e+00
-2.384413856220217731e+00
-2.295256355045994567e+00
-2.346995890603917001e+00
-2.400102688501427384e+00
-2.429657084311678261e+00
-2.446905723859867265e+00
-2.458478796953365020e+00
-2.465458249577386685e+00
-2.466562251748727785e+00
-2.464212316267259784e+00
-2.461153137863346441e+00
-2.456710270018660491e+00
-2.451871348821360819e+00
-2.446846422626575812e+00
-2.441412528210755717e+00
-2.436852418637038387e+00
-2.434307773884214043e+00
-2.433141215425317139e+00
-2.433022982525483879e+00
-2.433379797943071132e+00
-2.433675743600050012e+00
-2.435050651408414701e+00
-2.436315175516451159e+00
-2.436263135213689424e+00
-2.435659836914073395e+00
-2.435075676930955169e+00
-2.434215557401132379e+00
-2.433059474895924446e+00
