7.534265300912431100e-04
2.591524284923049995e-03
7.218575924007957466e-03
1.218609884995634079e-02
1.545540810345188629e-02
1.415721366959574526e-02
-4.055625517741770492e-02
-1.486118774673106935e-01
-2.014268419123960152e-01
-1.742215375228040875e-01
-1.247543408002941279e-01
-8.060989348161923251e-02
-6.513455768822680458e-02
-6.396065650113605394e-02
-5.326215952232850326e-02
-3.698305650353332641e-02
-2.117775212548300701e-02
-8.615699651190085462e-03
9.996536617513859801e-04
8.515756266309480738e-03
1.356854146615465648e-02
1.963763895502333365e-02
2.616941207154509230e-02
2.840868518742904053e-02
2.927416340430704852e-02
3.132134152764708829e-02
2.609442082250449171e-02
1.783712065414357756e-02
1.601228256126642144e-02
1.847340931560425420e-02
2.333150663478869569e-02
3.018169124647661350e-02
3.609061874945837523e-02
-2.273997405170202074e-02
-2.419824084968253131e-01
-3.882353980639035029e-01
-3.555886042387289003e-01
-3.051447995059235474e-01
-2.529631586004703059e-01
-2.101881769909078324e-01
-2.030765852310963127e-01
-1.958432244986919035e-01
-1.668387613025707483e-01
-1.173573913347169539e-01
-5.835909659189641996e-02
-8.087811741839721902e-03
3.559855203799167436e-03
-9.288946065420326456e-03
-1.073049293295465917e-02
3.845252586754839552e-03
2.581526350226208064e-02
4.444788308705788227e-02
3.199905475716104813e-02
-6.701327216862792979e-02
-1.343716916360805924e-01
-1.039498510298443590e-01
-5.101596031342440357e-02
-9.349810700372135353e-03
1.560245564962139606e-02
3.966358930650425163e-02
6.420296761540404684e-02
8.249898968646643405e-02
7.187012376466234143e-02
3.945269821974576457e-02
3.286462338359973784e-02
5.646826598648117812e-02
8.717799207561435781e-02
1.157970572647251256e-01
1.403820467111323023e-01
1.558194665025196546e-01
1.534927099283782681e-01
1.424698114217353706e-01
1.401816872920713664e-01
1.471660130481509399e-01
1.518767382005252187e-01
1.536014483682583420e-01
1.595690737640235723e-01
1.701808886908371954e-01
1.749532520489726906e-01
1.679345691457849177e-01
1.649271159394405106e-01
1.672628845775912254e-01
1.622296757746826412e-01
1.559394909490306735e-01
1.589217510006941947e-01
1.680502025618739459e-01
1.829009627540521266e-01
2.009751646406873760e-01
2.116255909143433256e-01
2.194468836123873723e-01
2.292058564741160098e-01
2.383238878237301794e-01
2.422225264221703755e-01
2.402726190163016473e-01
2.399985380777601429e-01
2.422834703294359515e-01
2.443424035185075838e-01
2.507559755279799019e-01
2.629613286708369913e-01
2.712656072320117073e-01
2.748347723583713376e-01
2.753668231326678595e-01
2.720657842152447992e-01
2.695848170472491256e-01
2.669793354617068792e-01
2.685361870437757426e-01
2.794485948012033205e-01
2.965135013099503558e-01
3.173550971413132693e-01
3.349319863215260429e-01
3.401932394138402760e-01
3.297246143823613918e-01
3.096991263133269112e-01
2.482591910882079311e-01
1.343337030379171404e-01
6.819224610510821183e-02
8.743249055376602075e-02
1.391774081626901138e-01
1.728484125128844362e-01
1.754148317859381412e-01
1.961115541708581544e-01
2.489662536442033003e-01
3.039507361371445171e-01
3.408044342646756042e-01
3.554519571430900804e-01
3.380885589542158565e-01
3.322542815128493032e-01
3.669485128282676811e-01
4.083846244207078868e-01
4.430619098270003886e-01
4.768581421242656937e-01
5.064896441286098616e-01
4.617949500184561074e-01
3.469343375010425223e-01
3.055018810008249819e-01
3.544136535459310178e-01
4.085947407309947210e-01
4.532861307502720205e-01
4.996134377273496741e-01
5.460786184779542474e-01
5.838546634606819330e-01
5.483442944969436628e-01
3.810236155366341082e-01
2.864171598871416702e-01
3.457572396542262783e-01
4.326687656175872698e-01
5.056633406069899195e-01
5.652763974944834402e-01
6.182253159770529916e-01
6.619299975177794781e-01
6.858900877973023169e-01
6.965359095408445445e-01
7.045685907279134463e-01
7.071005572280910645e-01
7.081446189762019561e-01
7.085371016816977008e-01
7.074155484641889702e-01
7.095076360464462883e-01
7.187890823381888339e-01
7.330198986453139165e-01
7.512544513466804519e-01
7.716542859411050781e-01
7.922991741827604129e-01
8.179285977810677455e-01
8.440415910829751622e-01
8.652582538377371346e-01
8.845302660970948416e-01
9.042914812242475175e-01
9.231606482485755771e-01
9.409454086457492705e-01
