-2.704453459361345846e+00
-2.699533963497964706e+00
-2.706833869835072015e+00
-2.702995672294399299e+00
-2.699806383875531068e+00
-2.692716068563850484e+00
-2.706938464495336483e+00
-2.703378164839146613e+00
-2.699898665748555970e+00
-2.694135915816830984e+00
-2.684612688884062237e+00
-2.668960966157748693e+00
-2.656758455942401120e+00
-2.651413166031756585e+00
-2.637375011910617850e+00
-2.608964535455512213e+00
-2.555648194089765290e+00
-2.452565366052009921e+00
-2.210469887518225818e+00
-8.518267480321690677e-01
-4.959112264244543766e+00
-3.305963961883533919e+00
-3.031424900049192850e+00
-2.986924961314632920e+00
-2.976278963182307891e+00
-2.946269949739363625e+00
-3.042462802650509168e+00
-3.755122981034471508e+00
-5.214121497242993897e+00
-3.913831053531263926e+00
-3.257793734882927339e+00
-3.005122877430672634e+00
-2.915999877185741163e+00
-2.608216705934033097e+00
-2.688611520066708227e+00
-2.690999255464665119e+00
-2.685103298716369657e+00
-2.677274352150889491e+00
-2.667192738545779651e+00
-2.655602147431233906e+00
-2.649814767328341425e+00
-2.643713081253200148e+00
-2.629812195192087199e+00
-2.598500965871481938e+00
-2.517564942719325405e+00
-2.228156083535082210e+00
-1.959952819774894328e+00
-2.239965047110797691e+00
-2.264525694692031355e+00
-2.004759739768865234e+00
4.051746345094679569e+00
-3.759193236748633815e+00
-1.104699609293323093e+01
-2.543840749214873131e+00
-2.607653417977496613e+00
-2.583536976704083887e+00
-2.508623433310976925e+00
-2.345957470332769024e+00
-2.020524610175159719e+00
3.327453482119693273e+00
-3.574443383866310331e+00
-3.169315986573546517e+00
-3.357432848322773999e+00
-3.589125102136505596e-01
-1.557170594267384578e+00
-4.623682273207984750e+00
-3.131430822022415406e+00
-2.950686836254788670e+00
-2.881833350391093784e+00
-2.850361605526689601e+00
-2.847255538977732314e+00
-2.856671236080046139e+00
-2.852653672259747086e+00
-2.837740442652441075e+00
-2.827669269177600420e+00
-2.821024186203449080e+00
-2.810541468397435239e+00
-2.797550695481842986e+00
-2.790082671327843933e+00
-2.791327631842437818e+00
-2.789872502344762584e+00
-2.782864852172795445e+00
-2.779881931955127339e+00
-2.778216957683847355e+00
-2.771631943631168049e+00
-2.762643933980017064e+00
-2.752543787724299751e+00
-2.743039859676682291e+00
-2.736191735003610681e+00
-2.730333597755766561e+00
-2.724681631114441949e+00
-2.719431433055673697e+00
-2.714715580018814300e+00
-2.710287274070352304e+00
-2.705768866548597273e+00
-2.701286192402938546e+00
-2.696928513836022834e+00
-2.692873178473038198e+00
-2.689280277905404581e+00
-2.685535816047428526e+00
-2.681401536797944019e+00
-2.676845820884402372e+00
-2.671670003696489992e+00
-2.666457384084790938e+00
-2.661074674463240086e+00
-2.656513218784338992e+00
-2.654160251626303868e+00
-2.653255791832670241e+00
-2.653321697882109031e+00
-2.652531887433123181e+00
-2.648803992147670261e+00
-2.640895402505891720e+00
-2.628980548097686665e+00
-2.587110639525572964e+00
-1.828767040374985386e+00
-3.022847828860341757e+00
-3.143607991240056521e+00
-1.314418801987284446e+00
-2.325452043829275617e+00
-2.318914066029106547e+00
-2.429036148954688557e+00
-2.553067350338518615e+00
-2.599272665229940493e+00
-2.614071019334011758e+00
-2.615670972230129898e+00
-2.602475853750080059e+00
-2.594100060063142976e+00
-2.607537829419841913e+00
-2.619360334568550996e+00
-2.625584800431903787e+00
-2.629934847317220381e+00
-2.632455723856264029e+00
-2.616846403746129202e+00
-2.556203570118658952e+00
-2.508797670846565353e+00
-2.555233868507431172e+00
-2.584868393101665163e+00
-2.599608581662111284e+00
-2.610281968432374811e+00
-2.618086913355169187e+00
-2.622069016962140342e+00
-2.609285275734438692e+00
-2.526219094269543941e+00
-2.375799263807749639e+00
-2.483485533153438674e+00
-2.554714978286780624e+00
-2.585225164055819036e+00
-2.599663894402715503e+00
-2.608055663727873785e+00
-2.613351899374604326e+00
-2.614494624734863493e+00
-2.612934591101660597e+00
-2.610426872893812256e+00
-2.606522172993612330e+00
-2.602284463757296606e+00
-2.597870580250777550e+00
-2.592973142154747723e+00
-2.588960540633999496e+00
-2.586977895132458460e+00
-2.586438215299672105e+00
-2.586784384401124903e+00
-2.587286507047022788e+00
-2.587479940520339916e+00
-2.588558514740655347e+00
-2.589579992011510789e+00
-2.589725540943157878e+00
-2.589083006228809936e+00
-2.587735808972560392e+00
-2.586171839495747360e+00
-2.584709468762737661e+00
-2.583586098208699333e+00
-2.582740540399863782e+00
-2.582049211785969689e+00
-2.581308982865946788e+00
-2.580292888684471819e+00
-2.578871018302494988e+00
-2.577052746663327287e+00
-2.574958873606795429e+00
-2.572803823217991059e+00
-2.570660740878406791e+00
-2.568545198653203077e+00
-2.566577774646964905e+00
-2.564855684728079677e+00
-2.563509267743588893e+00
-2.562640077890600665e+00
-2.561896955396629316e+00
-2.561086481126365832e+00
-2.560042303236541805e+00
-2.558747629323971484e+00
-2.557217870568281981e+00
-2.555395563475778786e+00
-2.553425604192440357e+00
-2.551496361001979629e+00
-2.549744361799724857e+00
-2.548221646451074740e+00
-2.547068036431125115e+00
-2.546198345969533428e+00
-2.545442113916865701e+00
-2.544584404531772481e+00
-2.543330804692060632e+00
-2.541591282911565663e+00
-2.539552906742254201e+00
-2.537403027208771533e+00
-2.535218914028517290e+00
-2.533147241525876225e+00
-2.531356033612979228e+00
-2.529875635306741088e+00
-2.528444503412634603e+00
-2.526913720811511777e+00
-2.525326777568933423e+00
-2.523524051031657667e+00
-2.521445330335758683e+00
-2.519219148115403151e+00
-2.516985909363956608e+00
-2.514832589930560136e+00
-2.512809331965499382e+00
-2.511077899080669695e+00
-2.509646627477085890e+00
-2.508305569461979356e+00
-2.506811331387337471e+00
-2.505025447753403967e+00
-2.502946562529911212e+00
-2.500721335404971768e+00
-2.498486776006104471e+00
-2.496232420828084830e+00
-2.493989506694632485e+00
-2.491791006387274798e+00
-2.489698506560213076e+00
-2.487825734890733997e+00
-2.486172173301814503e+00
-2.484623266538730668e+00
-2.483013152408535262e+00
-2.481261537532613914e+00
-2.479298384989781834e+00
-2.477163544251490102e+00
-2.474849974904360650e+00
-2.472391127749649087e+00
-2.469976274152697826e+00
-2.467677016903445875e+00
-2.465579145983196163e+00
-2.463788304338454527e+00
-2.462183173981948414e+00
-2.460668421089797331e+00
-2.458964501071222220e+00
-2.456804021462946075e+00
-2.454302709317386366e+00
-2.451584440668420850e+00
-2.448806336168703357e+00
-2.446082710289203987e+00
-2.443525631915775875e+00
-2.441287530472020517e+00
