-6.837792538648065910e-04
-9.445258924781737078e-04
2.767638094372919851e-03
7.923849091136778849e-03
1.157664177024932649e-02
1.066490270546055497e-02
-4.738435265957358089e-02
-1.734079349383120250e-01
-2.562238267351016896e-01
-2.536080033601993411e-01
-2.163604175612516833e-01
-1.736706050815737257e-01
-1.537927816904072764e-01
-1.484229373080313275e-01
-1.332223361941473616e-01
-1.112278600030462417e-01
-8.818523916963436071e-02
-6.761354685364634465e-02
-5.019239805971947854e-02
-3.518903160194430946e-02
-2.321211444220154518e-02
-1.090203075348379624e-02
1.862212899477152725e-03
9.473912459275707007e-03
1.431025544290311612e-02
1.975390324048053453e-02
1.706271954650201775e-02
9.083381452651254767e-03
6.458228289578808734e-03
8.068471446037487130e-03
1.244831591220875618e-02
1.966005503590655124e-02
2.684028942531693426e-02
-3.410416362003435009e-02
-2.782978205861766918e-01
-4.829575572845680176e-01
-5.019960505513549887e-01
-4.838885500888897018e-01
-4.497261147768863432e-01
-4.122827776397092192e-01
-4.054082890970052699e-01
-3.980955989083375668e-01
-3.654121532621518731e-01
-3.062443860781456362e-01
-2.301701449871561556e-01
-1.572254056110725662e-01
-1.217931397422713780e-01
-1.173000925154964319e-01
-1.068121178929747755e-01
-8.235354353285083417e-02
-4.988805879382316594e-02
-1.974430709353587263e-02
-2.223257510656422367e-02
-1.227338639081123617e-01
-2.101563780180905061e-01
-1.974746099837646762e-01
-1.514593099733456127e-01
-1.079863665749407065e-01
-7.675806374390892195e-02
-4.385089319996367946e-02
-8.774618582888429885e-03
2.113896766953200432e-02
2.081398449186695060e-02
-8.594065486112571761e-03
-1.670930698253639268e-02
8.410950539415210786e-03
4.476467093085151339e-02
8.184901019531148902e-02
1.171233473184125629e-01
1.456205738919474912e-01
1.550087053769333423e-01
1.522746934196103352e-01
1.562870266823827847e-01
1.674706273685025448e-01
1.758453609748013846e-01
1.809247881189214868e-01
1.896699526856673867e-01
2.029721391314873169e-01
2.106110819929085110e-01
2.045531090692528364e-01
2.005863771874922541e-01
2.040320411124638689e-01
2.015825742326246839e-01
1.962836051558177752e-01
1.982586543928705203e-01
2.061713792786126209e-01
2.204781127119019579e-01
2.396126228088311938e-01
2.538534735082020322e-01
2.655810345840621811e-01
2.781952710065049295e-01
2.898575619033115780e-01
2.960288286875755182e-01
2.952337314107664756e-01
2.954622827731415158e-01
2.998691039260708568e-01
3.054066644709281242e-01
3.141651392119292341e-01
3.280566752374460271e-01
3.395666858940338262e-01
3.459250301492838853e-01
3.478506031275061527e-01
3.446052401987507174e-01
3.404441199431661458e-01
3.352605957300557327e-01
3.330326054706281846e-01
3.397376385337903537e-01
3.537566993224605660e-01
3.746670609556755904e-01
3.952081670670634650e-01
4.032014342568956966e-01
3.925717138053956279e-01
3.684658068443701917e-01
2.960248534455496294e-01
1.561566908876848847e-01
5.112562266718342907e-02
3.553996913068276781e-02
6.538071591585314923e-02
8.846103565919355427e-02
8.408282472529096663e-02
9.831079581434404302e-02
1.513911611992342365e-01
2.144789148531126011e-01
2.640337287597069316e-01
2.927142621803283107e-01
2.869117446256306825e-01
2.856495489954455347e-01
3.254458641229414084e-01
3.773391370289635449e-01
4.258230918017932298e-01
4.756095657326330217e-01
5.239091047163310089e-01
4.938678329321646299e-01
3.755946512136444371e-01
3.164031446602134645e-01
3.530156966315067812e-01
4.066756612411454586e-01
4.578973650702191645e-01
5.160297843603462997e-01
5.796977543917045672e-01
6.379122382676747360e-01
6.175401555341140103e-01
4.455742242350578808e-01
3.216311837387927364e-01
3.565344145133715892e-01
4.379280068209302490e-01
5.221572434952765907e-01
5.990047378883329721e-01
6.726717938840883759e-01
7.442534721431084410e-01
7.993092344138994498e-01
8.373076270164191426e-01
8.663144537591975780e-01
8.833567699418669594e-01
8.946244444315439859e-01
9.019233920569749152e-01
9.040494637674236778e-01
9.082147795882647978e-01
9.212094836881860038e-01
9.422347857719624020e-01
9.692284009570942827e-01
9.996964839121205149e-01
1.030924005042274105e+00
1.069295873576282307e+00
1.110852385244281315e+00
1.148915360420482923e+00
1.186109622745262104e+00
1.223642278510387760e+00
1.259568624159958405e+00
1.293270764559709018e+00
