-1.158796631963764437e-02
4.580423260608610346e-03
5.632447906362879342e-02
4.234566483133935660e-02
4.266306964450546774e-02
-2.630246498850587894e-02
-9.338224843534109754e-01
-1.393011278341336867e+00
-5.511312925466052004e-01
-8.028579978114863680e-02
9.442813128772523101e-02
1.342492322963063089e-01
-1.705554064181508123e-01
-7.763736090560527381e-02
2.048756522484447562e-02
8.644160786461660417e-02
1.006105175203636098e-01
1.040043178775966748e-01
9.797742201966698483e-02
1.038655283716050926e-01
8.141240205933282514e-02
1.338875315079006423e-01
1.195660079831230294e-01
7.295132431472713119e-02
8.317522679812516806e-02
9.116278484687855010e-02
-4.509393432903199134e-02
-1.992283707657583128e-02
2.347414330522817547e-02
4.567293640104198860e-02
7.393898791083999833e-02
1.048188773895274151e-01
9.186003317325432127e-02
-1.034821817216697859e+00
-3.253928381151474536e+00
-1.145384338645662581e+00
-4.511642212847944422e-01
-4.800648146849074149e-01
-1.050424371208314722e-01
-2.848291839380119872e-01
-5.215916803862884477e-01
-2.626182665768056479e-01
-4.126998799141200214e-02
2.962013140574297765e-01
4.273982359916217999e-01
4.478777104939668519e-01
-2.541514539162297373e-02
-2.985184760960154018e-02
7.755502913664086284e-02
2.327557207694312125e-01
2.784718484503829750e-01
2.701786605560598797e-01
-2.088339146102270449e-01
-1.443485876710601357e+00
-3.424156453765327957e-01
1.120488394953618183e-01
2.941646427284464460e-01
2.034374694488729207e-01
1.906888630790321282e-01
3.074550264713660219e-01
3.149320591365811217e-01
3.030725755528457799e-01
-1.306743570402095489e-01
-2.319105387413848973e-01
1.401068175754114908e-01
3.333744013543438189e-01
4.047830405498208384e-01
4.381390665890578240e-01
4.634715328036654314e-01
4.055958098982953564e-01
1.970943848620041461e-01
1.972230168426972186e-01
2.938234239344987841e-01
3.268354629248010346e-01
2.685536534385086771e-01
2.795972013443590032e-01
3.363686147747924071e-01
3.756974955725709275e-01
2.696989040856557773e-01
1.476011884003754771e-01
2.735003631948565994e-01
2.664105254143329660e-01
1.766616473937975829e-01
2.003845483956419316e-01
2.840017527553519439e-01
3.087109750591400248e-01
4.108992485073083567e-01
4.306718914140385546e-01
3.735036191258290783e-01
4.145052532268916345e-01
4.152915486912818199e-01
4.241148103262135649e-01
3.458261526597092850e-01
3.090702089126213803e-01
3.517998333202718708e-01
3.776555224244477760e-01
3.786043539662628521e-01
4.410531998003794363e-01
4.871507289747928904e-01
4.338439619266722946e-01
4.190524640880352591e-01
3.673897479343889994e-01
3.262211713204047348e-01
3.347426799612542858e-01
2.938473635422231833e-01
3.642499560462379993e-01
4.410587680079789408e-01
5.075271212879356453e-01
5.946245527850455570e-01
5.562125078299465786e-01
4.254787161913276550e-01
2.444291781769771243e-01
1.499946505662087815e-01
-6.481974897342834829e-01
-1.238459685478719097e+00
-4.536097720788827004e-01
8.124970490600873230e-02
3.344255837143670362e-01
7.794611683885140085e-02
-7.886498241811269738e-02
3.796929054255798741e-01
6.576650813067118628e-01
7.103431501969825757e-01
5.933225067504165340e-01
4.698195720891744642e-01
6.545194584754518430e-02
4.937500242775312298e-01
7.825729904024631978e-01
8.146412977154040558e-01
8.500503016337264128e-01
9.506249093459011590e-01
9.445228002810517332e-01
-2.711639208237903720e-01
-7.345791675398636311e-01
3.823689969193544980e-01
8.179247294010333347e-01
7.972590785976603200e-01
9.090346225237682098e-01
1.046443911011059269e+00
1.151019229891321771e+00
1.110381479533814053e+00
-5.239740321000141421e-02
-1.614943222052776850e+00
1.949473797125089169e-01
8.955548744045426224e-01
1.131022653118650245e+00
1.171438141456330628e+00
1.219713394032444054e+00
1.306999369505318143e+00
1.363747049862971572e+00
1.194683822766834380e+00
1.180414133298517187e+00
1.114411343424108081e+00
1.022782540297162424e+00
1.029781478836170328e+00
9.625464966730115091e-01
9.350064837975959886e-01
9.813259603832440447e-01
1.081171960845986879e+00
1.141603132493475226e+00
1.224432266564229543e+00
1.259203119198571086e+00
1.300666837888815541e+00
1.445253917652782993e+00
1.444554984785177520e+00
1.472080973542814419e+00
1.507763021944763526e+00
1.553217683173895081e+00
1.556752182773529114e+00
1.583847865560681578e+00
