-1.243448571563832284e-06
-6.217350423389630302e-06
-2.967974805978310117e-06
2.646465793614831118e-05
7.380767296310561745e-05
1.258622805154376695e-04
5.720997048873475868e-05
-5.110862072106501196e-04
-1.609603873245157857e-03
-2.753132313375968553e-03
-3.662112047373762384e-03
-4.297890028717730841e-03
-4.744830101497567523e-03
-5.164979682057531211e-03
-5.545243398339433534e-03
-5.842711530120052454e-03
-6.043896702450986258e-03
-6.162680666915380800e-03
-6.217996132919311782e-03
-6.226276220459992482e-03
-6.198215429266554569e-03
-6.143529130442627190e-03
-6.049330028368655847e-03
-5.929771265977309969e-03
-5.807470739308584311e-03
-5.679474539851219611e-03
-5.555426548505736084e-03
-5.482307263352760238e-03
-5.441195277745287939e-03
-5.400304119735368190e-03
-5.343361717366455765e-03
-5.257913235190822022e-03
-5.138045680066743309e-03
-5.115863022457322468e-03
-5.846504597354272581e-03
-7.866055847901832349e-03
-1.010818176383125599e-02
-1.207676844011626449e-02
-1.377917550186030272e-02
-1.517830304016921233e-02
-1.643254871116263394e-02
-1.766898863325842492e-02
-1.879034566959472338e-02
-1.968526330089172618e-02
-2.025165331185273601e-02
-2.049667105776994958e-02
-2.053682698411608137e-02
-2.060732579218150715e-02
-2.072234782219297550e-02
-2.080354879163753834e-02
-2.077912309226228812e-02
-2.064261542129114738e-02
-2.047032120598317115e-02
-2.058818870640274912e-02
-2.131961766692474711e-02
-2.211507031429726239e-02
-2.266676188439262565e-02
-2.294610581365158150e-02
-2.305227478452476914e-02
-2.303267678161646792e-02
-2.287368886979707430e-02
-2.259851668479673226e-02
-2.228533992747377263e-02
-2.212227017062040266e-02
-2.209980982649412465e-02
-2.201698571792259918e-02
-2.177340583807541030e-02
-2.136400546124327463e-02
-2.081013326483543632e-02
-2.014123003199990228e-02
-1.942723726346280363e-02
-1.876225951786649609e-02
-1.813479793860659980e-02
-1.748844951195157801e-02
-1.681005859316181406e-02
-1.612449611896924970e-02
-1.542542928649287721e-02
-1.468643163753026795e-02
-1.390719347316405133e-02
-1.314796555215895675e-02
-1.244441503765371035e-02
-1.174063618627332363e-02
-1.103699952080495691e-02
-1.036592324459032800e-02
-9.706894610129983628e-03
-9.018442085457770846e-03
-8.280612153083382471e-03
-7.462180261280008595e-03
-6.574251126049932351e-03
-5.651087650691678441e-03
-4.689141990434236330e-03
-3.692246898253535511e-03
-2.672734701991109733e-03
-1.668636471043152868e-03
-6.900814569038103002e-04
2.883161689435727228e-04
1.281897813682831557e-03
2.296831868856970792e-03
3.357894755707546176e-03
4.471218959511285423e-03
5.605039193242312805e-03
6.739416287399081773e-03
7.849891113390978364e-03
8.924878924544663722e-03
9.970782386607462272e-03
1.098845880489692124e-02
1.201842259309599328e-02
1.310060468299827606e-02
1.426257899793673817e-02
1.551849974554042784e-02
1.682169465579049297e-02
1.808664252923965210e-02
1.923341066008877470e-02
2.015801650338291257e-02
2.053643683206879747e-02
2.030144817468511331e-02
1.993285079429605797e-02
1.976138185676468845e-02
1.983791818654037989e-02
1.998801040002437523e-02
2.015088080735091824e-02
2.051622791763868872e-02
2.117934580924292140e-02
2.208858437690060239e-02
2.312273158464548534e-02
2.414930585216622239e-02
2.505161657796019237e-02
2.603387175450433758e-02
2.723099606858835758e-02
2.862754142087580930e-02
3.020018078531283567e-02
3.194807648018274659e-02
3.370540144052434905e-02
3.494800738024390202e-02
3.565868148439792912e-02
3.643429300805006016e-02
3.751853846341546977e-02
3.886315998454737547e-02
4.045240526030360884e-02
4.229572226118109846e-02
4.437577096939437915e-02
4.650150288345272775e-02
4.803882296842949817e-02
4.863724687665419572e-02
4.921358911342491038e-02
5.022375715670224228e-02
5.169605795253945368e-02
5.353994299387874328e-02
5.568571922135973767e-02
5.809954440825939453e-02
6.072656489077343789e-02
6.345402986929087052e-02
6.623791124860833879e-02
6.903746971600725757e-02
7.181674472843332935e-02
7.457728603226747299e-02
7.730261348242645214e-02
7.999624877612715457e-02
8.269839990883567915e-02
8.545866110810264316e-02
8.830518298780209996e-02
9.126038631734335882e-02
9.432199548397517119e-02
9.749985769010907632e-02
1.008261301856183123e-01
1.042816519154369098e-01
1.078482393855526161e-01
1.114977549063683737e-01
1.152158357007913164e-01
1.189998054744684230e-01
1.228582182580510718e-01
1.268037926302461871e-01
1.308452233592769798e-01
1.349870892884701135e-01
1.392242079111637720e-01
1.435443144516170555e-01
1.479309908884865743e-01
1.523704169833832167e-01
1.568543746733100652e-01
1.613821948714302401e-01
1.659527949436707117e-01
1.705686904628791745e-01
1.752367923868077826e-01
1.799683994267985698e-01
1.847806567440228309e-01
1.896888446760022495e-01
1.946924376684040225e-01
1.997889670543870344e-01
2.049660866625491185e-01
2.102162784908328530e-01
2.155266086480469856e-01
2.208872006486404804e-01
2.262945570714218479e-01
2.317529788801158674e-01
2.372703140419519241e-01
2.428581930070025374e-01
2.485326237361131785e-01
2.543017622673403033e-01
2.601682319359856499e-01
2.661214835431735537e-01
2.721412979900283968e-01
2.782085472362796907e-01
2.843140965727342095e-01
2.904535364429624567e-01
2.966270403442926029e-01
3.028423866146672805e-01
3.091125040048103845e-01
3.154462711897125793e-01
3.218404445276686343e-01
3.282915772601889270e-01
3.347943335512457708e-01
3.413355386079658937e-01
3.479050442008432276e-01
3.544982220193375055e-01
3.611161305802174093e-01
3.677621521527758564e-01
3.744439442608964441e-01
3.811752048887444011e-01
3.879642244426499964e-01
3.948095815753534521e-01
4.017004692429901880e-01
4.086232817731669242e-01
4.155667808049718359e-01
4.225273601102695897e-01
4.295037686612512839e-01
4.364943049644327000e-01
4.434997318519967591e-01
4.505217427845955025e-01
4.575665614171785522e-01
4.646433242848916345e-01
4.717585602247894028e-01
4.789129116858838464e-01
4.861009838616003886e-01
4.933153052810664851e-01
5.005459424360527709e-01
5.077860868215208212e-01
5.150267359991170801e-01
5.222650919515630097e-01
5.295041401388738134e-01
5.367489187517027194e-01
5.440093858422907491e-01
5.512960401940195654e-01
5.586129116720033316e-01
5.659597876922406456e-01
5.733212701186963800e-01
5.806798492023932390e-01
5.880241862725386071e-01
5.953472370974464134e-01
6.026490282917424945e-01
6.099323506454954469e-01
6.172062805543947483e-01
