-1.137704815868908037e+00
-1.137222037716076883e+00
-1.136176224089861853e+00
-1.134008593998159009e+00
-1.131946263242528783e+00
-1.134301086144958504e+00
-1.137251130421838452e+00
-1.137174640698977779e+00
-1.136663787562099071e+00
-1.135793456541171143e+00
-1.134572417129257271e+00
-1.132981711829624150e+00
-1.131635476420274733e+00
-1.130641896970185467e+00
-1.129161042403539428e+00
-1.127064852362314351e+00
-1.124331651695283263e+00
-1.121029566706147840e+00
-1.117297897503209736e+00
-1.112927860570486427e+00
-1.108199586652071966e+00
-1.101542693253487082e+00
-1.090905734956556072e+00
-1.081972132402063469e+00
-1.075858768344613248e+00
-1.066423771168256929e+00
-1.073483785407435720e+00
-1.086631164883289147e+00
-1.090349231584220258e+00
-1.089815620542458063e+00
-1.086772129473130288e+00
-1.079632725377791758e+00
-1.070196763575101073e+00
-1.113404023395159426e+00
-1.130571332025491316e+00
-1.132668728412591808e+00
-1.132064256435320049e+00
-1.131084019886299252e+00
-1.129855260656884353e+00
-1.128479585024025900e+00
-1.127610144916400436e+00
-1.126716840995687807e+00
-1.125164223037789846e+00
-1.122530801396241396e+00
-1.118273094338396056e+00
-1.112146924314650009e+00
-1.107544871991670066e+00
-1.106404411465552462e+00
-1.104466577505140990e+00
-1.100093447014040660e+00
-1.092881136276133702e+00
-1.083625658528419411e+00
-1.085002410612885493e+00
-1.106433545803589658e+00
-1.114283674989259731e+00
-1.113069536509779134e+00
-1.108947036649405415e+00
-1.104101287006478582e+00
-1.099780202387623307e+00
-1.093894925836558674e+00
-1.085734749263387089e+00
-1.076295163154573631e+00
-1.077216718227565595e+00
-1.087450540341507566e+00
-1.089738269905754509e+00
-1.082563514416704953e+00
-1.068252405609799061e+00
-1.045298160592289971e+00
-1.004175665498147962e+00
-9.189696791093567851e-01
-8.535627333835094088e-01
-8.591967094701993268e-01
-7.811324062787090572e-01
-5.047006947601918592e-01
1.534257551685492826e-01
2.952175397785914424e+00
-2.767537011620105236e+00
-1.686703199731085290e+00
-1.557721398628074905e+00
-1.857473872300182904e+00
-2.778272583678850438e+00
-2.104370947581106766e+00
-1.955573950832008467e+00
-2.067093447568988829e+00
-1.863487073560738061e+00
-1.629057516830933361e+00
-1.450704104101892433e+00
-1.347998069621376027e+00
-1.303913213067684040e+00
-1.278411987903496083e+00
-1.261642325710959911e+00
-1.250772159879863565e+00
-1.248987891771636383e+00
-1.257662525031850720e+00
-1.263465844095628343e+00
-1.254557085327842714e+00
-1.240586126489540586e+00
-1.227879645093777672e+00
-1.215904028873738829e+00
-1.207332997460209612e+00
-1.203132836470463207e+00
-1.202441601159880413e+00
-1.205029338100136904e+00
-1.209394275942597963e+00
-1.215867558602789389e+00
-1.222317439696239294e+00
-1.222869001406415412e+00
-1.217654199467417042e+00
-1.206387629604437572e+00
-1.196896106232278711e+00
-1.195767283818417681e+00
-1.207502894364878010e+00
-1.248086527111105681e+00
-9.266302155674781549e-01
-1.104542983032009484e+00
-1.117125076619409185e+00
-1.118174691136450072e+00
-1.116217228395885330e+00
-1.114591502407058954e+00
-1.115027672911528267e+00
-1.114116035962351869e+00
-1.109650662957428313e+00
-1.102126645828665596e+00
-1.093765371977329259e+00
-1.087618401195109774e+00
-1.090515101808093190e+00
-1.091947505952624464e+00
-1.080988063798846932e+00
-1.053995713791942235e+00
-9.889544187952015175e-01
-3.537925784702387055e-01
-1.367098225814950885e+00
-2.766202060316741651e+00
-1.065701598932051519e+00
-1.089837464192791261e+00
-1.076449321987545726e+00
-1.036171742492141501e+00
-8.801426872137326773e-01
-1.491880078897507511e+00
-1.233183611927334500e+00
-1.193928415653500608e+00
-1.203453662491348775e+00
-9.852162151475073459e-01
-1.092171934050305548e+00
-1.080285505260930590e+00
-9.964682308581896963e-01
-1.385734929475303412e+00
-1.210025137192097588e+00
-1.180777024681779253e+00
-1.167112321855839907e+00
-1.160220023203281547e+00
-1.156373909168014968e+00
-1.153859976455105851e+00
-1.152253844972245034e+00
-1.150966770454075583e+00
-1.149865007061270150e+00
-1.148973068953099030e+00
-1.148012032802967486e+00
-1.146795734109568476e+00
-1.145424034373576205e+00
-1.144056657979914737e+00
-1.142778279606082581e+00
-1.141613174940910858e+00
-1.140499591928429535e+00
-1.139463880437795229e+00
-1.138518205586340759e+00
-1.137639091189376561e+00
-1.136817095487939522e+00
-1.136037603022167941e+00
-1.135288632220545768e+00
