1.189432272677858060e-02
1.963570253502520957e-02
5.918728052599123157e-02
3.589648131194884961e-02
3.517166319012471343e-02
-3.256511842951039654e-02
-8.190210781183869804e-01
-1.046948714837633521e+00
-1.083158156512786241e-01
2.809857876507300123e-01
3.326527074761400637e-01
2.668791584098437197e-01
-7.398952002788920790e-02
1.407586962670683006e-02
8.910991149381369825e-02
1.250908624246958034e-01
1.060751460855653278e-01
9.018240411751064778e-02
7.212914582002878661e-02
6.565814760817882678e-02
4.084441587898594850e-02
8.387725351900905679e-02
6.070996866318564139e-02
2.039623410391804004e-02
3.574359603575890526e-02
4.162018433223984432e-02
-7.625801825465222672e-02
-2.880656677307889130e-02
2.130699815589036372e-02
4.332032398250375282e-02
6.509682051528556390e-02
8.351070530915694068e-02
6.082670786842797606e-02
-9.347417633832040273e-01
-2.677171973138975591e+00
-2.825066616857566659e-01
2.949206240760600117e-01
1.242410597058609123e-01
3.669534334496473704e-01
7.526709186994726131e-02
-1.812908448267550043e-01
5.197738747968896900e-02
2.029749535760861368e-01
4.315063513598514922e-01
4.443495433663561256e-01
3.667036611355894427e-01
-1.162008932027596142e-01
-7.281954512353033815e-02
5.201570673399612266e-02
1.939760353806068427e-01
2.049234377282513897e-01
1.688133606674452059e-01
-2.689506319608725438e-01
-1.272868024635268158e+00
-2.527901214157318721e-02
3.572289981141845150e-01
4.216786274968180592e-01
2.542978659445569445e-01
1.862649721313440754e-01
2.605546368462671181e-01
2.317868846972046259e-01
1.865404489226671070e-01
-2.103567770082882815e-01
-2.253787150230729952e-01
1.545682731183007086e-01
2.938714264844521362e-01
3.142112436471449222e-01
3.003995363156319875e-01
2.822277887097246474e-01
1.816916318813774911e-01
5.011995475865893557e-03
1.572510658458411981e-02
1.290791386753573911e-01
1.732085192721996014e-01
1.065124100892057002e-01
1.216533203699060595e-01
1.763225161914750982e-01
2.083113313017354584e-01
1.000358277547947483e-01
1.197829522028281968e-02
1.414583555832706341e-01
1.087255486435332319e-01
2.247677855490054499e-02
7.000836695756176842e-02
1.664902819994902861e-01
1.827018454095279965e-01
2.691477616745851509e-01
2.620506038068943777e-01
1.715112250516667158e-01
2.163763276240853184e-01
2.156695170817583551e-01
2.161111276135926351e-01
1.424339602741025446e-01
1.166057312245275535e-01
1.610501801244600406e-01
1.608173303750733973e-01
1.585506035832631166e-01
2.300861766955130117e-01
2.657077986494513211e-01
1.863928635849878002e-01
1.884705795856975730e-01
1.409745031109194691e-01
1.201982982202283723e-01
1.451569242453729092e-01
1.167623896815349616e-01
2.022158578898500259e-01
2.762022908848266733e-01
3.209535420584677667e-01
3.607748447036904782e-01
2.979608498535825656e-01
1.768046052491377140e-01
3.701944130397727406e-02
-8.265361787680169936e-03
-6.495380570610558291e-01
-9.993449155853597610e-01
-8.136120983871844570e-02
3.928773749967506834e-01
5.218726368953723327e-01
1.895941618294732789e-01
2.712237136188799802e-02
4.558317229027495920e-01
6.161570150854560612e-01
5.738600086360222674e-01
3.886954490529942463e-01
2.398487100286224027e-01
-1.226721942723871250e-01
3.484450336611192856e-01
5.703285012068375348e-01
5.247198871321131497e-01
5.051799934179221907e-01
5.468252514036333611e-01
4.821369907882756545e-01
-6.034908058216054139e-01
-8.301070718316785335e-01
3.819773615648314191e-01
7.077049375521853314e-01
5.690961901504206777e-01
6.041801856218340649e-01
6.512648891970406195e-01
6.654024315138221679e-01
5.681636278231662063e-01
-4.636037961112440264e-01
-1.699622560408227789e+00
3.105519470897441514e-01
8.845720620121489963e-01
8.974721529432434508e-01
7.724252274368269555e-01
7.556218618591997727e-01
7.331250782074254513e-01
6.658082661001517577e-01
4.597130884197984102e-01
4.509814752120951953e-01
4.242051435672941073e-01
3.647600903531814653e-01
3.906060523772258986e-01
3.543245897216479312e-01
3.577390122002631623e-01
3.997615229066787679e-01
4.752199999174362421e-01
4.951936914124853706e-01
5.542058728261327616e-01
5.550300693163663368e-01
5.783061128600033296e-01
6.569732074129230881e-01
6.224661562971347539e-01
6.013388372684775884e-01
6.089559475919421594e-01
6.276131435104543854e-01
6.154422217913297910e-01
6.257643697024921625e-01
