8.011642298569853762e-04
2.919915670152662020e-03
8.295565298395986276e-03
1.482859465816132802e-02
2.001862866659308640e-02
2.052221622611773502e-02
-3.661841872402800402e-02
-1.623528236953238890e-01
-2.454274958687563124e-01
-2.430750869475292730e-01
-2.057326091611775543e-01
-1.626221852049905825e-01
-1.421850416497880409e-01
-1.363689333103703105e-01
-1.207605113994400792e-01
-9.799474376587824498e-02
-7.400288117663583742e-02
-5.236642345040649904e-02
-3.352008790936687743e-02
-1.713021044506841256e-02
-3.848755430766561889e-03
9.649495982758063417e-03
2.334816742452885258e-02
3.208127995793343817e-02
3.826979987983154113e-02
4.482077763066233400e-02
4.307760750404971556e-02
3.604535116049691762e-02
3.430311923561164822e-02
3.693714039696961715e-02
4.257044007286917009e-02
5.106688114412533119e-02
5.946354422526423100e-02
-5.660722931108419509e-04
-2.447790035956609322e-01
-4.508069039826289592e-01
-4.713842600081826206e-01
-4.542313054452062349e-01
-4.199970692312158249e-01
-3.818772213647433356e-01
-3.740471378216353449e-01
-3.656709751983170942e-01
-3.320579169163561661e-01
-2.717817952162207007e-01
-1.939189231606863739e-01
-1.186448552315143984e-01
-8.088740651313447438e-02
-7.408110491479519277e-02
-6.117261488415177972e-02
-3.390823706791427916e-02
1.729658371981586396e-03
3.494067631429247783e-02
3.526679785182126187e-02
-6.280025856988868949e-02
-1.482884178562328126e-01
-1.334304744988212277e-01
-8.472581255568778502e-02
-3.759612339236054201e-02
-2.616591695887543478e-03
3.351869818335981993e-02
7.217973697369964303e-02
1.054994478071026587e-01
1.080037159657241119e-01
8.134187605883375083e-02
7.519248110108198158e-02
1.012020921866753770e-01
1.388464281328991856e-01
1.782320201365546197e-01
2.160071353362703617e-01
2.454994998956924745e-01
2.554580698710099962e-01
2.524926017610086837e-01
2.551355952988540454e-01
2.664842838939993630e-01
2.757482226215932641e-01
2.813342751478125070e-01
2.908334953487426988e-01
3.056178528929813232e-01
3.151348425147691423e-01
3.114129849861624888e-01
3.095558937194388682e-01
3.128907487324994463e-01
3.082889610608492426e-01
3.008859078600629178e-01
3.024498516602064369e-01
3.115166853632804211e-01
3.281487036672063873e-01
3.505594066318878377e-01
3.671303657869135484e-01
3.808200713688378869e-01
3.966850246832112070e-01
4.121035635909838790e-01
4.220505519371243186e-01
4.247240208018179253e-01
4.275564652309302160e-01
4.323353792990997091e-01
4.365103148868896277e-01
4.449795895102293675e-01
4.603044004985545889e-01
4.728416889267215151e-01
4.803804862321218172e-01
4.842346748420557345e-01
4.829782054059692520e-01
4.812413465855062134e-01
4.785900159469045345e-01
4.795329347939539799e-01
4.908411029484821553e-01
5.104973648269200970e-01
5.364951747084706346e-01
5.614582651055836093e-01
5.743603811411615023e-01
5.691462151921315993e-01
5.500420982922605839e-01
4.827195725762664091e-01
3.474449325567011693e-01
2.458828878032782161e-01
2.337966198221612113e-01
2.675290568304176109e-01
2.950599958402820300e-01
2.953131808314606865e-01
3.150218719583617322e-01
3.741010186096634937e-01
4.438104199928584737e-01
5.005005366770509667e-01
5.350857407018871914e-01
5.333353413830573819e-01
5.360524752799983306e-01
5.804809095332461588e-01
6.366459156826548282e-01
6.893807838834254964e-01
7.431401761681114548e-01
7.940783828085251628e-01
7.661789406752089748e-01
6.481393470413290281e-01
5.875110255564766071e-01
6.235350200254869968e-01
6.771375140811877191e-01
7.293818587101800199e-01
7.893798392703510469e-01
8.545966847185565429e-01
9.144880572483506942e-01
8.977298704504752536e-01
7.266142295656436989e-01
5.994528917508723520e-01
6.327884081672200400e-01
7.127770472271226510e-01
7.942413117492256314e-01
8.716649972272455527e-01
9.482976615787035435e-01
1.018975202769621502e+00
1.070045559791787726e+00
1.104334222181771130e+00
1.132267674378476974e+00
1.150992518966667877e+00
1.164433855459509726e+00
1.174282574473336727e+00
1.179875714097295969e+00
1.186667646191658099e+00
1.199990477106687381e+00
1.218967418327884911e+00
1.243110817877240981e+00
1.271058076731632847e+00
1.300593509994766306e+00
1.336591706262048485e+00
1.375017819992798040e+00
1.409418989130893918e+00
1.441927616654345767e+00
1.474863975399755889e+00
1.506877917567567504e+00
1.537487012738208758e+00
