-1.084165663389201513e-02
5.514405669192393340e-03
5.313962977556650757e-02
3.397933147037161816e-02
3.116430408307632044e-02
-3.574448019922321640e-02
-8.793045388091275116e-01
-1.208507620513985081e+00
-2.962905622214251355e-01
1.490463079113330536e-01
2.662190913692391026e-01
2.499858683474728838e-01
-7.981361304604220330e-02
5.738782968610758872e-03
8.664896885411065008e-02
1.297206198124451759e-01
1.219067887840862840e-01
1.076632179285777757e-01
8.850605920072948662e-02
8.444151772892760643e-02
5.557709906824946644e-02
1.011170850209121841e-01
7.946530595607569081e-02
3.113580575544902529e-02
4.207988625694893819e-02
4.950839213025609586e-02
-7.885544175229999841e-02
-4.152300016554968248e-02
6.819909128885647681e-03
2.883331268122475699e-02
5.386386076753722774e-02
7.868745123092912852e-02
6.021459641437014454e-02
-9.973272730047163526e-01
-2.956609736407971756e+00
-6.601972196355636591e-01
1.020950685077526288e-02
-7.465197465458506265e-02
2.356182009866790716e-01
-3.018990630927476104e-03
-2.586587619519152836e-01
-1.702430948732258642e-02
1.621126705687531977e-01
4.332634402706162513e-01
4.865441472078522178e-01
4.393165144714353820e-01
-5.581760041729769833e-02
-4.930115125105128532e-02
5.971530354539253405e-02
1.999692514439799229e-01
2.225391555756190409e-01
1.946682071910982581e-01
-2.678107201829307282e-01
-1.382962778651006364e+00
-1.916604713560584317e-01
2.384963283370717391e-01
3.644374823846083800e-01
2.266669725058861606e-01
1.844110195783958961e-01
2.720979910543835922e-01
2.504222647427988280e-01
2.168722923304965966e-01
-2.046477205376841246e-01
-2.652324276490987121e-01
1.193434076702099972e-01
2.882943380562361102e-01
3.256388768665511857e-01
3.270121400884465901e-01
3.246340201066669207e-01
2.480934406709472129e-01
4.223698414075123531e-02
5.631807458894502738e-02
1.572240362370290190e-01
1.858120971821001777e-01
1.260417407264169676e-01
1.385899109681081876e-01
1.922025443550943180e-01
2.233482621716146033e-01
1.157317186006504017e-01
6.354525848967118584e-03
1.407582487333492449e-01
1.333177299775636371e-01
4.948649049634090691e-02
8.129926121140743089e-02
1.642764959751940035e-01
1.821069738361280888e-01
2.710950363849211620e-01
2.737520724954990436e-01
2.061960909454270408e-01
2.399860637693844723e-01
2.329144041325034442e-01
2.351821199201902801e-01
1.564705462283041970e-01
1.262499553463607982e-01
1.732682195638149403e-01
1.982395872802478476e-01
1.969691443424753385e-01
2.536591313497140732e-01
2.888465889363122097e-01
2.280787696733784509e-01
2.116569685617507024e-01
1.629322306748728633e-01
1.295933342579663472e-01
1.458374229162659463e-01
1.129143624459837680e-01
1.871468132068828949e-01
2.578550203391695161e-01
3.110192873024925087e-01
3.786356058943612379e-01
3.229747138803447104e-01
1.898282452182512570e-01
2.611335239438400402e-02
-3.875871716666337563e-02
-7.577976190156279213e-01
-1.204436090057563247e+00
-3.277542817341929093e-01
1.969812214956599139e-01
3.955067014434871520e-01
9.973261890036638766e-02
-6.193801752808029276e-02
3.724190002265402866e-01
5.878850793410732578e-01
5.739948210331804468e-01
4.111965846967919891e-01
2.677784709415964581e-01
-1.185076363150751599e-01
3.190711651304509733e-01
5.717121140168730520e-01
5.577967410976985008e-01
5.543395885518882515e-01
6.170345568928832236e-01
5.769263578670109638e-01
-5.858160439011949050e-01
-9.096173975219689067e-01
2.674560678618645992e-01
6.562597977908166680e-01
5.766015749277920710e-01
6.377946420128270955e-01
7.217191090863506187e-01
7.712583776120454093e-01
6.856478338659341976e-01
-4.338977143699173644e-01
-1.796416243099197230e+00
1.377018235565463655e-01
7.831353434707870598e-01
9.215400164420554097e-01
8.725082075628074474e-01
8.477762313136623096e-01
8.715075210180636134e-01
8.715661159334990860e-01
6.677679166839768365e-01
6.376676563004439746e-01
5.688083739203867450e-01
4.799663409313918994e-01
4.943007415378886105e-01
4.375110675749812605e-01
4.210740080206405445e-01
4.774073459041670020e-01
5.704701982963875651e-01
6.184251740869495251e-01
6.889520002775632035e-01
6.988380967303789992e-01
7.231091031843459582e-01
8.375615933953212133e-01
8.116260778371624518e-01
8.220825116720482661e-01
7.847415351291633367e-01
7.763863339557759424e-01
7.787201315687417580e-01
8.023208560517886001e-01
8.372327807864036187e-01
8.655388848534222301e-01
8.939053225068437358e-01
9.037206218753837117e-01
9.017978961959592921e-01
8.871184140874226465e-01
8.742074196581814949e-01
8.650221104676890649e-01
8.723763428703399381e-01
8.737428986074444737e-01
8.831636533155633462e-01
9.007625507418074440e-01
9.262615888767887773e-01
9.659809929971300280e-01
1.014760955495741079e+00
1.026211803652310683e+00
1.048886260548430149e+00
1.038627653813860796e+00
1.047488391280593456e+00
1.034869001486512508e+00
1.027577317788189060e+00
1.026933351480597612e+00
1.041167136656670156e+00
1.061282026484031249e+00
1.087649876025964968e+00
1.132195747496907323e+00
1.160114505441711019e+00
1.187901537084790737e+00
1.190246935366102266e+00
1.171867729981697526e+00
1.147804255761350145e+00
1.140742553422278593e+00
1.137068727812339919e+00
1.138976525648796922e+00
1.155271165067811578e+00
1.184378902142251277e+00
1.213693847006442228e+00
1.216445600111447645e+00
1.223076743246504838e+00
1.228762632395953069e+00
1.212405541079730975e+00
1.201493007681176284e+00
1.196161527003900993e+00
1.201317865574535793e+00
1.209082840226525235e+00
1.223282034274389529e+00
1.255836230570950507e+00
1.280542415234446896e+00
1.291803051357594434e+00
1.284353946441394223e+00
1.270212279739338701e+00
1.254040873210680251e+00
1.251710760581648652e+00
1.252150264706595406e+00
1.249261997792878054e+00
1.253168460668704354e+00
1.255897503420422279e+00
1.268463344779441337e+00
1.289047238419806174e+00
1.307374039533638843e+00
1.317821522124918543e+00
1.315905590125636904e+00
1.312289132863188268e+00
1.297533383747483393e+00
1.292348408728105191e+00
1.274442641440650004e+00
1.268235405029636276e+00
1.272509038514176183e+00
1.277908465589996378e+00
1.295362280860660409e+00
1.319291079849065351e+00
1.329322610877975652e+00
1.343153306661445168e+00
1.321148921769294882e+00
1.293044178498792052e+00
1.274097393195038785e+00
1.255585849507601992e+00
1.251828810867404052e+00
1.248456826603188130e+00
1.259429610345127237e+00
1.278925122332606801e+00
