-2.118812847288565671e+00
-2.116652168042582716e+00
-2.106473681275040200e+00
-2.136546807815759674e+00
-2.125152455393231943e+00
-2.128596537040980508e+00
-2.118649765702186993e+00
-2.117296795197041615e+00
-2.114896228264117273e+00
-2.110816166306815678e+00
-2.104517899771402689e+00
-2.095217518479335794e+00
-2.087692309109582034e+00
-2.083292749964264168e+00
-2.074840005463835624e+00
-2.060580147266619200e+00
-2.038882032704406377e+00
-2.008337305513835602e+00
-1.967745968871006612e+00
-1.909107319624711696e+00
-1.833849642289451243e+00
-1.646093863368119914e+00
-4.080990606797836318e-01
3.692372285262289466e+01
-1.393836133738768801e+01
-4.271352081850379179e+00
-5.031318220435156974e-01
-1.720504647411517984e+00
-1.803441413798366089e+00
-1.785765553093954683e+00
-1.698970782627092557e+00
-1.348630820940125652e+00
1.241641807415836851e+00
-2.037287819566805602e+00
-2.100593020923962939e+00
-2.104762219579016325e+00
-2.100806733058009357e+00
-2.095404269816585341e+00
-2.088640813655706197e+00
-2.081023021894283787e+00
-2.076759216675259978e+00
-2.072380683211971331e+00
-2.063619399922419717e+00
-2.046407503631479496e+00
-2.012065583615911812e+00
-1.945170408926206740e+00
-1.900704677459073233e+00
-1.920592840427658876e+00
-1.918517519948807593e+00
-1.876238708012058387e+00
-1.770709407340671726e+00
-1.560533012323547242e+00
-1.712180797525500342e+00
-1.996155602343223201e+00
-2.036751166148806469e+00
-2.025427444656307863e+00
-1.993934423137218914e+00
-1.950192249592489491e+00
-1.905172270879779806e+00
-1.828091945611452163e+00
-1.666685770983359127e+00
-1.333107093775031782e+00
-1.537893844654101949e+00
-1.822159095116918648e+00
-1.855853426993231636e+00
-1.743292473188161384e+00
-1.256120353363446185e+00
-6.584858996373183615e+00
-2.803311690261854672e+00
-2.528528666017487936e+00
-2.508267369831748805e+00
-2.565704219879180847e+00
-2.543263590360616444e+00
-2.478985375393032875e+00
-2.447944074579555540e+00
-2.432932704431989723e+00
-2.401950914343283117e+00
-2.362992436429595777e+00
-2.348785270060984143e+00
-2.377454001726801103e+00
-2.398957578841423466e+00
-2.380000150167650208e+00
-2.377830121802685603e+00
-2.386441909942187856e+00
-2.371611252893095045e+00
-2.344307415472942413e+00
-2.309720073189680534e+00
-2.277847109845416718e+00
-2.259601137654408731e+00
-2.246625881182088502e+00
-2.235441867480161271e+00
-2.226454462292926095e+00
-2.222279900341838310e+00
-2.223067473412535300e+00
-2.221652737393843502e+00
-2.214631166887211400e+00
-2.206126980802878279e+00
-2.197223714630989644e+00
-2.187714593101719007e+00
-2.180285867663652954e+00
-2.175356695464596868e+00
-2.172186279476507220e+00
-2.170547824125279579e+00
-2.169120224509453188e+00
-2.167912179577873744e+00
-2.165726182129039668e+00
-2.160970769557768900e+00
-2.154835974274465826e+00
-2.147955325685779737e+00
-2.142109457556116592e+00
-2.138367131082771433e+00
-2.136585563887966721e+00
-2.136265637773929527e+00
-2.152183730191872701e+00
-2.098182909156418141e+00
-2.106912385360526940e+00
-2.103246484689611506e+00
-2.093855457015195043e+00
-2.083160934075374282e+00
-2.081409395401981222e+00
-2.072086003530357878e+00
-2.011161490102071348e+00
-2.513534403505355286e+00
-2.213464189517417857e+00
-2.187356217190467689e+00
-2.207031332150640957e+00
-2.223218446495637934e+00
-2.172392175278238913e+00
-2.149549910899549054e+00
-2.139060840735441005e+00
-2.132047229500297902e+00
-2.126836874824378665e+00
-2.124290129455026044e+00
-2.125995753584254189e+00
-2.155343160735827546e+00
-2.123382478887690716e+00
-2.118999359747281819e+00
-2.116351772723755520e+00
-2.114200901864732085e+00
-2.112288011364902740e+00
-2.110225327802055517e+00
-2.105093402721502915e+00
-2.069012746179170747e+00
-2.401380899836652816e+00
-1.986751772457918452e+00
-2.080522554627616927e+00
-2.093846487842393245e+00
-2.097281187545675607e+00
-2.098182525924688679e+00
-2.098290244532347248e+00
-2.097209286774538217e+00
-2.095222101367726353e+00
-2.092735774287707073e+00
-2.089580768170333336e+00
-2.086231066126870370e+00
-2.082727627884355392e+00
-2.078891303373637367e+00
-2.075454848021427878e+00
-2.073181515770774030e+00
-2.071893572154222429e+00
-2.071107899993206658e+00
-2.070411766993867531e+00
-2.069539320563054563e+00
-2.069191424678638036e+00
-2.068899868480853499e+00
-2.068189078162149031e+00
-2.067372615775336708e+00
-2.066484243693681222e+00
-2.065364424498936202e+00
-2.064017576536197662e+00
