-6.423187337539193985e-04
-7.536602215531328997e-04
2.800707340521940009e-03
7.000174107925899621e-03
9.352227868686195308e-03
7.295146817167176556e-03
-4.764785429035507669e-02
-1.552115110808757192e-01
-2.070890390970084871e-01
-1.793555579647515830e-01
-1.300477680899720379e-01
-8.649102587049983804e-02
-7.167857554317307034e-02
-7.090422810970790912e-02
-6.050663232030365629e-02
-4.484705530131574691e-02
-2.975058783057871886e-02
-1.793887146455933751e-02
-9.325804451436906992e-03
-2.665422854366443668e-03
1.657302424957879904e-03
7.139214503319939176e-03
1.330006605435113745e-02
1.495347381593149436e-02
1.504022385997944716e-02
1.656409056146456935e-02
1.093403378314514174e-02
2.266049783014990535e-03
5.747645475054569478e-05
1.951659495454739855e-03
6.015981330766678042e-03
1.205985403030985711e-02
1.723621828039772694e-02
-4.196783359825029258e-02
-2.603857345128474110e-01
-4.043535620582807688e-01
-3.700250846990237874e-01
-3.191065324295752625e-01
-2.676316424731637889e-01
-2.260626073648767109e-01
-2.201786464961019429e-01
-2.139804004542051885e-01
-1.857573863360334754e-01
-1.371947853337772139e-01
-7.972492038761744282e-02
-3.132117219945135256e-02
-2.128969753705749202e-02
-3.547907390075745460e-02
-3.821714457803034037e-02
-2.526629296382825601e-02
-5.215382225747276085e-03
1.166011745882582218e-02
-2.245511130737192287e-03
-1.021957401089285816e-01
-1.698832195183725136e-01
-1.403690817882274344e-01
-8.911983577931181788e-02
-5.012458315557705157e-02
-2.772712302119036479e-02
-5.614559504474994633e-03
1.666972300560131889e-02
3.298038685305632045e-02
2.094827944101313594e-02
-1.275137022253074182e-02
-1.990947002516089970e-02
3.836910326500787144e-03
3.395638029563784188e-02
6.093128237284983761e-02
8.376724326851589519e-02
9.894836978877752376e-02
9.657460626277267202e-02
8.622621442634931244e-02
8.539161952994121785e-02
9.209368101740338097e-02
9.590596360297427847e-02
9.716250694214872974e-02
1.024348903728788396e-01
1.117011048870621415e-01
1.148970872842434432e-01
1.060205138668407210e-01
1.015684061009997086e-01
1.045405715360358118e-01
1.017035066096367429e-01
9.710898507316227668e-02
9.994975378101447760e-02
1.075510224656768543e-01
1.200123569687765734e-01
1.351251842082876464e-01
1.440412252893185363e-01
1.505030624088103119e-01
1.577556198158198419e-01
1.641055767461548909e-01
1.654008148037787729e-01
1.612762676053060007e-01
1.596630024013261651e-01
1.625674759780874334e-01
1.664001699760014608e-01
1.731025382686638137e-01
1.838753333569980719e-01
1.912760236389674795e-01
1.937735107154521241e-01
1.926491677049150808e-01
1.877573084145886806e-01
1.833890935136469891e-01
1.789133510339972755e-01
1.780739253292084323e-01
1.853958998807757330e-01
1.981860746833662978e-01
2.155711707958201662e-01
2.303780701439349099e-01
2.324375801492223892e-01
2.184315273548544933e-01
1.954317483616801465e-01
1.309609102317960128e-01
1.474194958740808470e-02
-5.268544090600310592e-02
-3.520717664873090902e-02
1.400035137155666159e-02
4.446022844673909458e-02
4.376921116569263553e-02
6.053811307027860689e-02
1.091337986787036529e-01
1.593681210895464551e-01
1.912664728880415499e-01
2.023766217714341176e-01
1.832459601289151419e-01
1.754895665972873164e-01
2.074500724011295039e-01
2.463329086079196761e-01
2.783565434340231071e-01
3.097129775365851656e-01
3.380651750849901771e-01
2.923715811947168453e-01
1.784245752305964605e-01
1.390454596774690910e-01
1.884601278162861826e-01
2.422028326867724513e-01
2.853011288920557775e-01
3.293861540585033554e-01
3.740847759169748099e-01
4.100599283774298831e-01
3.711496062563544029e-01
2.038115236287962873e-01
1.128777737859886360e-01
1.732918216899257402e-01
2.605936149297730653e-01
3.348752147761398512e-01
3.923654296213521242e-01
4.415040421725828779e-01
4.855425362027953606e-01
5.124682746125500676e-01
5.254228710532053981e-01
5.333325726434763325e-01
5.335436585396751141e-01
5.321430672026573605e-01
5.300381612750396654e-01
5.257439074099878873e-01
5.257394362673626365e-01
5.348827348908219426e-01
5.506063481817256022e-01
5.708351759850294194e-01
5.925047015252115079e-01
6.133367475312887507e-01
6.397649607332106525e-01
6.672107349603296766e-01
6.906841772365638343e-01
7.101179162778133991e-01
7.255847524537463178e-01
7.398953725108843305e-01
7.549758157465414898e-01
7.723563594242536245e-01
7.917576239493615553e-01
8.124873222415683882e-01
8.332550817503395768e-01
8.524724140696900987e-01
8.691141627364498135e-01
8.831099176755237146e-01
8.952112428005161160e-01
9.068539911909897500e-01
9.185191100437529732e-01
9.302959744147885068e-01
9.430035016796473046e-01
9.573194963016227188e-01
9.741878804768837607e-01
9.944337320368012989e-01
1.015764894255641426e+00
1.036858272072916032e+00
1.056490548734515089e+00
1.074456968193548745e+00
1.090800231607666371e+00
1.105029660973317229e+00
1.118163644211460861e+00
1.131560386206287294e+00
1.146215663106443516e+00
1.162529429013574811e+00
1.181590503995527008e+00
1.202873045797347329e+00
1.225191407963860613e+00
1.246944258855184229e+00
1.265803014042160779e+00
1.280960473759893192e+00
1.293799908513351582e+00
1.305740037627582950e+00
1.317351584974451262e+00
1.329743276325263679e+00
1.344196455680025215e+00
1.360966629573289843e+00
1.378082150572665920e+00
1.394405659469996950e+00
1.410271137481306836e+00
1.424430318006047580e+00
1.436397864203019958e+00
1.447156123759654189e+00
1.457772669868506954e+00
1.468898038303326992e+00
1.480902981449526479e+00
1.495015938679807865e+00
1.511324536477866909e+00
1.528271216746080130e+00
1.544015768538436362e+00
1.557489912956413480e+00
1.568671535108886461e+00
1.578672256062052526e+00
1.588520287617955162e+00
1.598122806297651133e+00
1.607705244741291839e+00
1.617505810888537399e+00
1.627975167877145024e+00
1.639950261923173613e+00
1.653432892750514194e+00
1.667595719327430670e+00
1.681230586321872611e+00
1.693751998767887068e+00
1.704644689163173688e+00
1.714203543992597556e+00
1.722377461099794616e+00
1.729413856970289709e+00
1.736676973334853935e+00
1.744661150621787726e+00
1.753961232496095146e+00
1.765317650233589664e+00
1.777874991233543644e+00
1.790976683763218391e+00
1.802653611012736912e+00
1.811025230353627613e+00
1.816935720722249181e+00
1.821273997846176274e+00
1.825136394830311204e+00
1.829292285933424855e+00
1.834477808267183097e+00
1.841689374675859581e+00
