7.259141278092434701e-04
2.411621296543146886e-03
6.656161176308597778e-03
1.086376412017689246e-02
1.332548207474556698e-02
1.141215540459835677e-02
-4.144548632998699966e-02
-1.396082466793331367e-01
-1.778709516814774017e-01
-1.420116681421728644e-01
-9.172382953634114489e-02
-5.172339646859141354e-02
-4.166634959023798879e-02
-4.386231507326649598e-02
-3.573697502291699885e-02
-2.231478179123676242e-02
-9.767106720962181673e-03
-4.380959474469432735e-04
6.248556713956587155e-03
1.126503521459977855e-02
1.425458344590270314e-02
1.865796500533805150e-02
2.353499489516519202e-02
2.439026926276635296e-02
2.436748673378402383e-02
2.573591342269584276e-02
2.016595931058283442e-02
1.255797301051644194e-02
1.156109956211791474e-02
1.441079624826926628e-02
1.911964702085182724e-02
2.529447996665890042e-02
3.014576019452335637e-02
-2.746011503383067459e-02
-2.324433310387760965e-01
-3.484733985056688299e-01
-2.957434227766292945e-01
-2.385785670406050385e-01
-1.869802651966259721e-01
-1.496340645577868556e-01
-1.477984860941354839e-01
-1.437192402398493607e-01
-1.184587740391884886e-01
-7.493731149664051294e-02
-2.491211563105674015e-02
1.483081875243561637e-02
1.715332230905681696e-02
-3.093179127615225399e-04
-3.691864038131093765e-03
9.058355598884702820e-03
2.801173198728037009e-02
4.288858505440699964e-02
2.768231363523179084e-02
-6.767611433611125937e-02
-1.225112943178101599e-01
-8.451993099274623944e-02
-3.171445953947401447e-02
5.097938107487320902e-03
2.421292478952873084e-02
4.267991802519569000e-02
6.150099007219297920e-02
7.441320073622424702e-02
6.004929775168282163e-02
2.808709372375851887e-02
2.394212852944361744e-02
4.769082320080175047e-02
7.566104197644941964e-02
9.976776215693053396e-02
1.191509284483488473e-01
1.295641797037161147e-01
1.236727114203001465e-01
1.114559360908147639e-01
1.091556433143122395e-01
1.157431428431597853e-01
1.195098657414747495e-01
1.204459975570758568e-01
1.255675382820392039e-01
1.347961193401920332e-01
1.378573589658183829e-01
1.300031463251131170e-01
1.271781231215164398e-01
1.294033596983316936e-01
1.243773458932543319e-01
1.187566855959747703e-01
1.222524376102203103e-01
1.309288028540810112e-01
1.443601932142491995e-01
1.598509806951162182e-01
1.675144146126215650e-01
1.728284063712671181e-01
1.801726372151230549e-01
1.869297648567880277e-01
1.887226604409810438e-01
1.854893697224931637e-01
1.845940889014790476e-01
1.863027610129891209e-01
1.877598795015409383e-01
1.934151108408385944e-01
2.041484430792790683e-01
2.104390425158853828e-01
2.123210314153245737e-01
2.115771736368744493e-01
2.076600550340522433e-01
2.050871254683855893e-01
2.025547795247837346e-01
2.042464942747551637e-01
2.145059702965654014e-01
2.297050937371975521e-01
2.475341831345136412e-01
2.613367892848242335e-01
2.632345166371250489e-01
2.510629450162028542e-01
2.316158428193925145e-01
1.739606773310698185e-01
7.128809442674419183e-02
2.150487911160212789e-02
5.150320435069397074e-02
1.054376067872543621e-01
1.357828498474425993e-01
1.349881228807661981e-01
1.531326558850898134e-01
2.004283887381420881e-01
2.466750353578160415e-01
2.738952002699162058e-01
2.805626238607266676e-01
2.585801678321231756e-01
2.519893182867327108e-01
2.842758513697263290e-01
3.202094306017692626e-01
3.479860700283020636e-01
3.744444288172857349e-01
3.965552656018238031e-01
3.474075493027483086e-01
2.389504682101089572e-01
2.099238376620171376e-01
2.641000755837784042e-01
3.156938344951882303e-01
3.542421887900728539e-01
3.925054711268418650e-01
4.296588206960336720e-01
4.577679587039611975e-01
4.157972120007195627e-01
2.549616673186724247e-01
1.799354558938825732e-01
2.498131891074693023e-01
3.348624034360485613e-01
3.988439269263029385e-01
4.468932733427178894e-01
4.876029656489810904e-01
5.194092236078157176e-01
5.330182236856219058e-01
5.361434764186377988e-01
5.387650847338131266e-01
5.374958657354225178e-01
5.361161880879677932e-01
5.348167112309778481e-01
5.326484548394433416e-01
5.339577401633464060e-01
5.420761649563154982e-01
5.542468051595121903e-01
5.695749781047020344e-01
5.861786697182134187e-01
6.024916882161808207e-01
6.232321804783254038e-01
6.437011990346132029e-01
6.592154676096065868e-01
6.730799815574036726e-01
6.876377219537073149e-01
7.013976480486132647e-01
7.142795141646298696e-01
