-6.356470661056530247e-01
-6.347087524291545879e-01
-6.363490124665649450e-01
-6.353953944202979098e-01
-6.347337090244977720e-01
-6.336006347371321290e-01
-6.364431269068255848e-01
-6.354771261146955341e-01
-6.347645080756992852e-01
-6.337818726134015757e-01
-6.324722940074811728e-01
-6.308103378096338032e-01
-6.293707338193192946e-01
-6.282613412214855808e-01
-6.266777740656418461e-01
-6.244396543241049757e-01
-6.214748555073666969e-01
-6.177294656862937217e-01
-6.130232101189171390e-01
-6.068556619744825964e-01
-5.989301236776538584e-01
-5.859215105277844060e-01
-5.594016926432409109e-01
-5.153273519490999544e-01
-4.256679252247738132e-01
2.603094566901663631e-01
7.591956380705773277e-01
-2.700922032338557432e-01
-3.018362075987527371e-01
-6.042568839713008400e-02
-2.349589404795200398e+00
-8.795153061994230859e-01
-7.640400402991531781e-01
-5.739394176176807472e-01
-6.269721110840857925e-01
-6.301102529300914856e-01
-6.296198941114955483e-01
-6.286871066097016181e-01
-6.274760917837589602e-01
-6.260962528117043346e-01
-6.251857405151319824e-01
-6.242366314711935704e-01
-6.226446887096164229e-01
-6.199965332997194878e-01
-6.157155467298864870e-01
-6.094075447826087233e-01
-6.038765095088445278e-01
-6.012084717787604671e-01
-5.974753504796403991e-01
-5.901889025870851180e-01
-5.770937289398018200e-01
-5.558945005451838561e-01
-5.500659868443709133e-01
-5.898542407283846600e-01
-6.033785602767487433e-01
-6.016448608936113551e-01
-5.945646983547946407e-01
-5.843933429557519599e-01
-5.727047851498493491e-01
-5.529817194173568540e-01
-5.114918422981550306e-01
-4.109581547810947644e-01
-3.673816906252814762e-01
-4.690677322172151498e-01
-4.810197789001035562e-01
-3.687878725334712837e-01
-5.734299703709249130e+00
-8.619834797402217141e-01
-7.505379346870999502e-01
-7.151432172314446944e-01
-7.035491043237083186e-01
-6.996915216473698074e-01
-6.940066734617829081e-01
-6.869839031247363392e-01
-6.818263739502993248e-01
-6.780939600172486426e-01
-6.741142940533214611e-01
-6.698971805496932719e-01
-6.668981964980480459e-01
-6.657820450931443146e-01
-6.645719470375001103e-01
-6.626120991593484888e-01
-6.613327521972850453e-01
-6.604087117557004838e-01
-6.588587605158304772e-01
-6.568546306887352859e-01
-6.545047823975228551e-01
-6.520517128092089276e-01
-6.500434927239444605e-01
-6.482840966612958278e-01
-6.466049402815315927e-01
-6.450565844941462679e-01
-6.437110200051630038e-01
-6.425489809527082929e-01
-6.414021021799892752e-01
-6.402288364822846800e-01
-6.390773860629518355e-01
-6.379419748408208246e-01
-6.368297983619151115e-01
-6.357677392658328541e-01
-6.347406999948115303e-01
-6.337248872531006105e-01
-6.326957599479683392e-01
-6.316624572153872741e-01
-6.306157962360731117e-01
-6.296013449803895545e-01
-6.287177462663868788e-01
-6.279704884048088465e-01
-6.273645580243978337e-01
-6.267808604410636253e-01
-6.260108213444485203e-01
-6.249082691071463636e-01
-6.234742695298480797e-01
-6.204846753543775684e-01
-6.122662129230417305e-01
-5.971288197469100112e-01
-5.888693805226671296e-01
-5.921667484420268801e-01
-5.943194513007094004e-01
-5.908341171368984845e-01
-5.918473848927189307e-01
-6.000775174440751147e-01
-6.067676648900361958e-01
-6.103229400240106628e-01
-6.117531164097731455e-01
-6.109277512348560979e-01
-6.103044165155342426e-01
-6.120600704730391195e-01
-6.140215098502294078e-01
-6.154234583410844728e-01
-6.165632007538988102e-01
-6.174136668979298692e-01
-6.160153777606400816e-01
-6.111052296268262296e-01
-6.072485745393494394e-01
-6.082628733607470251e-01
-6.099923303099517025e-01
-6.113743573064740477e-01
-6.127726130773791802e-01
-6.140826394728073900e-01
-6.150169561637980342e-01
-6.139431500849318324e-01
-6.077509724094342092e-01
-6.004291378126295209e-01
-6.012267984556443068e-01
-6.044627531504278561e-01
-6.072524867104189816e-01
-6.092941373462967825e-01
-6.108930466775479573e-01
-6.121657962450393065e-01
-6.128735162815659443e-01
-6.131230603057400419e-01
-6.131418132119206277e-01
-6.128968366323243044e-01
-6.125111803694907042e-01
-6.120270148643195407e-01
-6.114219952852640860e-01
-6.108340452287372990e-01
-6.103968877942753668e-01
-6.101004275986319225e-01
-6.099168227183339175e-01
-6.097925710834798396e-01
-6.096736395998144653e-01
-6.096677043903376836e-01
-6.097025158748788920e-01
-6.096748935258304858e-01
-6.095742712444783828e-01
-6.093900666940953448e-01
-6.091630030981821653e-01
-6.089251454920421303e-01
-6.087064194538713835e-01
-6.085100333521984428e-01
-6.083294407258141856e-01
-6.081475317295723659e-01
-6.079394281056182958e-01
-6.076866047738396226e-01
-6.073829886047386051e-01
-6.070356353406693994e-01
-6.066633571518778023e-01
-6.062760471206884993e-01
-6.058775625436090273e-01
-6.054822172306816297e-01
-6.051037486133052923e-01
-6.047600512748363411e-01
-6.044684667398010358e-01
-6.042045889357081645e-01
-6.039480935405175943e-01
-6.036805217675318413e-01
-6.033924276653443997e-01
-6.030813131879404487e-01
-6.027366206751292310e-01
-6.023680574160517054e-01
-6.019924830144096628e-01
-6.016256796445561550e-01
-6.012770618232836650e-01
-6.009644981959862964e-01
-6.006876396337398338e-01
-6.004337029204285248e-01
-6.001828906765906968e-01
-5.999025577525246566e-01
-5.995750059899002116e-01
-5.992091747267884738e-01
-5.988197432606091608e-01
-5.984141197711425608e-01
-5.980073493541144813e-01
-5.976190764537588906e-01
-5.972587064508979582e-01
-5.969081192957971238e-01
-5.965525510555955702e-01
-5.961937899440035160e-01
-5.958160459347211502e-01
-5.954089518033924833e-01
-5.949803222440419592e-01
-5.945417803406806145e-01
-5.941029024683848192e-01
-5.936707869893494971e-01
-5.932631736684199630e-01
-5.928871483433546530e-01
-5.925282558936565414e-01
-5.921643360824040414e-01
-5.917780814971167480e-01
-5.913634406147553202e-01
-5.909287171297572527e-01
-5.904853389313269307e-01
-5.900335368486079313e-01
-5.895765653925295613e-01
-5.891187924296834577e-01
-5.886670364299139147e-01
-5.882341047093300190e-01
-5.878242842165491977e-01
-5.874307222708722298e-01
-5.870392799801947836e-01
-5.866401317182859954e-01
-5.862239261833661619e-01
-5.857897793736636105e-01
-5.853351196200882178e-01
-5.848599638024283287e-01
-5.843800964593134362e-01
-5.839042591990741826e-01
-5.834427707803750973e-01
-5.830093090010850521e-01
-5.825988490998165181e-01
-5.822046826689883936e-01
-5.818031402307283217e-01
-5.813646420683216132e-01
-5.808908721265600983e-01
-5.803882461938730808e-01
-5.798682174349176766e-01
-5.793421539934930919e-01
-5.788220696104953156e-01
-5.783256525116717839e-01
