-2.021002581972234768e-03
-4.006655219361349857e-03
-1.453786693387649695e-03
1.998219047650577358e-03
3.437680517934109913e-03
6.445369293543762486e-04
-5.425641444339789760e-02
-1.602015172640865459e-01
-2.094824413769574567e-01
-1.801522311323081604e-01
-1.307752708029514266e-01
-8.813970906679124973e-02
-7.450120404216328818e-02
-7.445123866143746327e-02
-6.460979651165714432e-02
-4.985810570704939798e-02
-3.579515640204962434e-02
-2.505703982225513521e-02
-1.772892287386971730e-02
-1.215073358947304019e-02
-8.738012768449533035e-03
-3.979336921770826319e-03
1.668710667665094551e-03
2.618276092367015622e-03
1.872313477783125145e-03
2.849136494749549865e-03
-3.176148070144328012e-03
-1.213888978145478449e-02
-1.458953336136318592e-02
-1.316103331501962577e-02
-9.836115654548222356e-03
-4.593042995686190053e-03
-1.857624871759149671e-04
-5.956352977664533532e-02
-2.755663074700336335e-01
-4.138936228775944581e-01
-3.755085050239159727e-01
-3.231572197751095832e-01
-2.722424000417065226e-01
-2.322795651754558932e-01
-2.280510786774333776e-01
-2.231082960452488162e-01
-1.959639449156874436e-01
-1.488738970540958162e-01
-9.382581125397615462e-02
-4.835985547851839178e-02
-4.090299374293467766e-02
-5.689677143741322246e-02
-6.108617423402083746e-02
-4.987137429588871240e-02
-3.194380466012139430e-02
-1.709621834193966045e-02
-3.262759716488869421e-02
-1.330032684199777271e-01
-1.995268101656535731e-01
-1.698899957148433948e-01
-1.200934606418405937e-01
-8.404742223485775487e-02
-6.459199961159349523e-02
-4.482326030658317917e-02
-2.522528877452849538e-02
-1.130428224084835398e-02
-2.499454489380821542e-02
-5.979564710206101974e-02
-6.711826076681534636e-02
-4.309196802659392977e-02
-1.376819664756702769e-02
1.117016120819410915e-02
3.180283779224723356e-02
4.627041913261543959e-02
4.348379494897942898e-02
3.368076114705775143e-02
3.424380143852788494e-02
4.056850864564581771e-02
4.338566627403228626e-02
4.411462427714971102e-02
4.863943378653669963e-02
5.647482637994435256e-02
5.800739371167494551e-02
4.730217182871743892e-02
4.157416516039162679e-02
4.529096682184466371e-02
4.466846776647294404e-02
4.177864422880410433e-02
4.447530015784521146e-02
5.051270488515766793e-02
6.051771964832597384e-02
7.254831390502615440e-02
7.959385030745012857e-02
8.457572527467957513e-02
8.922458285716226845e-02
9.275162308464335315e-02
9.143645249621719373e-02
8.522530573422530675e-02
8.241634675004261279e-02
8.603311631403769144e-02
9.161730400161108290e-02
9.851148319303947021e-02
1.077144255863961980e-01
1.140582271165498929e-01
1.153600023574396366e-01
1.125362435175786685e-01
1.061043772402040924e-01
9.998514785226726709e-02
9.382075080019365576e-02
9.079678333651750033e-02
9.470972115317319306e-02
1.033437088220331146e-01
1.173010243595760532e-01
1.292558874605679309e-01
1.280551829792009877e-01
1.106416859532570185e-01
8.505940284590716993e-02
1.830153135051057478e-02
-9.862669959483102988e-02
-1.651761881479538729e-01
-1.478521922072153771e-01
-1.004881277262185402e-01
-7.316158096266346667e-02
-7.706816194914591078e-02
-6.410702545349369896e-02
-1.994353319261122498e-02
2.501949131481372157e-02
5.135025551817275213e-02
5.845617269395283339e-02
3.738084241975925259e-02
2.787909738649065744e-02
5.713005888757652362e-02
9.315140856287451587e-02
1.220399195152573474e-01
1.504071260776416175e-01
1.768659778733656929e-01
1.298208147652764877e-01
1.756977440974404059e-02
-1.835990871451357448e-02
3.222498602720638011e-02
8.536698836977027471e-02
1.263199804473792154e-01
1.674227929866493880e-01
2.094745893148108606e-01
2.427035068745529434e-01
1.998052002107265912e-01
3.329457973867472331e-02
-5.178724572122449243e-02
1.094506807098960532e-02
9.858033470724635039e-02
1.732273473773555672e-01
2.273331980157173859e-01
2.714179446152381603e-01
3.145604750471236999e-01
3.431587138628308109e-01
3.572597371200559868e-01
3.636269372806607558e-01
3.602687476104323716e-01
3.558216111616489541e-01
3.508426725348257613e-01
3.433733962508096482e-01
3.413708512957538965e-01
3.507158317562868444e-01
3.685220675820691794e-01
3.904369803579671450e-01
4.129116031571139489e-01
4.335190143140951191e-01
4.603569999252807299e-01
4.885203273474389984e-01
5.125015755988324706e-01
5.359637479669694393e-01
5.592509605563132924e-01
5.800892152802846757e-01
5.984301890141846547e-01
