-2.937619376601223742e+00
-2.929882116707250628e+00
-2.941197103138838642e+00
-2.935316622165974998e+00
-2.930354352614390923e+00
-2.919001405240490676e+00
-2.941328318508894313e+00
-2.935915538295557070e+00
-2.930487926070632021e+00
-2.921337410305219429e+00
-2.905886033859557571e+00
-2.879812664615362561e+00
-2.860245166082921120e+00
-2.852888637694357854e+00
-2.830474959403059820e+00
-2.783457125162807522e+00
-2.692688748855102787e+00
-2.510480641313457717e+00
-2.050681068342694147e+00
1.870035520852024735e+00
-5.536379557710095156e+00
-3.801886769444274616e+00
-3.424555240559284730e+00
-3.367475294873481850e+00
-3.357907501300353204e+00
-3.313385409804785908e+00
-3.485663439032890665e+00
-5.132157801040786005e+00
-1.224756692312294426e+01
-5.292986299001961825e+00
-3.844777231599891376e+00
-3.407352751058736473e+00
-3.264979604903755828e+00
-2.800917254828879877e+00
-2.914298798148966085e+00
-2.917295175810647123e+00
-2.907772953490384005e+00
-2.895161096850675797e+00
-2.878856197745843559e+00
-2.860191363450438118e+00
-2.851533273105696153e+00
-2.842264296285201830e+00
-2.820019703475370676e+00
-2.768438891046750783e+00
-2.628994718576763923e+00
-2.061645425552133037e+00
-1.580688475548957639e+00
-2.202885490138899005e+00
-2.261404314040035501e+00
-1.857895578715326401e+00
9.462358781077817582e+00
-4.521900284676388715e+00
-3.981474947888087712e+01
-2.705569017012418698e+00
-2.794621618704302701e+00
-2.755396313347244774e+00
-2.635470466672721113e+00
-2.369624908015620424e+00
-1.828525079164373013e+00
1.264769357489493551e+01
-4.214076715110870452e+00
-3.643305069306672639e+00
-3.989942774314855445e+00
-4.063537441246052317e-01
-1.462053716819635696e+00
-6.508838961593259143e+00
-3.603705265379254286e+00
-3.317521415225820558e+00
-3.211298796499510999e+00
-3.163678464694464676e+00
-3.161348953543140716e+00
-3.179224034567416091e+00
-3.173534949123921312e+00
-3.149106937515825155e+00
-3.133168355237827551e+00
-3.122954725110282936e+00
-3.106094681876498065e+00
-3.085091349955454199e+00
-3.073559981090784987e+00
-3.076741569408277144e+00
-3.074974568883769521e+00
-3.063612704672419085e+00
-3.059316299821865037e+00
-3.057211493347065101e+00
-3.046479962540846298e+00
-3.031761492885256537e+00
-3.015294573023256319e+00
-2.999995425647123515e+00
-2.989256658007032108e+00
-2.980134084626726576e+00
-2.971302460974365900e+00
-2.963118094024567384e+00
-2.955858748881700748e+00
-2.949124293732199753e+00
-2.942190483412265856e+00
-2.935241425220443734e+00
-2.928480514771516496e+00
-2.922168128476246185e+00
-2.916543496351986064e+00
-2.910697095217127384e+00
-2.904273035753168308e+00
-2.897212834528415826e+00
-2.889211374871852200e+00
-2.881188663070347822e+00
-2.872919729303903047e+00
-2.865985870928954071e+00
-2.862515582198074782e+00
-2.861224563431875811e+00
-2.861346252759205733e+00
-2.860034398875651362e+00
-2.854101760212131467e+00
-2.841623867262060177e+00
-2.822885463634813075e+00
-2.754765901739932854e+00
-5.786440562673607069e-01
-3.352879552737730862e+00
-3.539195031107159828e+00
-9.876946560417820820e-01
-2.400332314650503562e+00
-2.385070816909854230e+00
-2.541921821589007369e+00
-2.719139168260280126e+00
-2.784547739419742207e+00
-2.804777243030788458e+00
-2.805847129951700047e+00
-2.784431452811379160e+00
-2.771144475361822845e+00
-2.792152471252391521e+00
-2.810082576251321296e+00
-2.819196048896717599e+00
-2.825474705046715496e+00
-2.828975788555663229e+00
-2.803785022230452117e+00
-2.704412414889686200e+00
-2.629195600656745846e+00
-2.710030101457428398e+00
-2.757331551290269189e+00
-2.779866409776880598e+00
-2.795856356125324904e+00
-2.807391302434515623e+00
-2.813041274339371789e+00
-2.792278395315821449e+00
-2.655017167868853889e+00
-2.399721568722059217e+00
-2.597874120840563794e+00
-2.712287176627657725e+00
-2.758726944174954454e+00
-2.780032401610760040e+00
-2.792179511889600008e+00
-2.799729048512928031e+00
-2.800944305904137011e+00
-2.798098496245485123e+00
-2.793908823433631117e+00
-2.787618963717188869e+00
-2.780922895786381410e+00
-2.774025747590655122e+00
-2.766424847234261186e+00
-2.760307545614648639e+00
-2.757448901558209098e+00
-2.756824204776806120e+00
-2.757524018275387512e+00
-2.758383438008293886e+00
-2.758700922585719972e+00
-2.760405793010598963e+00
-2.761967014695983380e+00
-2.762122698630013140e+00
-2.761036947066512148e+00
-2.758864948338657364e+00
-2.756387887857856267e+00
-2.754104778831242051e+00
-2.752378144591273390e+00
-2.751093175874274266e+00
-2.750045583567779950e+00
-2.748909710644135806e+00
-2.747330743216136462e+00
-2.745111957896859245e+00
-2.742279045514757208e+00
-2.739030072674627725e+00
-2.735707368630899250e+00
-2.732419638823960106e+00
-2.729186724081970716e+00
-2.726195866682346480e+00
-2.723594814652130491e+00
-2.721583459672124228e+00
-2.720313398545477046e+00
-2.719215556786098276e+00
-2.717992452067492959e+00
-2.716386660982420764e+00
-2.714386071018374480e+00
-2.712019457751036811e+00
-2.709201802259462166e+00
-2.706167240402352459e+00
-2.703213505706099973e+00
-2.700549744110779748e+00
-2.698249929216176124e+00
-2.696529038686884316e+00
-2.695240832933533781e+00
-2.694113804582114469e+00
-2.692809796377895637e+00
-2.690872329355115777e+00
-2.688174086872763269e+00
-2.685023907912019947e+00
-2.681719221804459430e+00
-2.678378244749579640e+00
-2.675228500507389029e+00
-2.672527653622218669e+00
-2.670312411347437909e+00
-2.668160402429381683e+00
-2.665841863603938044e+00
-2.663431705057202503e+00
-2.660679661299259369e+00
-2.657499322201413605e+00
-2.654099597131702737e+00
-2.650702382345042629e+00
-2.647440106811794536e+00
-2.644386639194181043e+00
-2.641792389425999144e+00
-2.639660235552108603e+00
-2.637653793777038125e+00
-2.635392835955247204e+00
-2.632669755379138721e+00
-2.629492863632606703e+00
-2.626100362803219568e+00
-2.622706733309987825e+00
-2.619290943672185623e+00
-2.615900365235387603e+00
-2.612583713995783263e+00
-2.609435716398833982e+00
-2.606630907524210006e+00
-2.604161759225336326e+00
-2.601844512167044599e+00
-2.599420148756721005e+00
-2.596769469450296519e+00
-2.593788367004234097e+00
-2.590546770844996960e+00
-2.587034942432672846e+00
-2.583309040165235437e+00
-2.579665351984202104e+00
-2.576209587396948830e+00
-2.573070655551839003e+00
-2.570406503283123811e+00
-2.568018738457726435e+00
-2.565758764807925196e+00
-2.563190116805448504e+00
-2.559908108655284398e+00
-2.556108761637152504e+00
-2.551990550507979627e+00
-2.547799607912135222e+00
-2.543708352589532318e+00
-2.539885703188781818e+00
-2.536560418969899811e+00
