1.106063244882810439e-03
3.693381425061298580e-03
9.344973302343212440e-03
1.601866156542280581e-02
2.134029189825908251e-02
2.194791858698524542e-02
-3.485012445583213214e-02
-1.590547174074095071e-01
-2.394716022293417734e-01
-2.346675357351014624e-01
-1.957615553722789614e-01
-1.520101338428823390e-01
-1.315662216727561673e-01
-1.259177706689992848e-01
-1.106348420454785625e-01
-8.835216225397375667e-02
-6.504111488824559917e-02
-4.421949805791283716e-02
-2.619365058868076274e-02
-1.064989784738456374e-02
1.795902516629303836e-03
1.449371710377962696e-02
2.736913107408817103e-02
3.538822763979648095e-02
4.103195238670308276e-02
4.709023481101032998e-02
4.494485597903635082e-02
3.774343737657365888e-02
3.597429631172000680e-02
3.866066552339816192e-02
4.438706349537362150e-02
5.293838709725970371e-02
6.131964236211778774e-02
1.520260855526735233e-03
-2.406311445184550757e-01
-4.416754830067427529e-01
-4.573153972919485888e-01
-4.365020082551948621e-01
-3.996959192311351217e-01
-3.601721809763747117e-01
-3.516105448532521049e-01
-3.427811981847778688e-01
-3.092418617542758708e-01
-2.497192834771898851e-01
-1.733582058285048633e-01
-1.002262269957702595e-01
-6.493606679866165132e-02
-6.022631105901474907e-02
-4.899208856394435263e-02
-2.315519929441271774e-02
1.109354910286469015e-02
4.285014545715079559e-02
4.184658950084991363e-02
-5.659082671899249434e-02
-1.407778889793653287e-01
-1.244597367374116609e-01
-7.494443830106144178e-02
-2.758612099994989936e-02
7.189410114796394857e-03
4.275263632782760892e-02
8.066533027544386947e-02
1.130509293873705745e-01
1.146041642646955933e-01
8.758185639201133965e-02
8.143338039733930001e-02
1.071691186109936383e-01
1.443095436560010714e-01
1.830895695333630280e-01
2.200740724689193017e-01
2.483580365868745532e-01
2.571477881637690421e-01
2.532146362217750912e-01
2.549795277194719101e-01
2.659017150436362442e-01
2.749448692824296159e-01
2.803457887763428635e-01
2.897955406819413549e-01
3.046778601087701266e-01
3.143605739859505199e-01
3.110450225497190524e-01
3.097652810950407010e-01
3.132818825119221273e-01
3.085300084335769744e-01
3.011613452190249896e-01
3.031881723072078483e-01
3.129678223878389898e-01
3.304155091600783356e-01
3.536171873134852928e-01
3.706185411702028754e-01
3.846340832917636843e-01
4.010534848448116252e-01
4.171003086902652091e-01
4.276914162144023757e-01
4.310649813283347065e-01
4.345652987482630514e-01
4.396342597010026720e-01
4.438083230294543879e-01
4.525423601857229139e-01
4.684304151310956232e-01
4.813645677282647473e-01
4.893567480707771145e-01
4.938820209004070594e-01
4.934313639062187229e-01
4.927269219264233668e-01
4.912310907583563591e-01
4.935452763623860983e-01
5.064702997989370958e-01
5.277870601188859867e-01
5.551043306296766788e-01
5.810312473673390210e-01
5.949368554152244526e-01
5.910040947320430726e-01
5.734671456440497694e-01
5.083568042399382314e-01
3.765869366551022890e-01
2.797144364479988154e-01
2.722837582928833711e-01
3.097932189818648485e-01
3.401886840253188771e-01
3.428739577491642376e-01
3.649327380639207363e-01
4.257346361886761299e-01
4.964064234802435527e-01
5.535209038063996223e-01
5.880622437671813030e-01
5.861035111816076393e-01
5.891427524711627672e-01
6.339732211256242644e-01
6.900668312381611491e-01
7.424222570743762573e-01
7.955478150093686640e-01
8.454303231408792918e-01
8.167240384431155853e-01
6.991998641619051602e-01
6.403423806324286538e-01
6.781307927809153702e-01
7.327519357204216321e-01
7.855696759518600025e-01
8.457393375068695818e-01
9.105345746523879624e-01
9.696327793248293858e-01
9.526529728102453021e-01
7.825887643221057788e-01
6.582734219751353866e-01
6.947015786252320746e-01
7.764479223667599683e-01
8.580755769439135650e-01
9.354145286726922581e-01
1.011759272028153633e+00
1.080864440517557812e+00
1.129543587346218958e+00
1.161682701312175769e+00
1.188299960733572247e+00
1.206618370623584235e+00
1.220141366697612417e+00
1.230497611823063719e+00
1.237134161278041766e+00
1.245086765310659649e+00
1.259270110096452733e+00
1.278662451778445064e+00
1.303041016030185073e+00
1.331213415811465905e+00
1.361068726788051686e+00
1.397141256042285118e+00
1.435331447022257345e+00
1.469310340605161969e+00
1.501181011953470534e+00
1.533515343414888266e+00
1.565091911378395872e+00
1.595485783950096215e+00
