-1.999754160394151548e+00
-1.996034440356400985e+00
-2.001827526726763562e+00
-1.998674148233607895e+00
-1.996188145836936378e+00
-1.991128667665141627e+00
-2.001971192323642512e+00
-1.998969865608280383e+00
-1.996274753694501580e+00
-1.992063046489769951e+00
-1.985577907024044908e+00
-1.975813933220942120e+00
-1.967643144252504861e+00
-1.962792360221858434e+00
-1.953361018204720523e+00
-1.936525527442034988e+00
-1.908520258413359372e+00
-1.862644566814798619e+00
-1.781898142129514806e+00
-1.596963170718444625e+00
-9.838871353444424983e-01
-3.532986716744950684e+00
-2.411294836037737088e+00
-2.306695187892402465e+00
-2.272726291154303357e+00
-2.230983797949054104e+00
-2.298842028335882581e+00
-2.723823434540257438e+00
-3.359330754758357962e+00
-2.934973316315943492e+00
-2.497620610488920256e+00
-2.280851606114984609e+00
-2.196777197666076376e+00
-1.895872407350946309e+00
-1.984041548221065376e+00
-1.987579748950291769e+00
-1.983586810218295859e+00
-1.978189382364149429e+00
-1.971352040611097145e+00
-1.963500631728856805e+00
-1.958895547594907693e+00
-1.954138403619094966e+00
-1.944735976412245826e+00
-1.925738440798459683e+00
-1.884521127311563848e+00
-1.787137362390323059e+00
-1.698587098760499181e+00
-1.730024743554159583e+00
-1.719014337638253620e+00
-1.602435246995160600e+00
-1.026044788876615321e+00
-5.396386351952897620e+00
1.236218215298469536e+00
-1.847470740910214460e+00
-1.910008340163604323e+00
-1.895123716199105246e+00
-1.846699155951122773e+00
-1.756488415678211901e+00
-1.613304251126443711e+00
-1.071953907382585225e+00
-4.122253633522440452e+00
-2.583317153572198599e+00
-2.750762530895296099e+00
-3.989398120468412579e-02
-1.004468496049702342e+00
-4.910868491503999067e+00
-2.449510670985963756e+00
-2.244273145343593789e+00
-2.170239757489435206e+00
-2.136481991527768187e+00
-2.129419263073280888e+00
-2.133652217760992453e+00
-2.128812505676130673e+00
-2.116316513657789056e+00
-2.107367950230996101e+00
-2.101202326626467443e+00
-2.092454002237833954e+00
-2.081806467875747302e+00
-2.075148700551757486e+00
-2.075052478836099112e+00
-2.073443976597923122e+00
-2.067965284920004088e+00
-2.065259127561131614e+00
-2.063631761782340313e+00
-2.058620567042165561e+00
-2.051660317322499427e+00
-2.043606992596746608e+00
-2.035734903851856625e+00
-2.029852185972535583e+00
-2.024819189044034129e+00
-2.019999468359350292e+00
-2.015545444849288881e+00
-2.011600351924799579e+00
-2.007998498265941123e+00
-2.004337320163041447e+00
-2.000641092980177671e+00
-1.997027007066214832e+00
-1.993588997607029345e+00
-1.990440949351460320e+00
-1.987287988684208528e+00
-1.983956056057778472e+00
-1.980390839590058238e+00
-1.976447647860315016e+00
-1.972440019388211674e+00
-1.968300587598355023e+00
-1.964600648076143097e+00
-1.962249264265100823e+00
-1.960924074172310405e+00
-1.960386960499072684e+00
-1.959473941004838515e+00
-1.956724825200917728e+00
-1.951266357164953114e+00
-1.943205595943819031e+00
-1.918721094483471834e+00
-1.752479036891965603e+00
-2.826709379003259137e+00
-2.954055366307744901e+00
-1.364808839782503558e+00
-1.706096421589368584e+00
-1.702084399172610896e+00
-1.772315480489181860e+00
-1.866753877348552582e+00
-1.906809690346958686e+00
-1.921252014051748391e+00
-1.924552160531726175e+00
-1.916694606899515652e+00
-1.911398828772964409e+00
-1.920578668061318162e+00
-1.929400874460875936e+00
-1.934522596185991539e+00
-1.938249485064869049e+00
-1.940598213407662032e+00
-1.930658185567474927e+00
-1.894673426102652547e+00
-1.865716064431498733e+00
-1.886081449074580085e+00
-1.903612311480698649e+00
-1.913785516880091464e+00
-1.921827698262788875e+00
-1.928075305192929356e+00
-1.931630206961894025e+00
-1.923629663775199283e+00
-1.875503022347591475e+00
-1.801573128150222303e+00
-1.838964791669459586e+00
-1.878946532428319660e+00
-1.900327733354979731e+00
-1.911785020482810626e+00
-1.918971574750894638e+00
-1.923774139180355780e+00
-1.925435314850596047e+00
-1.924940613826959357e+00
-1.923544117208848325e+00
-1.921015920811783406e+00
-1.918108253102333904e+00
-1.914964907409066441e+00
-1.911413039380520873e+00
-1.908337290170335931e+00
-1.906564032797336994e+00
-1.905829950197112765e+00
-1.905733416724716189e+00
-1.905856632588871724e+00
-1.905864448609751793e+00
-1.906504122149137004e+00
-1.907184214458579774e+00
-1.907254595076984582e+00
-1.907096714821629124e+00
-1.906867638747080207e+00
-1.906391799065547232e+00
-1.905661970318989873e+00
