6.082572558596167911e-02
5.732065801905914665e-02
9.461852244939858436e-02
7.540448217340323112e-02
8.428881691694657674e-02
4.611183596953062104e-03
-8.505006096204515975e-01
-1.194659331728136653e+00
-2.884343072213167436e-01
1.633615392868261185e-01
2.932637458018032550e-01
2.825402189200570402e-01
-4.528286358183305355e-02
3.537367117850184067e-02
1.196647365171686211e-01
1.777166957126120328e-01
1.658424013551393628e-01
1.626757487341573272e-01
1.526309542860722901e-01
1.411914773024663117e-01
1.181107821868832702e-01
1.558779054452933133e-01
1.318040556883420256e-01
9.696530042634275703e-02
1.094595681409813726e-01
1.069770461076424012e-01
-1.744586998094890817e-02
1.930982854333352511e-02
6.784358955935898550e-02
9.907661071478206238e-02
1.296242188622983849e-01
1.542707170614455725e-01
1.359651978078686707e-01
-9.369442090013154756e-01
-2.928681600885370884e+00
-6.517208979393589452e-01
2.490240897905190987e-02
-3.833443157484472258e-02
3.037034984357670497e-01
6.439352411823709432e-02
-1.757630577932264848e-01
5.991242105512753491e-02
2.398813628058960867e-01
5.209842007086444848e-01
5.990354476870758393e-01
5.574613629707515505e-01
5.892232171841460531e-02
7.321909702077893101e-02
1.847460535952899496e-01
3.466813406116208141e-01
3.730651320769839407e-01
3.440227068019269252e-01
-1.237337613412557435e-01
-1.248100300292600995e+00
-5.804100650000632022e-02
3.898858850220378591e-01
5.315006779295001760e-01
4.334900449512209542e-01
3.688418891867893956e-01
4.619612207595092390e-01
4.602860832025166271e-01
4.082980606486462660e-01
-1.709140157808686916e-02
-7.003112097532042390e-02
2.784910843136634839e-01
4.342909707763506488e-01
5.062162752157626233e-01
5.277219045946487386e-01
5.214932647746327588e-01
3.809491773431075701e-01
2.153332830626363825e-01
1.546582580642916205e-01
2.691548890327400967e-01
3.552313319011315418e-01
2.760985468060555559e-01
2.892522820889364965e-01
3.544975690403603386e-01
4.106333108751146210e-01
3.007749224028700707e-01
2.188162217117952946e-01
3.221958921148479482e-01
2.403253840624899607e-01
1.263101397964848382e-01
1.834396477856619911e-01
3.190257198169212938e-01
3.610268228501788412e-01
4.854782127253759461e-01
5.047361089139802415e-01
3.820825260696727455e-01
4.539851823145494847e-01
4.773400781226595502e-01
4.825252759150784887e-01
4.098934851727624173e-01
3.678224553118061846e-01
3.924578955574583583e-01
3.367779306285848540e-01
3.278442551508464198e-01
4.405940933394474901e-01
5.055192062310212009e-01
3.993826218825773933e-01
4.337962938792560563e-01
3.753560973938996348e-01
3.571942477316258358e-01
3.841153891680002541e-01
3.511266064075491689e-01
4.619369604509373506e-01
5.748439255393413827e-01
6.491774953972120343e-01
6.837473447407116378e-01
6.383366418913887230e-01
5.295164553242978078e-01
3.791817566938417983e-01
2.952234542828909847e-01
-3.903356055348675691e-01
-8.795994367600604713e-01
-3.906796157145814297e-05
5.346404828593748215e-01
7.541628247695685294e-01
4.760695177083099638e-01
3.188039107430380437e-01
8.036655128058882713e-01
1.010100470632133263e+00
1.048371304868073839e+00
8.767180217207352078e-01
6.982235515466690412e-01
2.675130429245639596e-01
7.550315125689746054e-01
1.001953611328016081e+00
9.861679287854637765e-01
9.932395550334286449e-01
1.042150249734973944e+00
9.582659179018093720e-01
-1.871723286398422059e-01
-6.136090585563791500e-01
5.829538930228297389e-01
9.894577674652460519e-01
9.160321640096887874e-01
1.022233717060065938e+00
1.104624202842193759e+00
1.140968455496790490e+00
1.073025415605281419e+00
2.640362161471399016e-02
-1.534951080136105483e+00
3.976034613313893518e-01
1.113009118937602127e+00
1.189140723673298039e+00
1.126425238365913017e+00
1.265614675650528431e+00
1.248612340637351714e+00
1.100541266648688676e+00
8.767469500056805920e-01
8.635840041902629327e-01
8.870383403812719392e-01
8.342742505602723790e-01
8.391979426203246550e-01
8.092534352492142258e-01
8.156615942857685653e-01
8.153992873961147803e-01
8.562996605771300285e-01
8.409376822310037358e-01
9.198505943142082364e-01
9.275428571060276850e-01
9.854560635923301781e-01
1.028256445052173618e+00
1.021210940935270317e+00
9.667618192872707850e-01
9.718236526987882318e-01
9.919926271206710444e-01
9.961800935735047879e-01
1.012690037091986017e+00
