-1.540591867732187037e+00
-1.541224662909201459e+00
-1.541518496895821544e+00
-1.542251090343023545e+00
-1.543212605347425548e+00
-1.545013798718592568e+00
-1.537585653596667434e+00
-1.540478362119288125e+00
-1.541859882144346772e+00
-1.543743411027496570e+00
-1.546525879327830033e+00
-1.550622027525389690e+00
-1.554245909825538341e+00
-1.556665357330176747e+00
-1.561015531903186870e+00
-1.568835514799072239e+00
-1.582587333254474649e+00
-1.608383596198255994e+00
-1.671768533009914792e+00
-2.091848180906701327e+00
-1.166301859264689211e+00
-1.405286413047346361e+00
-1.460115079905051072e+00
-1.476705740416620172e+00
-1.485361317567564843e+00
-1.493176504835538987e+00
-1.491534968436743824e+00
-1.481942097581446127e+00
-1.479688407396443806e+00
-1.485743595210531787e+00
-1.495025163754095665e+00
-1.504574999959008563e+00
-1.511416152718932038e+00
-1.743641916488739785e+00
-1.546619217559051407e+00
-1.545162686174598399e+00
-1.546828595003997275e+00
-1.549054001106910494e+00
-1.551874275244654156e+00
-1.555166366773614417e+00
-1.557319121680632579e+00
-1.559567601493560218e+00
-1.563725844921741714e+00
-1.572001304394694765e+00
-1.590528446616940927e+00
-1.640263389586337661e+00
-1.713972790611542729e+00
-1.718068585417578120e+00
-1.760853893843683515e+00
-2.214684775897520552e+00
-1.166337323115707925e+00
-1.387878901188251302e+00
-1.375737745935343703e+00
-1.666614225229833712e+00
-1.592482535631747798e+00
-1.602036811436187369e+00
-1.647754665571369070e+00
-1.852631057910506085e+00
-6.115008379486372991e-01
-1.357387471180848904e+00
-1.442869585692652556e+00
-1.471562598014929613e+00
-1.472645313491909747e+00
-1.448590410491618075e+00
-1.440835813136308818e+00
-1.469507894094903122e+00
-1.490961719217303028e+00
-1.503608399257801542e+00
-1.511626161117697542e+00
-1.516631529449897764e+00
-1.519087345866268146e+00
-1.520384572837425896e+00
-1.522244583398508322e+00
-1.524752407221612316e+00
-1.527016518873456130e+00
-1.529016617776890907e+00
-1.531131594455242162e+00
-1.533316113330950525e+00
-1.535266861434130048e+00
-1.536965765363746073e+00
-1.538693051270497048e+00
-1.540449048219728390e+00
-1.542221897147411092e+00
-1.544041829077538619e+00
-1.545724348601570597e+00
-1.547211701197629408e+00
-1.548444467567284821e+00
-1.549484224022649625e+00
-1.550692774558959819e+00
-1.551955808836706918e+00
-1.553111088618487345e+00
-1.554256950359454104e+00
-1.555598957909521296e+00
-1.557220379809798327e+00
-1.558799281393654201e+00
-1.560251692973365190e+00
-1.561710458597930895e+00
-1.562888332897111265e+00
-1.563651998589392633e+00
-1.564600002404571200e+00
-1.565833657403478352e+00
-1.567277630674385858e+00
-1.569033923561990118e+00
-1.570799115300520965e+00
-1.572621183203266604e+00
-1.574125803546234659e+00
-1.574759744161570829e+00
-1.574769476363700571e+00
-1.574418667906077429e+00
-1.574305411629464135e+00
-1.575116161471999066e+00
-1.577210594990551940e+00
-1.580405641993334331e+00
-1.588902823058318869e+00
-1.614980763224234561e+00
-1.657354722093874910e+00
-1.660782217706092245e+00
-1.638532590570727754e+00
-1.626932748053545597e+00
-1.627376765510822221e+00
-1.621498409830405052e+00
-1.607767218485471217e+00
-1.597342200351448138e+00
-1.591917889435312095e+00
-1.590104277253843845e+00
-1.592317076956656141e+00
-1.593830839427241353e+00
-1.590827802479012565e+00
-1.587504175459542921e+00
-1.585210723205618288e+00
-1.583345579989560825e+00
-1.582049520846806168e+00
-1.585814066213706797e+00
-1.597677867748047209e+00
-1.606084199662924039e+00
-1.602494901892464352e+00
-1.597978719619697285e+00
-1.594661878940722977e+00
-1.591506192189448887e+00
-1.588723460247262853e+00
-1.586864466860185674e+00
-1.589797082034212217e+00
-1.605924784196982591e+00
-1.624201533805273767e+00
-1.618941700006562678e+00
-1.609266856801617740e+00
-1.602357432996210918e+00
-1.597595106845906887e+00
-1.594012549011555535e+00
-1.591550639072477846e+00
-1.590595088009087776e+00
-1.590634743267814510e+00
-1.591004523311266405e+00
-1.591820166330883524e+00
-1.592854306863470404e+00
-1.594025770576747103e+00
-1.595371714566266252e+00
-1.596601499566146609e+00
-1.597431033234248510e+00
-1.597938040920567682e+00
-1.598173171349861033e+00
-1.598241053064817674e+00
-1.598271296546486031e+00
-1.598023608605972701e+00
-1.597739666884713250e+00
-1.597719864661808042e+00
-1.597829126552247958e+00
-1.597948104108620981e+00
-1.598136966048939289e+00
-1.598407188765219811e+00
