7.691541232393482802e-04
2.697361375279429176e-03
7.558907195467803528e-03
1.300615550087698587e-02
1.683172246744929490e-02
1.601494899637942448e-02
-3.962463727282922871e-02
-1.534483214095864190e-01
-2.155372339266311832e-01
-1.950897548279327542e-01
-1.479502817374692969e-01
-1.027340880442202675e-01
-8.471921013368655107e-02
-8.160851119843966217e-02
-6.920402588009817724e-02
-5.093878396511445500e-02
-3.280441157663531448e-02
-1.781743171431197231e-02
-5.879472788112074036e-03
3.739453825012771862e-03
1.063090818149108746e-02
1.826773796134122455e-02
2.630379589945618102e-02
2.985451988115786839e-02
3.169635753586498572e-02
3.452628424521096695e-02
2.982615900488950339e-02
2.145017463633518140e-02
1.927175033518120986e-02
2.153487675268287230e-02
2.647378153836501061e-02
3.372748478712062764e-02
4.031468954562979212e-02
-1.907628412891484299e-02
-2.465358125590111638e-01
-4.114533502843736867e-01
-3.936919246346024526e-01
-3.508814454104060565e-01
-3.014461421858330437e-01
-2.576367482545706133e-01
-2.485319944988991780e-01
-2.398528245955280358e-01
-2.087554129440495621e-01
-1.556170542754490016e-01
-9.083923298976197269e-02
-3.338255412200811373e-02
-1.477261713076627458e-02
-2.316341534300402766e-02
-2.192129376647201575e-02
-5.070950081857997227e-03
1.963311791269309325e-02
4.136735786477456489e-02
3.146067185768518931e-02
-6.877986996160703748e-02
-1.430971992323477604e-01
-1.178828901359484094e-01
-6.599347217312442893e-02
-2.225078261043211131e-02
5.956132515134389405e-03
3.360790739352165907e-02
6.212344553781384143e-02
8.443883672720232936e-02
7.702028692231971396e-02
4.535530420436989507e-02
3.800163215459628763e-02
6.178009109226449691e-02
9.426763148329837805e-02
1.258646680701114295e-01
1.540773835850234863e-01
1.732649483677098923e-01
1.739873990720763597e-01
1.646228607431477198e-01
1.631086242807539555e-01
1.708695153300783254e-01
1.765611558663611191e-01
1.791393028386994157e-01
1.859494853025537575e-01
1.976910687088349050e-01
2.038133557263723528e-01
1.976837889101492607e-01
1.949303918089186904e-01
1.975814626222667514e-01
1.927539099600183992e-01
1.862416532025027993e-01
1.890052854439513152e-01
1.984320700253157654e-01
2.141893430369830320e-01
2.339514417050522765e-01
2.466920045470534784e-01
2.564686522024196003e-01
2.681883201098723690e-01
2.792756395405189274e-01
2.850216435544692950e-01
2.844415268302425415e-01
2.850857384421386365e-01
2.881673073211491465e-01
2.909722910224593062e-01
2.981775304217039180e-01
3.115691713050816047e-01
3.214212194634871178e-01
3.264226232034950770e-01
3.281703847349767833e-01
3.256882838573136874e-01
3.236599274598965237e-01
3.213295403484837665e-01
3.230568997842632739e-01
3.345421268435262441e-01
3.529109394460950289e-01
3.758355572371943065e-01
3.961062981065772148e-01
4.040014931251708630e-01
3.952935942910940081e-01
3.756361480893097848e-01
3.124906598610106556e-01
1.921354140709465863e-01
1.157032494600952616e-01
1.268821231648966097e-01
1.753193883323628521e-01
2.093972063960738983e-01
2.131533571867792187e-01
2.350621493055737310e-01
2.911511731132220282e-01
3.516715435156180791e-01
3.951482548381313742e-01
4.159174233218578820e-01
4.029156908448432994e-01
3.990642746298025956e-01
4.362985104895988342e-01
4.819609423977542217e-01
5.218427810280892309e-01
5.613099610259623118e-01
5.969008415288391545e-01
5.565525112194875668e-01
4.396114805417645210e-01
3.916143290501061802e-01
4.369720535895643132e-01
4.920003087488392102e-01
5.400828284312108041e-01
5.914937262935332507e-01
6.443142904583448738e-01
6.891334717319568259e-01
6.591904042197634928e-01
4.899592058522710403e-01
3.847724985229376560e-01
4.370030396270429551e-01
5.236111017325413286e-01
6.011236604400823635e-01
6.677162152263540484e-01
7.288960584613011218e-01
7.812859403589197393e-01
8.134689231020457711e-01
8.308813392970363365e-01
8.443670789734378790e-01
8.512062534615943976e-01
8.554920199797014790e-01
8.584133611212119153e-01
8.591947119949804312e-01
8.628106871380621934e-01
8.736599666096336314e-01
8.898886589973321604e-01
9.106202031158497912e-01
9.341035838990804363e-01
9.582620682184197491e-01
9.878503045452803333e-01
1.018491565566073342e+00
1.044425239514611858e+00
1.068353328015500869e+00
1.092707653196081319e+00
1.116142496656891137e+00
1.138388486503747909e+00
