-2.997023906130132698e+00
-2.987298020465825488e+00
-3.001470456124052166e+00
-2.994126670203876905e+00
-2.987906753018262584e+00
-2.973575941547671242e+00
-3.001626042631622138e+00
-2.994878934513139690e+00
-2.988070953516604789e+00
-2.976544944160554707e+00
-2.956988101806500513e+00
-2.923808730499997566e+00
-2.899222274795921539e+00
-2.890397893238973559e+00
-2.862310377727963928e+00
-2.803020473219277164e+00
-2.688422162686789907e+00
-2.458928632419880245e+00
-1.885390815908944084e+00
2.722241376853392403e+00
-6.461052782302104447e+00
-4.107365887336352550e+00
-3.616959471850402785e+00
-3.546045913063762711e+00
-3.535995453991293225e+00
-3.478645856424471994e+00
-3.713991748872361498e+00
-6.420866718979105769e+00
-5.856237854633511830e+01
-6.587707844390526368e+00
-4.208409280423158982e+00
-3.603571319729306666e+00
-3.416151468644597955e+00
-2.829268388103247212e+00
-2.968009127327278840e+00
-2.971607031129428034e+00
-2.959559212781701198e+00
-2.943616419936720519e+00
-2.923003861267847725e+00
-2.899469748601132935e+00
-2.888792420061759181e+00
-2.877307830749103790e+00
-2.849385738406658319e+00
-2.784363398751889651e+00
-2.608026147351623525e+00
-1.887909104623210155e+00
-1.323723154591706752e+00
-2.099795627580779200e+00
-2.174433640316908889e+00
-1.705313916718236289e+00
7.164115397810162378e+00
-5.135552872887693354e+00
3.458669480191885270e+01
-2.712681040452626036e+00
-2.820059667985739260e+00
-2.770739110981764064e+00
-2.621529187406955508e+00
-2.294756703906278172e+00
-1.651031270820105590e+00
9.609841276141612099e+00
-4.687356674203170925e+00
-3.914250105417464098e+00
-4.413369410307711682e+00
-3.358546970255007480e-01
-1.324016492156895763e+00
-8.795968555909546183e+00
-3.868597260359078582e+00
-3.486111339629156980e+00
-3.347792814581604048e+00
-3.286622258990677725e+00
-3.284697830602071988e+00
-3.309295023748301201e+00
-3.302304624508319630e+00
-3.270320001080396999e+00
-3.249757839407599214e+00
-3.236779483240266764e+00
-3.214936836829686229e+00
-3.187655635866446069e+00
-3.172987224191539113e+00
-3.177827717769281968e+00
-3.175973231365919247e+00
-3.161297705493609556e+00
-3.156124303616289595e+00
-3.153865171691506042e+00
-3.139982861195250496e+00
-3.120800198441968654e+00
-3.099314590599281161e+00
-3.079434179587818399e+00
-3.065683141894366415e+00
-3.054070825250994492e+00
-3.042815457761823161e+00
-3.032413470131229083e+00
-3.023299145937173638e+00
-3.014962901220722635e+00
-3.006313961271750657e+00
-2.997545031853077191e+00
-2.989000591623753422e+00
-2.980973960849480964e+00
-2.973755847513834816e+00
-2.966325707706674031e+00
-2.958247373402047131e+00
-2.949424168470053509e+00
-2.939479320639876825e+00
-2.929518285396238042e+00
-2.919262352367412383e+00
-2.910647292580801349e+00
-2.906260083656643900e+00
-2.904517040230303326e+00
-2.904484404340231585e+00
-2.902678875140909831e+00
-2.895201408900166307e+00
-2.879681736557009319e+00
-2.856476618915968935e+00
-2.771914951683684958e+00
2.817633439606201939e-01
-3.498307419940212881e+00
-3.737496685412047270e+00
-8.136534418490108944e-01
-2.359536178707182685e+00
-2.339371111313233165e+00
-2.522739627515251382e+00
-2.732984593534160567e+00
-2.811070203542082702e+00
-2.835004944591145382e+00
-2.835796006933407387e+00
-2.809054651043190631e+00
-2.792550675169656493e+00
-2.818372863010207841e+00
-2.840264389818506707e+00
-2.851269082734489757e+00
-2.858812218953494799e+00
-2.862950244591901061e+00
-2.831424183342857503e+00
-2.707307410249601531e+00
-2.614865870404748271e+00
-2.716472225070683866e+00
-2.774909802771599043e+00
-2.802502622765790541e+00
-2.822010679663500277e+00
-2.836047744987158836e+00
-2.842832489888080794e+00
-2.816775665046628241e+00
-2.645018938028234068e+00
-2.328757902748471498e+00
-2.578380845745543493e+00
-2.719404553941663139e+00
-2.776250965209660748e+00
-2.802186475528391618e+00
-2.816913027485914434e+00
-2.826029703763727419e+00
-2.827332802259179267e+00
-2.823642359571335803e+00
-2.818326866857965740e+00
-2.810429858268751246e+00
-2.802067546777996299e+00
-2.793481386686328172e+00
-2.784041088840514711e+00
-2.776474979363009243e+00
-2.772975446073199901e+00
-2.772236322148061483e+00
-2.773119645615885087e+00
-2.774175057617642715e+00
-2.774541335011156740e+00
-2.776632073362594433e+00
-2.778529471028119424e+00
-2.778673256241491973e+00
-2.777274720295587862e+00
-2.774534054550342077e+00
-2.771426431424558245e+00
-2.768571152303105798e+00
-2.766414887060511862e+00
-2.764808865530109294e+00
-2.763496194529957428e+00
-2.762070410348804295e+00
-2.760091487693911105e+00
-2.757317557021182530e+00
-2.753784204321342965e+00
-2.749740177696637033e+00
-2.745612251859771202e+00
-2.741533210318278346e+00
-2.737526120120319817e+00
-2.733822504609254800e+00
-2.730603894073937443e+00
-2.728116512675727634e+00
-2.726545761271990997e+00
-2.725180505584206436e+00
-2.723654180831209803e+00
-2.721648905820549302e+00
-2.719154316957820061e+00
-2.716207506600965882e+00
-2.712704824121622504e+00
-2.708938592126931333e+00
-2.705278238658689105e+00
-2.701980953900893212e+00
-2.699135701151297972e+00
-2.697007140029798578e+00
-2.695410184081263871e+00
-2.694007606962046886e+00
-2.692380655111326515e+00
-2.689966167484590720e+00
-2.686611210685715179e+00
-2.682703056852840273e+00
-2.678610789400460490e+00
-2.674479569318257255e+00
-2.670589792975343713e+00
-2.667257883323281842e+00
-2.664525523273346685e+00
-2.661866859752833214e+00
-2.658999412637304438e+00
-2.656017997732583513e+00
-2.652613573311678241e+00
-2.648682190586145069e+00
-2.644484288235927849e+00
-2.640294308103831700e+00
-2.636274280559240957e+00
-2.632513687571059080e+00
-2.629320221834590576e+00
-2.626694007098125283e+00
-2.624217970551631751e+00
-2.621423911176241184e+00
-2.618059137103101008e+00
-2.614137429240750876e+00
-2.609955079208100770e+00
-2.605776159854316099e+00
-2.601573206091119417e+00
-2.597404020392501955e+00
-2.593327586158968856e+00
-2.589459849330279617e+00
-2.586014240293368793e+00
-2.582979228163386765e+00
-2.580127450777270681e+00
-2.577140780163853506e+00
-2.573874904841788158e+00
-2.570203768082000018e+00
-2.566215822236868505e+00
-2.561899594474788877e+00
-2.557325381257265828e+00
-2.552856920359863224e+00
-2.548621758129045567e+00
-2.544776187802766820e+00
-2.541511412528354441e+00
-2.538581310621513154e+00
-2.535803921845794839e+00
-2.532644566820950516e+00
-2.528611866177572054e+00
-2.523951152047145818e+00
-2.518907260807242032e+00
-2.513781783772662592e+00
-2.508783653532435931e+00
-2.504117378952002149e+00
-2.500059476935524216e+00
