-7.004260600276731316e-04
-1.027550168413747045e-03
2.729184397980318789e-03
8.281854328263022619e-03
1.256783172571933685e-02
1.233669186840408334e-02
-4.667592393767455022e-02
-1.803701373388405249e-01
-2.778850595739999485e-01
-2.902507735072099027e-01
-2.642131511127387422e-01
-2.282807437448257648e-01
-2.118463233579168659e-01
-2.088945004478848511e-01
-1.950658542731759648e-01
-1.729472983258204810e-01
-1.482206664072077407e-01
-1.247109505382859584e-01
-1.034715959354274434e-01
-8.410025499043416453e-02
-6.744259261369067726e-02
-5.034309360558741897e-02
-3.256390407721217184e-02
-1.994002801602777486e-02
-1.042694994800087011e-02
-6.185796327930377647e-04
6.140573151329326539e-04
-4.499988750935894968e-03
-5.041248012231047682e-03
-1.657329450979874459e-03
4.451566650114032603e-03
1.355197819499568898e-02
2.288419661757044865e-02
-3.740209766170889821e-02
-2.911802431898800614e-01
-5.227129452081031857e-01
-5.712281329465838109e-01
-5.778857792041323105e-01
-5.634624673772584691e-01
-5.401122722842885970e-01
-5.438623510677913497e-01
-5.455898344593781424e-01
-5.192616917385982633e-01
-4.624556072517302385e-01
-3.835941122169034823e-01
-3.030697061787086533e-01
-2.571399247321721759e-01
-2.427013699097517185e-01
-2.232759447575353995e-01
-1.899861928674688449e-01
-1.479107417494566201e-01
-1.073461943498364435e-01
-9.968230631198098102e-02
-1.947108831961717745e-01
-2.856514996622576685e-01
-2.779549507168276312e-01
-2.339473635963136844e-01
-1.889249054260689065e-01
-1.538787595417464571e-01
-1.155833442548719336e-01
-7.346131325420626745e-02
-3.525897636064408147e-02
-2.720998222267324851e-02
-5.077074986338295237e-02
-5.548259662229564071e-02
-2.666719481431245251e-02
1.509578685868901912e-02
5.939811937538932995e-02
1.033819535543102630e-01
1.416193685104256972e-01
1.607631420784612075e-01
1.664708770385989745e-01
1.777306777661983861e-01
1.957397550429186006e-01
2.107335293947386612e-01
2.219285227792156812e-01
2.364026316164969388e-01
2.554372066446736755e-01
2.688487467506526785e-01
2.678193419339633952e-01
2.676801167611068122e-01
2.745394830397326347e-01
2.751412289501601882e-01
2.721436287697593381e-01
2.759886157899473225e-01
2.859438192369470055e-01
3.027722318508394017e-01
3.253429369684367467e-01
3.437816242360626773e-01
3.599828089341036708e-01
3.773589624163714018e-01
3.939917649780531606e-01
4.051509739364848595e-01
4.088322010912743831e-01
4.128807330898515149e-01
4.208018158044236068e-01
4.297769277150544354e-01
4.420008118669884745e-01
4.597328131070405610e-01
4.755480247215118084e-01
4.862453612965140781e-01
4.922634244453081287e-01
4.925312142268845617e-01
4.911553976326363258e-01
4.881374771455752049e-01
4.875021278655137791e-01
4.958082608095746857e-01
5.120092784780083672e-01
5.360707720369463081e-01
5.609143131832355911e-01
5.737041257322569310e-01
5.671723556060075389e-01
5.453619999335778123e-01
4.720299466181532289e-01
3.238195959518278544e-01
2.022630334881639902e-01
1.687148274972901651e-01
1.839760415643567903e-01
1.967835353223159056e-01
1.841560250334011439e-01
1.912732784029437805e-01
2.408257257001087670e-01
3.051338523412080450e-01
3.597777382631935916e-01
3.955428320971570710e-01
3.967907425305848279e-01
4.007803892164037984e-01
4.466419800829218856e-01
5.071776887496048936e-01
5.666039409877937638e-01
6.292019038017003796e-01
6.920350080225985412e-01
6.758925898747047967e-01
5.637569738181060774e-01
5.027088367404072278e-01
5.376861543186591819e-01
5.935087779260914687e-01
6.501982572339838340e-01
7.168869534976692881e-01
7.922370384269953325e-01
8.648844579528178755e-01
8.589628662364896527e-01
6.928152062114298904e-01
5.613327217370891464e-01
5.878616294907418327e-01
6.666153127823367663e-01
7.545603632124145976e-01
8.402556015806265099e-01
9.267965460760620999e-01
1.014581941715041680e+00
1.088204056784156215e+00
1.145375286454516806e+00
1.193588984419051258e+00
1.229043434484297537e+00
1.257076039762017095e+00
1.279619095831463271e+00
1.295191153335298884e+00
1.311198673123207037e+00
1.334917506753411587e+00
1.366201110483992620e+00
1.404043769783276829e+00
1.446038707192545569e+00
1.489359537950450951e+00
1.540574556276222307e+00
1.596199084514405397e+00
1.649836853470183051e+00
1.700324602612860003e+00
1.746361613814715330e+00
1.790237322529152797e+00
1.833953147311243592e+00
1.879599314278563860e+00
1.927541442456399023e+00
1.977443163076662680e+00
2.028127949118819107e+00
2.077663853982544939e+00
2.124423741790473219e+00
2.167648538574012740e+00
2.207630373455001127e+00
2.245669412467475201e+00
2.282464958003000088e+00
2.318263312803862330e+00
2.354178259337468937e+00
2.391331258141015326e+00
2.431237176504573050e+00
2.475465455056768960e+00
2.522257584713475165e+00
2.570032146345052393e+00
2.617272425011201609e+00
2.663086110768057235e+00
2.707162616373374853e+00
2.748463837861367942e+00
2.787690716422818404e+00
2.826218986874262207e+00
2.865405055173713578e+00
2.906105229137696977e+00
2.949963113552167115e+00
2.997112436368392974e+00
3.046565905999834900e+00
3.096644851282902788e+00
3.144363002596000101e+00
3.187934487684305651e+00
3.227978281568581131e+00
3.265718777844112797e+00
3.301765651498999699e+00
3.337462955219578031e+00
3.374629217526953440e+00
3.414197146192889942e+00
3.454573530525047342e+00
3.494397054088438814e+00
3.533816102583851926e+00
3.571337766027476768e+00
3.605919808936073778e+00
3.638219837867192830e+00
3.669278586839482603e+00
3.699975366799680643e+00
3.730973105214782759e+00
3.763939930394756050e+00
3.799601869552640121e+00
3.836688123583951615e+00
3.873164807149979350e+00
3.907385025079797014e+00
3.938721745238610517e+00
3.967888632109178193e+00
3.995921080020907290e+00
4.022829448961626753e+00
4.048903061628124966e+00
4.074543804365734267e+00
4.100380576137647282e+00
4.127605841184530888e+00
4.156648457505011329e+00
4.186920318302766120e+00
4.217150465923810820e+00
4.246433900262243100e+00
4.273896872551851800e+00
4.299424558008215769e+00
4.322761683924758458e+00
4.343881827753243385e+00
4.364201448728247001e+00
4.384512625825473187e+00
4.405749746301903969e+00
4.429160601042748446e+00
4.454335180570871522e+00
4.480701412155853269e+00
4.506171188571046926e+00
4.528080811504334946e+00
4.546535502715133958e+00
4.562081017627151347e+00
4.575714139854897944e+00
4.588434072429028454e+00
4.601288886625521712e+00
4.615819715787351285e+00
