-1.574063449835490403e+00
-1.570793532889009914e+00
-1.576054839768146421e+00
-1.573131249881382310e+00
-1.570907759769724965e+00
-1.566618888615292970e+00
-1.576228101798596182e+00
-1.573396628637157679e+00
-1.570993065928283583e+00
-1.567374432103291415e+00
-1.562043399015660139e+00
-1.554435195434989314e+00
-1.547923049015615504e+00
-1.543585745293145184e+00
-1.536105689070126790e+00
-1.523723358098818759e+00
-1.504587580915811795e+00
-1.475953550579791607e+00
-1.431698616561913662e+00
-1.352738177509028361e+00
-1.199131879935233069e+00
-2.568041579937777596e-01
-2.378576423169278975e+00
-2.004592227277798511e+00
-1.912713150167530518e+00
-1.838921068378390755e+00
-1.901578987934278375e+00
-2.327147044353885086e+00
-2.936692827364594471e+00
-2.547080476221164069e+00
-2.100614410900180751e+00
-1.870938676168526271e+00
-1.779971765433371989e+00
-1.456388412450213776e+00
-1.557170837377961803e+00
-1.561738070468984052e+00
-1.558584171476143254e+00
-1.554188611274624154e+00
-1.548657986262572450e+00
-1.542335573033662310e+00
-1.538382059976177718e+00
-1.534303481038180150e+00
-1.526786094150249795e+00
-1.512575075285923276e+00
-1.484698737676170888e+00
-1.429861612434377927e+00
-1.380623147692371600e+00
-1.381036863322111952e+00
-1.365266719978063703e+00
-1.296786864875121292e+00
-1.078477647211846469e+00
1.302137383555559413e-01
-5.274828937005433538e-01
-1.424041947244031325e+00
-1.484303750379721176e+00
-1.473458273929885598e+00
-1.435805473914739450e+00
-1.371581784469684262e+00
-1.281251690803230980e+00
-1.042289757436463127e+00
1.898200545643156545e+00
-2.543431765146524803e+00
-2.754631014606918615e+00
-2.505236087224637087e-01
-7.451291263273353005e-01
-2.619725721466190294e+01
-2.120112235062276085e+00
-1.847321560957791764e+00
-1.757966576215723720e+00
-1.718246420006810604e+00
-1.707789158356192161e+00
-1.709213820161483266e+00
-1.703017026699685799e+00
-1.690374171972153672e+00
-1.681118245166182579e+00
-1.674605187336806633e+00
-1.666032938610327196e+00
-1.655844271384906197e+00
-1.649182209403914356e+00
-1.648400106420835343e+00
-1.646553710068951126e+00
-1.641471339057501533e+00
-1.638752447304852256e+00
-1.637048563950367353e+00
-1.632536952685276654e+00
-1.626256369151359404e+00
-1.618869283262204917e+00
-1.611468363257843039e+00
-1.605804273485247569e+00
-1.600945197857881919e+00
-1.596305104732621771e+00
-1.592029854152486656e+00
-1.588283328620388346e+00
-1.584937320395663818e+00
-1.581553605503586812e+00
-1.578102169328562621e+00
-1.574715834409964543e+00
-1.571447263453160437e+00
-1.568381996909434362e+00
-1.565376277369891600e+00
-1.562297024432816706e+00
-1.559079931985843270e+00
-1.555606048334856828e+00
-1.552071902142768245e+00
-1.548431049688694383e+00
-1.545076231738426786e+00
-1.542684815168943846e+00
-1.541097800629112502e+00
-1.540185971909168838e+00
-1.539095207653031538e+00
-1.536666848421255338e+00
-1.532190956170259799e+00
-1.525740088991895060e+00
-1.508002937970874147e+00
-1.422708703787919582e+00
-5.137132949340192933e-01
1.825491932769023329e-01
-1.205113085322943478e+00
-1.339962214190724143e+00
-1.332189316898451326e+00
-1.375696136870980357e+00
-1.449235135883076175e+00
-1.484973982388811287e+00
-1.499055234007735216e+00
-1.503111900848958848e+00
-1.497543030613163406e+00
-1.493679751383796717e+00
-1.501247234579702106e+00
-1.508846532515448757e+00
-1.513528892298087847e+00
-1.517029829543424135e+00
-1.519346586452710035e+00
-1.511748985770953624e+00
-1.485102280767375493e+00
-1.463645038468040616e+00
-1.475411803908969866e+00
-1.487679000530538698e+00
-1.495544654648313765e+00
-1.502196658656106409e+00
-1.507623048517042985e+00
-1.510923490035354089e+00
-1.504891571712944742e+00
-1.469756000906251137e+00
-1.420517271027145423e+00
-1.438971547369385151e+00
-1.465793095432723625e+00
-1.482405167431745330e+00
-1.492134562993310043e+00
-1.498603396516762221e+00
-1.503122069190142795e+00
-1.504998661352881406e+00
-1.504990336910820847e+00
-1.504158479506372270e+00
-1.502329814516931261e+00
-1.500084342028008555e+00
-1.497574702571880856e+00
-1.494668040221594163e+00
-1.492059307601396823e+00
-1.490394233972439419e+00
-1.489515418098688482e+00
-1.489203842365972807e+00
-1.489120181361259121e+00
-1.488984823435475224e+00
-1.489368896437588186e+00
-1.489839907205544822e+00
-1.489909301895804283e+00
-1.489572889147313672e+00
-1.488820059416472219e+00
-1.487860100619486925e+00
-1.486823127706091485e+00
-1.485853542131502447e+00
-1.485055407779525938e+00
-1.484437332661810771e+00
-1.483867027213691792e+00
-1.483189709343983864e+00
-1.482300074814670410e+00
-1.481174895107002509e+00
-1.479858593147358903e+00
-1.478451711912032174e+00
-1.476996569553747918e+00
-1.475507355175137425e+00
-1.473992886074557696e+00
-1.472473501602142631e+00
-1.471057462689242756e+00
-1.469843331114891960e+00
-1.468691237690741058e+00
-1.467502381072581130e+00
-1.466187114381295897e+00
-1.464714658241374590e+00
-1.463084703526020158e+00
-1.461251861003596497e+00
-1.459244294470880554e+00
-1.457139280077552668e+00
-1.455045857876072102e+00
-1.453031998046640183e+00
-1.451214884083973811e+00
-1.449587720153731718e+00
-1.448069541149689776e+00
-1.446536490001459674e+00
-1.444788390504977649e+00
-1.442726516507523371e+00
-1.440446876098319340e+00
-1.438070247868499685e+00
-1.435643379075291159e+00
-1.433267424618417829e+00
-1.431074553161048701e+00
-1.429117773449335438e+00
-1.427243133889311677e+00
-1.425337096182577090e+00
-1.423416700766190646e+00
-1.421359193585373770e+00
-1.419087832963957130e+00
-1.416669812097232750e+00
-1.414201100838096581e+00
-1.411754263566007195e+00
-1.409382886287456227e+00
-1.407227137654673221e+00
-1.405327815428017990e+00
-1.403546112348650787e+00
-1.401687145921716393e+00
-1.399612639023200877e+00
-1.397281086944966999e+00
-1.394777280274234643e+00
-1.392210171729494572e+00
-1.389579750386059631e+00
-1.386914161608168827e+00
-1.384251877385911156e+00
-1.381653400196269255e+00
-1.379232336097332645e+00
-1.377017558222975779e+00
-1.374927488101855833e+00
-1.372817478501078714e+00
-1.370599997937982373e+00
-1.368195336938563100e+00
-1.365617975922329475e+00
-1.362852895170847400e+00
-1.359913233548299294e+00
-1.356972457883255823e+00
-1.354118242420998541e+00
-1.351455572114208747e+00
-1.349120843282712867e+00
-1.347072053073118170e+00
-1.345253431973590708e+00
-1.343378019097005271e+00
-1.341122489457643896e+00
-1.338534751048228832e+00
-1.335701639721796230e+00
-1.332766313681250647e+00
-1.329856982068468696e+00
-1.327104629254621582e+00
-1.324700783388100822e+00
