-7.026308884471654326e-04
-1.038754262351588176e-03
2.723267585520597854e-03
8.328768983355036570e-03
1.270211687205024045e-02
1.256857253356430566e-02
-4.656145250361923976e-02
-1.812782875438132824e-01
-2.808124441358635925e-01
-2.953268571501489470e-01
-2.710022200269746051e-01
-2.362113765540647115e-01
-2.204593714348741518e-01
-2.180143136668067638e-01
-2.045120115579958375e-01
-1.824762118538384437e-01
-1.575752249940805261e-01
-1.336713058136288490e-01
-1.118678444052316340e-01
-9.180987612534453890e-02
-7.438013697418584258e-02
-5.645705116599641915e-02
-3.779422046284666714e-02
-2.426235103443367264e-02
-1.386793897641722638e-02
-3.209570521687297659e-03
-1.181400969875766056e-03
-5.643321382235068004e-03
-5.648362257540949158e-03
-1.786213801918055000e-03
4.777596888809026651e-03
1.433803243685532677e-02
2.415169125820486318e-02
-3.586205078535824320e-02
-2.907545544861296349e-01
-5.258089138071554425e-01
-5.783901559458800579e-01
-5.886449932301286436e-01
-5.772365563755462725e-01
-5.561761509222813427e-01
-5.617286039229728578e-01
-5.649975969375661267e-01
-5.397944487912007538e-01
-4.835064648183529101e-01
-4.043809302530662064e-01
-3.228345574656611427e-01
-2.753607172768938183e-01
-2.593245048946775655e-01
-2.383382946023372417e-01
-2.034300736690606848e-01
-1.595753539365415974e-01
-1.170736779933684857e-01
-1.074653028641268659e-01
-2.011444852413010742e-01
-2.919547108231484445e-01
-2.844042309666972024e-01
-2.402165808278499126e-01
-1.945761407502377416e-01
-1.586165824413971748e-01
-1.191914927495281440e-01
-7.570468504310334801e-02
-3.595164364653241629e-02
-2.631878192073543177e-02
-4.861983694947624723e-02
-5.241103331335507376e-02
-2.266598450042432711e-02
2.023160751460498924e-02
6.589937199857416605e-02
1.114475456477896642e-01
1.513925660596201206e-01
1.722528549817404497e-01
1.795012293432471651e-01
1.921266834417380831e-01
2.114193888827201051e-01
2.276408702438908471e-01
2.399666705168195247e-01
2.554871053123936586e-01
2.755344032044554914e-01
2.899320825470146912e-01
2.897590940792630354e-01
2.902807206581899946e-01
2.977047106382248454e-01
2.987833331916117663e-01
2.961241154943873299e-01
3.002099467812112676e-01
3.103910408158082612e-01
3.274771575903546728e-01
3.504025532713095359e-01
3.692813651875195835e-01
3.859486310929530206e-01
4.038196029071152160e-01
4.209665090623802564e-01
4.326339247111655184e-01
4.367454669829139435e-01
4.411221146922366665e-01
4.493114456978726801e-01
4.585246448033367672e-01
4.709710932428626262e-01
4.889579231617469657e-01
5.050760634518635106e-01
5.160701620905674414e-01
5.223409084024051019e-01
5.227706467836690241e-01
5.214420815752692784e-01
5.183672372510177428e-01
5.175746623015328174e-01
5.256996426748724582e-01
5.417755629224301206e-01
5.658266236503886049e-01
5.908069712871538703e-01
6.038006931445831782e-01
5.973815737575208784e-01
5.754372678448641532e-01
5.015273192854300399e-01
3.517047879198713645e-01
2.273553952856916527e-01
1.906975779074604749e-01
2.031983193861073567e-01
2.137680564240935499e-01
1.991651102521460326e-01
2.044692785507276067e-01
2.527087722811531822e-01
3.163872798521740748e-01
3.709955548188846874e-01
4.070832739901114605e-01
4.087387132202689455e-01
4.129666471369360936e-01
4.592201640515519712e-01
5.205362208215541520e-01
5.811032052928010172e-01
6.451480740255927104e-01
7.097137567176327044e-01
6.952739920221758796e-01
5.838370420100351676e-01
5.223816674399823778e-01
5.568938716395285260e-01
6.126922991091606763e-01
6.697695877894207506e-01
7.372540548267325633e-01
8.138317869847040420e-01
8.881037516539671550e-01
8.838486333130922690e-01
7.182401940335058077e-01
5.854587512146897099e-01
6.104382469861152627e-01
6.882974786706155257e-01
7.761476076916079547e-01
8.624353870104741748e-01
9.501405708078095591e-01
1.039586580138328609e+00
1.115241428654588418e+00
1.174580359078267300e+00
1.224974456562952119e+00
1.262512171491172008e+00
1.292435854607019152e+00
1.316657793299611079e+00
1.333655085733844503e+00
1.350834477727238747e+00
1.375545186639125284e+00
1.407739054359153918e+00
1.446474751709053042e+00
1.489398686777263725e+00
1.533691038548390173e+00
1.585943091232939972e+00
1.642731017654640358e+00
1.697626940456989253e+00
1.749431207143239630e+00
1.796785833138917932e+00
1.841945219065479034e+00
1.886897663264685443e+00
1.933742645968222096e+00
1.982865293198179168e+00
2.033943508295526836e+00
2.085808251937255609e+00
2.136517374904544742e+00
2.184419727118241727e+00
2.228723719916201773e+00
2.269693132430018689e+00
2.308610478382276288e+00
2.346172538882682623e+00
2.382624493568013868e+00
2.419086891489533819e+00
2.456697242326688624e+00
2.496995483202149035e+00
2.541587386192519116e+00
2.588747961671120645e+00
2.636900234744961047e+00
2.684525854584055349e+00
2.730711236707890954e+00
2.775130977483707628e+00
2.816721959630239969e+00
2.856164976014834878e+00
2.894827551611272032e+00
2.934073178953542360e+00
2.974773345854377915e+00
3.018594866236899765e+00
3.065703409383285116e+00
3.115129975809113549e+00
3.165203122152010717e+00
3.212918633743722552e+00
3.256452964030972730e+00
3.296387376360879973e+00
3.333926128927630295e+00
3.369668713935417337e+00
3.404958991231705312e+00
3.441630783597312782e+00
3.480643279956014524e+00
3.520423949241231032e+00
3.559610423583271732e+00
3.598348198329315739e+00
3.635137277729334926e+00
3.668913567556354227e+00
3.700317231733745160e+00
3.730381625948213209e+00
3.759989832847305369e+00
3.789814009634073777e+00
3.821540120097732807e+00
3.855923708125587268e+00
3.891714506091603631e+00
3.926881050896560144e+00
3.959760325751657373e+00
3.989702183344849384e+00
4.017400233043508351e+00
4.043883426696280203e+00
4.069160982433515983e+00
4.093521287530134778e+00
4.117370425948132073e+00
4.141343917823626875e+00
4.166649450397231114e+00
4.193736935186449521e+00
4.222034941396447749e+00
4.250278129229798196e+00
4.277555077596383093e+00
4.302980472180886196e+00
4.326422522695725803e+00
4.347613993198684135e+00
4.366512830901508657e+00
4.384531190936641565e+00
4.402468341663034579e+00
4.421270835284427214e+00
4.442208320288146162e+00
4.464894418934980180e+00
4.488769130242730832e+00
4.511747806949863104e+00
4.531141727828708277e+00
4.547025000985018828e+00
4.559922327191531899e+00
4.570817655129711277e+00
4.580711196256782358e+00
4.590658686345396866e+00
4.602221523970213113e+00
