-1.589751830505197958e-03
-3.326553357722911511e-03
-6.324740261980962668e-04
3.780168933519627902e-03
6.653629004132816799e-03
5.036395126970565940e-03
-5.392613326414098796e-02
-1.825050945830443694e-01
-2.695259281102054816e-01
-2.709381653209010921e-01
-2.365751877032348793e-01
-1.955060726460935983e-01
-1.763156177272156566e-01
-1.712989502219416649e-01
-1.561598576761164814e-01
-1.340512329968041871e-01
-1.106055039955178287e-01
-8.941091879421769750e-02
-7.141684253372204694e-02
-5.574961225450875135e-02
-4.305585559631588954e-02
-3.000761546062313129e-02
-1.635280587244875711e-02
-8.027712227019071292e-03
-2.775311063171906865e-03
3.095782824124993990e-03
7.644657246278318934e-04
-7.194452407756487047e-03
-9.994500427600968434e-03
-8.723995800477014548e-03
-4.822052799697296513e-03
1.951675239077307368e-03
8.819602132294537475e-03
-5.271614591295008256e-02
-3.000336497244958101e-01
-5.120258842890910156e-01
-5.385652334800973273e-01
-5.264220261321486127e-01
-4.970226154552546682e-01
-4.628369984708453067e-01
-4.583041174681885543e-01
-4.529439575431820630e-01
-4.213574393369040605e-01
-3.622587283760684840e-01
-2.852356643923519286e-01
-2.104209642423152671e-01
-1.724903865062804298e-01
-1.659253580751905432e-01
-1.539442725130201473e-01
-1.284149212764321701e-01
-9.499917136654832672e-02
-6.372632139993411604e-02
-6.514214201583679031e-02
-1.658708764669449276e-01
-2.559441018202227580e-01
-2.463325752483521147e-01
-2.026394363578162550e-01
-1.609275850473691760e-01
-1.308445227468298944e-01
-9.833828915651013358e-02
-6.344446521886992763e-02
-3.331945624073454071e-02
-3.315725101453652346e-02
-6.287888800537512479e-02
-7.159829659457217499e-02
-4.631029380981019350e-02
-9.491959052766271721e-03
2.797035328470601906e-02
6.389482516252162347e-02
9.418903868752856456e-02
1.055600359394795462e-01
1.048276258397606159e-01
1.111440628140322046e-01
1.235719249406013603e-01
1.326787711054693841e-01
1.385601213398943155e-01
1.478398434653058757e-01
1.612376278942893870e-01
1.687362340619688594e-01
1.620219956754360147e-01
1.571698463643230459e-01
1.609737430797138769e-01
1.600489325505551896e-01
1.560645404176960738e-01
1.582442934022988412e-01
1.654980635278948398e-01
1.785954834612676068e-01
1.962159949739963882e-01
2.097201514110713372e-01
2.209899884883283760e-01
2.324214373345474260e-01
2.426174018728447512e-01
2.472751068080981385e-01
2.449615932020953735e-01
2.439786291876920032e-01
2.484362317855529911e-01
2.550748293552641544e-01
2.643164052004967624e-01
2.777685798426324792e-01
2.892149832485283456e-01
2.954134956115586075e-01
2.966319958718791616e-01
2.924527073525999277e-01
2.868686030158895672e-01
2.800144439927212403e-01
2.755695589949683222e-01
2.792083321033557164e-01
2.897139521467095302e-01
3.077255398759712879e-01
3.260980649589166336e-01
3.317382633895398225e-01
3.181898175796821771e-01
2.908403810302553349e-01
2.141262763943314051e-01
6.809986866113251769e-02
-4.469167190563340386e-02
-6.816832683211913879e-02
-4.513843342891428467e-02
-2.772326973303831238e-02
-3.719156930591483584e-02
-2.819084408992369312e-02
2.044183422338966688e-02
8.008698845643102970e-02
1.269233187267185814e-01
1.540554356210100395e-01
1.476406584304460756e-01
1.451341400307845919e-01
1.834605336038717394e-01
2.348003261768037975e-01
2.833243836461341592e-01
3.337469482425545197e-01
3.838650502387735419e-01
3.555946461994268781e-01
2.377704699390307819e-01
1.776800823140232410e-01
2.131476372793083274e-01
2.666380191516891651e-01
3.180838983621464555e-01
3.768370224717158545e-01
4.421819567250280247e-01
5.027037558020099883e-01
4.833020864420664031e-01
3.111980946505809031e-01
1.855954455178996376e-01
2.179024309946770988e-01
2.985895689834441868e-01
3.849704179439348839e-01
4.634789124894954648e-01
5.384409693573002365e-01
6.144825386664670708e-01
6.763809459663873147e-01
7.210328270246491034e-01
7.548399270878423106e-01
7.745491377218410856e-01
7.875827996376123519e-01
7.958643985922084774e-01
7.978390010632295803e-01
8.018534018231899818e-01
8.158115300317738683e-01
8.392260700236757742e-01
8.692271611541096954e-01
9.027199024167378294e-01
9.366690047779773209e-01
9.783909671661678020e-01
1.024094447641707761e+00
1.066846531546321808e+00
1.109488628836471591e+00
1.152518114582383069e+00
1.193598549467882908e+00
1.231948293133686478e+00
