1.264036460498754733e-02
2.202626752322692921e-02
6.567902822276390495e-02
4.599086424170280990e-02
4.673203903624204708e-02
-2.420322221476195815e-02
-8.658135367912723757e-01
-1.189033777845556639e+00
-2.742706407693018544e-01
1.691584284526898019e-01
2.843784885449995303e-01
2.647306375906620657e-01
-6.629575050517952373e-02
1.743488184643847416e-02
9.837675290919867255e-02
1.448222887142611159e-01
1.342507653901317821e-01
1.226980982478283189e-01
1.059294554359766077e-01
9.907085657174868887e-02
7.205219137333283841e-02
1.148498218307969915e-01
9.219836115242445451e-02
4.854192316904890059e-02
6.028496315442637143e-02
6.458301761579900158e-02
-6.159596249887802633e-02
-2.335460931121963526e-02
2.539722014487232060e-02
5.029953693691627259e-02
7.671086235736460091e-02
1.008396905765030771e-01
8.192637608137930127e-02
-9.744293634641045809e-01
-2.921936665878017703e+00
-6.184553355386531726e-01
4.822037984609187089e-02
-3.691628732331148077e-02
2.766126003368052366e-01
3.201606563850248333e-02
-2.200633208697767573e-01
1.826677453974220877e-02
1.943473800751027158e-01
4.636374368466893436e-01
5.193284283127329592e-01
4.694799992775032793e-01
-2.691575143386480337e-02
-1.539967541802935921e-02
9.554107125070160356e-02
2.422674911821771637e-01
2.645985228610420736e-01
2.352455029970480782e-01
-2.268032103315414383e-01
-1.334033687806300161e+00
-1.362275574809354572e-01
2.961343274668065684e-01
4.213467217791821429e-01
2.922288738230460203e-01
2.400905150650571585e-01
3.274549008711989950e-01
3.103646421391265120e-01
2.694972426262343124e-01
-1.513800285680280133e-01
-2.054124427732494373e-01
1.683736429808326551e-01
3.309847313091465737e-01
3.770580362501514404e-01
3.826187260016671865e-01
3.770380589712505337e-01
2.786160211671300790e-01
8.726479437493618596e-02
7.865613314634094244e-02
1.851305193756833112e-01
2.325484841560979399e-01
1.663035083659250568e-01
1.793034955438900790e-01
2.365068934637788445e-01
2.751031768776927011e-01
1.665354275052591815e-01
6.719980717569325190e-02
1.918514836025260184e-01
1.599419706712926770e-01
6.719528882970350614e-02
1.084395008271881733e-01
2.086274803211242146e-01
2.334639566760754459e-01
3.325596079390157334e-01
3.387956410848702582e-01
2.521283306813913438e-01
2.980533265323320746e-01
3.002824938303068070e-01
3.028315261189781782e-01
2.260482629909460472e-01
1.924687040636027802e-01
2.325157355756601318e-01
2.311496176289284388e-01
2.278100860502366987e-01
3.028453868535992966e-01
3.468639784433787954e-01
2.705816179287842127e-01
2.709694178729690206e-01
2.192515070607091443e-01
1.915324283758728097e-01
2.117356759317546022e-01
1.791927910247980704e-01
2.654014663799858509e-01
3.488476538716472897e-01
4.071551183571368027e-01
4.618009945760106483e-01
4.080605361391622665e-01
2.828170004806196403e-01
1.249761518189529130e-01
5.617818545208919101e-02
-6.452793671340371073e-01
-1.094508200790256458e+00
-2.109892943917984764e-01
3.136873500787670244e-01
5.125790798611518095e-01
2.183263682803854855e-01
5.732101568749310705e-02
5.057772476724240462e-01
7.125571851606509188e-01
7.104015992639791666e-01
5.414132567291427556e-01
3.858393305859789679e-01
-1.212165065467732394e-02
4.435781757954971871e-01
6.915418165152220631e-01
6.736940195236937878e-01
6.712663795410611645e-01
7.271877009917957491e-01
6.710595924633357967e-01
-4.797056952175238198e-01
-8.242936101004102456e-01
3.640074986017138858e-01
7.536084655017193379e-01
6.705470891318994209e-01
7.423233768412020872e-01
8.214740761124440516e-01
8.627221254360795122e-01
7.802060909759758189e-01
-3.103733569806430004e-01
-1.720246871767939334e+00
2.233750710376770088e-01
8.852032637464370968e-01
9.936655662887519114e-01
9.328927829076802958e-01
9.566906327615728456e-01
9.621401236280855418e-01
9.101666634134090161e-01
6.989925603922330088e-01
6.752597122657510997e-01
6.349057675033378256e-01
5.600009302805692979e-01
5.726909969149812651e-01
5.254039180982699175e-01
5.187839818003530112e-01
5.559361621191873937e-01
6.344439375233692502e-01
6.616039581634087785e-01
7.305387010140255155e-01
7.416477243825925214e-01
7.739380586473897372e-01
8.652678424801374391e-01
8.418435250097127120e-01
8.257257686941049668e-01
8.362782754554582976e-01
8.584592934305037559e-01
8.488733795481360200e-01
8.609278707201629688e-01
