4.081295842503981483e-07
4.253121164485030651e-06
2.297769885433320890e-05
7.625908812956770622e-05
1.592750114511522100e-04
2.602287645713201444e-04
2.437049884451672379e-04
-3.267724432366313388e-04
-1.574959131806244429e-03
-3.043177780246685178e-03
-4.395901355246762364e-03
-5.522716519128627669e-03
-6.455001897439104075e-03
-7.337065261941968369e-03
-8.156528411165268194e-03
-8.862330098313116189e-03
-9.428336801032515327e-03
-9.859397904691575773e-03
-1.016940739134346988e-02
-1.037406321909730041e-02
-1.048694166011107827e-02
-1.052175270753579611e-02
-1.046922255877952117e-02
-1.034563785645734556e-02
-1.017812741273385786e-02
-9.970121015960875174e-03
-9.737131793326258417e-03
-9.536126814161726556e-03
-9.359641477614632013e-03
-9.179328301954671823e-03
-8.976659608873680321e-03
-8.735110405973847345e-03
-8.444140192565400410e-03
-8.239739542911324668e-03
-8.850619665464885127e-03
-1.100637233051445125e-02
-1.374341499988684934e-02
-1.647858773657622303e-02
-1.911587109218919681e-02
-2.153235841460159408e-02
-2.382715595897960323e-02
-2.610965017006720498e-02
-2.827114423640487290e-02
-3.016918853392319341e-02
-3.165536598825179071e-02
-3.268858714752356093e-02
-3.335814066508944326e-02
-3.391264656555428858e-02
-3.440148877815634582e-02
-3.476572202989055421e-02
-3.493354182013121145e-02
-3.489241486064978415e-02
-3.471997574582093293e-02
-3.477825127631334334e-02
-3.549156742219131133e-02
-3.636949748539811123e-02
-3.705882217126291178e-02
-3.746736987983389361e-02
-3.765050626489502283e-02
-3.763915550719735409e-02
-3.740671350434419951e-02
-3.696492483752659985e-02
-3.639359802840173852e-02
-3.590758471080888331e-02
-3.553881336328065105e-02
-3.510072910009075925e-02
-3.447298613128207262e-02
-3.362202282106387108e-02
-3.254866916582875580e-02
-3.127372170800655354e-02
-2.987237476812867540e-02
-2.845454495782959517e-02
-2.703594992849113476e-02
-2.556866302229741927e-02
-2.403512955722719030e-02
-2.246337934484631677e-02
-2.085161902242892162e-02
-1.917183077012357337e-02
-1.741817710742285530e-02
-1.565324357948082862e-02
-1.392423567760783798e-02
-1.218748137860092146e-02
-1.045153539278337665e-02
-8.756767044623740837e-03
-7.084548585200989637e-03
-5.384736127276663377e-03
-3.625639754793563534e-03
-1.761277364739960135e-03
2.090827962817969846e-04
2.251017131776154347e-03
4.371183342965111879e-03
6.569898656175125751e-03
8.834703155265511559e-03
1.112202062504757949e-02
1.341022890673514850e-02
1.571413111799354820e-02
1.804010344676429747e-02
2.039419405922283587e-02
2.281051836003090277e-02
2.530441816552154305e-02
2.784417963662293855e-02
3.041020227249815328e-02
3.297217948069314924e-02
3.551105096378016218e-02
3.802706755588633469e-02
4.051647267314666817e-02
4.302290591580189283e-02
4.559818435197294378e-02
4.828304524576983864e-02
5.110226211946840291e-02
5.401774190020723621e-02
5.694030250154433204e-02
5.977011429535238757e-02
6.237119928579858141e-02
6.435584313468534212e-02
6.555609291560245133e-02
6.641365806662755111e-02
6.731177619094405595e-02
6.837853846872216090e-02
6.948795757352720093e-02
7.059242687946999661e-02
7.190927473891174648e-02
7.358386877074617194e-02
7.561099053952595461e-02
7.788565806013536541e-02
8.026177310753662697e-02
8.258574093184051224e-02
8.504624607503991074e-02
8.779952275771531200e-02
9.085586322408815974e-02
9.420797029056701688e-02
9.786381712121529353e-02
1.016524325751548413e-01
1.049795805825473743e-01
1.077033504150130827e-01
1.103888199935720571e-01
1.133416302930061736e-01
1.165752047712752953e-01
1.201179929534911400e-01
1.240130506959479934e-01
1.282691273823879374e-01
1.327053228300826559e-01
1.366203822423127656e-01
1.394821305045424453e-01
1.421294902722071707e-01
1.451065642601585270e-01
1.485396357170573611e-01
1.524140737311571736e-01
1.567192130239725145e-01
1.614452076926699287e-01
1.665381154218119886e-01
1.718776806594734807e-01
1.774058940185916644e-01
1.830702792519749156e-01
1.888161992153592483e-01
1.946236116588162535e-01
2.004595818140059160e-01
2.063117290723312514e-01
2.122038307176740135e-01
2.181796778954323834e-01
2.242682681775808595e-01
2.305007294690569752e-01
2.368873190696492714e-01
2.434477127240652905e-01
2.502211707327189893e-01
2.571969215907939921e-01
2.643600734835252486e-01
2.717079309739493520e-01
2.792406340221912364e-01
2.869460557781321475e-01
