7.630788612750746304e-04
2.655938608696175110e-03
7.424088955077606973e-03
1.267754223835818213e-02
1.626986784658847676e-02
1.523920131113980919e-02
-4.007609903308096549e-02
-1.516661245505435684e-01
-2.100213833181633905e-01
-1.866342125115321993e-01
-1.381873143640310886e-01
-9.300036277222251124e-02
-7.566143524160634515e-02
-7.307608605251406098e-02
-6.115696112983659560e-02
-4.352326259194891356e-02
-2.619224183716435672e-02
-1.208658843716509806e-02
-1.027665851960507873e-03
7.766312698331917508e-03
1.391110675967278942e-02
2.088886476808503659e-02
2.827794287710084023e-02
3.124376063460406958e-02
3.262187103061008064e-02
3.506031412947669540e-02
3.006649373183004070e-02
2.165034121931991296e-02
1.953802350646875741e-02
2.182164496566041390e-02
2.668016260878576865e-02
3.372769403479942280e-02
3.999427972736473852e-02
-1.925132590298817004e-02
-2.435745788163142522e-01
-4.010908952077821277e-01
-3.770050157155445669e-01
-3.304716298336829450e-01
-2.791738679725938588e-01
-2.350243296456687725e-01
-2.260614983275423817e-01
-2.174051122013837545e-01
-1.866401829114995303e-01
-1.345043153635694100e-01
-7.164039677769155900e-02
-1.676362520020395486e-02
-7.790282392704413195e-04
-1.092724869942358207e-02
-1.078979460228570927e-02
5.111240360374573466e-03
2.868218210975176027e-02
4.911775753303623815e-02
3.809631682740504538e-02
-6.181464122092284602e-02
-1.335024972258044285e-01
-1.061608446299989045e-01
-5.367101197821445152e-02
-1.055484242594142974e-02
1.649579781566444178e-02
4.278238148326896084e-02
6.971164113626046599e-02
9.035450036687867059e-02
8.151586030003540873e-02
4.935086043144720075e-02
4.211040724486959930e-02
6.568018378011580838e-02
9.734346711876262770e-02
1.276189790742580654e-01
1.542055227868982248e-01
1.716605465901770988e-01
1.708689595806053563e-01
1.604994357204630184e-01
1.583245838820455387e-01
1.654372439266154626e-01
1.704065972612464896e-01
1.723094385959197117e-01
1.784477340981367455e-01
1.894028853689921355e-01
1.946418504523080295e-01
1.877927695560122900e-01
1.845644862797067576e-01
1.867265825947109770e-01
1.814563903833412706e-01
1.746734159995723124e-01
1.771789228555392948e-01
1.861564140544366419e-01
2.012242927314062679e-01
2.199768981860710793e-01
2.315205036842003239e-01
2.401189157700732713e-01
2.506327976457025097e-01
2.604874008492040760e-01
2.650260116990339476e-01
2.634065035685477230e-01
2.631809059137545370e-01
2.654419283631028748e-01
2.674474337737446361e-01
2.738361581824892976e-01
2.862556701333642817e-01
2.949823981651841787e-01
2.988844227824099531e-01
2.996032147801596657e-01
2.962381913358965724e-01
2.934700020225379791e-01
2.904754382414143077e-01
2.915874273996865162e-01
3.023089444601466114e-01
3.196261744764087864e-01
3.411767187248653799e-01
3.598020580801822299e-01
3.660330834127668576e-01
3.559664878643193919e-01
3.354817523035754645e-01
2.723329820390096856e-01
1.538705899365346852e-01
8.099199684154931300e-02
9.507022823853772397e-02
1.446786749560701468e-01
1.784853330886285727e-01
1.816005274571732830e-01
2.028040406848953259e-01
2.573595204049798912e-01
3.153708778112360722e-01
3.558002832794860959e-01
3.735990030201701284e-01
3.582220761162034917e-01
3.528831637385508868e-01
3.884268638221206049e-01
4.317285593393619392e-01
4.688145653852083816e-01
5.052349010941274976e-01
5.375935679546475221e-01
4.945634133470974692e-01
3.774098048587804510e-01
3.310642507433107506e-01
3.770847866768253231e-01
4.311324215499809376e-01
4.772093844190930523e-01
5.258789598166263568e-01
5.753648374252157138e-01
6.164716884989527301e-01
5.832783064526563255e-01
4.136412082830961401e-01
3.115439425147560892e-01
3.657941519189240598e-01
4.519038876828088136e-01
5.270058295917978697e-01
5.901066559805066003e-01
6.471599512999017811e-01
6.950980673078959171e-01
7.228729483824560820e-01
7.363359818526431511e-01
7.463180209322211045e-01
7.500626825728573532e-01
7.516530926533505630e-01
7.521574077557905413e-01
7.507730905074052608e-01
7.523845455574849073e-01
7.612262697224375652e-01
7.752859582886151291e-01
7.936463588580348061e-01
8.145103592598802456e-01
8.358503549250352327e-01
8.624092172261221823e-01
8.897552477078630728e-01
9.122674096351188755e-01
9.327465442119862171e-01
9.536309031054102103e-01
9.735646391814103406e-01
9.923105286134801251e-01
