-1.076236052370685092e+00
-1.076644716445989580e+00
-1.078166737398133401e+00
-1.069351285151234343e+00
-1.074441495679833158e+00
-1.073141022408143463e+00
-1.076291684744598687e+00
-1.076535550776484440e+00
-1.076973697968732102e+00
-1.077668221685641470e+00
-1.078639287698353266e+00
-1.079917145795336264e+00
-1.081012381888256213e+00
-1.081822821258396905e+00
-1.083044136773035460e+00
-1.084822134419956452e+00
-1.087224403777137471e+00
-1.090274336807219413e+00
-1.094005400789668903e+00
-1.098774649779036938e+00
-1.104539525864248084e+00
-1.113847184181356864e+00
-1.132407708902868793e+00
-1.155089324829742026e+00
-1.179963253568755643e+00
-1.237969605664057893e+00
-1.203210240820150156e+00
-1.152468247073675123e+00
-1.142678952360027589e+00
-1.145456458135273747e+00
-1.157710371446396103e+00
-1.195906109322600441e+00
-1.304100066776845646e+00
-1.099510119935364960e+00
-1.081474356918832092e+00
-1.079847025220952217e+00
-1.080328377667515882e+00
-1.081098458306318788e+00
-1.082070326317181586e+00
-1.083168728537188485e+00
-1.083876781529378830e+00
-1.084608141195579689e+00
-1.085874898514462172e+00
-1.088055114700482218e+00
-1.091711518684431503e+00
-1.097308017240570921e+00
-1.101870755853825212e+00
-1.103185373204010666e+00
-1.105384821711319132e+00
-1.110485886868152194e+00
-1.119841023578638461e+00
-1.134101546819429318e+00
-1.132984936922681429e+00
-1.104320517369380417e+00
-1.095959415093342493e+00
-1.097148239059165364e+00
-1.101486341387807766e+00
-1.107163319306066818e+00
-1.112864415064935386e+00
-1.121533762561387482e+00
-1.136169396956296485e+00
-1.158553112393571505e+00
-1.157816400563689063e+00
-1.135246845082442668e+00
-1.130899352953641746e+00
-1.145652729332686581e+00
-1.188900414106041303e+00
-1.374524979173892492e+00
-5.621929297723414765e-01
-9.236070064358784526e-01
-9.568430397817868638e-01
-9.572496696002776861e-01
-9.722208132152613258e-01
-9.910770451132444592e-01
-1.001395573116182991e+00
-1.007429529524914713e+00
-1.014897499195009711e+00
-1.023054821819482596e+00
-1.027162488618423852e+00
-1.024887795019705283e+00
-1.023198971752516728e+00
-1.026118038197271209e+00
-1.027144656880379259e+00
-1.026752293273177852e+00
-1.028847610555019054e+00
-1.032624959617640670e+00
-1.037708644925775747e+00
-1.042951231544641866e+00
-1.046492734098785515e+00
-1.049212771853225812e+00
-1.051597476319124036e+00
-1.053579414431778938e+00
-1.054800648553583242e+00
-1.055236640713413054e+00
-1.055852427405951977e+00
-1.057131133906102916e+00
-1.058626954905639961e+00
-1.060207338000257460e+00
-1.061911374245963824e+00
-1.063358883147062173e+00
-1.064439158950216457e+00
-1.065238198171979178e+00
-1.065789410101376733e+00
-1.066272284230379785e+00
-1.066701487308469698e+00
-1.067220657853312105e+00
-1.068043598765795466e+00
-1.069069737591230362e+00
-1.070244492624354171e+00
-1.071327953469039418e+00
-1.072120637215639105e+00
-1.072624491198587382e+00
-1.072938651522383990e+00
-1.072159023889152074e+00
-1.126350515593637747e+00
-1.080279019617507164e+00
-1.080195820649530791e+00
-1.081618677635763248e+00
-1.083065843200562650e+00
-1.083028639844763941e+00
-1.084115786503700773e+00
-1.090139265683498060e+00
-1.143704679072393038e+00
-1.039689482102238216e+00
-1.057264110298554050e+00
-1.054953494438842121e+00
-1.053700431707390361e+00
-1.064719870264199120e+00
-1.069714549318354191e+00
-1.072036125296322862e+00
-1.073542115331348468e+00
-1.074633054759495776e+00
-1.075254175939515555e+00
-1.075608113389007636e+00
-1.076145295583715411e+00
-1.076644471696951655e+00
-1.077003959373362463e+00
-1.077362489831747094e+00
-1.077677106579641997e+00
-1.077967771020167165e+00
-1.078300585445797655e+00
-1.079150176732093236e+00
-1.082869920718192880e+00
-1.095155348243799232e+00
-1.089838379037062488e+00
-1.084405260505331148e+00
-1.082302479689378982e+00
-1.081503183789094713e+00
-1.081163098270315537e+00
-1.080997656025982856e+00
-1.081071184799326845e+00
-1.081330572095453801e+00
-1.081695036611181493e+00
-1.082182849172622641e+00
-1.082721151107523871e+00
-1.083298519791936920e+00
-1.083938828485903727e+00
-1.084545903720152138e+00
-1.085012851191583749e+00
-1.085343605665134215e+00
-1.085588276125794005e+00
-1.085798053588637568e+00
-1.086014056115552906e+00
-1.086146089372299617e+00
-1.086250144071075230e+00
-1.086401641371503635e+00
-1.086563683305679318e+00
-1.086734220224521819e+00
-1.086936854892648574e+00
-1.087175064629201993e+00
