-6.543190702890818410e-04
-8.067090299651621509e-04
2.799732868433065999e-03
7.270777909282451386e-03
9.959630206562011118e-03
8.161721389081047148e-03
-4.776471254470396333e-02
-1.605572168266309607e-01
-2.205793428157478975e-01
-1.984967890732179385e-01
-1.507811837926344711e-01
-1.058210772514619757e-01
-8.840304124836821653e-02
-8.566521579934524566e-02
-7.356255090908124517e-02
-5.599455772896606842e-02
-3.874600003003639270e-02
-2.475280062981563556e-02
-1.411070146287058714e-02
-5.670730310753643866e-03
1.676523612862352089e-04
6.904141694654043412e-03
1.426161047338974329e-02
1.693416063868195126e-02
1.772105119292465350e-02
1.976476431015243215e-02
1.443510211420039394e-02
5.500493936562713196e-03
2.837995859082538888e-03
4.434775303218796601e-03
8.447267294177230809e-03
1.471375504470545312e-02
2.034386841005884211e-02
-3.952352846314068774e-02
-2.653784870650560679e-01
-4.257838416615473687e-01
-4.039947984985088336e-01
-3.588815989337869050e-01
-3.088453901193391471e-01
-2.654678888747654675e-01
-2.570890675988342089e-01
-2.490236221428979435e-01
-2.184284242466894288e-01
-1.661702746743349834e-01
-1.032279845909726407e-01
-4.827483777200365644e-02
-3.207096143810005129e-02
-4.244797006644767529e-02
-4.300251705231814686e-02
-2.824610279856856754e-02
-6.014505269956924721e-03
1.332489253138783095e-02
1.345339060241696263e-03
-1.000480598943863236e-01
-1.741726855287419051e-01
-1.493054018147916828e-01
-9.890132059978673507e-02
-5.802688516812685299e-02
-3.284236164231822686e-02
-7.736543919520773999e-03
1.780375040892643451e-02
3.732051206142636413e-02
2.772733170940808872e-02
-5.735971753936655593e-03
-1.395508974458981033e-02
9.688638441179574928e-03
4.119403442053615194e-02
7.056898440258450866e-02
9.628310377348858751e-02
1.143889142665360792e-01
1.143249889294760541e-01
1.050408755644613307e-01
1.045770459322187124e-01
1.116916722992818412e-01
1.160421728273624276e-01
1.176932764944013943e-01
1.233326386600830243e-01
1.331842403452845047e-01
1.370972606806966920e-01
1.284710329269174722e-01
1.236624898947645962e-01
1.263892113754798707e-01
1.233516672898239130e-01
1.182990096214437542e-01
1.207118943392459925e-01
1.282745178173103906e-01
1.411311719954524146e-01
1.572064926305278831e-01
1.673454528469193181e-01
1.748978011868686511e-01
1.831921132453381562e-01
1.905110333221104735e-01
1.926095165560443578e-01
1.888323622760730847e-01
1.871849601690338261e-01
1.900337834341977450e-01
1.939267080054079551e-01
2.008222372042075266e-01
2.121014958653076321e-01
2.202593040049351247e-01
2.233889866232314225e-01
2.226383139290407931e-01
2.177269038869579509e-01
2.129801236457452285e-01
2.079452998552030751e-01
2.064372280366330858e-01
2.133910228674377185e-01
2.263654714463510798e-01
2.445459884675332818e-01
2.606707310734986960e-01
2.639570030048279392e-01
2.503433216742628753e-01
2.264743679045019276e-01
1.593259769224039668e-01
3.629007536681840007e-02
-4.114774538910626056e-02
-3.139648731494659728e-02
1.447434714486035140e-02
4.489257556608067246e-02
4.475667778252547663e-02
6.201130728744116971e-02
1.127895993274590225e-01
1.671320349972490182e-01
2.039155249718453133e-01
2.193296001107387649e-01
2.029154875586694218e-01
1.958199312316264984e-01
2.289730528478779725e-01
2.705490553499024231e-01
3.060899281077199552e-01
3.413076077293256683e-01
3.737365587314855908e-01
3.306720004871753771e-01
2.136610511298300819e-01
1.675176820106321907e-01
2.131315964030403298e-01
2.670682202132916849e-01
3.125441748855818935e-01
3.603401021506661972e-01
4.097176074510719967e-01
4.508404486317001414e-01
4.155781407329331989e-01
2.450991964792895994e-01
1.436550582654056996e-01
1.971118283383298531e-01
2.836613065931467559e-01
3.614932935437114581e-01
4.245715445094619400e-01
4.800393208490765229e-01
5.305974945117886143e-01
5.636533957362512837e-01
5.814580260924665511e-01
5.929854823532861863e-01
5.956178730411619826e-01
5.955230351616618290e-01
5.939970291972738181e-01
5.896418954224853515e-01
5.891908021430884990e-01
5.979983320989803453e-01
6.138993305489640617e-01
6.348914256357187647e-01
6.579086906141784485e-01
6.804480297779836873e-01
7.089169517156158618e-01
7.389062894791821323e-01
7.650684236263143312e-01
7.871216685429555104e-01
8.049033927117834608e-01
8.211982602852033741e-01
8.380174541381625319e-01
8.570483340861509980e-01
8.781503099572625093e-01
9.006860562523189007e-01
9.233644068871503796e-01
9.445077693080827785e-01
9.629695331008987225e-01
9.785627505177961760e-01
9.919866774999213099e-01
1.004693705052806862e+00
1.017242744567204094e+00
1.029769968359293575e+00
1.043159450999804783e+00
1.058171531898955298e+00
1.075844615187924624e+00
1.097118887499335393e+00
1.119757283827576000e+00
1.142331070093056899e+00
1.163531496221767991e+00
1.183007903970625829e+00
1.200751809881602572e+00
1.216187470011033112e+00
1.230307509677700084e+00
1.244510686920487386e+00
1.259889460726362875e+00
1.276938630566955224e+00
1.296844893309184954e+00
1.319184820816606596e+00
1.342767993375312496e+00
1.365940456967762451e+00
1.386218553074146653e+00
1.402607840438689468e+00
1.416380644298933511e+00
1.428972469932774159e+00
1.441005839926441601e+00
1.453665992260623652e+00
1.468353952216977509e+00
1.485449424197003543e+00
1.503023475350162119e+00
1.519858721708978289e+00
1.536237538759732901e+00
1.550857980266283409e+00
1.563129092981740742e+00
1.573993480197439121e+00
1.584541873898693609e+00
1.595490836260063272e+00
1.607275176947907447e+00
1.621205596820840755e+00
1.637477348702688795e+00
1.654552517762107877e+00
1.670516417769438711e+00
1.684168125911913227e+00
1.695374318277214742e+00
1.705195679538245024e+00
1.714695496335305824e+00
1.723823392193122306e+00
1.732829339325528739e+00
1.741990525319734306e+00
1.751791884844037694e+00
1.763134748019077991e+00
1.776088493733926965e+00
1.789845720197437595e+00
1.803158052751161478e+00
1.815359884236935839e+00
1.825864669749680758e+00
1.834898606883275329e+00
1.842393410726697489e+00
1.848564988302785483e+00
1.854814949512528122e+00
1.861713045528037291e+00
1.869922441629896293e+00
1.880273731321961961e+00
1.891973766574764682e+00
1.904348820854637747e+00
1.915379349806626719e+00
1.923013805291347689e+00
1.927969027263229718e+00
1.931105286776360730e+00
1.933538328957446151e+00
1.936114070460592584e+00
1.939643743780110619e+00
1.945231029421041535e+00
