-1.276343645993542959e-06
-6.544406447570369710e-06
-3.695312511956787000e-06
2.677620061308118299e-05
7.813594226287217575e-05
1.373506704305221652e-04
7.475654580005149032e-05
-5.138229728887585288e-04
-1.698041277971522062e-03
-2.999465148500604812e-03
-4.108505766969226987e-03
-4.953140333721732513e-03
-5.595732329093034904e-03
-6.193514445388084710e-03
-6.736499812466441306e-03
-7.180425774083482905e-03
-7.508505879988583258e-03
-7.732380080430013847e-03
-7.870831359108482542e-03
-7.941672068397957751e-03
-7.957678278973642078e-03
-7.931021678204825537e-03
-7.850402182571122531e-03
-7.730978033697714219e-03
-7.597931375387893989e-03
-7.451017427460538203e-03
-7.301741109268608532e-03
-7.201141825887609482e-03
-7.134714482483275888e-03
-7.071285640648246329e-03
-6.993082937489862941e-03
-6.885468577369104407e-03
-6.740105529405626683e-03
-6.690795455415738356e-03
-7.425386309958878842e-03
-9.563074900348043916e-03
-1.207348333726906975e-02
-1.441038506453018453e-02
-1.653102052177457190e-02
-1.836142265955219635e-02
-2.003702384542443288e-02
-2.168213893127184100e-02
-2.319817657945840578e-02
-2.446300757449891561e-02
-2.535777997477950060e-02
-2.587326208127617433e-02
-2.611902258333995488e-02
-2.634094742268538666e-02
-2.657230460618652257e-02
-2.674455139260632081e-02
-2.678647896255966290e-02
-2.668884455325343935e-02
-2.652845704570172547e-02
-2.664742534411486397e-02
-2.741294666815940334e-02
-2.829725968450454848e-02
-2.896674819195058787e-02
-2.936251690033307021e-02
-2.956569451395420906e-02
-2.961733394918485487e-02
-2.949992617834457792e-02
-2.923389047098438540e-02
-2.889921111804042569e-02
-2.869707286235985422e-02
-2.863642998861034780e-02
-2.851945387100743995e-02
-2.823444379376448266e-02
-2.776451753414408904e-02
-2.712345787617647871e-02
-2.633721422807748860e-02
-2.547706798838874839e-02
-2.464545916246886278e-02
-2.384071142256216636e-02
-2.301000097736847008e-02
-2.213963956655613449e-02
-2.125501040589026364e-02
-2.035119146298024206e-02
-1.940116744481420671e-02
-1.840278558021147745e-02
-1.741756462663219054e-02
-1.648681804357875549e-02
-1.555752670128054266e-02
-1.462916526111004978e-02
-1.373552511612417121e-02
-1.285780275524129289e-02
-1.195275537830967939e-02
-1.099665442010486910e-02
-9.953439035935821716e-03
-8.829590864612274145e-03
-7.658317588202246014e-03
-6.436609969027999589e-03
-5.168442627073152607e-03
-3.866902650946151335e-03
-2.572737842206460242e-03
-1.300361015403638529e-03
-2.665755545299720863e-05
1.263959769776289849e-03
2.578521932557332856e-03
3.943692160829449962e-03
5.368554967692446347e-03
6.822246964768697783e-03
8.283183723460393541e-03
9.723986997842652691e-03
1.112930100988766477e-02
1.250272219734279225e-02
1.384328339590579215e-02
1.519178021275052054e-02
1.659197047928712143e-02
1.807691790907201349e-02
1.966664813766420827e-02
2.131753987841604123e-02
2.294054832554881518e-02
2.444602645208505259e-02
2.571646242744721200e-02
2.639988484369814453e-02
2.638879016004570116e-02
2.615274380544101163e-02
2.605219407934442760e-02
2.617467236502619629e-02
2.636596385480574622e-02
2.656823683835955394e-02
2.697988414729968545e-02
2.771617076427827439e-02
2.874120051380807048e-02
2.993742723449470400e-02
3.116471659791136828e-02
3.228918745469123303e-02
3.350622087899063350e-02
3.496084556273768712e-02
3.664900706636853300e-02
3.855321730849250311e-02
4.067618883663549900e-02
4.284986006682494492e-02
4.451783880608690958e-02
4.561212233062578170e-02
4.672102571820619527e-02
4.812078356505139487e-02
4.979178561497739353e-02
5.173532545238167940e-02
5.397362552433384447e-02
5.649864746948974475e-02
5.911915130148906461e-02
6.116654153894310331e-02
6.221638954576359098e-02
6.315840531646989275e-02
6.449426547517299324e-02
6.630122627539308811e-02
6.852034464452998186e-02
7.109798911345051320e-02
7.400806038498145001e-02
7.719823533166973728e-02
8.055027636948369762e-02
8.400932966545510139e-02
8.752380445134119724e-02
9.104634451735627021e-02
9.456886976165004843e-02
9.806741446295615117e-02
1.015391670408172936e-01
1.050215851374684262e-01
1.085662096964056522e-01
1.122058020438655990e-01
1.159681836529337651e-01
1.198558470064872428e-01
1.238821139783039538e-01
1.280837340357724452e-01
1.324455333016023306e-01
1.369503952956145076e-01
1.415691045464049225e-01
1.462846312788744496e-01
1.510917064893938233e-01
1.559972410797436926e-01
1.610136843881326274e-01
1.661504181525177704e-01
1.714130598770947644e-01
1.767971559187992425e-01
1.822902101282159737e-01
1.878744112636228647e-01
1.935336371537224875e-01
1.992570605019075014e-01
2.050417641636421706e-01
2.108849701119042686e-01
2.167879747954742642e-01
2.227571888243665144e-01
2.288042838073008900e-01
2.349478458437318229e-01
2.412056307091570151e-01
2.475794962476461913e-01
2.540685380355750533e-01
2.606609250318197013e-01
2.673486512159241046e-01
2.741176203407955092e-01
2.809560964866823496e-01
2.878586665383839338e-01
2.948282746023546674e-01
3.018722989717362859e-01
3.090028011223327487e-01
3.162372789974991494e-01
3.235859951735396978e-01
3.310535349759284318e-01
3.386304699103698801e-01
3.462960593511954510e-01
3.540290933458644096e-01
3.618177486507327401e-01
3.696551343351837104e-01
3.775394166973746191e-01
3.854772262709152408e-01
3.934815381776827770e-01
4.015622254413823700e-01
4.097169675410893275e-01
4.179426399154630434e-01
4.262338292090520064e-01
4.345765178099089687e-01
4.429589160033166051e-01
4.513745934790447945e-01
4.598231603130039646e-01
4.683071368834590964e-01
4.768339760772399849e-01
4.854181360605520634e-01
4.940694244217951892e-01
5.027878009726443054e-01
5.115629253606595039e-01
5.203804808611365296e-01
5.292276530487224351e-01
5.380990763286477296e-01
5.469920605458911123e-01
5.559037209683886926e-01
5.648339096243298885e-01
5.737837542745788388e-01
5.827593748936199525e-01
5.917704944967270286e-01
6.008247412607450322e-01
6.099238591099758189e-01
6.190630346708891896e-01
6.282346781940866265e-01
6.374280327779001665e-01
6.466350003187798512e-01
6.558449912203709875e-01
6.650535177852838764e-01
6.742623775454115176e-01
6.834760767656051783e-01
6.927047945611016777e-01
7.019600868268023319e-01
7.112473498224143320e-01
7.205675455349501712e-01
7.299054962915140221e-01
7.392423890398740483e-01
7.485647498865810601e-01
7.578632302349717076e-01
7.671358969181951704e-01
7.763842427220262188e-01
7.856168747781488992e-01
