-2.047336894551050283e-03
-4.143738352742370144e-03
-1.656184772733093873e-03
1.887673352809189284e-03
3.465255840834906460e-03
7.532343990797091444e-04
-5.491288289808393674e-02
-1.645111768787755890e-01
-2.193305832748310980e-01
-1.936923341235853302e-01
-1.452203343030958882e-01
-1.015407522413284969e-01
-8.616941932990337949e-02
-8.493455798087397313e-02
-7.412258335545950094e-02
-5.827807461885349538e-02
-4.297545002657291585e-02
-3.098787788688382033e-02
-2.252410017986476720e-02
-1.598165788592517678e-02
-1.176755526164742147e-02
-6.364228162752932211e-03
-7.807516406768254952e-05
1.412883747233713468e-03
1.000720519559299745e-03
2.206269630917846031e-03
-3.715392388123136581e-03
-1.294529666111210453e-02
-1.576560500436976694e-02
-1.458141630971404069e-02
-1.133327913405957239e-02
-5.987619395905923077e-03
-1.327485711344850855e-03
-6.123205342930504447e-02
-2.824122571614171573e-01
-4.319453397625704349e-01
-4.017750586673770052e-01
-3.529734574668520475e-01
-3.027821158582362782e-01
-2.615425647476609661e-01
-2.557860927198912782e-01
-2.498973614630231876e-01
-2.215198775832755707e-01
-1.723254350495326548e-01
-1.140019019363227581e-01
-6.459453655036709319e-02
-5.350970144700925579e-02
-6.750408100475432938e-02
-7.075075061266514198e-02
-5.877386399370729958e-02
-3.977664095871152189e-02
-2.363463332637153261e-02
-3.821609568356471032e-02
-1.399278951293704831e-01
-2.111240703745989045e-01
-1.847509501566240164e-01
-1.355711641797977263e-01
-9.835599542318423927e-02
-7.723934530058448877e-02
-5.573572002333231079e-02
-3.425806131050833370e-02
-1.851841233609704748e-02
-3.090574407883159985e-02
-6.588540942755496954e-02
-7.419818149149379205e-02
-5.038707584741980439e-02
-2.020087723362833099e-02
6.266203377175150191e-03
2.870421019860635789e-02
4.499725703241934383e-02
4.365871175574147223e-02
3.448217369051104902e-02
3.530082189888467115e-02
4.196730906858796295e-02
4.519542617889488190e-02
4.623535271585976769e-02
5.105828675959901697e-02
5.933325878880294640e-02
6.136776309626313514e-02
5.082067509135183153e-02
4.482201529143615970e-02
4.840059626781410135e-02
4.777522334946943117e-02
4.478566268318653898e-02
4.741424355952963965e-02
5.359593099333759963e-02
6.396814836471936827e-02
7.667393601263253200e-02
8.452016776526634356e-02
9.022239992180770829e-02
9.554298349554178615e-02
9.966081481699036460e-02
9.881009393289581777e-02
9.275459268209598762e-02
8.987683845842567298e-02
9.348832092142295158e-02
9.926694695151327963e-02
1.065101523308040060e-01
1.162503526522181835e-01
1.232596995485257946e-01
1.251360428698490845e-01
1.226768965626628544e-01
1.163277966149819792e-01
1.100369971498523086e-01
1.035740740230663565e-01
1.001727881749363280e-01
1.038805488822648060e-01
1.126265245501071044e-01
1.270679515272447602e-01
1.398646290866560338e-01
1.394317924088351868e-01
1.221917564858812227e-01
9.592142622007408803e-02
2.727195597624662571e-02
-9.435928147910724317e-02
-1.676706169039181016e-01
-1.553917153263299766e-01
-1.100489656977097497e-01
-8.260247110184579244e-02
-8.614485000330618369e-02
-7.298654596595702260e-02
-2.755236873464101538e-02
1.991778955801133677e-02
4.917703547261989550e-02
5.876368914200628263e-02
3.912558169256511592e-02
2.975313372285658814e-02
5.958633163839856250e-02
9.726939878812169982e-02
1.283950175226213630e-01
1.592352214725535342e-01
1.883464365679886898e-01
1.430113644084131663e-01
2.862274294202381275e-02
-1.174330944070586802e-02
3.665272968131954440e-02
9.036821280667511891e-02
1.332940225638264420e-01
1.771476654242983562e-01
2.225176118684165649e-01
2.593311332171338579e-01
2.189182109620297634e-01
5.019257835585586025e-02
-4.188041320550031643e-02
1.664954522773551271e-02
1.043922019441659021e-01
1.820354092877329577e-01
2.403824420330586131e-01
2.889620062322641458e-01
3.366395203028282879e-01
3.696054143887193555e-01
3.872951627688088760e-01
3.964507256235919042e-01
3.950117568907713927e-01
3.916930420157114234e-01
3.873710383270964064e-01
3.801382911384821317e-01
3.781429672685784338e-01
3.876718822576873391e-01
4.061576196310314191e-01
4.292796873273659330e-01
4.534012231823404404e-01
4.759064556758303421e-01
5.048491478655966480e-01
5.355026760255165996e-01
5.620769252480850575e-01
5.881537928786549907e-01
6.140555331476694745e-01
6.374819997060640064e-01
6.582784657537644746e-01
