2.087039449484384624e-06
1.489840195484354534e-05
4.811662910965859168e-05
1.178925417733601446e-04
2.173015524556457770e-04
3.342037422268513084e-04
3.350438516149009780e-04
-1.944072587054793588e-04
-1.338185435987491968e-03
-2.622204630184046814e-03
-3.728348664591399526e-03
-4.573304758076894919e-03
-5.211758467473056287e-03
-5.798799831296338504e-03
-6.325505239117634911e-03
-6.745870176021169159e-03
-7.039550281672167682e-03
-7.217327435944860016e-03
-7.295895057029861026e-03
-7.292108872430575969e-03
-7.220519762873958344e-03
-7.094110026094848330e-03
-6.903814320770577939e-03
-6.665568917951437272e-03
-6.403257793717636627e-03
-6.117615460928618049e-03
-5.822737677801816114e-03
-5.570893617127762459e-03
-5.349190765767611842e-03
-5.126704395178914055e-03
-4.883889405148461420e-03
-4.604794166488093872e-03
-4.280843693891989328e-03
-4.047193773931194449e-03
-4.604083160381778304e-03
-6.600397056179280013e-03
-9.021658259795806503e-03
-1.130842549765205714e-02
-1.339953788614324515e-02
-1.520455423185054430e-02
-1.685035297481422140e-02
-1.845747985133545238e-02
-1.992720537076050902e-02
-2.113412129291854583e-02
-2.195191237437617640e-02
-2.236190605119478536e-02
-2.247005555973140972e-02
-2.252524235443343140e-02
-2.256499820889094204e-02
-2.252268230457127318e-02
-2.232451758708381070e-02
-2.196063911709542071e-02
-2.150968197847056423e-02
-2.132030186342614292e-02
-2.177442876206189468e-02
-2.235197101128308383e-02
-2.271073566515386527e-02
-2.278011346106353571e-02
-2.263112605328506180e-02
-2.230665175865055583e-02
-2.178815068203159011e-02
-2.109335517959545769e-02
-2.030637149360074376e-02
-1.963362965304199168e-02
-1.909048387870986366e-02
-1.848792295419164275e-02
-1.771400024049610278e-02
-1.674228612038558203e-02
-1.558023827943950251e-02
-1.425645136998661411e-02
-1.285238735636698611e-02
-1.147110060069701440e-02
-1.012425791567141999e-02
-8.756954925470320991e-03
-7.344941220445319781e-03
-5.915125238827382594e-03
-4.463308601555711526e-03
-2.959254488626052518e-03
-1.395948234848632665e-03
1.659494117627448653e-04
1.686049711333262703e-03
3.207539281228828122e-03
4.715014782750132950e-03
6.168332445713338094e-03
7.593222424686124107e-03
9.045773720828683209e-03
1.055856726901353501e-02
1.217609638360783036e-02
1.389350411873328112e-02
1.566927885947997853e-02
1.751171245589313447e-02
1.942284791616496337e-02
2.138987312383229186e-02
2.337036162609687148e-02
2.534429868248209636e-02
2.732473580712276376e-02
2.931142344260403640e-02
3.131069974941536049e-02
3.336185368539194840e-02
3.548019198767792676e-02
3.763026895790662352e-02
3.979680950542649476e-02
4.195214953166460925e-02
4.408203463513139103e-02
4.619088191955560141e-02
4.827825388537032580e-02
5.039219673916113529e-02
5.258551659495526442e-02
5.489407552703157861e-02
5.733243697385547594e-02
5.985772048218043762e-02
6.238372362461594434e-02
6.481869945230263330e-02
6.703827038644209757e-02
6.868442198386814912e-02
6.963021668062183145e-02
7.033888000197000001e-02
7.117903731785060750e-02
7.225105606397135005e-02
7.340904711980783537e-02
7.459858333971197686e-02
7.602745203130115148e-02
7.781703066747847064e-02
7.994221673600428180e-02
8.228319367674481744e-02
8.468739224727332704e-02
8.700831926809533823e-02
8.944478525955303072e-02
9.214376624569113605e-02
9.510273504503516384e-02
9.830578964610649229e-02
1.017515226880318230e-01
1.052636464256063720e-01
1.082743370907679747e-01
1.106853869322240308e-01
1.130830910122741645e-01
1.157567015053681536e-01
1.186985685961642195e-01
1.219232483858054550e-01
1.254574369878280748e-01
1.292942799384116104e-01
1.332493419711709148e-01
1.366497472668842805e-01
1.390180854058983562e-01
1.412318160519757393e-01
1.438144467842255025e-01
1.468477335144424134e-01
1.502860750291777348e-01
1.541089431955051936e-01
1.582846966592746929e-01
1.627335991811178495e-01
1.673303518920645772e-01
1.720269300094182940e-01
1.767888911181306755e-01
1.815759460948613568e-01
1.863778468236630959e-01
1.911730760718598487e-01
1.959584562529794183e-01
2.007574686628108007e-01
2.056082514481648027e-01
2.105328702143039465e-01
2.155604361532565127e-01
2.206991195844020537e-01
2.259672186954415074e-01
2.313942416816147096e-01
2.369646610658287522e-01
2.426572239350982263e-01
2.484672669208181639e-01
2.543953271661655857e-01
2.604320993899379433e-01
