-4.279827285149020056e-06
-2.698665167347790174e-05
-5.575359329384103028e-05
-6.505987012058085401e-05
-5.676295797671040587e-05
-4.283707586933546214e-05
-1.596979236096371618e-04
-8.764819509767790128e-04
-2.382224336715968102e-03
-4.258110534396893770e-03
-6.158540162831832761e-03
-7.942621861189253993e-03
-9.609064854986318349e-03
-1.128275519698300131e-02
-1.294056303956645990e-02
-1.451899994670050563e-02
-1.597868877314160066e-02
-1.730881890355832550e-02
-1.851289812081477124e-02
-1.959869579599348224e-02
-2.057098865723920936e-02
-2.143836854964877373e-02
-2.218468576213695337e-02
-2.282129578857101937e-02
-2.337716675749040851e-02
-2.385676565132263324e-02
-2.427426080280184820e-02
-2.469204865479709271e-02
-2.511044607024361802e-02
-2.550598124116056076e-02
-2.586403591107909461e-02
-2.616934104373101408e-02
-2.640941452404024781e-02
-2.672137238198895107e-02
-2.787604915269664002e-02
-3.073214779096239413e-02
-3.442839120802029113e-02
-3.838004707035193308e-02
-4.246490370004573495e-02
-4.652784168827410471e-02
-5.063150023458818511e-02
-5.486821341946843816e-02
-5.911001729592688797e-02
-6.318250223077645500e-02
-6.689537791749912421e-02
-7.016233056082563091e-02
-7.303045951726967744e-02
-7.572847585537301196e-02
-7.830759683654993364e-02
-8.070908250377102633e-02
-8.285687079617261308e-02
-8.472663860696943994e-02
-8.638563614132535595e-02
-8.820767625170193582e-02
-9.067819865592087469e-02
-9.335962021558574797e-02
-9.589651335927326659e-02
-9.817458988420439681e-02
-1.002315445232483948e-01
-1.020770428126067386e-01
-1.036683277267673869e-01
-1.050041571234623800e-01
-1.061494338414283173e-01
-1.073243939083218107e-01
-1.085823212718116243e-01
-1.097360647428663877e-01
-1.106504923548396191e-01
-1.112828362858280518e-01
-1.116233739045689871e-01
-1.116745125883214645e-01
-1.114891040314555104e-01
-1.111811571714286240e-01
-1.107607448056248528e-01
-1.101880535503280412e-01
-1.094609532082661263e-01
-1.086092395358969620e-01
-1.076354252654007915e-01
-1.065183266039208126e-01
-1.052589598962003631e-01
-1.039262927191529767e-01
-1.025829183840707426e-01
-1.011834030752371133e-01
-9.971807142811070501e-02
-9.822299480099190572e-02
-9.669450692089567867e-02
-9.510173476949371207e-02
-9.342389861558371422e-02
-9.162226434121360785e-02
-8.969253430868072419e-02
-8.765522417166285440e-02
-8.550974936955015038e-02
-8.326379310682843760e-02
-8.093175434315494354e-02
-7.856032686512547103e-02
-7.617276981583456785e-02
-7.374726140762820348e-02
-7.125672933405984011e-02
-6.869162086943768342e-02
-6.603117141518580202e-02
-6.326385943268544865e-02
-6.041279935929692174e-02
-5.750779797319659908e-02
-5.458468480887818802e-02
-5.167298659225629670e-02
-4.878293536495941635e-02
-4.592791725943148884e-02
-4.308024967529008875e-02
-4.020084106751430769e-02
-3.724867969165887582e-02
-3.418294499277172577e-02
-3.103493028314903771e-02
-2.790064686209222863e-02
-2.489393369395048392e-02
-2.216947797962048536e-02
-2.016748247481422660e-02
-1.912689284511998739e-02
-1.865795213135932815e-02
-1.837808684723546762e-02
-1.813458377291403065e-02
-1.803254489254407442e-02
-1.811364681552856196e-02
-1.815199565616323549e-02
-1.796500904920601827e-02
-1.752494879394981067e-02
-1.690184956694084500e-02
-1.621210501264128828e-02
-1.560111351710083069e-02
-1.488856265731590585e-02
-1.389629981851545418e-02
-1.258389422577965884e-02
-1.093373254979585277e-02
-8.907490885142043541e-03
-6.648279568980758336e-03
-4.774904209352195256e-03
-3.480052408776068522e-03
-2.235275201366931919e-03
-7.201589500534207391e-04
1.106037663033139712e-03
3.289983503732617047e-03
5.903983508562647524e-03
8.990089559561556531e-03
1.238002636234541813e-02
1.533500206727388647e-02
1.725999799779613306e-02
1.892767088128955236e-02
2.089011205455337458e-02
2.333811171258760170e-02
2.630536962862067493e-02
2.978673673868820204e-02
3.381842290518319999e-02
3.841856161377570078e-02
4.349952568180844720e-02
4.900138337623558688e-02
5.484373222714013923e-02
6.094936364436917553e-02
6.728434917598914711e-02
7.379391347160167702e-02
8.044626292132694978e-02
8.726788159311338333e-02
9.431747040742972932e-02
1.016420377738503217e-01
1.092769456516519133e-01
1.172358069134318004e-01
1.255394064964945045e-01
1.342501318923346731e-01
1.433692763699310480e-01
1.529022890414830638e-01
1.628576521436775060e-01
1.732400202407398115e-01
1.840345476352028276e-01
