-1.454946521265573889e+00
-1.455956459022220262e+00
-1.456427138404519095e+00
-1.457592398453353422e+00
-1.459119778713410254e+00
-1.461960126235336110e+00
-1.450030517573699385e+00
-1.454745989643686510e+00
-1.456952276209398489e+00
-1.459931231961178355e+00
-1.464290500850156995e+00
-1.470636089054833562e+00
-1.476266554076146820e+00
-1.480103560084288672e+00
-1.486856044050584691e+00
-1.498798538793785440e+00
-1.519425588956538231e+00
-1.557081000017341399e+00
-1.644434898656109256e+00
-2.084431308192008281e+00
-6.723004518863886503e-01
-1.220602549375183532e+00
-1.320532719438926472e+00
-1.349808134868875520e+00
-1.364881062641925435e+00
-1.378064745283659853e+00
-1.376075732786333772e+00
-1.361805548548562506e+00
-1.358775945245708661e+00
-1.368210300917207078e+00
-1.382571725341723345e+00
-1.397461767882649752e+00
-1.408263319758491949e+00
-1.916294906346494242e+00
-1.464937690235239343e+00
-1.462391702056597298e+00
-1.464983571434421705e+00
-1.468462606675585036e+00
-1.472863956233303240e+00
-1.477994882316154390e+00
-1.481388210183343546e+00
-1.484934994475256786e+00
-1.491411068197800338e+00
-1.504127210563879657e+00
-1.531985498289869518e+00
-1.603354326107246264e+00
-1.705443513196817085e+00
-1.718901132628804840e+00
-1.785166574417994978e+00
-2.371432201227269054e+00
-7.932452041703283996e-01
-1.201523657134943246e+00
-1.187211852054214534e+00
-1.667312158315180426e+00
-1.540790316829899309e+00
-1.555816818526472245e+00
-1.629469146596467244e+00
-1.956838785285535343e+00
8.452192615328812941e-02
-1.157874303926692772e+00
-1.297090886688095912e+00
-1.343810176936824918e+00
-1.346497667135158061e+00
-1.310884261275340634e+00
-1.300029460233696810e+00
-1.343128461161678278e+00
-1.376188133895366317e+00
-1.396035289094816889e+00
-1.408748654033341596e+00
-1.416756529242163776e+00
-1.420774207673261902e+00
-1.422969225525386294e+00
-1.425992302526265076e+00
-1.429982035430273690e+00
-1.433592988620274511e+00
-1.436793476146357662e+00
-1.440158500279875353e+00
-1.443622489399145614e+00
-1.446731578581456068e+00
-1.449462342641593571e+00
-1.452230248341655816e+00
-1.455034794359873151e+00
-1.457873798775875862e+00
-1.460789605980359562e+00
-1.463484923361651813e+00
-1.465869415203888027e+00
-1.467848275817244863e+00
-1.469514998267634320e+00
-1.471443119552226619e+00
-1.473456796364737809e+00
-1.475299451205331902e+00
-1.477126064038249087e+00
-1.479260530865754930e+00
-1.481836773094372450e+00
-1.484351985298118626e+00
-1.486672631304853498e+00
-1.489005349351305352e+00
-1.490900941232584431e+00
-1.492144506735662901e+00
-1.493668559063729750e+00
-1.495639039737766574e+00
-1.497940641680076457e+00
-1.500736271940513067e+00
-1.503554172574010916e+00
-1.506467159874925077e+00
-1.508891842189834076e+00
-1.509953345686100512e+00
-1.510021120182578169e+00
-1.509501106419479655e+00
-1.509333713843979963e+00
-1.510611102470479139e+00
-1.513911558914635469e+00
-1.518956470098512090e+00
-1.532282509224553113e+00
-1.572596626994410718e+00
-1.637363131291567075e+00
-1.644822686883752549e+00
-1.612172951441688706e+00
-1.594547825271763308e+00
-1.595533255727729305e+00
-1.586384489998877712e+00
-1.564399001378107945e+00
-1.547477609180986313e+00
-1.538541645417011550e+00
-1.535426948148822746e+00
-1.538784616941589301e+00
-1.541092726583397354e+00
-1.536244386603353940e+00
-1.530860736390197152e+00
-1.527104937025336895e+00
-1.524035762917739456e+00
-1.521878240020515083e+00
-1.527729079263629997e+00
-1.546318917441959817e+00
-1.559626931130841054e+00
-1.554274482420755499e+00
-1.547286512521595547e+00
-1.542069744208125925e+00
-1.537045218313084272e+00
-1.532573733588658671e+00
-1.529547878069990929e+00
-1.534092405166288309e+00
-1.559335440695888142e+00
-1.588046566584182084e+00
-1.580406080083317066e+00
-1.565462250369439090e+00
-1.554572213329439734e+00
-1.546959555612493764e+00
-1.541173163232665289e+00
-1.537153313620477579e+00
-1.535528037710988114e+00
-1.535499077380532817e+00
-1.536013304946828972e+00
-1.537250017513277722e+00
-1.538850604916599973e+00
-1.540683518554543552e+00
-1.542805947621799678e+00
-1.544759703284613428e+00
-1.546093746888626663e+00
-1.546921971805485851e+00
-1.547319903067507996e+00
-1.547448037572592083e+00
-1.547510429213218686e+00
-1.547129702765105863e+00
-1.546682985664199705e+00
-1.546646832436695540e+00
-1.546813317055742543e+00
-1.546996016198486590e+00
-1.547289407737155065e+00
-1.547712723340018526e+00
