-3.547767800729377530e-02
-1.335797026888153882e-02
3.945039596684121741e-02
2.258803148132527625e-02
1.694596278846495843e-02
-4.738429906830507465e-02
-9.207859359201674421e-01
-1.310262236301436456e+00
-4.259579700800996127e-01
3.770489048202319005e-02
1.852126755612386044e-01
1.980043132093259606e-01
-1.199944098556917360e-01
-2.997667625869390728e-02
5.770738338030759196e-02
1.061389082303710041e-01
1.089880415209348308e-01
9.777642793092056195e-02
7.972338770999207180e-02
8.066010361831771336e-02
5.076980495687633682e-02
1.003423761931315911e-01
8.136608478354748208e-02
2.756663966403669411e-02
3.595619552545942926e-02
4.567318141128574177e-02
-8.917028941953822341e-02
-5.852686454549321793e-02
-1.290031926019313650e-02
6.144252005212299562e-03
3.089289214950952447e-02
5.864909355856850331e-02
4.253410182202440465e-02
-1.046568304161340057e+00
-3.128027991606327607e+00
-9.105678741337677184e-01
-2.150324383707011289e-01
-2.673596991992356342e-01
7.261831981810606962e-02
-1.324136595838235619e-01
-3.830116279485918929e-01
-1.305348148237577555e-01
6.953215011724131478e-02
3.697959028407030724e-01
4.511746287031893621e-01
4.311100847911985556e-01
-5.882799671203006731e-02
-6.691583066381096012e-02
3.559798684846586514e-02
1.723587222626407900e-01
2.016383109253256367e-01
1.802376168717298999e-01
-2.931158099920787574e-01
-1.469984335296521172e+00
-3.224227719768455458e-01
1.188441145609578087e-01
2.710563299352151123e-01
1.440704703243823048e-01
1.225923879299713470e-01
2.211714898901314674e-01
2.048557998898319910e-01
1.851503618651784699e-01
-2.449816326216560647e-01
-3.315172790493635668e-01
5.823336764877759530e-02
2.444907720827426412e-01
2.872713423044269687e-01
2.964146182906597371e-01
3.067684059679472997e-01
2.582679207701520929e-01
3.488461011446399723e-02
6.463086347232119278e-02
1.581338157299903013e-01
1.689980035391848157e-01
1.151640313828938833e-01
1.257931414959201355e-01
1.763656128172032822e-01
2.023950393779528623e-01
9.497381367542555297e-02
-3.145903410369860903e-02
1.082003455694877658e-01
1.259823379167910318e-01
5.002550749881830294e-02
7.026099758051115862e-02
1.366595548769350132e-01
1.498544435037935940e-01
2.331300265564360541e-01
2.376369267894520576e-01
1.921356896374654677e-01
2.155218405775737311e-01
2.004484689718241397e-01
2.030072336222965013e-01
1.204080847777931340e-01
8.903300661109940506e-02
1.402929358487179090e-01
1.924522308411175109e-01
1.953808996714959112e-01
2.364638859707514085e-01
2.666090260060745565e-01
2.237314375287239310e-01
1.901800716207749931e-01
1.418502539298330256e-01
9.838365872041324178e-02
1.062882883050109140e-01
6.870706830272121923e-02
1.283793114665636725e-01
1.874075131567448371e-01
2.390446738474785171e-01
3.261511985001845915e-01
2.741695121020122361e-01
1.318212812314534521e-01
-4.764531151277950904e-02
-1.228196755092743481e-01
-8.944894969892089875e-01
-1.399097806135358502e+00
-5.637034742442587065e-01
-2.861433210969695218e-02
1.972760885048654156e-01
-8.142612234496554580e-02
-2.413362293039743867e-01
1.890387445312851078e-01
4.387867171963930613e-01
4.387146884150324722e-01
2.972652163351102717e-01
1.702720596969868883e-01
-2.153782883370619350e-01
1.978415830699842282e-01
4.684783233212774789e-01
4.755305920655964469e-01
4.842863785806069687e-01
5.662933618658252399e-01
5.533952098264290909e-01
-6.479138819371582647e-01
-1.011723314588118150e+00
1.319432467336986714e-01
5.436438224534402286e-01
4.941916092772828950e-01
5.658003034432723677e-01
6.752358923749650632e-01
7.537421402048316565e-01
6.804571460888279022e-01
-4.923312885174736531e-01
-1.895751733336334066e+00
-1.891386535883598369e-02
6.399171457927655959e-01
8.535598659981697978e-01
8.561377435081730658e-01
8.115418431308402125e-01
8.757477447288035677e-01
9.486003624998987638e-01
7.636097989585994839e-01
7.304796921703331503e-01
6.232921502409488612e-01
5.164229663473145493e-01
5.258341633946068683e-01
4.504723336736514150e-01
4.191497664417778712e-01
4.858023842699989991e-01
6.023038070118970078e-01
6.784094708382821803e-01
7.481096243705719351e-01
7.745270310372708300e-01
7.926563665839725381e-01
9.474306512945730452e-01
9.235616295230176798e-01
9.568993219829824426e-01
9.829303936449104162e-01
1.016944272649415559e+00
1.001942443553886175e+00
1.016099793127781314e+00
