-5.165176181169908558e-03
-1.258450628815830502e-02
-1.381150176199650442e-02
-1.262540182414133468e-02
-1.336622780258151129e-02
-1.829534919414010571e-02
-7.928544239396902171e-02
-2.081448023623390098e-01
-2.938415861934351447e-01
-2.938789239152520549e-01
-2.591266714771145452e-01
-2.186139303077851981e-01
-2.004453334085814775e-01
-1.962300577176236682e-01
-1.818555438054072770e-01
-1.614596525422540008e-01
-1.402226448157055383e-01
-1.215737943472003230e-01
-1.070348959408785744e-01
-9.475200455992195681e-02
-8.526347466646196083e-02
-7.515003886515686515e-02
-6.383741218365256154e-02
-5.831852027042103148e-02
-5.641946427564970695e-02
-5.329918856482841055e-02
-5.798681517188861156e-02
-6.826387841634388998e-02
-7.319809256032269729e-02
-7.438855202322515459e-02
-7.349358269886112349e-02
-6.979998699494351089e-02
-6.585303428209576815e-02
-1.295262445974022514e-01
-3.763414994650184919e-01
-5.838952315391264802e-01
-6.054227262722954306e-01
-5.898046483552806807e-01
-5.595598653648681253e-01
-5.261694291319225503e-01
-5.232247932367668497e-01
-5.197653256454471959e-01
-4.898584108653664115e-01
-4.330330390272588148e-01
-3.601367592560668074e-01
-2.909509642633415494e-01
-2.587730229099671764e-01
-2.579385670505104922e-01
-2.519232079304253302e-01
-2.332895897697433718e-01
-2.076756057745550721e-01
-1.839757548994248038e-01
-1.923474164342541814e-01
-2.989444038620563404e-01
-3.933293987141976422e-01
-3.885231442215818509e-01
-3.509511735483977213e-01
-3.178035934027045872e-01
-2.965709736414824937e-01
-2.717104839883128786e-01
-2.453950240926086324e-01
-2.234710927890054266e-01
-2.301443165971237270e-01
-2.664312879353309960e-01
-2.797531714653245793e-01
-2.565109336597110046e-01
-2.228144390482909576e-01
-1.910041090714910128e-01
-1.612788842155630231e-01
-1.336116847602078217e-01
-1.239056606665795701e-01
-1.243622429712659544e-01
-1.150482585123100143e-01
-1.033609110813673571e-01
-9.673572177857880927e-02
-9.239622877821780655e-02
-8.524448727217323607e-02
-7.572479270357115877e-02
-7.303940364285554931e-02
-8.562255797902650067e-02
-9.571942251501137922e-02
-9.178192885030915515e-02
-8.768787011963898037e-02
-8.681472519197803994e-02
-8.388422041883629443e-02
-7.964925115183518756e-02
-7.237541245870045270e-02
-6.285111912463631212e-02
-5.513864085621280470e-02
-4.877739133690328632e-02
-4.535732788883494598e-02
-4.436313468607010202e-02
-4.892149041660415199e-02
-5.966489388862891013e-02
-6.695702978649775705e-02
-6.343100374790706930e-02
-5.361002236632174400e-02
-4.385273844917299962e-02
-3.407772630078523962e-02
-2.534073323899539015e-02
-2.223945966412049086e-02
-2.590585672187707342e-02
-3.508177596603689885e-02
-4.666670648333941240e-02
-5.973339095092301126e-02
-7.188490519946214019e-02
-7.936257771266562455e-02
-8.242226733010935003e-02
-7.662201997671864995e-02
-6.887508194723533650e-02
-7.504346911797184216e-02
-1.015761452179924085e-01
-1.408174004120176515e-01
-2.295683887127733247e-01
-3.860459453922767681e-01
-5.062290018410280368e-01
-5.370708766818651503e-01
-5.224424505637170757e-01
-5.149153601852984874e-01
-5.347703468329356724e-01
-5.382377615430543605e-01
-5.034293928570416909e-01
-4.592810423165269995e-01
-4.293140658810357113e-01
-4.161666162890556020e-01
-4.321437976438758932e-01
-4.440412406361634590e-01
-4.167450402973528201e-01
-3.756947058384285110e-01
-3.375396728695921889e-01
-2.969294063647695547e-01
-2.535276300557594009e-01
-2.873777436010085951e-01
-4.059523460934237882e-01
-4.625415085185455299e-01
-4.256738279921859491e-01
-3.722360733951652900e-01
-3.236009443513527817e-01
-2.698146027459661922e-01
-2.088019933434652753e-01
-1.530556789779977389e-01
-1.819261574958095373e-01
-3.564808608542062718e-01
-4.742630545901522221e-01
-4.381158432707696893e-01
-3.541869675598740552e-01
-2.615673929650886298e-01
-1.851401950576325173e-01
-1.181457263839102989e-01
-4.085838715914619224e-02
2.951565064645322867e-02
8.181961761117365062e-02
1.168398037150271684e-01
1.311556457943485188e-01
1.377211541494022529e-01
1.387347824049485201e-01
1.313544143717321477e-01
1.281680556604359034e-01
1.405251583250417824e-01
1.680394063543576566e-01
2.039801286234279587e-01
2.425226002512669010e-01
2.794425162912446692e-01
3.257218201578945815e-01
3.777001714933058141e-01
4.279181478506635661e-01
4.803936444824719598e-01
5.329432098484876423e-01
5.818166246576443879e-01
6.259439231564225548e-01
