-2.358794708922331562e-01
-2.373435904525440510e-01
-2.419459879925193180e-01
-8.061653285187375673e-02
-2.257799057450570190e-01
-2.142152501650702034e-01
-2.362026891253696803e-01
-2.370055665239485521e-01
-2.385188353420717444e-01
-2.407830898654774732e-01
-2.436923012063796357e-01
-2.471646166229751751e-01
-2.501346985478531959e-01
-2.525150997292269217e-01
-2.556513564769607449e-01
-2.596976889783079723e-01
-2.645950516997486734e-01
-2.702140459127378436e-01
-2.764805905737796055e-01
-2.836295423484216927e-01
-2.915208741042050189e-01
-3.015346185107866672e-01
-3.151644811125654533e-01
-3.290918869830574134e-01
-3.433043973426952999e-01
-3.620735926020818285e-01
-3.701982664290900393e-01
-3.664795099689800995e-01
-3.697223393579591177e-01
-3.794643514013775198e-01
-3.956936200036820228e-01
-4.244913445664411089e-01
-4.665110163299344692e-01
-3.384190051995006887e-01
-2.666668758435770670e-01
-2.559123853001856186e-01
-2.561447933854066883e-01
-2.577550665406959096e-01
-2.600633352686753108e-01
-2.627495748400235365e-01
-2.644550147026881737e-01
-2.662644456684710725e-01
-2.693351317602687978e-01
-2.742181716156961158e-01
-2.814111684287773363e-01
-2.907213195039517473e-01
-2.984971554274423178e-01
-3.030408252130312730e-01
-3.085959187932130754e-01
-3.172030945002739521e-01
-3.294898767796235473e-01
-3.447199388564303191e-01
-3.511807250343124132e-01
-3.264692489057455238e-01
-3.111894460342679580e-01
-3.136916097496476041e-01
-3.226811344297915163e-01
-3.336351268601898679e-01
-3.442883782058906439e-01
-3.584538683221544231e-01
-3.780430115728033447e-01
-4.020589886448641126e-01
-4.113546949572759459e-01
-3.989765316141751783e-01
-3.984757230992161947e-01
-4.209577383387569371e-01
-4.644422478427997492e-01
-5.383526845407921035e-01
-6.828920387402099834e-01
-1.039358966305897969e+00
-1.783533496912448113e+00
-3.243651167518512679e+00
8.076066503967771482e+00
1.208476303378076322e+00
6.058528692850901898e-01
3.855470771828921617e-01
2.398537138144984926e-01
1.353134631124228715e-01
8.036950879213966559e-02
6.918743290143758440e-02
5.864049380430513825e-02
3.233833271516839414e-02
1.629715264552566989e-02
7.452739038126154902e-03
-7.609735903813863445e-03
-2.658406617116415571e-02
-4.874566981054473391e-02
-7.127520937247266986e-02
-8.810555232587069519e-02
-1.016592874119753853e-01
-1.135706728228851325e-01
-1.236691021261915324e-01
-1.309165989804457197e-01
-1.352971675230855153e-01
-1.397557629368600951e-01
-1.457460134116391748e-01
-1.521754355667698233e-01
-1.587370025773088278e-01
-1.656213391953408332e-01
-1.717506420177690174e-01
-1.766910335653274489e-01
-1.806419623245555384e-01
-1.836961326757665658e-01
-1.863870925019711633e-01
-1.887936466138501190e-01
-1.913128418257721286e-01
-1.945659340287341221e-01
-1.983857998542296608e-01
-2.027374169144218752e-01
-2.069597361522045875e-01
-2.102538196242395019e-01
-2.124427798399244893e-01
-2.138313258000865691e-01
-2.120037745639615778e-01
-1.962007567689741938e-01
-8.411838704546825696e-02
-9.066390586896085901e-01
-6.389858594984637596e-01
-5.172445023498166705e-01
-3.586440133322231216e-01
-3.380841848842646713e-01
-4.281390316997302770e-01
3.701939496146742226e-01
-1.043343703570790426e-01
-1.501522263214010167e-01
-1.476700298375471787e-01
-1.470849174960220385e-01
-1.803033900061506989e-01
-2.010722060491798024e-01
-2.121787425025911111e-01
-2.196020259811909403e-01
-2.249425672425906519e-01
-2.274476483961401230e-01
-2.272990789797730837e-01
-2.275310270254607969e-01
-2.310942470363268608e-01
-2.342785234905107039e-01
-2.367834507334617977e-01
-2.388304254164732021e-01
-2.405369118278840035e-01
-2.421236694291293845e-01
-2.447271631581154350e-01
-2.518583893947657359e-01
-2.633000147965754434e-01
-2.634275900567492057e-01
-2.595426587765809479e-01
-2.567769433543501956e-01
-2.554288712063945144e-01
-2.547767138578160839e-01
-2.544085451767633677e-01
-2.546163370836097006e-01
-2.553355875249385121e-01
-2.563592734694131736e-01
-2.577297626106178630e-01
-2.592617336314739229e-01
-2.609169971686232103e-01
-2.627475148013413420e-01
-2.645420590028653707e-01
-2.660681844068308877e-01
-2.673145016878001323e-01
-2.683654879342229904e-01
-2.693153847932515665e-01
-2.702511961355330561e-01
-2.709825195146578491e-01
-2.716099084107678752e-01
-2.723080327624712305e-01
-2.730075394924941778e-01
-2.737095816071565269e-01
-2.744705553631180961e-01
-2.753078579733141407e-01
