1.254118685647088310e-02
2.169738508383034503e-02
6.477731631932442946e-02
4.453600939235290157e-02
4.499611332737470798e-02
-2.559193785550007566e-02
-8.598745530921761970e-01
-1.169634437619174072e+00
-2.500456902532897097e-01
1.873971818031395509e-01
2.943668899838201569e-01
2.680338955284622404e-01
-6.518667879464716541e-02
1.845184337946432357e-02
9.813783655993764399e-02
1.427622788670973031e-01
1.306308892211020256e-01
1.180956957721348427e-01
1.008177731783696379e-01
9.375519889359031078e-02
6.685027761280826208e-02
1.095801780422426680e-01
8.678133684568743733e-02
4.351502060893880364e-02
5.574666582048309893e-02
6.029869124139417003e-02
-6.472640597796949780e-02
-2.510153421924220599e-02
2.403556629513635412e-02
4.870644360191854483e-02
7.457832822667484485e-02
9.794987071254235289e-02
7.847278477545506503e-02
-9.698803074567955429e-01
-2.889270441417415292e+00
-5.703998271569882261e-01
8.712987809497838021e-02
-8.505819321409757716e-03
2.953658603867209131e-01
4.349686473380082186e-02
-2.103573536480614903e-01
2.644465345869329020e-02
1.984390449490761876e-01
4.614454591278460138e-01
5.103068389550373674e-01
4.554709083899969868e-01
-4.035244503315413983e-02
-2.521989570574161010e-02
8.744612861004545656e-02
2.335692487925164762e-01
2.543256490939461156e-01
2.239105267498521790e-01
-2.350865861876706986e-01
-1.328332054018625419e+00
-1.223544534520999011e-01
3.047174457820845950e-01
4.221980882363576826e-01
2.875810654185535498e-01
2.326634986941672201e-01
3.176509945110915778e-01
2.983835563821763959e-01
2.563631848001011182e-01
-1.617741185758931055e-01
-2.105825805188571154e-01
1.644747615458831413e-01
3.242878411161985719e-01
3.668793318959816530e-01
3.695452030914560537e-01
3.618593771101827894e-01
2.627174679623827114e-01
7.300670952555894655e-02
6.695053682071452905e-02
1.745383831768571592e-01
2.217155473301998803e-01
1.555149376829949026e-01
1.688958239497094505e-01
2.258584121675804579e-01
2.636118731861725184e-01
1.550368972586713689e-01
5.720541751657287621e-02
1.826525953820959669e-01
1.507696287079568764e-01
5.899245993697019297e-02
1.012478201678558704e-01
2.011313285087646952e-01
2.248992163335963856e-01
3.222793526042775358e-01
3.265658291164094118e-01
2.391198862550403537e-01
2.846999416799365634e-01
2.863731595806464636e-01
2.884970954572360635e-01
2.120058984774821631e-01
1.794290063245136124e-01
2.201378241227648913e-01
2.190220126718834814e-01
2.159181347940698770e-01
2.905761074947007527e-01
3.334942616093647949e-01
2.567292972282379515e-01
2.572802756275667235e-01
2.061041588137503822e-01
1.793595433542942152e-01
2.003201751391048280e-01
1.684723260552616342e-01
2.547449868049690425e-01
3.370305787517863805e-01
3.934938203123302669e-01
4.459894115671684811e-01
3.907509019402672923e-01
2.657658153476684104e-01
1.102015927970216025e-01
4.467764750213687464e-02
-6.483990554431170450e-01
-1.083314281527047118e+00
-1.932551352759175611e-01
3.262744812182878373e-01
5.163502307406103720e-01
2.166094837197500289e-01
5.477296712327876793e-02
5.001643316253722160e-01
7.001228181046739163e-01
6.916229237718642953e-01
5.193343981910696350e-01
3.636968116522161787e-01
-3.013403067177375383e-02
4.276734089119754723e-01
6.722621963827235536e-01
6.504658029498193716e-01
6.453024347828721918e-01
6.988241954543294998e-01
6.410417641824344148e-01
-5.015009440433857435e-01
-8.297289362753967890e-01
3.635587346520630092e-01
7.459465676738012974e-01
6.556783696930729155e-01
7.221598656397363314e-01
7.963510676121230425e-01
8.331414230974025781e-01
7.477632123238953099e-01
-3.357767687519683797e-01
-1.722193371861857614e+00
2.327202509616242698e-01
8.848495632278650103e-01
9.809724535494093178e-01
9.109065258938449094e-01
9.281144721289319444e-01
9.285575223704756187e-01
8.733200151599025407e-01
6.617948443841338291e-01
6.394315986339136337e-01
6.006069358572010408e-01
5.277275447075251424e-01
5.423457541080687339e-01
4.968065772015090586e-01
4.918757995102002734e-01
5.300605894281893438e-01
6.085041319340596111e-01
6.349239522603072894e-01
7.026328203244691650e-01
7.123390168600636230e-01
7.433129308378417788e-01
8.327888798895044520e-01
8.076295012748724300e-01
7.905648175758833718e-01
8.004939440612375279e-01
8.220235414866462476e-01
8.119391953443844123e-01
8.236479503699739579e-01
