-3.181576623587852037e-02
-6.629996614101530891e-03
4.082371940931955878e-02
1.780285103973816563e-02
1.022046067359179584e-02
-4.823805136231230917e-02
-8.222843271088069450e-01
-1.033968639069408946e+00
-9.395764948290347141e-02
2.828390269749470054e-01
3.202778367149480276e-01
2.487461886212349871e-01
-9.155491127045151112e-02
1.777800710286200903e-03
7.492775848780179604e-02
1.016287753254230125e-01
8.615405965146710754e-02
6.410485179842197179e-02
4.190607079349745190e-02
4.160446732604588388e-02
1.391507229454384646e-02
6.229946656564423757e-02
4.031636914111639408e-02
-8.263689418021639282e-03
7.146462934689724184e-03
1.964322712639901547e-02
-1.003293050111908197e-01
-5.191377927726436442e-02
-2.195268044672828156e-03
1.364928505608029898e-02
3.218241631597734687e-02
5.099562624689544382e-02
2.846090562497063242e-02
-9.509835298712527862e-01
-2.655161102698512909e+00
-2.485545879822038673e-01
3.090352704908924109e-01
1.149765280272211365e-01
3.335255474853277557e-01
4.311930487144921553e-02
-2.189592174016632420e-01
2.133021262524420480e-02
1.716103003817072703e-01
3.920634301832554014e-01
3.884831803894992497e-01
3.091237380316622652e-01
-1.665924291477338393e-01
-1.233187026467816583e-01
2.203890872531172329e-03
1.309142889873549098e-01
1.404291014885416244e-01
1.060720894820225413e-01
-3.249400183924898156e-01
-1.313165426061768670e+00
-6.354435460416943404e-02
3.005931810309988017e-01
3.503689129995414264e-01
1.579661260774305465e-01
1.075112889678091765e-01
1.791493139141898672e-01
1.388949720842218849e-01
1.072381066596432703e-01
-2.845140101192006332e-01
-3.011451089214504662e-01
1.005115426489813224e-01
2.422162559158381190e-01
2.362632572549167587e-01
2.095888738894507719e-01
1.951160300467371655e-01
1.348009500514886216e-01
-6.902934370135735409e-02
-1.095216914652165363e-02
8.852397655983595959e-02
9.416791721292275263e-02
4.160524102025642268e-02
5.648619526704709570e-02
1.036468269867247827e-01
1.205056805930870001e-01
1.607062068502494723e-02
-8.633203604480756133e-02
6.499623107325115667e-02
7.659842589708890093e-02
3.003313352437614325e-03
2.907674644038234224e-02
9.064178968046729401e-02
9.374809279167971299e-02
1.608306888610248064e-01
1.474300251588554767e-01
9.474218080311952450e-02
1.149321118778209583e-01
9.736264242582703954e-02
9.930681689889542252e-02
2.459752738118001214e-02
8.481928740976640846e-03
6.686720773665580375e-02
1.138569361125011670e-01
1.087388027998037743e-01
1.401546829766191216e-01
1.574934169680779483e-01
1.082563674705523116e-01
7.769081671833041880e-02
3.907482570890144502e-02
1.038553155036553433e-02
3.060331625979137438e-02
4.108459097043687391e-03
6.789265246523276676e-02
1.184032809450211998e-01
1.542422321020465448e-01
2.178436766247053569e-01
1.487669340833291109e-01
1.452078126111672196e-02
-1.292145086193212944e-01
-1.585625175998899850e-01
-8.148545346310454018e-01
-1.128123886097325723e+00
-2.135511632032010276e-01
2.464889761808749247e-01
3.557627906278675312e-01
1.200474281162317025e-02
-1.495059554195932172e-01
2.489687249929979918e-01
4.160995785162234784e-01
3.419430630328400555e-01
1.675842389173816116e-01
4.453462807066910223e-02
-2.880719676356440218e-01
1.491011929564341476e-01
3.721937007375512030e-01
3.251250232647923122e-01
2.976503699988750640e-01
3.471816836387521810e-01
3.078069715252660932e-01
-7.854469751215382711e-01
-9.408573304558492945e-01
2.491456082801129512e-01
5.513478333821605348e-01
4.019878424472471679e-01
4.063229385738654775e-01
4.552434094722604963e-01
4.775450170296816066e-01
3.690886501953041243e-01
-6.990692536032409032e-01
-1.791408208756505083e+00
2.098583385343602559e-01
7.217556792420816159e-01
7.634533711458839633e-01
6.374522267945677001e-01
5.147665142225934520e-01
5.259886400162525621e-01
5.518430413562581682e-01
3.495626821360681147e-01
3.243183673597578309e-01
2.359564259681934950e-01
1.611622852983038978e-01
1.991213135884442598e-01
1.489682909475170125e-01
1.433457696541766691e-01
2.221822448943832629e-01
3.287740183422537266e-01
3.807582923947607223e-01
4.212992436724336542e-01
4.203304732994752602e-01
4.167203245526585054e-01
5.399667606010041254e-01
4.851687933392757612e-01
4.971602041720455389e-01
5.038983342123067866e-01
5.197253988109042933e-01
4.916259599398630220e-01
4.970817011896717652e-01
