1.493388927943274028e-06
1.103289543363187866e-05
3.845082587884189699e-05
1.000071380432404871e-04
1.883838542219357288e-04
2.911871903218267552e-04
2.765733512951912970e-04
-2.613956466895931384e-04
-1.393708787001719449e-03
-2.642698958734114416e-03
-3.698578864568788632e-03
-4.488616113666332383e-03
-5.075211240910247092e-03
-5.616008613319514557e-03
-6.101858245805975335e-03
-6.487856371926806372e-03
-6.755490100670205091e-03
-6.916585972137890420e-03
-6.988487010800322266e-03
-6.988039772694514852e-03
-6.929013213190626103e-03
-6.823565050385680189e-03
-6.661698900321479447e-03
-6.458764938334941516e-03
-6.238044844938593798e-03
-5.999236800139249801e-03
-5.755287846541981903e-03
-5.556976207378120682e-03
-5.389743623073550011e-03
-5.222184003602995880e-03
-5.035242720927987116e-03
-4.813659957470094175e-03
-4.549490762695488147e-03
-4.377259916141239791e-03
-4.986716647430467289e-03
-6.999662360502707792e-03
-9.387731036581740962e-03
-1.160464041281984195e-02
-1.360506221455885616e-02
-1.531188562837559192e-02
-1.686089274560250914e-02
-1.837557645138269621e-02
-1.975877380617179629e-02
-2.088924578083471012e-02
-2.164705685641756319e-02
-2.202024980216651939e-02
-2.211810383555551374e-02
-2.218692246602512602e-02
-2.225880735479474071e-02
-2.226398426748179768e-02
-2.212854797509688359e-02
-2.184311148108833769e-02
-2.148559478085994637e-02
-2.139911774619647142e-02
-2.195125029908216729e-02
-2.261376440717252634e-02
-2.305128963171435008e-02
-2.320269263370649745e-02
-2.314579031931953898e-02
-2.292538566529295566e-02
-2.252455293239154568e-02
-2.196255870009636291e-02
-2.132257426594500252e-02
-2.080678469324849164e-02
-2.042441720383567083e-02
-1.998345500851317347e-02
-1.937419882625402573e-02
-1.857463560869701893e-02
-1.759536495668490366e-02
-1.646559359137300671e-02
-1.526464989983857337e-02
-1.409316605725309361e-02
-1.295757823515493977e-02
-1.180180031275635498e-02
-1.060318637727150279e-02
-9.388083615927755171e-03
-8.151619725485911502e-03
-6.864116248656002006e-03
-5.519843976258616454e-03
-4.179340901132505559e-03
-2.881748395432105411e-03
-1.581306853840765874e-03
-2.904614179933206163e-04
9.526303457486355510e-04
2.173324656117029113e-03
3.425121350618989726e-03
4.737924108315662991e-03
6.153186264479078987e-03
7.664172253477832819e-03
9.230281904679020835e-03
1.085890359234968454e-02
1.255087753296427189e-02
1.429335781020593839e-02
1.604482404244007149e-02
1.778739288322650838e-02
1.953671512765323137e-02
2.129574270843885217e-02
2.307129317877101501e-02
2.490026154031404343e-02
2.679608687538514306e-02
2.872384008567762520e-02
3.066752972442343336e-02
3.260020571662911731e-02
3.450838100245657430e-02
3.639706895510659568e-02
3.826625756313325327e-02
4.016265447374948311e-02
4.213634291442914376e-02
4.422099968331946740e-02
4.643040412701286701e-02
4.872061150029614873e-02
5.100563650275419941e-02
5.319647863791807790e-02
5.517353891324112969e-02
5.658732121538927878e-02
5.732530334741085115e-02
5.785572635457300605e-02
5.853921959880754866e-02
5.946456485867291503e-02
6.047846854433400199e-02
6.152417180019230381e-02
6.280475197876017601e-02
6.443459239287858964e-02
6.638170331887463527e-02
6.852474539109347507e-02
7.071472184813511197e-02
7.281178516193112515e-02
7.501684240290641681e-02
7.747440669087246601e-02
8.017900745171042953e-02
8.311302174563771350e-02
8.627490875506790835e-02
8.949056076336488197e-02
9.220271980288054225e-02
9.433246705143025213e-02
9.647050256727802975e-02
9.889686572683034638e-02
1.015947571504789149e-01
1.045716130642328351e-01
1.078493947851100615e-01
1.114180291932605066e-01
1.150913410450641883e-01
1.182054480777962879e-01
1.203116135030408984e-01
1.222985101749485548e-01
1.246760204792913829e-01
1.275129469945640859e-01
1.307527636475739330e-01
1.343638286197670895e-01
1.383120883023829517e-01
1.425213042522573970e-01
1.468687946407213896e-01
1.513081887452967511e-01
1.558046793373596972e-01
1.603197886201004063e-01
1.648464028862855202e-01
1.693648611875223642e-01
1.738741201480542009e-01
1.784012806849828991e-01
1.829873195072628245e-01
1.876557338170737887e-01
1.924343167495419504e-01
1.973295538654241399e-01
2.023579811285922958e-01
2.075493935085254149e-01
2.128870994155427632e-01
2.183509655905943869e-01
2.239367434130513368e-01
2.296446881474749069e-01
2.354647449461980124e-01
