-4.027326868857653912e-06
-2.391368904885367996e-05
-4.514669666307509916e-05
-4.514871133953825299e-05
-3.028044499769861020e-05
-1.422159014087199643e-05
-1.238562666271957058e-04
-7.581196173878566825e-04
-1.980018511729264054e-03
-3.309710163175875151e-03
-4.442433018034096757e-03
-5.312000449495322789e-03
-5.984198462057231487e-03
-6.616781200603303464e-03
-7.198638545574710668e-03
-7.686390104881928205e-03
-8.065395976564398300e-03
-8.347318160385419628e-03
-8.552247114174920187e-03
-8.698560677317456608e-03
-8.797535030416204702e-03
-8.860802462027016560e-03
-8.875339393378180175e-03
-8.855794707059033016e-03
-8.828703834937744188e-03
-8.793307310967212256e-03
-8.759254778083300219e-03
-8.777159143227649882e-03
-8.831851340323288585e-03
-8.892234186541501592e-03
-8.941971434546489017e-03
-8.967300272992095173e-03
-8.959790708735242831e-03
-9.052257989850466535e-03
-9.926094227208887011e-03
-1.218645545783246173e-02
-1.479641874202563233e-02
-1.721759000278535318e-02
-1.941769690615852140e-02
-2.133188506549736282e-02
-2.309908396663811619e-02
-2.484527089244766701e-02
-2.647090054848050614e-02
-2.785463607817522183e-02
-2.888109712220493161e-02
-2.954593319293698575e-02
-2.995966944229648196e-02
-3.036586523983200031e-02
-3.079580135670832025e-02
-3.118028895144095425e-02
-3.145023678626195085e-02
-3.159646788062997480e-02
-3.169419517687218496e-02
-3.208189862104208340e-02
-3.312001086294812796e-02
-3.427808103567983600e-02
-3.522788373820200797e-02
-3.591710251855750879e-02
-3.643274640314732998e-02
-3.681299984731909586e-02
-3.704027430589020009e-02
-3.713639032436447801e-02
-3.717770575145927514e-02
-3.736238818970260417e-02
-3.769634577420773874e-02
-3.797539138399748382e-02
-3.808740186397150534e-02
-3.802222574216353179e-02
-3.779771671798816401e-02
-3.743684775001380333e-02
-3.700252981871113983e-02
-3.659769709787970976e-02
-3.621105344007554544e-02
-3.579245372041446605e-02
-3.533702516742732308e-02
-3.486886855067190816e-02
-3.438263745736703375e-02
-3.385388809597632970e-02
-3.328409883279394299e-02
-3.273538781873697873e-02
-3.225025725338199339e-02
-3.176791050422909241e-02
-3.127507566865965483e-02
-3.080121293087587780e-02
-3.033397500854597556e-02
-2.984058383644291185e-02
-2.930385712423000041e-02
-2.869359737597540830e-02
-2.801646214066365673e-02
-2.729830667210249306e-02
-2.654034247199721017e-02
-2.575114479433948667e-02
-2.494372299966564344e-02
-2.415749290049915357e-02
-2.340267663566526768e-02
-2.264836092850571955e-02
-2.186651144713950071e-02
-2.105022593505601752e-02
-2.018338507776214902e-02
-1.926155457310070596e-02
-1.831156986133896519e-02
-1.736028046829980048e-02
-1.643493028861489971e-02
-1.555208473328244419e-02
-1.470904322647133798e-02
-1.390737527511266142e-02
-1.311212752209553814e-02
-1.228623020284515255e-02
-1.139782054577785989e-02
-1.042136449281637345e-02
-9.400560263606702951e-03
-8.426930737436858984e-03
-7.589282581910116593e-03
-7.001076869948283724e-03
-7.012842361879662555e-03
-7.721584029668051956e-03
-8.655389464879554434e-03
-9.458711663857201704e-03
-1.005101593422908293e-02
-1.059081496835169445e-02
-1.113785469846258723e-02
-1.149990462842234717e-02
-1.156374226131265393e-02
-1.137137366040851492e-02
-1.103692950631551643e-02
-1.069048560040600400e-02
-1.045747011657837885e-02
-1.014664392904209185e-02
-9.613647227075394416e-03
-8.862505924547089617e-03
-7.911147339115368049e-03
-6.752827973022463258e-03
-5.549008438022971432e-03
-4.850457175641090940e-03
-4.707053947181445361e-03
-4.531760205487805719e-03
-4.056810072970658265e-03
-3.308751491688517558e-03
-2.294816129442047228e-03
-9.941675918343417448e-04
5.860876983811091293e-04
2.249989094543244743e-03
3.329541041903014142e-03
3.435168298240024419e-03
3.461173480766990135e-03
3.894374193685121253e-03
4.813284391273415716e-03
6.151771336659015224e-03
7.832062905153596918e-03
9.835327463787612093e-03
1.213287359397433388e-02
1.461134469606290703e-02
1.720810788549683237e-02
1.985383327356700367e-02
2.249595928725454247e-02
2.512877997148724174e-02
2.772620426756642123e-02
3.028666239086869744e-02
3.285879744213801579e-02
3.550803164905768500e-02
3.827557056652779871e-02
4.118464113593519466e-02
4.423544076462308100e-02
4.743674445534113576e-02
5.083322120322231880e-02
5.440683933618481460e-02
5.814966409664885927e-02
6.205894442503014086e-02
6.612987537842350549e-02
7.034207276965920297e-02
