-6.345517048341207727e-04
-7.199689584452498986e-04
2.798768552217837952e-03
6.824536614158103684e-03
8.971280403836549150e-03
6.766348389512528289e-03
-4.752102299241735273e-02
-1.517449466686173754e-01
-1.986057359419030333e-01
-1.676689822599139457e-01
-1.177620113598478457e-01
-7.536194326065509541e-02
-6.226300982399601142e-02
-6.262154334151583124e-02
-5.312442322404664630e-02
-3.846643178640100913e-02
-2.450523506621547776e-02
-1.382947153749397064e-02
-6.248475450229507185e-03
-4.681082526391822096e-04
3.124405770399165273e-03
8.017018914265693422e-03
1.359547674263027021e-02
1.475744339025224575e-02
1.453299212400666236e-02
1.583107751582680037e-02
1.009019325973533471e-02
1.649951038531735290e-03
-2.501125344045364990e-04
1.823040966462230721e-03
5.898442133409280419e-03
1.178049728823220982e-02
1.665893540229732364e-02
-4.210439698790489904e-02
-2.557507693796126080e-01
-3.894537680423304504e-01
-3.478712841548232682e-01
-2.940927977826690021e-01
-2.423246822489272256e-01
-2.022349794421781088e-01
-1.979534405154551868e-01
-1.927473452146190314e-01
-1.657468305748718562e-01
-1.191802458575065282e-01
-6.475623325346319126e-02
-1.997588563203944734e-02
-1.323017448575759467e-02
-2.916512969907127453e-02
-3.269889148782811894e-02
-2.042677504276478595e-02
-1.389231606059106866e-03
1.424432522784909588e-02
-5.805549056515594414e-04
-9.932196045333575862e-02
-1.627580138848455649e-01
-1.304364324088716220e-01
-7.889114299620023085e-02
-4.123793102110121650e-02
-2.059863030032187473e-02
-2.520764502058348011e-04
2.017303115261197266e-02
3.470614864879389971e-02
2.141036562321407127e-02
-1.216272129806032776e-02
-1.847137403183039470e-02
5.394921696545335738e-03
3.465374989471248224e-02
6.015658401734784444e-02
8.126920420922227606e-02
9.474109996147143942e-02
9.107397019636823132e-02
8.021266626088827123e-02
7.924331252005671622e-02
8.571582316572351479e-02
8.917883711117630119e-02
9.015730189487035362e-02
9.514759032775974013e-02
1.039758706609198030e-01
1.066477719427667004e-01
9.754921041842534724e-02
9.324396019319933226e-02
9.625475698434321492e-02
9.341297799217505859e-02
8.897136745349099041e-02
9.192963958390815149e-02
9.939156467351778490e-02
1.114463908108995899e-01
1.258107517149017196e-01
1.338452363939272582e-01
1.395368806378227688e-01
1.460566980516963265e-01
1.517199972095331917e-01
1.524287930965199100e-01
1.479976489752350133e-01
1.462939947164965393e-01
1.490887706079797037e-01
1.527169524764190323e-01
1.591206160430060357e-01
1.693917105732877793e-01
1.761400049732456674e-01
1.780788533567367882e-01
1.765617813984653173e-01
1.715179839185411725e-01
1.672045564332169387e-01
1.628713669441664569e-01
1.622216499991854799e-01
1.695222513016196308e-01
1.819384359053700662e-01
1.985791876471535433e-01
2.123413563489122136e-01
2.134533614713244598e-01
1.990509337270628398e-01
1.764381144140137747e-01
1.134538457260325234e-01
1.280461878856303803e-03
-6.027035139409805259e-02
-3.861817438026154958e-02
1.192788612159029898e-02
4.178743278600929867e-02
4.034878520841818361e-02
5.657020230787711268e-02
1.036171997311050585e-01
1.511894801149814282e-01
1.800681809775629416e-01
1.886332940912488487e-01
1.680027639346772794e-01
1.600082789759981194e-01
1.912648568603417532e-01
2.284312049619354190e-01
2.582320021522372389e-01
2.871772796549230122e-01
3.130009965219671675e-01
2.657248049654761246e-01
1.537960132823373849e-01
1.185374355998057572e-01
1.698762969443022852e-01
2.229486172646842068e-01
2.641109479734405352e-01
3.055586007681185823e-01
3.471331453246886412e-01
3.797906581218922772e-01
3.386008067556182111e-01
1.733239582789697364e-01
8.888561889643943614e-02
1.530544970232396995e-01
2.400453831010798678e-01
3.114496546601832061e-01
3.650262222355840080e-01
4.100000484818598356e-01
4.498979227319282459e-01
4.730125670811282101e-01
4.829932473432567153e-01
4.886618962097664665e-01
4.873060607618518447e-01
4.849416032321700043e-01
4.822208239286452924e-01
4.776180564024644637e-01
4.774616479990006490e-01
4.863099414603003212e-01
5.013693086330963666e-01
5.205518428605374615e-01
5.408150910850864079e-01
5.600369558696495220e-01
5.846636532918564333e-01
6.100046537134270475e-01
6.313042526264694976e-01
6.486184624412038024e-01
6.621553640812736230e-01
6.747234275061891884e-01
6.881829253528364276e-01
7.039604609409110259e-01
7.216924037107214085e-01
7.406593635311353729e-01
7.595781359250546316e-01
7.769211928686931001e-01
7.917398509238416926e-01
8.040330219961787650e-01
8.145784047604093248e-01
8.247954119310260124e-01
8.351128230846140976e-01
8.455923828726809033e-01
8.570145581906453147e-01
8.700090118686130136e-01
8.854651245948871319e-01
9.041411781512016521e-01
9.237182022358411126e-01
9.429474557995495276e-01
9.606593089284800602e-01
9.767386051138433611e-01
9.912524361011079144e-01
1.003758289357571387e+00
1.015283886347851494e+00
1.027156653327446101e+00
1.040309507952800638e+00
1.055085150716499776e+00
1.072515293160076322e+00
1.092015438607393252e+00
1.112410935804966527e+00
1.132138022025723556e+00
1.148967623526647941e+00
1.162206265152461837e+00
1.173297375664037911e+00
1.183638660270517340e+00
1.193763063639987854e+00
1.204729937316222799e+00
1.217746967810519276e+00
1.232996773456362494e+00
1.248489284451955283e+00
1.263145146235089111e+00
1.277331756126841578e+00
1.289833778757433658e+00
1.300230754211106676e+00
1.309524668175608531e+00
1.318763765659309417e+00
1.328554917436149285e+00
1.339229919412515235e+00
1.351968176608588257e+00
1.366793711496183006e+00
1.382143800667289701e+00
1.396230726040053716e+00
1.408070859677832187e+00
1.417707879437523522e+00
1.426278699284088791e+00
1.434783081907176294e+00
1.443099423184825092e+00
1.451438377641773192e+00
1.460014846104034536e+00
1.469260270384836753e+00
1.479973258121531243e+00
1.492116618273283901e+00
1.504855342776840965e+00
1.517010615116674010e+00
1.528048571813572787e+00
1.537496581462130418e+00
1.545689115265923785e+00
1.552580959113331938e+00
1.558436518129838966e+00
1.564593031921856170e+00
1.571496685673914984e+00
1.579701800503796161e+00
1.589895528730090879e+00
1.601188806272169751e+00
1.612941942750327096e+00
1.623220649823601036e+00
1.630253621405117315e+00
1.634959385925018216e+00
1.638236467521130058e+00
1.641163107417419997e+00
1.644457465751534953e+00
1.648809739170501665e+00
1.655151858316396440e+00
