1.671058897786089140e-02
2.305061920950382537e-02
6.252876460389597546e-02
3.977287158639300491e-02
3.992898574487634134e-02
-2.948306355245638999e-02
-8.275687626181175149e-01
-1.073894546083845603e+00
-1.375615216907177807e-01
2.648184534734127071e-01
3.301094335147823911e-01
2.728149103998919744e-01
-6.743276301890895053e-02
1.845001730457232481e-02
9.424665770410713128e-02
1.326886383189914143e-01
1.143938660541777425e-01
9.949606306971887915e-02
8.175208778183488956e-02
7.428074912200868796e-02
4.914773910488123843e-02
9.145507930643166639e-02
6.813261717259334882e-02
2.797518639441893412e-02
4.265680609330368966e-02
4.757514036132621388e-02
-7.161250883638489717e-02
-2.580020142282536330e-02
2.434016464648019670e-02
4.771479535057112503e-02
7.078080116831787783e-02
9.019774815703499038e-02
6.808198267307818963e-02
-9.406781945365189079e-01
-2.724247488348849888e+00
-3.432988021222708741e-01
2.566008366296894105e-01
1.055181748590882651e-01
3.637315461281028228e-01
7.946550448804945432e-02
-1.770849689034905416e-01
5.548369122614543736e-02
2.104527016910066051e-01
4.464822611265759633e-01
4.677219006015364000e-01
3.938926760881137357e-01
-9.378709552913597203e-02
-5.703401774827675935e-02
6.510293767686606281e-02
2.094844607764030364e-01
2.226857811027906919e-01
1.874286931074883589e-01
-2.558628746929663134e-01
-1.280412886782761550e+00
-4.019373343927262754e-02
3.553562355825244934e-01
4.331113006605786797e-01
2.749238719708173573e-01
2.071124871189141126e-01
2.832216579385408162e-01
2.569948552518847018e-01
2.103597421700174053e-01
-1.922142064207822409e-01
-2.143169094341902114e-01
1.627665706986637928e-01
3.064250172163769381e-01
3.341176090849871660e-01
3.247887626774267900e-01
3.079416834065823450e-01
2.028190196147854618e-01
2.564352196439148579e-02
2.758994508685258529e-02
1.411474113762190286e-01
1.900959946221963126e-01
1.220866644187393324e-01
1.368628048485252824e-01
1.928081934457291091e-01
2.275852118219081066e-01
1.187132389485992257e-01
2.999312826742364657e-02
1.564021177132479123e-01
1.191010528228795551e-01
3.009616226593114785e-02
7.867863444949022012e-02
1.796803878085513062e-01
1.989881272844332138e-01
2.898077507359162475e-01
2.856483008479086538e-01
1.914112097734657070e-01
2.386416753745218278e-01
2.399863919286360503e-01
2.404321068095369718e-01
1.660451959292005841e-01
1.376017603928400279e-01
1.796920832959630621e-01
1.741200675850900215e-01
1.716961749990135455e-01
2.479887779425654082e-01
2.870435893119737125e-01
2.049016340775483003e-01
2.098549228929661448e-01
1.605263162676678346e-01
1.392405478550930997e-01
1.638827671222369831e-01
1.345984302856809145e-01
2.226000811023902126e-01
3.009280213037415219e-01
3.490839025120617833e-01
3.888339966264628411e-01
3.277904317026877901e-01
2.067204682528196447e-01
6.371882302407638754e-02
1.245443377112431804e-02
-6.380772064614302908e-01
-1.008868091764094199e+00
-9.440659398563236437e-02
3.927322804887475316e-01
5.373542234073110935e-01
2.126877909543498646e-01
4.948027851324954263e-02
4.845034205666907123e-01
6.519770410550163042e-01
6.191867962463010189e-01
4.343951788897743027e-01
2.802194682987612095e-01
-9.302513547260066185e-02
3.787210871141717949e-01
6.053865945185983310e-01
5.645860802091660080e-01
5.482443233285343442e-01
5.908198226967074085e-01
5.240498292514379486e-01
-5.738680687262047719e-01
-8.293815324965667646e-01
3.827049538525292838e-01
7.242607848790878489e-01
5.970757552650114430e-01
6.414209786965505700e-01
6.931666044450758291e-01
7.101120315254317861e-01
6.153238783829383385e-01
-4.247818224626179195e-01
-1.708088757957869408e+00
2.935101244167384604e-01
8.928315679164589014e-01
9.206981438786565608e-01
8.062552535622486971e-01
8.063236427525395378e-01
7.837499638625298193e-01
7.075019037473115890e-01
4.980975620741774357e-01
4.870174871776629111e-01
4.635788749876414983e-01
4.027513422964373868e-01
4.249606182125099663e-01
3.882264859568606008e-01
3.909540873970949182e-01
4.283709607808633413e-01
5.010497148553757496e-01
5.186338529360416949e-01
5.809239127851163476e-01
5.832840095925767576e-01
6.104709985107438230e-01
6.861383068725983581e-01
6.549472402886068467e-01
6.303850795666394724e-01
6.377546888245669843e-01
6.565951572966857164e-01
6.459031098579725017e-01
6.564850266244343091e-01
