-9.789462414225328160e-03
6.440614826342951418e-03
4.812519689736156209e-02
2.360541505085800296e-02
1.926894100570832047e-02
-4.185553707043460081e-02
-7.949589865763583285e-01
-9.732989472979247658e-01
-3.313413753642974191e-02
3.166582796606855488e-01
3.307194267886140460e-01
2.446514919001064881e-01
-9.424822383634552658e-02
2.529543296222305782e-03
7.589337059162878929e-02
1.040625779960679675e-01
8.469815016799962792e-02
6.542432189599634018e-02
4.615505550263357404e-02
4.386872269569215554e-02
1.918940731647029996e-02
6.503663276032387031e-02
4.221129360321836110e-02
-4.971804493325640562e-04
1.646128582080576275e-02
2.598249636646644822e-02
-8.922021625896629782e-02
-3.778307288664606300e-02
1.158431314113176833e-02
2.841122810504959767e-02
4.619636639938198841e-02
6.231679292145284738e-02
3.847417100574653664e-02
-9.182857409491964606e-01
-2.545992627811878517e+00
-1.225963171200181723e-01
3.853514877917619819e-01
1.593353657384158351e-01
3.603719922120440233e-01
5.510895128015486089e-02
-1.979897928664582918e-01
4.114968907255445174e-02
1.830362334177486894e-01
3.916801306898737289e-01
3.812945462328489188e-01
2.959959003344565520e-01
-1.705900915921393646e-01
-1.098018887891046985e-01
2.103745224816178441e-02
1.526268354717311981e-01
1.570973167403218462e-01
1.192394583811190178e-01
-3.022982808724246628e-01
-1.249279732786901187e+00
1.306419698532712559e-02
3.540765079244834190e-01
3.810854216337844491e-01
1.871411333687655332e-01
1.253900179820113259e-01
1.959524108941599063e-01
1.593332048141004598e-01
1.216199264009316661e-01
-2.589729616562805870e-01
-2.568541520477158335e-01
1.330151240576137595e-01
2.595710126397470785e-01
2.547553035903302732e-01
2.275947380746947690e-01
2.080385707002181395e-01
1.286862445048092551e-01
-5.308922395313545040e-02
-1.014505016667707760e-02
9.739449611805944818e-02
1.195639027525478570e-01
5.952926199104635607e-02
7.523656698975517143e-02
1.246061767489418382e-01
1.460826257143349738e-01
4.067994444430575451e-02
-4.856905728557084356e-02
9.329945089137500758e-02
8.089789206731076709e-02
2.758783599636799311e-03
4.130112006598321561e-02
1.178885889084903549e-01
1.238117608565348915e-01
1.955886650139446736e-01
1.807921484092311348e-01
1.090057489552909153e-01
1.420787921596745051e-01
1.326888696956863289e-01
1.338644965292810629e-01
6.195407161463922785e-02
4.476476072469043332e-02
9.741327745211125766e-02
1.198017124005293366e-01
1.151900922179028286e-01
1.644469638896288721e-01
1.874048804288862002e-01
1.224446175936094727e-01
1.096867385792905103e-01
6.915623223902117589e-02
4.771886662021035397e-02
7.213220474835102536e-02
4.612205443888445222e-02
1.198407986003218184e-01
1.777363639168872966e-01
2.126011239228237648e-01
2.585202411488964902e-01
1.899675836926897343e-01
6.615002613670689646e-02
-6.591197626951145194e-02
-9.286609969362563666e-02
-7.142060131831449166e-01
-1.003649834110096117e+00
-8.281272143884563230e-02
3.511994462983678567e-01
4.356125199840254480e-01
8.428658793159304885e-02
-7.290927703507227298e-02
3.342845339951118766e-01
4.793804150602011260e-01
4.078049854132671515e-01
2.268800955861803303e-01
9.874620033032527333e-02
-2.298998600346891241e-01
2.294903119242775458e-01
4.375987257048158385e-01
3.788418960002122859e-01
3.495834085615376341e-01
3.908047490940678714e-01
3.367986975311191289e-01
-7.184883603789190554e-01
-8.574121359065723924e-01
3.421095334486750073e-01
6.173989726255147970e-01
4.471235770489749850e-01
4.534853717388349637e-01
4.913674631003981386e-01
5.018009986380080889e-01
3.970162244478755431e-01
-6.190114019280616997e-01
-1.701513923472623091e+00
3.181528677985798748e-01
8.059312549011541371e-01
7.863076329354077298e-01
6.357111246904671997e-01
5.555178085110809016e-01
5.451867363618958517e-01
5.227716447558717894e-01
3.251072960600466244e-01
3.171108623740018784e-01
2.706086331404048417e-01
2.091620423424898068e-01
2.454527627248107580e-01
2.063898879890082583e-01
2.066022225227662767e-01
2.688056509194113319e-01
3.521123783430700760e-01
3.824252559819130148e-01
4.317633211612091904e-01
4.224802228911952451e-01
4.320150162626766877e-01
5.245734478049758343e-01
4.791788339938559682e-01
4.787820539061684588e-01
4.376798105827565122e-01
4.306801256710428571e-01
4.342331161168577758e-01
4.560949399296245765e-01
4.847617593336839281e-01
5.038727078754563493e-01
5.217510374126763661e-01
5.220898181286097728e-01
5.138517078418374240e-01
4.969027770926248699e-01
4.849726126249853664e-01
4.782430790481535521e-01
4.870595317087385023e-01
4.886111905932317701e-01
4.971160757537926855e-01
5.117263385542818455e-01
5.315922488956863479e-01
5.620949841245810319e-01
5.975259655727849228e-01
5.960566428964644281e-01
6.078162139877207881e-01
5.902018021226895783e-01
5.945099880267228354e-01
5.796701045465613156e-01
5.726862315687695215e-01
5.728333446873998813e-01
5.862026701731490874e-01
6.027488307966026859e-01
6.228549051140788162e-01
6.572670155309816575e-01
6.729372268339448571e-01
6.884686830643098610e-01
6.810328904779379133e-01
6.583159182598476988e-01
6.353405180590674384e-01
6.314383749109953037e-01
6.305603197143414551e-01
6.342446974501847468e-01
6.498781272708105128e-01
6.745106394809921024e-01
6.960446936917381588e-01
6.915733981660778795e-01
6.929603985798444832e-01
6.943988537026735131e-01
6.766096146547979640e-01
6.671175914289129150e-01
6.639811835018667452e-01
6.703607399394537758e-01
6.777102300244379762e-01
6.896779851845333820e-01
7.166297365485214677e-01
7.330571506331164944e-01
7.363170539985004481e-01
7.238724353422349989e-01
7.086275893058544550e-01
6.944181669028093307e-01
6.947194520693789066e-01
6.968764555917890124e-01
6.952644609558553679e-01
6.997731878177417819e-01
7.022942154640083867e-01
7.132956304582525053e-01
7.299674879283795104e-01
7.425689228156167054e-01
7.471275582017400385e-01
7.410217348543428617e-01
7.353493015558547619e-01
7.210415239367695683e-01
7.177398877356058193e-01
7.030955616328156133e-01
7.008163332996153461e-01
7.075167268158877310e-01
7.135276944585782211e-01
7.292372455764635220e-01
7.484495602894243316e-01
7.528194055223713654e-01
7.611018826393434189e-01
7.368071080537625939e-01
7.117007370900982899e-01
6.985335071308051980e-01
6.867502851012821097e-01
6.888322283277101832e-01
6.896024632877613136e-01
7.022676222451644801e-01
7.200537444178165547e-01
