1.559618930250958202e-06
1.192305975775707620e-05
4.269871542918710105e-05
1.139127800492512559e-04
2.222245152077017020e-04
3.571382842603635201e-04
3.804081496692982706e-04
-1.632618584441686629e-04
-1.431872211750748062e-03
-2.986576610378372746e-03
-4.484087770564269826e-03
-5.795720505539679428e-03
-6.935272367240363257e-03
-8.037557405969288429e-03
-9.086186188794427576e-03
-1.002365026770399292e-02
-1.081555508359911474e-02
-1.145972193340900371e-02
-1.196389609756415111e-02
-1.233930029137737631e-02
-1.259714437497209960e-02
-1.274960720402279826e-02
-1.278671034673769906e-02
-1.272388396275478221e-02
-1.258800835224684229e-02
-1.238370613767798660e-02
-1.212841124241758294e-02
-1.188241488045035932e-02
-1.164272447539597272e-02
-1.138352334222647588e-02
-1.108673957757453504e-02
-1.073547790288889060e-02
-1.031846083530455795e-02
-9.973133601157098405e-03
-1.045218149315376571e-02
-1.255339110531585728e-02
-1.536439159091426872e-02
-1.829628897112855687e-02
-2.123221678539062920e-02
-2.402516004504963096e-02
-2.675322811072359391e-02
-2.951436411720164549e-02
-3.219066307194054510e-02
-3.462423075092423141e-02
-3.664454044106640190e-02
-3.818519885328187230e-02
-3.931537078462978702e-02
-4.027658608603643803e-02
-4.112027714063197503e-02
-4.178806505948291089e-02
-4.220404732728079422e-02
-4.235057793973456830e-02
-4.230277426968653831e-02
-4.243161767481636037e-02
-4.319419711967299041e-02
-4.412597319878763802e-02
-4.486876026486870395e-02
-4.531474223967410508e-02
-4.550470275028984518e-02
-4.546251588450735820e-02
-4.515441766722370909e-02
-4.458463300040584748e-02
-4.383030228128428213e-02
-4.311195740588539410e-02
-4.247403488940770799e-02
-4.173809274844216682e-02
-4.078083298159693865e-02
-3.955952650339177729e-02
-3.806662065231124908e-02
-3.631857371273095048e-02
-3.439178860842198593e-02
-3.239934263619714816e-02
-3.036737799297434259e-02
-2.825187597987827148e-02
-2.603372147278073742e-02
-2.374332495398656651e-02
-2.138167042033178172e-02
-1.892103867095872721e-02
-1.635397392854066531e-02
-1.374396931405154516e-02
-1.114190313275372976e-02
-8.510863287436935820e-03
-5.867195381379124858e-03
-3.257637437870703964e-03
-6.656515390240902962e-04
1.961638613206429134e-03
4.659891670812653895e-03
7.480980540007972288e-03
1.043045290481581233e-02
1.347366738807725083e-02
1.662042003428108872e-02
1.987486945036754521e-02
2.322617406446513336e-02
2.663016001885574677e-02
3.006146555848881671e-02
3.352951866413255572e-02
3.703363190788745013e-02
4.057769628989860156e-02
4.419955509265507260e-02
4.791809957545730553e-02
5.170091837774448695e-02
5.552995512994113314e-02
5.937344843236155856e-02
6.321023764443235715e-02
6.703840460694765468e-02
7.085207158207612599e-02
7.469626074425508855e-02
7.862764645925285345e-02
8.269194259018040893e-02
8.691720464952996938e-02
9.126967620580909990e-02
9.566179045998293717e-02
9.998912977390898849e-02
1.041051665725361425e-01
1.076004457256222874e-01
1.102675308391299347e-01
1.125234540225973079e-01
1.147553672908499800e-01
1.171089931333097744e-01
1.194728807664066916e-01
1.218058672588200886e-01
1.243377679403462749e-01
1.272339116694788108e-01
1.305118347697503955e-01
1.340800812864517966e-01
1.377949634100700538e-01
1.414958853446128817e-01
1.453706637853474926e-01
1.495838602810836415e-01
1.541565163044574527e-01
1.590905545374678987e-01
1.644003456415462083e-01
1.699163975213047739e-01
1.750252670947620992e-01
1.795404240321056555e-01
1.840067823717305984e-01
1.887398824602367353e-01
1.937686038621146134e-01
1.991368581188593667e-01
2.049012822843334913e-01
2.110831030635599848e-01
2.175116928263452210e-01
2.234716452523632380e-01
2.283671274596602574e-01
2.329990617318380974e-01
2.379258599420509546e-01
2.432959729371707569e-01
2.491194234206364766e-01
2.554146678809661730e-01
2.621865515346871733e-01
2.693844603996963794e-01
2.768915265151919436e-01
2.846528642185587876e-01
2.926211016865400416e-01
3.007407924496338647e-01
3.089867240370215429e-01
3.173217215885811848e-01
3.257275282328436217e-01
3.342183789778065961e-01
3.428297057624370980e-01
3.515850833269412168e-01
3.605162216502434402e-01
3.696356425694637959e-01
3.789663102085180646e-01
3.885476373022718199e-01
3.983723673022996348e-01
4.084249902820478728e-01
4.187033559536846306e-01
4.292094304015387496e-01
4.399337795057022271e-01
