-1.726236988883648626e+00
-1.726491485471352227e+00
-1.726608711080555469e+00
-1.726905508961650515e+00
-1.727296138111924506e+00
-1.728039745703160879e+00
-1.725088507977496688e+00
-1.726201570258752316e+00
-1.726756659546256900e+00
-1.727529421389601083e+00
-1.728695081159721259e+00
-1.730455385554738212e+00
-1.732002929694550719e+00
-1.732987664846250109e+00
-1.734851911371117383e+00
-1.738334518055592692e+00
-1.744742149171135015e+00
-1.757682074881197654e+00
-1.795539405306243008e+00
-4.658633229721711899e+00
-1.630092202195538631e+00
-1.680654107921528473e+00
-1.697173621193771575e+00
-1.702481320874501769e+00
-1.705326045060987505e+00
-1.708078603917215332e+00
-1.707153498478608755e+00
-1.702917737661395536e+00
-1.701798097405453625e+00
-1.704313612329638072e+00
-1.708178924863231529e+00
-1.712089330282062782e+00
-1.714828078186731330e+00
-1.777599456712212422e+00
-1.728457107059516717e+00
-1.727986974999190739e+00
-1.728691700081991245e+00
-1.729625351371117947e+00
-1.730814379206038867e+00
-1.732207571116912703e+00
-1.733095826693427099e+00
-1.734023320999720896e+00
-1.735790966682767777e+00
-1.739423934017346296e+00
-1.748019312962802330e+00
-1.774359059945223693e+00
-1.819190092515011292e+00
-1.813555274215945978e+00
-1.833455120802358174e+00
-2.274021502646309312e+00
-1.610403155644552609e+00
-1.671694888250037980e+00
-1.665164959235301501e+00
-1.772616940198842972e+00
-1.745719094017067263e+00
-1.749766619240720189e+00
-1.768597771878481328e+00
-1.862240678321343212e+00
-1.458729323176867876e+00
-1.659573942698818305e+00
-1.689496704453537834e+00
-1.699899284647642173e+00
-1.699858524834080065e+00
-1.689359694574634085e+00
-1.685714043475418755e+00
-1.697952315231464837e+00
-1.706742045377713790e+00
-1.711782248090612413e+00
-1.714933247621389878e+00
-1.716877156976237107e+00
-1.717797929747229890e+00
-1.718258784007014262e+00
-1.718973862445430489e+00
-1.719972749768437392e+00
-1.720872020543379399e+00
-1.721664300009842830e+00
-1.722509086952537682e+00
-1.723384414211973192e+00
-1.724162203151758277e+00
-1.724837447648305488e+00
-1.725526886002447302e+00
-1.726228630348721094e+00
-1.726939849623294609e+00
-1.727671654657791267e+00
-1.728341139855636754e+00
-1.728926151647205867e+00
-1.729404071225858708e+00
-1.729805086689569782e+00
-1.730284000236974151e+00
-1.730788003894237148e+00
-1.731247574882882612e+00
-1.731704743273148717e+00
-1.732246733645860681e+00
-1.732906992337623242e+00
-1.733546250054918136e+00
-1.734129727059606996e+00
-1.734715245813011286e+00
-1.735179498286825606e+00
-1.735469073753683533e+00
-1.735842566541728749e+00
-1.736338909103306793e+00
-1.736924365667247727e+00
-1.737640776022916000e+00
-1.738356719756140478e+00
-1.739094137230246861e+00
-1.739691467842888306e+00
-1.739917079023896918e+00
-1.739885693321147953e+00
-1.739713717773723634e+00
-1.739654027621539312e+00
-1.739989568751078464e+00
-1.740865766774840395e+00
-1.742201269422724685e+00
-1.745826761729317056e+00
-1.757435200111207685e+00
-1.777192651159780423e+00
-1.777315036149518690e+00
-1.766127249036049340e+00
-1.760764122537267440e+00
-1.760819506298201276e+00
-1.758237551244932639e+00
-1.752543649328620390e+00
-1.748364368060521645e+00
-1.746263527613052258e+00
-1.745623941899688614e+00
-1.746621080970195194e+00
-1.747293154247248292e+00
-1.746071489232231544e+00
-1.744735242766263239e+00
-1.743835129443805254e+00
-1.743111271572528320e+00
-1.742620399660580910e+00
-1.744241911908440912e+00
-1.749309623480630460e+00
-1.752835604912647227e+00
-1.751122755591604907e+00
-1.749129979438112104e+00
-1.747718462563999653e+00
-1.746412049522622967e+00
-1.745283687812196893e+00
-1.744550472152512466e+00
-1.745822348227245913e+00
-1.752741847206491510e+00
-1.760599192709785044e+00
-1.757952037071148998e+00
-1.753653018011502196e+00
-1.750723790151653025e+00
-1.748769184855243797e+00
-1.747332880386737397e+00
-1.746369291204563634e+00
-1.746028301871620059e+00
-1.746090132383770088e+00
-1.746277931480665124e+00
-1.746642373228801004e+00
-1.747088143728753984e+00
-1.747583323997663918e+00
-1.748144466620762172e+00
-1.748649293919901870e+00
-1.748979884570513121e+00
-1.749173772610787436e+00
-1.749254568601816828e+00
-1.749268729941704459e+00
-1.749270837630264808e+00
-1.749158743980800512e+00
-1.749036419408118270e+00
-1.749028532636272892e+00
-1.749075318567352655e+00
-1.749125592328356849e+00
-1.749204952431787419e+00
-1.749317611893912883e+00
