-1.901983912449246805e+00
-1.896016391291718284e+00
-1.905378856303810764e+00
-1.900257957411395582e+00
-1.896253917982051007e+00
-1.888208686202874853e+00
-1.905628102129642176e+00
-1.900734605302095259e+00
-1.896396718116841740e+00
-1.889678038341991773e+00
-1.879447706793742956e+00
-1.864266347180101091e+00
-1.851524021708756962e+00
-1.843752799704832857e+00
-1.829126320166406305e+00
-1.803596488676086906e+00
-1.762216475855737263e+00
-1.696867801499912565e+00
-1.588334207008095911e+00
-1.367424613787683985e+00
-8.237209144431847374e-01
-1.334224399173454501e+01
-2.749673880178585605e+00
-2.489083848772777330e+00
-2.409891813332579069e+00
-2.322281335290613313e+00
-2.452018770697214300e+00
-3.397970270442440821e+00
-5.414518333025429619e+00
-4.005492140193676498e+00
-2.878553112111521095e+00
-2.419183102825376075e+00
-2.255484305252826616e+00
-1.727747421359589364e+00
-1.875260481977863103e+00
-1.881590366990344876e+00
-1.875322484454219119e+00
-1.866803435554234003e+00
-1.856048928882543247e+00
-1.843742100517872462e+00
-1.836433177888953772e+00
-1.828900747563413143e+00
-1.814287357296484604e+00
-1.785367688640594919e+00
-1.724843683999573551e+00
-1.592051443933272026e+00
-1.476499651660055479e+00
-1.507662234477187724e+00
-1.488742468753419423e+00
-1.340091254850512170e+00
-7.646866903043556540e-01
1.073673474047852139e+01
5.252235707760002370e-01
-1.656465300973962052e+00
-1.754654146563057404e+00
-1.732300425920601405e+00
-1.659972783997567314e+00
-1.532224477750182778e+00
-1.345491877604412245e+00
-7.857342139126929359e-01
-3.634091969824299184e+01
-3.193501245496325858e+00
-3.654426059372817726e+00
1.332744232897545844e-01
-6.197737318294911368e-01
-4.161256757252882608e+02
-2.812048979001124493e+00
-2.358406501114328702e+00
-2.211451090258565788e+00
-2.147029310022604776e+00
-2.133332244652074827e+00
-2.140689891129021305e+00
-2.131830126997434238e+00
-2.109288931904328201e+00
-2.093268089648320451e+00
-2.082362889229488090e+00
-2.066922047376149596e+00
-2.048132861066113808e+00
-2.036494291408553980e+00
-2.036625074016480852e+00
-2.034170342563782263e+00
-2.024829062481145137e+00
-2.020457416911047854e+00
-2.018076287306275418e+00
-2.009614028041758260e+00
-1.997562424926988545e+00
-1.983430678820086390e+00
-1.969539752306641356e+00
-1.959290763015347769e+00
-1.950615340993366642e+00
-1.942321712678786616e+00
-1.934708721075911964e+00
-1.928119392899404927e+00
-1.922295727259365483e+00
-1.916339842391616033e+00
-1.910201735278912683e+00
-1.904174929042540043e+00
-1.898356706608933742e+00
-1.892906557415535707e+00
-1.887558848546129209e+00
-1.882065140120544378e+00
-1.876302981815449744e+00
-1.870051238872274091e+00
-1.863705906832686443e+00
-1.857172096814919238e+00
-1.851241322088661656e+00
-1.847210639486607464e+00
-1.844677452914899263e+00
-1.843334293754718800e+00
-1.841512530161002248e+00
-1.837057544324933289e+00
-1.828657142481288300e+00
-1.816458198195406659e+00
-1.780854085732776149e+00
-1.566665201399398244e+00
-4.546000329577207566e+00
-4.810662532774914624e+00
-1.099254080193728722e+00
-1.478894028926003301e+00
-1.471868252722119852e+00
-1.564030457937070073e+00
-1.697567890070166285e+00
-1.757220770071981075e+00
-1.779255917142884558e+00
-1.784444014432303272e+00
-1.772800623686527022e+00
-1.764849087494744229e+00
-1.778362923826534159e+00
-1.791561699879561154e+00
-1.799294999550159702e+00
-1.804940818647892797e+00
-1.808499942926473425e+00
-1.793456050220784803e+00
-1.740264746054234646e+00
-1.697952405626809158e+00
-1.725944037454368196e+00
-1.751248843563163682e+00
-1.766304104347647508e+00
-1.778415609836625944e+00
-1.787941567101101636e+00
-1.793417717087336882e+00
-1.781298922678218766e+00
-1.710341194408794507e+00
-1.606407056176152093e+00
-1.655404056663062118e+00
-1.712262375727195307e+00
-1.744048136653319148e+00
-1.761504623454405838e+00
-1.772616011557067051e+00
-1.780115289063803896e+00
-1.782790564474072026e+00
-1.782117860671291076e+00
-1.780064214726015059e+00
-1.776262451178582058e+00
-1.771817189640036538e+00
-1.766984191056045539e+00
-1.761491260282560978e+00
-1.756690351850740850e+00
-1.753801347294619672e+00
-1.752434032649684337e+00
-1.752116215241866559e+00
-1.752159574431598976e+00
-1.752037145558507536e+00
-1.752879975906194598e+00
-1.753817191725089319e+00
-1.753936746588753426e+00
-1.753259422199588524e+00
-1.751808909082195775e+00
-1.750055875241906200e+00
-1.748329956206541969e+00
-1.746898534918667423e+00
-1.745738157859804573e+00
-1.744745190585216266e+00
-1.743725177561030293e+00
-1.742439717885215567e+00
-1.740737462243461708e+00
-1.738603482139462919e+00
-1.736143859238429510e+00
-1.733567612006879699e+00
-1.730961854332603300e+00
-1.728352540486055355e+00
-1.725869161226741166e+00
-1.723623197361885406e+00
-1.721760630251687019e+00
-1.720405554397463233e+00
-1.719239847322410641e+00
-1.718056644062811333e+00
-1.716677788424330720e+00
-1.715054821783029926e+00
-1.713190505767565153e+00
-1.711012517294528745e+00
-1.708652292563854092e+00
-1.706295265963639896e+00
-1.704089533735993367e+00
-1.702104174624066601e+00
-1.700492064766118805e+00
-1.699195998863846757e+00
-1.698055861125044697e+00
-1.696858277497472312e+00
-1.695293979178530641e+00
-1.693240874092080350e+00
-1.690852974919444307e+00
-1.688308375397585381e+00
-1.685688621099771467e+00
-1.683145074438813005e+00
-1.680857854136691643e+00
-1.678880978916711619e+00
-1.676981551562223505e+00
-1.675006675485567254e+00
-1.672986959252066308e+00
-1.670763514609594047e+00
-1.668259877845785333e+00
-1.665586920203873778e+00
-1.662878099035889345e+00
-1.660225908107392900e+00
-1.657689144145958915e+00
-1.655433597607715690e+00
-1.653489570821497612e+00
-1.651669443469009346e+00
-1.649735297559637104e+00
-1.647533584244774918e+00
-1.645040706504262262e+00
-1.642380324222136423e+00
-1.639683474721622458e+00
-1.636948055408144587e+00
-1.634207207173060894e+00
-1.631498756429457631e+00
-1.628885964736095815e+00
-1.626485766856290427e+00
-1.624312345939119773e+00
-1.622266926577607959e+00
-1.620191546232803592e+00
-1.617997312665000909e+00
-1.615605847710905874e+00
-1.613038760652213188e+00
-1.610285171114124836e+00
-1.607368113641722829e+00
-1.604464828263325149e+00
-1.601654392607088973e+00
-1.599028143757150744e+00
-1.596700537575309387e+00
-1.594577165055593326e+00
-1.592570583359446124e+00
-1.590420031261861267e+00
-1.587850316845365484e+00
-1.584938133900165358e+00
-1.581786651066159344e+00
-1.578538180467197183e+00
-1.575308847034664339e+00
-1.572213407990235456e+00
-1.569410294015943563e+00
