-1.107885401782682688e+00
-1.109094084786813150e+00
-1.110125655972837855e+00
-1.111314059909003893e+00
-1.112646374705864138e+00
-1.114696388065199883e+00
-1.080917199132618745e+00
-1.105727172197163766e+00
-1.108447620255041954e+00
-1.111144141403293872e+00
-1.114899134058595420e+00
-1.120436919703606815e+00
-1.125661319922347303e+00
-1.129424540601528637e+00
-1.136154431452221614e+00
-1.149494717009136746e+00
-1.178703862330876539e+00
-1.274941391113039169e+00
-1.784297809642385602e-01
-9.718834000591843880e-01
-1.030307335403397140e+00
-1.055272789449425375e+00
-1.069366628761970084e+00
-1.077097061859087823e+00
-1.082691959702699158e+00
-1.087484291643607381e+00
-1.090258711716287854e+00
-1.092100350612206228e+00
-1.094794453946383861e+00
-1.097999238426555779e+00
-1.101253751627064847e+00
-1.104317077971605388e+00
-1.107067158500330217e+00
-1.111246653311479315e+00
-1.105820790054777847e+00
-1.108535550965859207e+00
-1.111033254620322319e+00
-1.113846733479862072e+00
-1.117260298825963005e+00
-1.121268295060613651e+00
-1.124292132153890122e+00
-1.127507429935621808e+00
-1.133033692099906675e+00
-1.144291398440600460e+00
-1.174337327892708061e+00
-1.339285039604602989e+00
-1.909759506295327647e-01
-7.101518956726552423e-01
-9.011209178060504144e-01
-1.000663451351274880e+00
-1.043183526906667380e+00
-1.062367521321558872e+00
-1.066880618644081125e+00
-1.012106095283069607e+00
-1.410711552029054516e+00
7.715058232842754826e+00
-1.003261555325876797e+00
-1.057176398858714617e+00
-1.073562312442926547e+00
-1.083332849645418872e+00
-1.090308101820568254e+00
-1.095202497807679087e+00
-1.098213893000700381e+00
-1.100296118706968640e+00
-1.102871431217783194e+00
-1.105761002479262789e+00
-1.108368033984854284e+00
-1.110663814989280684e+00
-1.112756615846622665e+00
-1.114860880627241757e+00
-1.117226988445263913e+00
-1.119878204851181280e+00
-1.122422544225087693e+00
-1.124537961964307220e+00
-1.126633165785402069e+00
-1.128859200784106509e+00
-1.130841861282396943e+00
-1.132461327824373143e+00
-1.134271382420440011e+00
-1.136682232461164510e+00
-1.138978196835663592e+00
-1.141216391464356050e+00
-1.144238536541132056e+00
-1.147503510112002134e+00
-1.149820816734863804e+00
-1.151240943047723508e+00
-1.151836525230906183e+00
-1.151889231112708245e+00
-1.152621430825698123e+00
-1.153636555948949205e+00
-1.154309365894205852e+00
-1.154969875119707723e+00
-1.156039190858303645e+00
-1.157659718178513097e+00
-1.159367610130453308e+00
-1.161248584848922238e+00
-1.163430165518845705e+00
-1.165077162009318990e+00
-1.165884366542769612e+00
-1.166993264926434293e+00
-1.168463154800424064e+00
-1.170091547052241499e+00
-1.172106703328904764e+00
-1.174062429003536856e+00
-1.176057677504388277e+00
-1.177589871654563414e+00
-1.177932318804475909e+00
-1.177435052550402039e+00
-1.176645548920903117e+00
-1.176197369615112454e+00
-1.176673289660790545e+00
-1.178432013241116572e+00
-1.181301672278051829e+00
-1.188372767101813388e+00
-1.204305253439432732e+00
-1.220287850906569771e+00
-1.222823697498971018e+00
-1.217543133543017797e+00
-1.213816641352353232e+00
-1.214307031857544628e+00
-1.211875290189218690e+00
-1.204901548732142391e+00
-1.198081992650681826e+00
-1.193625751052713735e+00
-1.191852300944715726e+00
-1.193460654341535143e+00
-1.194668417952695183e+00
-1.192502322606249887e+00
-1.189895489581453081e+00
-1.187914481868807215e+00
-1.186208208106468875e+00
-1.185080537085986041e+00
-1.188681500914777533e+00
-1.198781116748012909e+00
-1.205880651588684405e+00
-1.204973729468302279e+00
-1.202783640081717564e+00
-1.200826553503083316e+00
-1.198502549369984793e+00
-1.196219816778313794e+00
-1.194552356173675278e+00
-1.197282023392014061e+00
-1.211137470900667257e+00
-1.224891112508085023e+00
-1.223799675196730163e+00
-1.218704671349889024e+00
-1.214463859518445155e+00
-1.210623553876501779e+00
-1.207051048370642921e+00
-1.204801420333655448e+00
-1.204334360045462127e+00
-1.204877751160577493e+00
-1.205489183927795027e+00
-1.206309545643009962e+00
-1.207363017285376872e+00
-1.208562574715477567e+00
-1.209879395531189061e+00
-1.211203828698897533e+00
-1.212401609286517523e+00
-1.213543090271125058e+00
-1.214472570316128985e+00
-1.215144524183702224e+00
-1.215635946259649103e+00
-1.215852314529318523e+00
-1.216049178296197075e+00
-1.216557924429694904e+00
-1.217298737627303673e+00
-1.218010951998695246e+00
-1.218702703606649340e+00
-1.219383251508822097e+00
