-6.828218061504789591e-04
-9.399172397751805793e-04
2.769181960807271317e-03
7.902814066978111618e-03
1.152196552020135455e-02
1.057714871504120309e-02
-4.740811463002336801e-02
-1.729949170859659824e-01
-2.550224378383549872e-01
-2.516783694281901629e-01
-2.139777268388051434e-01
-1.711172200206333704e-01
-1.512580424632490872e-01
-1.459507080571190996e-01
-1.308567574940272538e-01
-1.090361907051566465e-01
-8.623383573900002264e-02
-6.594738145228108694e-02
-4.883350916570426692e-02
-3.414112745653610087e-02
-2.246731394707249252e-02
-1.044360389417545165e-02
2.041370921114298367e-03
9.392230318042611020e-03
1.400220820882734293e-02
1.924867433691696342e-02
1.639405420311361786e-02
8.316548805778506415e-03
5.636546870982856242e-03
7.205431780594447576e-03
1.154221051123650518e-02
1.869876817135307859e-02
2.580790385111569885e-02
-3.512050520401081150e-02
-2.787231649243368525e-01
-4.818822790864820127e-01
-4.994251819926957547e-01
-4.802212969377577800e-01
-4.453317381943779352e-01
-4.075257966981077895e-01
-4.004937673878284365e-01
-3.931060904417868485e-01
-3.604883149932044395e-01
-3.015900829074883438e-01
-2.260380532695552280e-01
-1.538277371932675330e-01
-1.192208961704025738e-01
-1.154467718059967868e-01
-1.055631064745473774e-01
-8.166021587370082824e-02
-4.975855754759781618e-02
-2.018918749863033227e-02
-2.320126311887000040e-02
-1.239318025160310310e-01
-2.110790893594217676e-01
-1.980913264779076144e-01
-1.519843230235996823e-01
-1.086404895238007595e-01
-7.766608871376393108e-02
-4.508678237374561665e-02
-1.041086422366214320e-02
1.905942446321728240e-02
1.831688590550077655e-02
-1.133988153017496947e-02
-1.955861839256983065e-02
5.435625100794348047e-03
4.156538580674269678e-02
7.833336869903043120e-02
1.132259755076603924e-01
1.413080404762968589e-01
1.503075585176925077e-01
1.472826931045946308e-01
1.510847032736920004e-01
1.620877765379953594e-01
1.702981459066661707e-01
1.752456209952104327e-01
1.838823397052270492e-01
1.970765234005171507e-01
2.046073254491531379e-01
1.984865123275992571e-01
1.945239515241743156e-01
1.979909571682802738e-01
1.955774492737075154e-01
1.903507027496326443e-01
1.924137345946403954e-01
2.003961259063049005e-01
2.147400212799027708e-01
2.338588055783941688e-01
2.480456649643711375e-01
2.597120414850016545e-01
2.722576081427749983e-01
2.838489233426103042e-01
2.899578976851650003e-01
2.891380890778865176e-01
2.893837602870972248e-01
2.938259858012355896e-01
2.994033049995671325e-01
3.082001703703586282e-01
3.221098343879706949e-01
3.336153744246792563e-01
3.399734670688356886e-01
3.419184120635065383e-01
3.387290614550484968e-01
3.346655647854893667e-01
3.296117060821887046e-01
3.275403666078781639e-01
3.343943840175252480e-01
3.485243237147033213e-01
3.694900510515396475e-01
3.900266901819273158e-01
3.979987162410834056e-01
3.873993728923696978e-01
3.634318891647414507e-01
2.913058674272618886e-01
1.521534961038981948e-01
4.824003083332521757e-02
3.375804998155745168e-02
6.442714766902996049e-02
8.804195285423950523e-02
8.406396518646157279e-02
9.861865223190753593e-02
1.518198597973972608e-01
2.147764903004966697e-01
2.640199698336170853e-01
2.923277304779499097e-01
2.862066945820702091e-01
2.847687127700834764e-01
3.243666791994013754e-01
3.759415601671270979e-01
4.240132544571658668e-01
4.733244880208157812e-01
5.210977848686444425e-01
4.906167610744163743e-01
3.723810099464920365e-01
3.136648012288636433e-01
3.506873569006939695e-01
4.045055197843719919e-01
4.556899939264998922e-01
5.136215976608689004e-01
5.769386449566621389e-01
6.346867589121406583e-01
6.138979754473739003e-01
4.420467137372185995e-01
3.189561248127468773e-01
3.546722876358001098e-01
4.364858508581698771e-01
5.207521534753793979e-01
5.973616222805957499e-01
6.706029275073236429e-01
7.416255586116503595e-01
7.960847251404283842e-01
8.335577102846635222e-01
8.623815287969524013e-01
8.794742752780556616e-01
8.907553946562722924e-01
8.981442562449413192e-01
9.003484304817451767e-01
9.046459403013847878e-01
9.176404685973487130e-01
9.383757495334165144e-01
9.653579413788926367e-01
9.958052466246615220e-01
1.026897401244845742e+00
1.065064856768918489e+00
1.106389335323493706e+00
1.144785781114064704e+00
1.179406336350982576e+00
1.209406008681167544e+00
1.237325378017813504e+00
1.265234047240011650e+00
1.295115893914699834e+00
1.327161424975181747e+00
1.360913666339559569e+00
1.395136570826827072e+00
1.427980890426888028e+00
1.458004919821347833e+00
1.484691360079327005e+00
1.508529718726165703e+00
1.530926810085007306e+00
1.552570083194398265e+00
1.573690569677256734e+00
1.595330622556909272e+00
1.618475751740767743e+00
1.644444335996804618e+00
1.674532548826075384e+00
1.706745674455595774e+00
1.739503729498641293e+00
1.771332347069232815e+00
1.801528404559709973e+00
1.829904480798148159e+00
1.855618285885015872e+00
1.879516861678074191e+00
1.903022288327274048e+00
1.927418138409120907e+00
1.953432204741386569e+00
1.982525510599004948e+00
2.014591529245477020e+00
2.048522292615268192e+00
2.082608015714768612e+00
2.114026750691295753e+00
2.141298010883086356e+00
2.165326653215247976e+00
2.187470409885451605e+00
2.208391848516789935e+00
2.229411766637541703e+00
2.252210089069582644e+00
2.277505274684307857e+00
2.303550458418447189e+00
2.329009539796958794e+00
2.354066124240600910e+00
2.377292638274961956e+00
2.397823803258122943e+00
2.416448784630308211e+00
2.434255337086071336e+00
2.452082720951091144e+00
2.470516483292110710e+00
2.491085840396327189e+00
2.514295005546475448e+00
2.538734494467922875e+00
2.562378957491973086e+00
2.583731044444829372e+00
2.602356047158000951e+00
2.619123491791867320e+00
2.635109848363050400e+00
2.650325782614124659e+00
2.665061984204697865e+00
2.679683505886570671e+00
2.694767411493554921e+00
2.711390550757167617e+00
2.729827499816642522e+00
2.749378346545416019e+00
2.768751195434414836e+00
2.787112385411073756e+00
2.803692760158444042e+00
2.818516698927922448e+00
2.831420584810367735e+00
2.842494777480307544e+00
2.853178364026201841e+00
2.864197793763317179e+00
2.876389236736236032e+00
2.890832952336392481e+00
2.906947665437050965e+00
2.924088945938284834e+00
2.940165082160621779e+00
2.952729830489408958e+00
2.962137343629212882e+00
2.969089038477220832e+00
2.974666736113396492e+00
2.979845055773716833e+00
2.985601020743938072e+00
2.993312712418835453e+00
