-2.065478680997098054e-03
-4.239396117713919651e-03
-1.801484977652760295e-03
1.801219333907873310e-03
3.474788628655524694e-03
8.238256160733978435e-04
-5.536408273115082934e-02
-1.675103888152230380e-01
-2.263005902097052213e-01
-2.034861569683821536e-01
-1.559217062037202006e-01
-1.117169388471714320e-01
-9.522707974782904095e-02
-9.315763222940699750e-02
-8.161762624449289683e-02
-6.493815620208166772e-02
-4.868010130790739742e-02
-3.571413615251848445e-02
-2.634117891297011599e-02
-1.900697333634491018e-02
-1.411965694410242250e-02
-8.161766866874860943e-03
-1.338163608844255247e-03
6.145365011196760822e-04
5.102683833140212854e-04
1.936657633243795990e-03
-3.863373033702731819e-03
-1.324136546148016631e-02
-1.630231291812995337e-02
-1.528849652144106605e-02
-1.210110464134427771e-02
-6.690839672260202008e-03
-1.855467385875619185e-03
-6.211281648585498250e-02
-2.868808091435461893e-01
-4.443512176650604717e-01
-4.203549983451607130e-01
-3.745675860724631545e-01
-3.253274727221776019e-01
-2.834956391006258625e-01
-2.768026729082871951e-01
-2.702649879908107788e-01
-2.409835827615339210e-01
-1.902331168819168528e-01
-1.294822072003621316e-01
-7.710973738263052213e-02
-6.320792876205219568e-02
-7.548332057594522859e-02
-7.778193229310831347e-02
-6.504159303164767925e-02
-4.511254584293989539e-02
-2.790319722560053936e-02
-4.166288471808694827e-02
-1.441517180506296514e-01
-2.185287621333302233e-01
-1.945317714678954646e-01
-1.459450676288156779e-01
-1.080322091310058630e-01
-8.578677876354706688e-02
-6.303201398137506239e-02
-4.015455832626863009e-02
-2.302129606336686396e-02
-3.435115040231075112e-02
-6.930434356683745634e-02
-7.820836116881363376e-02
-5.451257528001596242e-02
-2.370633398322731164e-02
3.869012289868578591e-03
2.764362764688129206e-02
4.531840035551912282e-02
4.512011986501747451e-02
3.651331640174090842e-02
3.761484517773689557e-02
4.459303774785664670e-02
4.816369962962082502e-02
4.946684710358710546e-02
5.453302851151851927e-02
6.314132879873360360e-02
6.555193094272826482e-02
5.514409106366997132e-02
4.897551849653875716e-02
5.245385799839541452e-02
5.181370163150869623e-02
4.874066069673153867e-02
5.130262799425215625e-02
5.756302124889093458e-02
6.817423281393723833e-02
8.134314397291972365e-02
8.975658408049931591e-02
9.598458881860294500e-02
1.018030516599584961e-01
1.063646519698880494e-01
1.058684004181497940e-01
9.994771968643212379e-02
9.703450318728769342e-02
1.006375132114904619e-01
1.065374962238103129e-01
1.140098921429965051e-01
1.241145856062404046e-01
1.315865379887852238e-01
1.338721855251324144e-01
1.316794503473277533e-01
1.253959829449460273e-01
1.189814750324931503e-01
1.122901528823809641e-01
1.085910170529888474e-01
1.121078281381794606e-01
1.208807370559163985e-01
1.356159737648092167e-01
1.489723425640450405e-01
1.490714849909215989e-01
1.319635994342880370e-01
1.052160419826179555e-01
3.522135705512698112e-02
-8.976232915210485830e-02
-1.679872468291170873e-01
-1.595828406830126500e-01
-1.160492388595945612e-01
-8.884523129035257205e-02
-9.233767110585129612e-02
-7.916105731184112926e-02
-3.291469764291677508e-02
1.629627275871814440e-02
4.767503296221830417e-02
5.913839377292081506e-02
4.068145797945528497e-02
3.156475130200307039e-02
6.190994193171972526e-02
1.008341143977107557e-01
1.336211890339829844e-01
1.663153242195906101e-01
1.974288744285073172e-01
1.534664187163302940e-01
3.776609959687483864e-02
-5.652616818455732939e-03
4.108195803749414149e-02
9.502699915361847993e-02
1.392245687170618196e-01
1.849770006846709891e-01
2.327195979769797196e-01
2.721601633194470904e-01
2.336678175454082740e-01
6.360585604999655085e-02
-3.327971602417070796e-02
2.210627696441205131e-02
1.096322185719495190e-01
1.891606175385027178e-01
2.504098053318736250e-01
3.022035283557683583e-01
3.532166385438238465e-01
3.894629148641474692e-01
4.099245165254958856e-01
4.212880636188537364e-01
4.214205853527452916e-01
4.190718439632817316e-01
4.153305521115592813e-01
4.083300959664076246e-01
4.063554083202654543e-01
4.159845139942636161e-01
4.348913882985358526e-01
4.588011986076120929e-01
4.840318249139717310e-01
5.078438043151511927e-01
5.382581632452135834e-01
5.706698552990941975e-01
5.990975411398676842e-01
6.270589743209160627e-01
6.548542554321591380e-01
6.801598002319497738e-01
7.027426727475701851e-01
