1.516614381241217814e-06
1.133293708008863288e-05
3.985684449804336002e-05
1.045363895659248644e-04
1.992160779410094660e-04
3.118830550472708276e-04
3.082350517396541386e-04
-2.342149013671314915e-04
-1.413992689769223926e-03
-2.762578530445775754e-03
-3.954940405123778813e-03
-4.897616904490301702e-03
-5.636899254465819846e-03
-6.324309532249365422e-03
-6.950085886372706946e-03
-7.466699331201059886e-03
-7.851948030394302613e-03
-8.114709251721819935e-03
-8.270873854588743287e-03
-8.337046814378893181e-03
-8.327573980404118573e-03
-8.255796148792259037e-03
-8.112632486621191089e-03
-7.914164003821028137e-03
-7.685414636343077845e-03
-7.428032180012245772e-03
-7.156558190958431723e-03
-6.924882037218071766e-03
-6.721966125188512560e-03
-6.517654125517194190e-03
-6.292580057539180760e-03
-6.030414198463012951e-03
-5.721742035203494781e-03
-5.501975797526136372e-03
-6.081871442832715788e-03
-8.139855603512590257e-03
-1.067932291806571350e-02
-1.313095531640653263e-02
-1.542020435187420671e-02
-1.744465659476628072e-02
-1.932137648883869296e-02
-2.116742103408088618e-02
-2.288103134617323203e-02
-2.433111844191273437e-02
-2.538381753182500714e-02
-2.601280602574904469e-02
-2.631857978612934038e-02
-2.655057831519172518e-02
-2.675112185589801489e-02
-2.685653640058205741e-02
-2.679370488277331777e-02
-2.655168498393052634e-02
-2.620868011697310637e-02
-2.611821688314719392e-02
-2.667763569784761118e-02
-2.737716190910144398e-02
-2.786972525592863043e-02
-2.807625959375833341e-02
-2.806179529218135946e-02
-2.786488299213448275e-02
-2.746413241385704807e-02
-2.687517008513568353e-02
-2.618069921937469721e-02
-2.559038796981853020e-02
-2.512567238416235638e-02
-2.459833993250519490e-02
-2.389320079784414477e-02
-2.298102302541591910e-02
-2.186672219043758747e-02
-2.057607075331906524e-02
-1.918843275715465327e-02
-1.780944660585908473e-02
-1.645238798846154760e-02
-1.506479951298417101e-02
-1.362455706725929430e-02
-1.215875467399975263e-02
-1.066387228509155932e-02
-9.110231360521147542e-03
-7.490968975391477415e-03
-5.867234307049691046e-03
-4.281688396360334818e-03
-2.690858527843254314e-03
-1.107716566529669223e-03
4.274290483912866409e-04
1.937813582669269423e-03
3.477633999027585857e-03
5.079437401298399039e-03
6.788539008366122583e-03
8.602287238551234450e-03
1.048170088543658347e-02
1.243451875044863410e-02
1.446227764402200494e-02
1.655237732845762227e-02
1.866202713396341792e-02
2.077063764989570821e-02
2.289184910372117632e-02
2.502763543521151213e-02
2.718413270347855293e-02
2.939887289476389789e-02
3.168732881898362469e-02
3.401541481477572682e-02
3.636637801213733756e-02
3.871167618725469828e-02
4.103541893642535104e-02
4.334065721726559905e-02
4.562590694931434321e-02
4.793786751462524726e-02
5.032930585618124869e-02
5.283809355894653753e-02
5.548254889375156540e-02
5.822152271137133461e-02
6.096772562836441645e-02
6.362646643158292870e-02
6.606914433053678870e-02
6.792701335344446256e-02
6.905832647550537440e-02
6.991900808092373076e-02
7.088373189655318429e-02
7.206338836557270311e-02
7.331932821303949188e-02
7.459934171278695403e-02
7.611451067505325963e-02
7.799471673477116618e-02
8.022177794360781100e-02
8.268074676018809244e-02
8.522072824557637427e-02
8.769202098320329208e-02
9.028954216785887998e-02
9.316363363592583546e-02
9.631636781542014802e-02
9.973485180131752559e-02
1.034209030348726410e-01
1.071998854317602889e-01
1.104940463557684688e-01
1.131890085945708169e-01
1.158638209918259054e-01
1.188144821689828406e-01
1.220414690321688228e-01
1.255646216976408491e-01
1.294166122446857581e-01
1.335961286061401188e-01
1.379198730905855097e-01
1.417044248064958378e-01
1.444518919727101891e-01
1.470260846225073803e-01
1.499591063862478202e-01
1.533493672427994892e-01
1.571625256276526217e-01
1.613817093063578401e-01
1.659828880253749195e-01
1.708949379057804752e-01
1.759937187229597688e-01
1.812272337851125459e-01
1.865545963411266162e-01
1.919305836977991120e-01
1.973417095162298129e-01
2.027627539837759396e-01
2.081876749830038342e-01
2.136403807686055312e-01
2.191612361639323214e-01
2.247748949036121047e-01
2.305113332888860944e-01
2.363796243954285059e-01
2.423987289386664301e-01
2.486016858223267234e-01
2.549747011058730028e-01
2.614987190289187469e-01
2.681697114149176886e-01
2.749880816495737790e-01
2.819436139763779048e-01
