7.665901329305472569e-04
2.679928617885654358e-03
7.502318795783861557e-03
1.286862515958510540e-02
1.659770935702686856e-02
1.569402935372953695e-02
-3.980401555755441745e-02
-1.526828998030372864e-01
-2.132067509437145791e-01
-1.915496063669860083e-01
-1.439073769633412436e-01
-9.876348557141906293e-02
-8.109746861854205680e-02
-7.827117404217237562e-02
-6.613199191814359001e-02
-4.819030352398696870e-02
-3.044702198125317019e-02
-1.587769524403531349e-02
-4.349257151022549103e-03
4.890425020778414039e-03
1.144299547536069619e-02
1.878478273633320261e-02
2.653725979097788790e-02
2.983661997986728279e-02
3.148362782644118646e-02
3.415375824343896971e-02
2.933897541662921354e-02
2.095818804981657707e-02
1.882114108744627895e-02
2.110683980129864079e-02
2.602601671318393456e-02
3.320744339473535867e-02
3.967515859721689603e-02
-1.963698938901129593e-02
-2.457575643382555186e-01
-4.075562480765735351e-01
-3.871700921971311105e-01
-3.428708460329638052e-01
-2.927602691151698910e-01
-2.489361781570533505e-01
-2.400287070451068150e-01
-2.314999403636743835e-01
-2.006844643599980105e-01
-1.481079783786186654e-01
-8.426875178321606430e-02
-2.801784679364958952e-02
-1.061418111699456365e-02
-1.982528929701745518e-02
-1.911160657159434451e-02
-2.710918542741660303e-03
2.147769439414227294e-02
4.263837839955403330e-02
3.224763385030068874e-02
-6.785752639385202178e-02
-1.410682290472078382e-01
-1.149694800066304728e-01
-6.284990952843111378e-02
-1.939896627409030266e-02
8.294428007936720249e-03
3.535004912655804327e-02
6.318419490873371236e-02
8.479198858483942558e-02
7.678373448396043355e-02
4.492734347964324332e-02
3.764652705409791272e-02
6.136429266693321782e-02
9.353434395415137492e-02
1.246094355413417121e-01
1.521795127912305701e-01
1.706893272158420127e-01
1.708368812308274920e-01
1.611218981659550964e-01
1.594096407487037570e-01
1.669828039872343073e-01
1.724598029673088118e-01
1.748471259677317202e-01
1.814713118214172360e-01
1.929816991483800370e-01
1.988354048813602282e-01
1.925100771033549374e-01
1.896668584927661827e-01
1.922237025314655068e-01
1.873227152562907671e-01
1.808101698346027686e-01
1.835784221166782970e-01
1.929285633793559884e-01
2.085080328238696767e-01
2.279587221799856123e-01
2.403120214831890034e-01
2.497137242094582821e-01
2.610516135285311234e-01
2.717509614781779548e-01
2.771251021021167160e-01
2.762492498745542369e-01
2.766736042002310159e-01
2.795594472011970755e-01
2.821803688032220037e-01
2.891967022103478224e-01
3.023360494442932089e-01
3.118740840455427321e-01
3.165759472814720366e-01
3.180573574304847995e-01
3.153736202121102949e-01
3.132062567889329907e-01
3.107701677703159082e-01
3.124131002711755256e-01
3.237515871101265263e-01
3.418530818418386019e-01
3.643766249791888789e-01
3.841359619533381564e-01
3.915176222092149327e-01
3.824312333818908338e-01
3.626242433238229812e-01
2.996788531607870176e-01
1.803201856674389592e-01
1.055706950634214408e-01
1.181325093301598961e-01
1.672010658132974947e-01
2.012865031903897095e-01
2.048865115423389727e-01
2.266077727386665019e-01
2.821583217582112058e-01
3.417328877506755624e-01
3.840471976826200784e-01
4.037011073791380578e-01
3.898510114588208952e-01
3.855389534855584999e-01
4.222363000409222744e-01
4.670889944085184764e-01
5.059900186109864695e-01
5.443850739098706759e-01
5.788418072630887590e-01
5.376089146295019994e-01
4.208384382332925333e-01
3.737985282491736450e-01
4.196866661138904386e-01
4.745444989341185971e-01
5.220229947611887411e-01
5.725237611847238117e-01
6.241931557925209928e-01
6.677155804622157964e-01
6.366876407685455597e-01
4.675860989782730792e-01
3.640024759193610793e-01
4.173667818937513152e-01
5.040302323604007873e-01
5.807853239171143489e-01
6.461681119213167346e-01
7.058817459890150969e-01
7.566852229094013227e-01
7.873209108841704440e-01
8.034013110445814565e-01
8.157633444122529554e-01
8.216694689208301483e-01
8.252058683607872425e-01
8.275076405047040451e-01
8.277852687512817775e-01
8.309729106805989751e-01
8.413981503957039809e-01
8.571394349924685852e-01
8.773031572143127343e-01
9.001195376567991957e-01
9.235336630547915648e-01
9.522962815798797775e-01
9.820087819683825936e-01
1.006970914445114662e+00
1.029927230405056626e+00
1.053312603516624257e+00
1.075777218727393292e+00
1.097065328915174387e+00
