-3.901956688972502757e-06
-2.258773150746660568e-05
-4.093808026719648787e-05
-3.805599281498036772e-05
-2.214251368294055348e-05
-6.998864235409148242e-06
-1.144671833314587518e-04
-7.140442546946234063e-04
-1.823854783503438531e-03
-2.958174026183005897e-03
-3.849121690596983732e-03
-4.469523216883258300e-03
-4.909610254660792469e-03
-5.331139271640405845e-03
-5.718176340193440420e-03
-6.028373057196056983e-03
-6.250461252839363720e-03
-6.398270615858022738e-03
-6.491695561822483952e-03
-6.547165496941396642e-03
-6.573417271198086359e-03
-6.579316410794063680e-03
-6.550231856861802107e-03
-6.499990658780404988e-03
-6.452314990771638135e-03
-6.403400597831098058e-03
-6.361008066252502209e-03
-6.371313956090623315e-03
-6.414285468056495944e-03
-6.458486212098574208e-03
-6.489538349126254373e-03
-6.496221843206768237e-03
-6.472868815092403839e-03
-6.550132225476588098e-03
-7.370800502638216040e-03
-9.443459540752376438e-03
-1.169250661299106597e-02
-1.364218562235646956e-02
-1.531930034032262175e-02
-1.670018977108862074e-02
-1.794795016757220335e-02
-1.918912206236649681e-02
-2.032391438251604163e-02
-2.124267965683428183e-02
-2.184879333235907606e-02
-2.215588347192021246e-02
-2.228116780300278335e-02
-2.245462774699094263e-02
-2.268488000044029812e-02
-2.289177886754993271e-02
-2.300614871705732381e-02
-2.302244958970899730e-02
-2.301553520723353605e-02
-2.330512906940217580e-02
-2.420098336441115286e-02
-2.514902546626374136e-02
-2.585345555998298447e-02
-2.629771182938371588e-02
-2.658872861631874154e-02
-2.677076108686407899e-02
-2.683000591877574698e-02
-2.679090748625995166e-02
-2.672731429591165137e-02
-2.682212107511391247e-02
-2.706009117160523489e-02
-2.723468986252786106e-02
-2.724855270384710093e-02
-2.710578465252894836e-02
-2.683255472524179175e-02
-2.645536563232503413e-02
-2.603574826076621856e-02
-2.566731602015927954e-02
-2.532811753806074595e-02
-2.496512656707224748e-02
-2.457437807294970619e-02
-2.417918097381832263e-02
-2.377259441784122795e-02
-2.333085376129860958e-02
-2.285728121226748150e-02
-2.241205120390272684e-02
-2.203064175045753650e-02
-2.164901705381904948e-02
-2.125621315617589810e-02
-2.088168949143576897e-02
-2.051199881916382362e-02
-2.011623124157917511e-02
-1.968069295911503008e-02
-1.917963787825837860e-02
-1.862394635382674801e-02
-1.804025417416830340e-02
-1.742901780448391155e-02
-1.679807702545158682e-02
-1.615900786943059650e-02
-1.554778068677772906e-02
-1.496972057286821006e-02
-1.439199211805156607e-02
-1.378841347209098026e-02
-1.315475821184747783e-02
-1.247757727962537852e-02
-1.175536979420221603e-02
-1.101570539891435184e-02
-1.028321966970554592e-02
-9.581263127686281272e-03
-8.921740199393974474e-03
-8.298453793624217464e-03
-7.710728100999224635e-03
-7.123625157345108046e-03
-6.503758156704784674e-03
-5.824730825482083048e-03
-5.067431652079324410e-03
-4.279006409776200080e-03
-3.546445145419513303e-03
-2.946799725495050266e-03
-2.577797449719208649e-03
-2.757542183459338412e-03
-3.536891944594305458e-03
-4.434332092191138434e-03
-5.131112233227497384e-03
-5.589689647382961590e-03
-5.990778236900380811e-03
-6.395739825634860938e-03
-6.620986193121306852e-03
-6.575350019477167046e-03
-6.317649741381203658e-03
-5.964658159822585140e-03
-5.636956619161938124e-03
-5.440565802450315035e-03
-5.174995822480396232e-03
-4.708602712012868036e-03
-4.059213604021388345e-03
-3.251607966284855624e-03
-2.283289344945607213e-03
-1.313587112621189459e-03
-8.560241324274597743e-04
-9.028524983982120188e-04
-8.606220016928578910e-04
-5.020882094019013444e-04
1.125468976979263460e-04
9.574522102701091796e-04
2.040172611507407897e-03
3.343931673086048342e-03
4.674204379004902495e-03
5.405043464699538398e-03
5.232527866257796235e-03
5.078037728950540210e-03
5.371052202092855762e-03
6.132022731874412630e-03
7.258517332204713311e-03
8.656811742461830231e-03
1.030211369556890445e-02
1.216307525066805638e-02
1.413156568049666814e-02
1.615696518637720069e-02
1.818319930877113424e-02
2.017229238136120442e-02
2.213032347413562001e-02
2.404000781466457404e-02
2.590717164333201233e-02
2.778288249989831205e-02
2.972840576874394639e-02
3.177721935531943598e-02
3.394467111193050224e-02
3.622482271224193584e-02
3.862243312700458509e-02
4.117663758528541940e-02
4.386435260999328040e-02
4.667610475443823015e-02
4.960838083629752482e-02
5.265610642968744648e-02
5.579990050777880461e-02
