-2.730442155984190933e+00
-2.727625833387893994e+00
-2.726388223736236682e+00
-2.722979748680856460e+00
-2.718447299188448518e+00
-2.709060635909851023e+00
-2.740445327293495659e+00
-2.730329748552926539e+00
-2.724167624314253189e+00
-2.714659000146657952e+00
-2.698682210767801237e+00
-2.671038024259163812e+00
-2.648747475494983572e+00
-2.639699973490677642e+00
-2.613155585260357405e+00
-2.552284943221969638e+00
-2.409101976483259300e+00
-1.925212488164435243e+00
-9.037281905734054988e+00
-3.521321151957650386e+00
-3.219570834410518501e+00
-3.062439507173069675e+00
-2.972899821520448072e+00
-2.945188150195059862e+00
-2.930175607574894592e+00
-2.909117787754543993e+00
-2.933357848683358693e+00
-3.011660298873098718e+00
-3.033403418916449823e+00
-2.987164653635467459e+00
-2.928206335432287588e+00
-2.877422639257217973e+00
-2.846516549118214279e+00
-2.549342913679440770e+00
-2.712845309374923630e+00
-2.713987131623609272e+00
-2.704491011511484189e+00
-2.692007159279648398e+00
-2.675612104276761549e+00
-2.656252812513890227e+00
-2.646366647125856009e+00
-2.635844309880117642e+00
-2.611369552085932355e+00
-2.551958235682793230e+00
-2.359990963452698765e+00
1.075035040216665294e-02
-7.929136503452818729e+00
-6.853092867988586079e-02
-4.183299813791194754e-01
-6.824698370937481329e+00
-3.514872311746271016e+00
-3.187978741800157056e+00
-3.338075852409035704e+00
-2.416565141255011540e+00
-2.572858721427353057e+00
-2.518585398548171206e+00
-2.283465918083583901e+00
1.007889193677447004e-02
-4.051338672583847611e+00
-3.266860475109085726e+00
-3.058524678384847650e+00
-2.979005281847171283e+00
-3.003301434049029606e+00
-3.198220956703755391e+00
-3.276074878014937575e+00
-3.051396897453639845e+00
-2.934728599575891828e+00
-2.878239206353207180e+00
-2.845556016714107628e+00
-2.826716055860886367e+00
-2.819840062788975921e+00
-2.818089511586251206e+00
-2.811499722452341032e+00
-2.800164661371163710e+00
-2.790358182291131861e+00
-2.781978447240946117e+00
-2.772599956497626472e+00
-2.762720629163184061e+00
-2.754321345176725444e+00
-2.747391391385694881e+00
-2.740075788340866403e+00
-2.732485047166372638e+00
-2.724824206934487236e+00
-2.716922992181271646e+00
-2.709914999226478827e+00
-2.703972269486361935e+00
-2.699281298984412381e+00
-2.695286744213774899e+00
-2.690032368575066002e+00
-2.684439562980020177e+00
-2.679413481838369471e+00
-2.674382578662498844e+00
-2.668183247358276944e+00
-2.660487094107727657e+00
-2.653303095509562226e+00
-2.646998835128503202e+00
-2.640695872511916065e+00
-2.636126519659504730e+00
-2.633767815150444669e+00
-2.629905377766119656e+00
-2.624341335456033875e+00
-2.617629364495336119e+00
-2.609302771745513283e+00
-2.601284815374448556e+00
-2.593136274987409617e+00
-2.587187852643016761e+00
-2.586244304344265998e+00
-2.588129375250586506e+00
-2.591124321761459015e+00
-2.592000515078211720e+00
-2.587499119742961540e+00
-2.576068056081617819e+00
-2.559050699208170965e+00
-2.508465072063067680e+00
-2.308081202964427980e+00
-1.876420037725140766e+00
-2.058657993139647147e+00
-2.308317934518881565e+00
-2.387184378985029998e+00
-2.386816081266454947e+00
-2.418642984515326333e+00
-2.480927402416949423e+00
-2.521427995369305286e+00
-2.538593779532585692e+00
-2.540496627488722403e+00
-2.524054770308712392e+00
-2.514083496261469541e+00
-2.528838350046532568e+00
-2.543562183392412912e+00
-2.552270176569728655e+00
-2.558893216575350849e+00
-2.562794345157739073e+00
-2.539360458846687152e+00
-2.467541388760333909e+00
-2.424588345330224382e+00
-2.461469384443543795e+00
-2.491860602257812474e+00
-2.509884424978917394e+00
-2.524737148011492849e+00
-2.536513648144974375e+00
-2.543125663645625423e+00
-2.524109932496981124e+00
-2.423980040082685861e+00
-2.313537543763205306e+00
-2.380455905799061966e+00
-2.446595939822457488e+00
-2.482774574557486957e+00
-2.503651938912183184e+00
-2.517558884307652178e+00
-2.525856887450207200e+00
-2.526957353904230708e+00
-2.523869299549468259e+00
-2.519976374085875825e+00
-2.514420002729219838e+00
-2.508424625198567348e+00
-2.502233041329659180e+00
-2.495562954702850611e+00
-2.490003673034637988e+00
-2.486954976540242779e+00
-2.485596083036860193e+00
-2.485512474748291289e+00
-2.485987051535586190e+00
-2.486364662020907446e+00
-2.488067322676039694e+00
-2.489609728038693959e+00
-2.489511577195544945e+00
-2.488737621703707603e+00
-2.487996991253665691e+00
-2.486919105362134008e+00
-2.485481741505711994e+00
