-2.148901483582318656e-03
-4.694024359596191132e-03
-2.539537453641540262e-03
1.275019242868571673e-03
3.385211715630262463e-03
1.064007110871635284e-03
-5.746329201406207704e-02
-1.816958782179792786e-01
-2.605874568874916863e-01
-2.542497274479280089e-01
-2.147872936500144769e-01
-1.713940560971302929e-01
-1.517426958699175654e-01
-1.466501327120935394e-01
-1.318666214905248324e-01
-1.109383043439702149e-01
-8.942278513360477077e-02
-7.069520856764717476e-02
-5.558094303965285810e-02
-4.287135789717181483e-02
-3.309395618130896860e-02
-2.282037975214976089e-02
-1.184557192866523244e-02
-6.169440594465358876e-03
-3.377096478533295459e-03
3.664081883928641675e-04
-3.753576012495316201e-03
-1.290377822357519425e-02
-1.646971814825544042e-02
-1.590106650686657144e-02
-1.280975121538193220e-02
-6.977340792188944062e-03
-1.187891352755409899e-03
-6.284975807408035853e-02
-3.042901899505504604e-01
-5.007792196351805725e-01
-5.113899270350587001e-01
-4.870695896413719805e-01
-4.492057853025500647e-01
-4.101293906416837998e-01
-4.026868837043973137e-01
-3.951735805386841216e-01
-3.626983245942390632e-01
-3.047663702553009557e-01
-2.316947003715697506e-01
-1.632194285764084207e-01
-1.326752579245245589e-01
-1.326324448454404004e-01
-1.262424063154790888e-01
-1.060981786543191141e-01
-7.838855394824968681e-02
-5.299100298194232839e-02
-5.981232343157599080e-02
-1.630301451581956385e-01
-2.504774219041632222e-01
-2.379275318921194315e-01
-1.934873736658192234e-01
-1.535118392921692165e-01
-1.264027187705022148e-01
-9.743063286280713442e-02
-6.699323331490787681e-02
-4.176174649213752754e-02
-4.613763302830409252e-02
-7.883024683058659221e-02
-8.886054255044931183e-02
-6.475321833557007301e-02
-3.032621927630594488e-02
3.361794365616579960e-03
3.471143192431949687e-02
6.057454103274227675e-02
6.775616544088157445e-02
6.395325667928020152e-02
6.826011202607430717e-02
7.824015935918149367e-02
8.472145151592253010e-02
8.839160910913990143e-02
9.554532828868386729e-02
1.065079803557356097e-01
1.114065999460465139e-01
1.023480569640482923e-01
9.591236362221791656e-02
9.915318881651997984e-02
9.850690203402449885e-02
9.501825251171933107e-02
9.712997282131595467e-02
1.035470989089099791e-01
1.150871565658018458e-01
1.303326767094885597e-01
1.415058416407462272e-01
1.504931053763620685e-01
1.590565821473051977e-01
1.661815030482033662e-01
1.678540430715077525e-01
1.630413329623841001e-01
1.602871892389359787e-01
1.639691979783693410e-01
1.704196055626035766e-01
1.789114304040865522e-01
1.906930266893190618e-01
2.003914209571991401e-01
2.047707781733687227e-01
2.040556395250150423e-01
1.982710983230991375e-01
1.913295186993669572e-01
1.834164345837466514e-01
1.779611838976320748e-01
1.800251571182674704e-01
1.882782578664694562e-01
2.037917341679948979e-01
2.193512159816217999e-01
2.218050981907887242e-01
2.053717147410538124e-01
1.763689654628913528e-01
9.970328102210627985e-02
-4.205071356099317204e-02
-1.460150592356722343e-01
-1.605429761291515545e-01
-1.311561938149074791e-01
-1.102894838990272769e-01
-1.175649674681918666e-01
-1.073212094416600565e-01
-5.955451366208729114e-02
-3.451312531924592697e-03
3.786486951356365926e-02
5.927050704799345648e-02
4.822383781526700525e-02
4.232928177655471969e-02
7.668805923739605013e-02
1.229121847516290444e-01
1.652541544743471591e-01
2.088098746760645441e-01
2.518668177328349245e-01
2.173058703597059993e-01
9.839072365201188830e-02
4.201141770423515859e-02
8.020935163544422319e-02
1.337575383375589066e-01
1.828847399410246932e-01
2.373425727469476165e-01
2.969553277641147071e-01
3.504122618085474539e-01
3.235144698577280820e-01
1.501107960987870249e-01
3.194333022155511348e-02
7.073951897789809706e-02
1.541329918963481593e-01
2.399773392265709404e-01
3.138316436385561459e-01
3.813351419056789093e-01
4.499987816781846339e-01
5.047287993900635428e-01
5.420666201499834136e-01
5.679459558473949343e-01
5.795120558980476622e-01
5.853411978904488056e-01
5.872894857941274305e-01
5.836306577350232061e-01
5.832617119998321220e-01
5.941814761073667128e-01
6.154006046142910247e-01
6.431398575978338750e-01
6.737363641770006684e-01
7.040207121387535016e-01
7.418987614529322094e-01
7.833563851841582881e-01
8.216013506861943316e-01
8.597960164378313230e-01
8.980691942242817749e-01
9.339255301394252529e-01
9.667047742121902543e-01
