-1.044882000306162517e+00
-1.044689787870287878e+00
-1.044277449270218039e+00
-1.043439294704404441e+00
-1.042650561640952933e+00
-1.043528057192907088e+00
-1.044697568008555288e+00
-1.044669309651163891e+00
-1.044467187551322285e+00
-1.044124435156663200e+00
-1.043647606455459398e+00
-1.043032361482211900e+00
-1.042510193572548927e+00
-1.042119645647948234e+00
-1.041546491209554226e+00
-1.040744280401799227e+00
-1.039707384562790882e+00
-1.038462351186746568e+00
-1.037058881016817757e+00
-1.035421514175055124e+00
-1.033645733288784951e+00
-1.031184462334398866e+00
-1.027341435140087578e+00
-1.024038311268814283e+00
-1.021639162174355464e+00
-1.018073107663264310e+00
-1.020173143602918664e+00
-1.024762707070208334e+00
-1.026074617633992991e+00
-1.025820993567332806e+00
-1.024620580468558639e+00
-1.021867703719726572e+00
-1.018238528029242529e+00
-1.034914347300760040e+00
-1.041924253839860759e+00
-1.042809626769565678e+00
-1.042585801510442334e+00
-1.042209894186955532e+00
-1.041736403677768319e+00
-1.041205499261985690e+00
-1.040867661977969538e+00
-1.040519849876982761e+00
-1.039920136602857648e+00
-1.038912599723488706e+00
-1.037303275370351496e+00
-1.035019297111760883e+00
-1.033276627933076286e+00
-1.032763832213286381e+00
-1.031968270441065316e+00
-1.030286146902010369e+00
-1.027567114669165393e+00
-1.024100270669379587e+00
-1.024399597599457090e+00
-1.032327827689857536e+00
-1.035397795594404480e+00
-1.034946189513990866e+00
-1.033363258694345310e+00
-1.031503825892642334e+00
-1.029840951291936646e+00
-1.027585444521980307e+00
-1.024475032280808939e+00
-1.020880487966940198e+00
-1.021069471471343970e+00
-1.024831140084170311e+00
-1.025679858924420707e+00
-1.022917451955934309e+00
-1.017460271647840031e+00
-1.008821182222875867e+00
-9.936951137192204797e-01
-9.636289449210139191e-01
-9.399163395046420399e-01
-9.393093379209079830e-01
-9.099018195713987067e-01
-8.127903030633488735e-01
-5.937184648777358298e-01
2.090372534251087044e-01
-1.764159428318574196e+00
-1.271573290466280648e+00
-1.214762690526804301e+00
-1.319780136049587549e+00
-1.587377393710448059e+00
-1.389008893972200731e+00
-1.338442772437065775e+00
-1.367650359072098087e+00
-1.304455794783547784e+00
-1.227978793303348581e+00
-1.165626027699863787e+00
-1.127632233816049601e+00
-1.110686823141710189e+00
-1.100712360723582028e+00
-1.094078356604142988e+00
-1.089726369786430116e+00
-1.088829615435567000e+00
-1.091842782667494571e+00
-1.093814648639497511e+00
-1.090471521058298698e+00
-1.085241811604344297e+00
-1.080423481280008646e+00
-1.075836644801262842e+00
-1.072503096203389017e+00
-1.070817541385032712e+00
-1.070464368835832403e+00
-1.071345684720649505e+00
-1.072888822276388376e+00
-1.075196119714449949e+00
-1.077494149427703496e+00
-1.077696848939589280e+00
-1.075830210769548101e+00
-1.071717539162738930e+00
-1.068162518524211624e+00
-1.067677251569719266e+00
-1.071899331468257888e+00
-1.085949990804792042e+00
-9.335444198717545161e-01
-1.030747376721418807e+00
-1.036292664582618483e+00
-1.036825456282868041e+00
-1.036105402778983109e+00
-1.035512597254803158e+00
-1.035728260952466062e+00
-1.035406161131890102e+00
-1.033700152837382813e+00
-1.030835634114820598e+00
-1.027669404570539458e+00
-1.025319408040857860e+00
-1.026315281460261630e+00
-1.026809692886643699e+00
-1.022660404739694107e+00
-1.012677988323535949e+00
-9.897644856141859515e-01
-8.295237801423852586e-01
-1.151724039129542465e+00
-2.357522550740033029e+00
-1.015492420762914350e+00
-1.025318312353514560e+00
-1.020089217730135056e+00
-1.004491192685990519e+00
-9.473806048737984931e-01
-1.207548225936853736e+00
-1.084978383462083418e+00
-1.068124973770783637e+00
-1.071668081249296467e+00
-9.774929013839072089e-01
-1.025784576689185101e+00
-1.021041642778464098e+00
-9.869796466568471205e-01
-1.149020340720186883e+00
-1.074696049542943399e+00
-1.062532387176192472e+00
-1.056890383463809258e+00
-1.054046086371197122e+00
-1.052455901775093183e+00
-1.051415194623177785e+00
-1.050745372343358852e+00
-1.050209719965197630e+00
-1.049752581203783119e+00
-1.049381311428047470e+00
-1.048987584560724606e+00
-1.048499431078331545e+00
-1.047953663443539574e+00
-1.047410310917231246e+00
-1.046901575239422177e+00
-1.046436963835876588e+00
-1.045993075610353484e+00
-1.045579870231551078e+00
-1.045202106961539590e+00
-1.044850820672231340e+00
-1.044522328083984819e+00
-1.044210922008281583e+00
-1.043911877497271545e+00
