-1.029458072879693015e-02
6.050944432023479432e-03
5.059281714910497663e-02
2.836130789265314117e-02
2.440708230653655317e-02
-3.977508324648314914e-02
-8.361749829256190925e-01
-1.082270129157668404e+00
-1.465319872423447300e-01
2.546084368252424790e-01
3.176835494783504243e-01
2.609281778216465120e-01
-7.890580148610346067e-02
9.124741549822290576e-03
8.410256657332176866e-02
1.176708123893505931e-01
1.020729955620740537e-01
8.362670518970764799e-02
6.319737342302135519e-02
5.927895993575357098e-02
3.214812888408073027e-02
7.775760417372264144e-02
5.538260978055967870e-02
9.905568619389536200e-03
2.421957584324439111e-02
3.310481833520346334e-02
-8.809687685158332227e-02
-4.253179045835145389e-02
7.390762306187872305e-03
2.737032824139420256e-02
4.886094290027941101e-02
6.901647619781134391e-02
4.730990755914938478e-02
-9.582835248385128679e-01
-2.740168939134312698e+00
-3.594594571533527017e-01
2.393880984377922960e-01
8.284794584363069925e-02
3.325205063460408561e-01
5.223381342350535972e-02
-2.088160064618141409e-01
2.746647212683100969e-02
1.839916566271038167e-01
4.188245132607351096e-01
4.337662078262756182e-01
3.608875459032415134e-01
-1.245896508155202864e-01
-9.148913655427003133e-02
2.971185525075437789e-02
1.666376995941065697e-01
1.800690227507071861e-01
1.465299357260879121e-01
-2.952676521867118042e-01
-1.321159489851382540e+00
-8.390889654143113274e-02
3.064873932139560719e-01
3.815230863669626382e-01
2.111723376916922190e-01
1.547421914273743315e-01
2.301932469538346404e-01
1.977683534758183370e-01
1.595750833240609234e-01
-2.424010190053982328e-01
-2.693868397615295507e-01
1.209446926586292548e-01
2.694333674807558587e-01
2.841477248057519001e-01
2.686673776768587207e-01
2.550096059692543715e-01
1.748517336252193022e-01
-1.987483531741873755e-02
9.501484978275853699e-03
1.150775970071975796e-01
1.412432084139562949e-01
8.169991929180303591e-02
9.624793446177884459e-02
1.480086015426514134e-01
1.741491384377458207e-01
6.732862286288684994e-02
-3.154232640855098024e-02
1.076849210966114578e-01
9.836159159164023502e-02
1.781340264251415895e-02
5.369969175576475018e-02
1.339430979696602519e-01
1.456311382744611416e-01
2.252691046877179915e-01
2.178455913749322015e-01
1.468151070884758935e-01
1.793631931390811118e-01
1.704495791805856753e-01
1.716809580441229222e-01
9.617917012728571802e-02
7.291573959790725867e-02
1.235239863525855464e-01
1.477473515197371134e-01
1.450337095764093753e-01
1.979668895902256809e-01
2.265392638444464479e-01
1.629575489889071305e-01
1.479970005500098051e-01
1.034229708201289122e-01
7.659972647282597968e-02
9.781711566315026696e-02
6.926594907672339874e-02
1.440778766020503476e-01
2.085767685967803153e-01
2.519847604228999116e-01
3.074487490365584996e-01
2.436508067143668965e-01
1.140609013918379988e-01
-3.348009419031200418e-02
-7.740364985702691270e-02
-7.433387343258021085e-01
-1.102040974260509509e+00
-1.919444941282155703e-01
2.927322727847520012e-01
4.325862554192396181e-01
1.039715052882088098e-01
-5.953218573888771625e-02
3.583196674237081325e-01
5.339176656517308217e-01
4.849933756885907998e-01
3.073870801818721632e-01
1.679606518588726560e-01
-1.901941441522382314e-01
2.602065286606291550e-01
4.907777844552806967e-01
4.523213079425162930e-01
4.331040701912512447e-01
4.822021922182762044e-01
4.324293682408816286e-01
-6.764426599997657163e-01
-8.996888363352419926e-01
2.991449429331923260e-01
6.345786515026863306e-01
5.069521918319881415e-01
5.360059026656862624e-01
5.915439004155528258e-01
6.160418152068661835e-01
5.158925458989265245e-01
-5.533669926724116284e-01
-1.767097538602195206e+00
2.258387761977367902e-01
7.987872921843097718e-01
8.547508728491932661e-01
7.469134854623978859e-01
6.858326538315231424e-01
6.849373406915276741e-01
6.674903229369694158e-01
4.622594894779937791e-01
4.411918073841296639e-01
3.832323518244452609e-01
3.091477515857286029e-01
3.364511316774813077e-01
2.907628565168720591e-01
2.850516536211240570e-01
3.465206864912921958e-01
4.360987355004581900e-01
4.755200402985089170e-01
5.348274447338874360e-01
5.338188727550062795e-01
5.491879457646876572e-01
6.509447567567689941e-01
6.131345394837917073e-01
6.162141682604780346e-01
5.754493321379456905e-01
5.668423212322268867e-01
5.693328870720648638e-01
5.918532488495811261e-01
6.234052177038003073e-01
6.466831477740160317e-01
6.691670550685997476e-01
6.734598703595813252e-01
6.676156215121706872e-01
6.512231753339527973e-01
6.385256263877212568e-01
6.305926768280702976e-01
6.389118451051989389e-01
6.406708661835402996e-01
6.499376503276235173e-01
6.662700895051067995e-01
6.890177325479065473e-01
7.239427274607048712e-01
7.655100897219486722e-01
7.696312479074909341e-01
7.858696455536491321e-01
7.709810642287819871e-01
7.768224444370923631e-01
7.625692220042137315e-01
7.551940354587860504e-01
7.549580263571413763e-01
7.689070400318971377e-01
7.873612666821412365e-01
8.105836037816664952e-01
8.498092461398791819e-01
8.710343973267231643e-01
8.918950329412109745e-01
8.884494791256678514e-01
8.671404151241224323e-01
8.432180932785260374e-01
8.377453309357838496e-01
8.357662368066667291e-01
8.390184263630366956e-01
8.554649859960010705e-01
8.826817830124191744e-01
9.081909853308829383e-01
9.071788559281599440e-01
9.109730600297774039e-01
9.143368623804928319e-01
8.971573460379400622e-01
8.870665682301059896e-01
8.831601870999397086e-01
8.893892728362549072e-01
8.974257882556044841e-01
9.109239267369431126e-01
9.409303945726659180e-01
9.614851950099105871e-01
9.685157879700834194e-01
9.582827463640311016e-01
9.434414165034290534e-01
9.283545907813164355e-01
9.276973996122443999e-01
9.294969089617222124e-01
9.278109425079921202e-01
9.326068075807243396e-01
9.357936868096343730e-01
9.480780823683470082e-01
9.670726952447159519e-01
9.827127117700040770e-01
9.902246773494414178e-01
9.861547749053367617e-01
9.815070105076606488e-01
9.671099087459293919e-01
9.631964408331747940e-01
9.474256905368627635e-01
9.438680257356293346e-01
9.501270856081358573e-01
9.565750348127024516e-01
9.737902321570013342e-01
9.957895744030018648e-01
1.003186735729886703e+00
1.014288663041463590e+00
9.911450729045574448e-01
9.647559496861179973e-01
9.492388353415930347e-01
9.349131058056543431e-01
9.350876638509135752e-01
9.348476019240785639e-01
9.476716685025547982e-01
9.671334823562176553e-01
