-3.149963550191631434e+00
-3.139896644037401430e+00
-3.154431641441609813e+00
-3.146958230208520391e+00
-3.140566799685644561e+00
-3.125556197716559570e+00
-3.154567406345686553e+00
-3.147734962511112400e+00
-3.140726754268273968e+00
-3.128722671674079692e+00
-3.108054433425151863e+00
-3.072326951969899245e+00
-3.046566023709748272e+00
-3.038431371367753986e+00
-3.008948894145878850e+00
-2.945040742365763187e+00
-2.818397459174907915e+00
-2.554675001834727510e+00
-1.836497999181938123e+00
1.125085655726056189e+01
-5.884756342233774973e+00
-4.191118349604604276e+00
-3.752823864015871980e+00
-3.691639548424772599e+00
-3.686430721350795192e+00
-3.631316594107721674e+00
-3.878641535850173128e+00
-7.058160758956828040e+00
1.658262250795329464e+02
-6.826974100804675594e+00
-4.350761807886657451e+00
-3.750277609201462692e+00
-3.566220771320896876e+00
-2.986790217517026669e+00
-3.121352853388610349e+00
-3.124448357427336731e+00
-3.111794330579686907e+00
-3.095061300461865450e+00
-3.073349818330073369e+00
-3.048610304965150064e+00
-3.037961623507331232e+00
-3.026324838572646669e+00
-2.996968127140105409e+00
-2.927085477160020321e+00
-2.729927276713475237e+00
-1.806126444955589605e+00
-1.100438500167890243e+00
-2.192384572708165891e+00
-2.288533143832188976e+00
-1.762612901266317200e+00
1.853464378412260061e+01
-5.097962582590998437e+00
1.456539143375982235e+02
-2.869008002264687107e+00
-2.973602533246481716e+00
-2.921044300063985411e+00
-2.761567003675002852e+00
-2.399188664291208362e+00
-1.641800065581930035e+00
9.301123913800718412e+01
-4.689472293848905515e+00
-4.031013762663755884e+00
-4.532005749555681362e+00
-5.371470629075860703e-01
-1.474646135615928388e+00
-8.299493165569042930e+00
-3.997153785463159359e+00
-3.631140498882597711e+00
-3.497297071081677089e+00
-3.438132386446345556e+00
-3.437990963327096416e+00
-3.464444707798893575e+00
-3.457612446194824329e+00
-3.424848456705834376e+00
-3.404126868165632924e+00
-3.391169586563121729e+00
-3.368950462675259772e+00
-3.341198091057633768e+00
-3.326557013613481217e+00
-3.332004342448033896e+00
-3.330208608431367789e+00
-3.315078102713525432e+00
-3.309921469540821448e+00
-3.307701584906345360e+00
-3.293353017417246509e+00
-3.273688372925445123e+00
-3.251811521140217209e+00
-3.231716418836148463e+00
-3.217901378215406005e+00
-3.206213225911976217e+00
-3.194857768531438769e+00
-3.184347888939228710e+00
-3.175108610263764675e+00
-3.166604653811092795e+00
-3.157781638534955526e+00
-3.148876458140681400e+00
-3.140210296457270012e+00
-3.132106533145476490e+00
-3.124864546612394989e+00
-3.117339355800644363e+00
-3.109086741299513346e+00
-3.100025209930024950e+00
-3.089765333563347482e+00
-3.079519259129061659e+00
-3.068972912095838446e+00
-3.060222093379577402e+00
-3.055985931337631634e+00
-3.054481453104056055e+00
-3.054695133497048687e+00
-3.052938555183175584e+00
-3.045146569258281755e+00
-3.028836599495403625e+00
-3.004393681112949466e+00
-2.912562345323093993e+00
7.082168964387546062e+00
-3.616569079923792618e+00
-3.852253211639462105e+00
-8.640744957156720751e-01
-2.507748172793099695e+00
-2.481102875021924614e+00
-2.670209253653296422e+00
-2.884539087748631658e+00
-2.962797399978664536e+00
-2.986190762849437519e+00
-2.986162797811349190e+00
-2.957514741866763330e+00
-2.940156951587437284e+00
-2.967630234251112942e+00
-2.990387520238526164e+00
-3.001593559557735436e+00
-3.009219307379095376e+00
-3.013323992380632976e+00
-2.979749596420514735e+00
-2.845002006882953793e+00
-2.746210368130980406e+00
-2.861328698560356987e+00
-2.923642436732650118e+00
-2.952228704673672599e+00
-2.972179940338961046e+00
-2.986415729201215896e+00
-2.993131166629801498e+00
-2.965330533373280009e+00
-2.777670695343020135e+00
-2.418407270062658654e+00
-2.716092972474806189e+00
-2.867709264944436232e+00
-2.926389866101225756e+00
-2.952587951303083713e+00
-2.967281301272615135e+00
-2.976295686145229880e+00
-2.977262971654594637e+00
-2.973140988018010411e+00
-2.967341358635420256e+00
-2.958882069717547747e+00
-2.950090569306875743e+00
-2.941124806885507148e+00
-2.931343524091730046e+00
-2.923604380394706048e+00
-2.920270398382481147e+00
-2.919897583756143611e+00
-2.921000285280958231e+00
-2.922214984638927593e+00
-2.922683479920103800e+00
-2.924971790051234866e+00
-2.926986708849387497e+00
-2.926949697439395148e+00
-2.926271064674876854e+00
-2.925476792183439478e+00
-2.923976118908354849e+00
-2.921816191382718753e+00
