2.554193086139717739e+00
2.527971041922098205e+00
2.502265207552234916e+00
2.477061177300161621e+00
2.452345039995670994e+00
2.428103360490530438e+00
2.404323161728829206e+00
2.380991907427402854e+00
2.358097485363899182e+00
2.335628191266460707e+00
2.313572713296145444e+00
2.291920117110902488e+00
2.270659831498161196e+00
2.249781634561682342e+00
2.229275640447345275e+00
2.209132286591763528e+00
2.189342321477170561e+00
2.169896792875715352e+00
2.150787036566179644e+00
2.132004665506167296e+00
2.113541559442909890e+00
2.095389854946088981e+00
2.077541935846336063e+00
2.059990424063429248e+00
2.042728170808599586e+00
2.025748248145780028e+00
2.009043940897086600e+00
1.992608738878270724e+00
1.976436329450386609e+00
1.960520590374370098e+00
1.944855582955733686e+00
1.929435545467046431e+00
1.914254886836353586e+00
1.899308180590157047e+00
1.884590159040034463e+00
1.870095707702425392e+00
1.855819859941548300e+00
1.841757791825840540e+00
1.827904817188712228e+00
1.814256382884819496e+00
1.800808064233422767e+00
1.787555560640789576e+00
1.774494691393933010e+00
1.761621391618334975e+00
1.748931708392617912e+00
1.736421797013454560e+00
1.724087917404293124e+00
1.711926430661776077e+00
1.699933795733990616e+00
1.688106566224973237e+00
1.676441387320119381e+00
1.664934992827406646e+00
1.653584202329561936e+00
1.642385918442529569e+00
1.631337124175787912e+00
1.620434880390292376e+00
1.609676323349983340e+00
1.599058662362995875e+00
1.588579177508878892e+00
1.578235217448292316e+00
1.568024197311814305e+00
1.557943596664632668e+00
1.547990957544050250e+00
1.538163882566853768e+00
1.528460033103743454e+00
1.518877127518130310e+00
1.509412939466735937e+00
1.500065296259535774e+00
1.490832077276698309e+00
1.481711212440274483e+00
1.472700680738487256e+00
1.463798508800564502e+00
1.455002769520152839e+00
1.446311580725423207e+00
1.437723103894074761e+00
1.429235542911503565e+00
1.420847142870492741e+00
1.412556188910839561e+00
1.404361005097401804e+00
1.396259953335122539e+00
1.388251432319631995e+00
2.619207379718829554e+00
2.591622149292036603e+00
2.564594466502488235e+00
2.538108326476456789e+00
2.512148291906579178e+00
2.486699470835056935e+00
2.461747495232317284e+00
2.437278500365384737e+00
2.413279104945737608e+00
2.389736392042824509e+00
2.366637890746642992e+00
2.343971558560621116e+00
2.321725764504459999e+00
2.299889272905421223e+00
2.278451227855786243e+00
2.257401138313731348e+00
2.236728863824647195e+00
2.216424600839931536e+00
2.196478869610425821e+00
2.176882501631973721e+00
2.157626627620972570e+00
2.138702665998280406e+00
2.120102311860375899e+00
2.101817526417287585e+00
2.083840526877424715e+00
2.066163776760108650e+00
2.048779976617263632e+00
2.031682055146428301e+00
2.014863160677890175e+00
1.998316653019464484e+00
1.982036095643058049e+00
1.966015248197854559e+00
1.950248059335570883e+00
1.934728659833861553e+00
1.919451356004562292e+00
1.904410623374040323e+00
1.889601100623489627e+00
1.875017583777558228e+00
1.860655020630210821e+00
1.846508505397245870e+00
1.832573273585368590e+00
1.818844697068181304e+00
1.805318279359903855e+00
1.791989651078060186e+00
1.778854565586776459e+00
1.765908894812722840e+00
1.753148625226104595e+00
1.740569853979464732e+00
1.728168785197390145e+00
1.715941726410551205e+00
1.703885085127794019e+00
1.691995365540311269e+00
1.680269165352191063e+00
1.668703172731906825e+00
1.657294163379569474e+00
1.646038997704998508e+00
1.634934618111901772e+00
1.623978046383669938e+00
1.613166381166496910e+00
1.602496795545741204e+00
1.591966534711624526e+00
1.581572913710545203e+00
1.571313315278457301e+00
1.561185187752919701e+00
1.551186043060584385e+00
1.541313454777030634e+00
1.531565056255995927e+00
1.521938538825186038e+00
1.512431650045972242e+00
1.503042192034406144e+00
1.493768019841093864e+00
1.484607039887581914e+00
1.475557208457014102e+00
1.466616530236908522e+00
1.457783056912011377e+00
1.449054885805256765e+00
1.440430158564967034e+00
1.431907059896492029e+00
1.423483816336568619e+00
1.415158695068768013e+00
1.406930002778443489e+00
2.687602148776077726e+00
2.658545244630801996e+00
2.630091730111369319e+00
2.602223775389330473e+00
2.574924204239367853e+00
2.548176467311822790e+00
2.521964616444340113e+00
2.496273279995389061e+00
2.471087639178020989e+00
2.446393405368894935e+00
2.422176798365081041e+00
2.398424525559373688e+00
2.375123762003602756e+00
2.352262131328696437e+00
2.329827687489901322e+00
2.307808897305502871e+00
2.286194623757612732e+00
2.264974110024004617e+00
2.244136964210548424e+00
2.223673144754494402e+00
2.203572946469647409e+00
2.183826987205335968e+00
2.164426195092003624e+00
2.145361796347166727e+00
2.126625303616481055e+00
2.108208504825604290e+00
2.090103452519524119e+00
2.072302453666978295e+00
2.054798059908545138e+00
2.037583058227894650e+00
2.020650462026619909e+00
2.003993502583915731e+00
1.987605620883250879e+00
1.971480459788987893e+00
1.955611856556691341e+00
1.939993835661645516e+00
1.924620601930818298e+00
1.909486533964215527e+00
1.894586177832243479e+00
1.879914241036335198e+00
1.865465586720715052e+00
1.851235228123754073e+00
1.837218323257939101e+00
1.823410169807996306e+00
1.809806200237228824e+00
1.796401977092606073e+00
1.783193188499601067e+00
1.770175643838210355e+00
1.757345269592005987e+00
1.744698105362465723e+00
1.732230300041198268e+00
1.719938108133043375e+00
1.707817886223360837e+00
1.695866089583145664e+00
1.684079268905911642e+00
1.672454067170578762e+00
1.660987216624868479e+00
1.649675535883986965e+00
1.638515927139603034e+00
1.627505373474385619e+00
1.616640936277578877e+00
1.605919752757303032e+00
1.595339033545482010e+00
1.584896060391476569e+00
1.574588183940704766e+00
1.564412821594675540e+00
1.554367455449060520e+00
1.544449630306552690e+00
1.534656951761434351e+00
1.524987084352904532e+00
1.515437749784352750e+00
1.506006725205896624e+00
1.496691841557620695e+00
1.487490981971068216e+00
1.478402080226648874e+00
1.469423119264726463e+00
1.460552129748259986e+00
1.451787188674950269e+00
1.443126418036947634e+00
1.434567983526257029e+00
1.426110093284057134e+00
2.759646958059937649e+00
2.728998118287675911e+00
2.699003641269920539e+00
2.669643607438860755e+00
2.640898852637913574e+00
2.612750935839181388e+00
2.585182108217844110e+00
2.558175283549331436e+00
2.531714009891250505e+00
2.505782442509225660e+00
2.480365318003988406e+00
2.455447929595854895e+00
2.431016103522222860e+00
2.407056176503639122e+00
2.383554974234309842e+00
2.360499790853547886e+00
2.337878369355529173e+00
2.315678882895741975e+00
2.293889916953732566e+00
2.272500452312993691e+00
2.251499848820223804e+00
2.230877829887551123e+00
2.210624467702743345e+00
2.190730169113848547e+00
2.171185662156111196e+00
2.151981983190420333e+00
2.133110464623904967e+00
2.114562723184629345e+00
2.096330648723653045e+00
2.078406393518966500e+00
2.060782362057026695e+00
2.043451201268810191e+00
2.026405791198397921e+00
2.009639236083203606e+00
1.993144855825985218e+00
1.976916177839763700e+00
1.960946929247721071e+00
1.945231029421041535e+00
1.929762582838522977e+00
1.914535872252598026e+00
1.899545352147172794e+00
1.884785642473441492e+00
1.870251522650525633e+00
1.855937925818446743e+00
1.841839933331587131e+00
1.827952769481379303e+00
1.814271796437534112e+00
1.800792509397660002e+00
1.787510531935637914e+00
1.774421611539585664e+00
1.761521615330726043e+00
1.748806525954891500e+00
1.736272437638810784e+00
1.723915552403724183e+00
1.711732176429229924e+00
1.699718716560626675e+00
1.687871676953339950e+00
1.676187655848337732e+00
1.664663342472744612e+00
1.653295514060134863e+00
1.642081032985263089e+00
1.631016844008239985e+00
1.620099971623400137e+00
1.609327517508343686e+00
1.598696658068839094e+00
1.588204642075492723e+00
1.577848788388271695e+00
1.567626483765165446e+00
1.557535180751430604e+00
1.547572395646048093e+00
1.537735706542161296e+00
1.528022751438427251e+00
1.518431226418349045e+00
1.508958883894791825e+00
1.499603530917017036e+00
1.490363027537687790e+00
1.481235285237416877e+00
1.472218265404534376e+00
1.463309977867861988e+00
1.454508479480378869e+00
1.445811872751753491e+00
2.835640721650462215e+00
2.803266274602856711e+00
2.771603028570107430e+00
2.740628662490046441e+00
2.710321731699448122e+00
2.680661628778140404e+00
2.651628546165926359e+00
2.623203440493630634e+00
2.595367998566793677e+00
2.568104604938880708e+00
2.541396311010111653e+00
2.515226805588023140e+00
2.489580386846430571e+00
2.464441935620479640e+00
2.439796889976844074e+00
2.415631220999767681e+00
2.391931409735461589e+00
2.368684425239355296e+00
2.345877703672721193e+00
2.323499128397342073e+00
2.301537011018979673e+00
2.279980073332566359e+00
2.258817430124121284e+00
2.238038572786483993e+00
2.217633353707969768e+00
2.197591971395027155e+00
2.177904956291876193e+00
2.158563157261947918e+00
2.139557728697713657e+00
2.120880118227189026e+00
2.102522054987015832e+00
2.084475538433587793e+00
2.066732827665155980e+00
2.049286431229266014e+00
2.032129097391220718e+00
2.015253804840530183e+00
1.998653753813540046e+00
1.982322357611553398e+00
1.966253234494875546e+00
1.950440199934226460e+00
1.934877259201953192e+00
1.919558600286399574e+00
1.904478587113661581e+00
1.889631753061794983e+00
1.875012794753320611e+00
1.860616566112612613e+00
1.846438072675468112e+00
1.832472466138802325e+00
1.818715039139057632e+00
1.805161220248497900e+00
1.791806569179120734e+00
1.778646772184454994e+00
1.765677637650007181e+00
1.752895091863592159e+00
1.740295174957239954e+00
1.727874037012781638e+00
1.715627934323628700e+00
1.703553225805629623e+00
1.691646369550250384e+00
1.679903919513665356e+00
1.668322522335656810e+00
1.656898914282536772e+00
1.645629918308581185e+00
1.634512441230740354e+00
1.623543471011653638e+00
1.612720074146224425e+00
1.602039393147260515e+00
1.591498644125886042e+00
1.581095114462647055e+00
1.570826160565430785e+00
1.560689205710493965e+00
1.550681737963078621e+00
1.540801308174265527e+00
1.531045528050857030e+00
1.521412068295250108e+00
1.511898656812388442e+00
1.502503076981026142e+00
1.493223165986658607e+00
1.484056813213596726e+00
1.475001958693786586e+00
1.466056591610068738e+00
2.915915796204790578e+00
2.881666746051412265e+00
2.848192463149316289e+00
2.815467856308740746e+00
2.783468855166697509e+00
2.752172362484897494e+00
2.721556208766614748e+00
2.691599109098519182e+00
2.662280622122698670e+00
2.633581111044399847e+00
2.605481706582170265e+00
2.577964271768899529e+00
2.551011368514584543e+00
2.524606225844334695e+00
2.498732709728082479e+00
2.473375294421602533e+00
2.448519035241690567e+00
2.424149542701621307e+00
2.400252957936356513e+00
2.376815929350178713e+00
2.353825590422733427e+00
2.331269538612527281e+00
2.309135815300062511e+00
2.287412886715689986e+00
2.266089625800150831e+00
2.245155294948493196e+00
2.224599529590685520e+00
2.204412322564730520e+00
2.184584009240498226e+00
2.165105253354743464e+00
2.145967033519945666e+00
2.127160630371647265e+00
2.108677614320919158e+00
2.090509833880407342e+00
2.072649404534167239e+00
2.055088698123126001e+00
2.037820332719579408e+00
2.020837162965583023e+00
2.004132270851501474e+00
1.987698956912273163e+00
1.971530731820188675e+00
1.955621308354147381e+00
1.939964593726451136e+00
1.924554682249227877e+00
1.909385848323562174e+00
1.894452539735322016e+00
1.879749371242541045e+00
1.865271118440038123e+00
1.851012711887719986e+00
1.836969231489748333e+00
1.823135901112425739e+00
1.809508083429320680e+00
1.796081274982739062e+00
1.782851101451242259e+00
1.769813313113445030e+00
1.756963780498841388e+00
1.744298490216889652e+00
1.731813540956038677e+00
1.719505139644816438e+00
1.707369597767499192e+00
1.695403327827264439e+00
1.683602839950101959e+00
1.671964738623081814e+00
1.660485719560920392e+00
1.649162566695075549e+00
1.637992149279897669e+00
1.626971419110638140e+00
1.616097407848368750e+00
1.605367224447111552e+00
1.594778052678712088e+00
1.584327148751206726e+00
1.574011839016636438e+00
1.563829517764460997e+00
1.553777645096911852e+00
1.543853744882795587e+00
1.534055402786422384e+00
1.524380264368507376e+00
1.514826033256014393e+00
1.505390469378086626e+00
1.496071387265311969e+00
1.486866654409721544e+00
3.000842776381854371e+00
2.964552552656627871e+00
2.929108409082357589e+00
2.894482046487224736e+00
2.860646359749895673e+00
2.827575379416609636e+00
2.795244216357273714e+00
2.763629009316037166e+00
2.732706875214452769e+00
2.702455862068855019e+00
2.672854904387788721e+00
2.643883780920031068e+00
2.615523074628758327e+00
2.587754134772627612e+00
2.560559040979858203e+00
2.533920569206731255e+00
2.507822159477217205e+00
2.482247885305632895e+00
2.457182424709304147e+00
2.432611032723132283e+00
2.408519515332689043e+00
2.384894204747052715e+00
2.361721935936921035e+00
2.338990024367752163e+00
2.316686244861606347e+00
2.294798811525166293e+00
2.273316358684974503e+00
2.252227922774312496e+00
2.231522925119371337e+00
2.211191155575355172e+00
2.191222756966057617e+00
2.171608210283114015e+00
2.152338320603686128e+00
2.133404203687735201e+00
2.114797273218273155e+00
2.096509228650114576e+00
2.078532043634647053e+00
2.060857954990003460e+00
2.043479452187779266e+00
2.026389267329124610e+00
2.009580365584554329e+00
1.993045936073315927e+00
1.976779383159524173e+00
1.960774318143557737e+00
1.945024551328432771e+00
1.929524084442014065e+00
1.914267103396995129e+00
1.899247971371587074e+00
1.884461222194810492e+00
1.869901554021168755e+00
1.855563823280334645e+00
1.841443038888255224e+00
1.827534356706834506e+00
1.813833074240048804e+00
1.800334625555010559e+00
1.787034576417105614e+00
1.773928619628927894e+00
1.761012570563272206e+00
1.748282362880965390e+00
1.735734044424810607e+00
1.723363773281369804e+00
1.711167814002743981e+00
1.699142533980930292e+00
1.687284399967698301e+00
1.675589974733317611e+00
1.664055913857784397e+00
1.652678962648543415e+00
1.641455953178986737e+00
1.630383801442311764e+00
1.619459504615590184e+00
1.608680138429150919e+00
1.598042854636636312e+00
1.587544878581305330e+00
1.577183506854388462e+00
1.566956105041494851e+00
1.556860105553272700e+00
1.546893005536709831e+00
1.537052364863622289e+00
1.527335804193064694e+00
1.517741003104534858e+00
1.508265698299002588e+00
3.090836136506935006e+00
3.052317937152850380e+00
3.014726085640234921e+00
2.978028552274931240e+00
2.942194710205054520e+00
2.907195263617388115e+00
2.873002179926302357e+00
2.839588625738527661e+00
2.806928906385270484e+00
2.774998408821852003e+00
2.743773547704043470e+00
2.713231714459367172e+00
2.683351229180740205e+00
2.654111295178823049e+00
2.625491956038196406e+00
2.597474055031059326e+00
2.570039196750340427e+00
2.543169710832053898e+00
2.516848617644279251e+00
2.491059595827368689e+00
2.465786951576840913e+00
2.441015589566913668e+00
2.416730985418799715e+00
2.392919159623670300e+00
2.369566652835701781e+00
2.346660502455763631e+00
2.324188220431161689e+00
2.302137772201432675e+00
2.280497556724451425e+00
2.259256387521152210e+00
2.238403474680939365e+00
2.217928407773391175e+00
2.197821139615195207e+00
2.178071970844362326e+00
2.158671535256654561e+00
2.139610785861936648e+00
2.120880981620673733e+00
2.102473674823217120e+00
2.084380699076758159e+00
2.066594157866925574e+00
2.049106413662968418e+00
2.031910077537315562e+00
2.014997999272026608e+00
1.998363257926254688e+00
1.981999152840379086e+00
1.965899195053859572e+00
1.950057099115216852e+00
1.934466775263777860e+00
1.919122321963999900e+00
1.904018018774285004e+00
1.889148319533220155e+00
1.874507845847154019e+00
1.860091380863919230e+00
1.845893863318361028e+00
1.831910381836142188e+00
1.818136169483026032e+00
1.804566598547566514e+00
1.791197175545780507e+00
1.778023536437006946e+00
1.765041442040746755e+00
1.752246773644819955e+00
1.739635528795706154e+00
1.727203817262412677e+00
1.714947857165677991e+00
1.702863971264755527e+00
1.690948583394421112e+00
1.679198215045241360e+00
1.667609482080494532e+00
1.656179091583479757e+00
1.644903838829276710e+00
1.633780604375314249e+00
1.622806351265395186e+00
1.611978122342103026e+00
1.601293037662757879e+00
1.590748292014341203e+00
1.580341152523034198e+00
1.570068956354229162e+00
1.559929108499074513e+00
1.549919079643813591e+00
1.540036404118352742e+00
1.530278677920670294e+00
3.186360897163762917e+00
3.145404537271766721e+00
3.105465187336862165e+00
3.066506460424403446e+00
3.028493625417957968e+00
2.991393518256762807e+00
2.955174458434427276e+00
2.919806170439271042e+00
2.885259709833651431e+00
2.851507393686401493e+00
2.818522735088811793e+00
2.786280381500379377e+00
2.754756056685770282e+00
2.723926506018946814e+00
2.693769444944298819e+00
2.664263510397773871e+00
2.635388215003440227e+00
2.607123903872712756e+00
2.579451713844517879e+00
2.552353535015141173e+00
2.525811974416248606e+00
2.499810321708787253e+00
2.474332516769049750e+00
2.449363119051242599e+00
2.424887278618430120e+00
2.400890708740738511e+00
2.377359659966308048e+00
2.354280895576575272e+00
2.331641668343223728e+00
2.309429698509458895e+00
2.287633152923261193e+00
2.266240625254904995e+00
2.245241117235379225e+00
2.224624020856365902e+00
2.204379101476232616e+00
2.184496481779968580e+00
2.164966626544329920e+00
2.145780328162453454e+00
2.126928692885108774e+00
2.108403127738389227e+00
2.090195328080132864e+00
2.072297265759703855e+00
2.054701177847896965e+00
2.037399555905786475e+00
2.020385135763207884e+00
2.003650887779339751e+00
1.987190007559493266e+00
1.970995907103769929e+00
1.955062206364690081e+00
1.939382725192239088e+00
1.923951475646046072e+00
1.908762654655600022e+00
1.893810637010498787e+00
1.879089968663780308e+00
1.864595360332353735e+00
1.850321681379447858e+00
1.836263953964867968e+00
1.822417347449637681e+00
1.808777173042362296e+00
1.795338878675349692e+00
1.782098044099197587e+00
1.769050376185165474e+00
1.756191704425243305e+00
1.743517976620373000e+00
1.731025254747800668e+00
1.718709710999016149e+00
1.706567623980199011e+00
1.694595375067518450e+00
1.682789444910036680e+00
1.671146410073351296e+00
1.659662939817467375e+00
1.648335793002728478e+00
1.637161815117957442e+00
1.626137935425256531e+00
1.615261164216197365e+00
1.604528590174407299e+00
1.593937377839797831e+00
1.583484765169936637e+00
1.573168061194269329e+00
1.562984643757131531e+00
1.552931957345672576e+00
3.287940539627600245e+00
3.244308695851044533e+00
3.201796642704647589e+00
3.160362880394007590e+00
3.119967873135889747e+00
3.080573938838103043e+00
3.042145145737478185e+00
3.004647215529361759e+00
2.968047432552845866e+00
2.932314558625078504e+00
2.897418753145499348e+00
2.863331498116662654e+00
2.830025527752581205e+00
2.797474762368237666e+00
2.765654246265142113e+00
2.734540089347667902e+00
2.704109412223368203e+00
2.674340294557734143e+00
2.645211726469856028e+00
2.616703562770398506e+00
2.588796479857132127e+00
2.561471935096149011e+00
2.534712128528851416e+00
2.508499966755889155e+00
2.482819028859526433e+00
2.457653534235473280e+00
2.432988312214086513e+00
2.408808773359064404e+00
2.385100882339394435e+00
2.361851132277406062e+00
2.339046520482316982e+00
2.316674525484806235e+00
2.294723085293764786e+00
2.273180576801651309e+00
2.252035796269759249e+00
2.231277940829216266e+00
2.210896590937767137e+00
2.190881693736289826e+00
2.171223547252635999e+00
2.151912785403764072e+00
2.132940363750288615e+00
2.114297545960475588e+00
2.095975890943466258e+00
2.077967240614014166e+00
2.060263708253412762e+00
2.042857667433469526e+00
2.025741741472446122e+00
2.008908793393788805e+00
1.992351916360271868e+00
1.976064424557813837e+00
1.960039844504814388e+00
1.944271906764283520e+00
1.928754538037405597e+00
1.913481853618441919e+00
1.898448150192061146e+00
1.883647898955294719e+00
1.869075739047351803e+00
1.854726471271497923e+00
1.840595052094107453e+00
1.826676587906856941e+00
1.812966329538815424e+00
1.799459667005945285e+00
1.786152124486218629e+00
1.773039355509216097e+00
1.760117138349696742e+00
1.747381371615193801e+00
1.734828070018253232e+00
1.722453360324426752e+00
1.710253477467619243e+00
1.698224760824846857e+00
1.686363650642876078e+00
1.674666684609616985e+00
1.663130494563532791e+00
1.651751803334661650e+00
1.640527421711194478e+00
1.629454245525862488e+00
1.618529252856688139e+00
1.607749501336922515e+00
1.597112125569268848e+00
1.586614334639732560e+00
1.576253409726672494e+00
3.396166447907708719e+00
3.349590159839748615e+00
3.304250637445729222e+00
3.260100351984986489e+00
3.217094116361441269e+00
3.175188947228750003e+00
3.134343936335642233e+00
3.094520130434722294e+00
3.055680419130172965e+00
3.017789430087851166e+00
2.980813431075590270e+00
2.944720238342386942e+00
2.909479130882783426e+00
2.875060770167474189e+00
2.841437124953113180e+00
2.808581400813757067e+00
2.776467974063484778e+00
2.745072329764742580e+00
2.714371003539930882e+00
2.684341526924975962e+00
2.654962376023118242e+00
2.626212923235140106e+00
2.598073391858812364e+00
2.570524813365600902e+00
2.543548987176738496e+00
2.517128442773731489e+00
2.491246403990325042e+00
2.465886755343977832e+00
2.441034010275068056e+00
2.416673281171439314e+00
2.392790251064569773e+00
2.369371146891641189e+00
2.346402714225193975e+00
2.323872193378877959e+00
2.301767296804136720e+00
2.280076187698508949e+00
2.258787459751639304e+00
2.237890117960101843e+00
2.217373560446772363e+00
2.197227561224803782e+00
2.177442253850212506e+00
2.158008115910810876e+00
2.138915954302633704e+00
2.120156891248187403e+00
2.101722351013814993e+00
2.083604047286217842e+00
2.065793971170716059e+00
2.048284379776212916e+00
2.031067785354037092e+00
2.014136944959890041e+00
1.997484850610034446e+00
1.981104719904656308e+00
1.964989987092982338e+00
1.949134294556291946e+00
1.933531484686402679e+00
1.918175592138565255e+00
1.903060836438954961e+00
1.888181614928130303e+00
1.873532496022924709e+00
1.859108212780262948e+00
1.844903656747369558e+00
1.830913872083708815e+00
1.817134049940873464e+00
1.803559523087388206e+00
1.790185760766173084e+00
1.777008363773068256e+00
1.764023059745496447e+00
1.751225698650935136e+00
1.738612248465445598e+00
1.726178791033041060e+00
1.713921518097182961e+00
1.701836727496163215e+00
1.689920819514577399e+00
1.678170293383514755e+00
1.666581743922473491e+00
1.655151858316396440e+00
1.643877413021553879e+00
1.632755270794339353e+00
1.621782377837348799e+00
1.610955761057404567e+00
1.600272525430457726e+00
3.511709231761235284e+00
3.461882484237385871e+00
3.413426185047084171e+00
3.366285659365976457e+00
3.320409039555651365e+00
3.275747091765047969e+00
3.232253054859596020e+00
3.189882490700101325e+00
3.148593144878263139e+00
3.108344817092604906e+00
3.069099240418222685e+00
3.030819968787019203e+00
2.993472272052514427e+00
2.957023038065548448e+00
2.921440681234745984e+00
2.886695057088898952e+00
2.852757382397872465e+00
2.819600160444624581e+00
2.787197111073788758e+00
2.755523105172194231e+00
2.724554103264160698e+00
2.694267097929373467e+00
2.664640059774096681e+00
2.635651886707401026e+00
2.607282356293306957e+00
2.579512080967289567e+00
2.552322465921739170e+00
2.525695669479728789e+00
2.499614565790021725e+00
2.474062709688699790e+00
2.449024303584242723e+00
2.424484166233403570e+00
2.400427703284901071e+00
2.376840879476871837e+00
2.353710192382200361e+00
2.331022647603416598e+00
2.308765735325811530e+00
2.286927408143855533e+00
2.265496060081908514e+00
2.244460506735717065e+00
2.223809966466224974e+00
2.203534042581927643e+00
2.183622706450297102e+00
2.164066281482824206e+00
2.144855427941941617e+00
2.125981128521492014e+00
2.107434674655625173e+00
2.089207653513931451e+00
2.071291935643382764e+00
2.053679663220173257e+00
2.036363238876925053e+00
2.019335315072927628e+00
2.002588783977099052e+00
1.986116767835283792e+00
1.969912609795239078e+00
1.953969865164340236e+00
1.938282293076542206e+00
1.922843848546576861e+00
1.907648674890699780e+00
1.892691096494539815e+00
1.877965611909761856e+00
1.863466887262351879e+00
1.849189749956334339e+00
1.835129182657672109e+00
1.821280317544018423e+00
1.807638430806766783e+00
1.794198937392673443e+00
1.780957385973016338e+00
1.767909454128948621e+00
1.755050943742350045e+00
1.742377776582055393e+00
1.729885990075926250e+00
1.717571733259741773e+00
1.705431262894378852e+00
1.693460939743224980e+00
1.681657225002198830e+00
1.670016676875158534e+00
1.658535947287868684e+00
1.647211778734060106e+00
1.636041001247454885e+00
1.625020529493949706e+00
3.635332379990696694e+00
3.581905541365289380e+00
3.530002602256261390e+00
3.479560371007375252e+00
3.430519040755190652e+00
3.382821970000519762e+00
3.336415479711815735e+00
3.291248665548825336e+00
3.247273223929981967e+00
3.204443290787520660e+00
3.162715291962066910e+00
3.122047804285013495e+00
3.082401426483639906e+00
3.043738659121899559e+00
3.006023792859910948e+00
2.969222804378513825e+00
2.933303259372331162e+00
2.898234222066445653e+00
2.863986170758503036e+00
2.830530918930387774e+00
2.797841541511998820e+00
2.765892305914487093e+00
2.734658607481954551e+00
2.704116909039405048e+00
2.674244684240907777e+00
2.645020364445794137e+00
2.616423288872460784e+00
2.588433657799161569e+00
2.561032488599307211e+00
2.534201574415333891e+00
2.507923445290316966e+00
2.482181331590386897e+00
2.456959129563644151e+00
2.432241368892931632e+00
2.408013182110462225e+00
2.384260275752067226e+00
2.360968903137856234e+00
2.338125838674288914e+00
2.315718353580283217e+00
2.293734192946967010e+00
2.272161554047093635e+00
2.250989065816110024e+00
2.230205769432292318e+00
2.209801099928436319e+00
2.189764868772241080e+00
2.170087247356816906e+00
2.150758751346736553e+00
2.131770225828728549e+00
2.113112831219500887e+00
2.094778029886357640e+00
2.076757573439174998e+00
2.059043490655021458e+00
2.041628075999214253e+00
2.024503878708936444e+00
2.007663692407713363e+00
1.991100545221044182e+00
1.974807690365368185e+00
1.958778597184279935e+00
1.943006942607528709e+00
1.927486603009844091e+00
1.912211646448038316e+00
1.897176325256136664e+00
1.882375068979529997e+00
1.867802477630246427e+00
1.853453315246548661e+00
1.839322503741013470e+00
1.825405117022212309e+00
1.811696375375959844e+00
1.798191640092912991e+00
1.784886408330073726e+00
1.771776308194440874e+00
1.758857094037739710e+00
1.746124641951772416e+00
1.733574945454518845e+00
1.721204111357671263e+00
1.709008355806789448e+00
1.696984000485761479e+00
1.685127468977696275e+00
1.673435283274802954e+00
1.661904060430220209e+00
1.650530509345123242e+00
3.767908819389215846e+00
3.710480646233631941e+00
3.654753343632524576e+00
3.600653510143000169e+00
3.548111850637290399e+00
3.497062896760711581e+00
3.447444749685544263e+00
3.399198843122139380e+00
3.352269724760547742e+00
3.306604854502770863e+00
3.262154418010761336e+00
3.218871154241619958e+00
3.176710195771281331e+00
3.135628920823648969e+00
3.095586816025277965e+00
3.056545348997849576e+00
3.018467849983200946e+00
2.981319401769616295e+00
2.945066737254517175e+00
2.909678144038393643e+00
2.875123375498603195e+00
2.841373567840109082e+00
2.808401162664029282e+00
2.776179834634369126e+00
2.744684423859099276e+00
2.713890872634158402e+00
2.683776166228301729e+00
2.654318277413409088e+00
2.625496114469072495e+00
2.597289472412303901e+00
2.569678987223269040e+00
2.542646092856195139e+00
2.516172980841280715e+00
2.490242562298607520e+00
2.464838432198958706e+00
2.439944835719137561e+00
2.415546636550983450e+00
2.391629287033931739e+00
2.368178799990697136e+00
2.345181722154605630e+00
2.322625109085304729e+00
2.300496501477106825e+00
2.278783902771169600e+00
2.257475757989054088e+00
2.236560933711109644e+00
2.216028699128498758e+00
2.195868708102682199e+00
2.176070982170763557e+00
2.156625894439346602e+00
2.137524154313458435e+00
2.118756793010737383e+00
2.100315149814401039e+00
2.082190859021646023e+00
2.064375837546957637e+00
2.046862273142517896e+00
2.029642613200306922e+00
2.012709554102840137e+00
1.996056031091553384e+00
1.979675208623859151e+00
1.963560471191705403e+00
1.947705414576181848e+00
1.932103837514307143e+00
1.916749733755591212e+00
1.901637284487359913e+00
1.886760851109095416e+00
1.872114968337242003e+00
1.857694337623051473e+00
1.843493820867060373e+00
1.829508434414785167e+00
1.815733343319108961e+00
1.802163855855692054e+00
1.788795418278525284e+00
1.775623609803490099e+00
1.762644137808477396e+00
1.749852833239274430e+00
1.737245646211029060e+00
1.724818641795680341e+00
1.712567995986269853e+00
1.700489991829555292e+00
1.688581015718821243e+00
1.676837553839217065e+00
3.910441121626307748e+00
3.848548954274038536e+00
3.788562776486829708e+00
3.730396871620635935e+00
3.673970537124785718e+00
3.619207725887998883e+00
3.566036717840809001e+00
3.514389818864114723e+00
3.464203084383422393e+00
3.415416065315879379e+00
3.367971574288614267e+00
3.321815470267499126e+00
3.276896459929486749e+00
3.233165914282849940e+00
3.190577699190950245e+00
3.149088018589282445e+00
3.108655269304594349e+00
3.069239906490826897e+00
3.030804318791046281e+00
2.993312712418835453e+00
2.956731003428047622e+00
2.921026717507319237e+00
2.886168896696369224e+00
2.852128012475509511e+00
2.818875884728775372e+00
2.786385606125170167e+00
2.754631471502292595e+00
2.723588911872544926e+00
2.693234432704564973e+00
2.663545556161925898e+00
2.634500767007765365e+00
2.606079461908162198e+00
2.578261901888982965e+00
2.551029167720893387e+00
2.524363118025308328e+00
2.498246349910606678e+00
2.472662161962988048e+00
2.447594519430033699e+00
2.423028021447656499e+00
2.398947870172505326e+00
2.375339841692434728e+00
2.352190258597221195e+00
2.329485964100519446e+00
2.307214297612110165e+00
2.285363071666907331e+00
2.263920550123990516e+00
2.242875427555169665e+00
2.222216809748371436e+00
2.201934195256395110e+00
2.182017457926490156e+00
2.162456830350703019e+00
2.143242888181075223e+00
2.124366535257626865e+00
2.105818989500578553e+00
2.087591769521560892e+00
2.069676681911554184e+00
2.052065809166144561e+00
2.034751498211240239e+00
2.017726349494814109e+00
2.000983206612482412e+00
1.984515146436762523e+00
1.968315469721817923e+00
1.952377692157254208e+00
1.936695535846196581e+00
1.921262921184438754e+00
1.906073959118859129e+00
1.891122943764676823e+00
1.876404345362328918e+00
1.861912803555939355e+00
1.847643120976422138e+00
1.833590257113272282e+00
1.819749322460043173e+00
1.806115572919398948e+00
1.792684404454434999e+00
1.779451347973755704e+00
1.766412064438496632e+00
1.753562340180165879e+00
1.740898082418810056e+00
1.728415314971593286e+00
1.716110174142444489e+00
1.703978904783939541e+00
4.064086323302150028e+00
3.997193981121800910e+00
3.932446645701338728e+00
3.869743647553271160e+00
3.808990482095945929e+00
3.750098346036708552e+00
3.692983715091375352e+00
3.637567958756337205e+00
3.583776988360642957e+00
3.531540935066518561e+00
3.480793854868873272e+00
3.431473457976476737e+00
3.383520860247053896e+00
3.336880354601791776e+00
3.291499200566799566e+00
3.247327430284259631e+00
3.204317669508028210e+00
3.162424972250371891e+00
3.121606667880963748e+00
3.081822219598530310e+00
3.043033093301464209e+00
3.005202635978048598e+00
2.968295962821005940e+00
2.932279852346197480e+00
2.897122648862478833e+00
2.862794171699894807e+00
2.829265630657399999e+00
2.796509547179796495e+00
2.764499680817232630e+00
2.733210960559906422e+00
2.702619420676097839e+00
2.672702140713652863e+00
2.643437189354016947e+00
2.614803571834099838e+00
2.586781180675026715e+00
2.559350749478353393e+00
2.532493809569893006e+00
2.506192649289102459e+00
2.480430275738134238e+00
2.455190378819430475e+00
2.430457297404157391e+00
2.406215987486052477e+00
2.382451992186471301e+00
2.359151413486647364e+00
2.336300885572572206e+00
2.313887549686479694e+00
2.291899030386788549e+00
2.270323413125586942e+00
2.249149223059359937e+00
2.228365405014764988e+00
2.207961304536851355e+00
2.187926649952288916e+00
2.168251535384899675e+00
2.148926404665186141e+00
2.129942036079562229e+00
2.111289527908739583e+00
2.092960284708145657e+00
2.074946004286441603e+00
2.057238665341142525e+00
2.039830515713068060e+00
2.022714061223870985e+00
2.005882055063227032e+00
1.989327487694436680e+00
1.973043577249194769e+00
1.957023760384162481e+00
1.941261683573680452e+00
1.925751194814619982e+00
1.910486335720812390e+00
1.895461333985935637e+00
1.880670596195010980e+00
1.866108700965880551e+00
1.851770392403157661e+00
1.837650573848205182e+00
1.823744301909658638e+00
1.810046780759949847e+00
1.796553356684117420e+00
1.783259512868014207e+00
1.770160864413744983e+00
1.757253153570890181e+00
1.744532245172703222e+00
1.731994122267103142e+00
4.230186624796462347e+00
4.157669353454426009e+00
4.087577202318990466e+00
4.019791218813010936e+00
3.954200085952909838e+00
3.890699518272520585e+00
3.829191714633243482e+00
3.769584861672920617e+00
3.711792682436685809e+00
3.655734025409351329e+00
3.601332489749503374e+00
3.548516083025821999e+00
3.497216908188665929e+00
3.447370876885120783e+00
3.398917446552113475e+00
3.351799379006872748e+00
3.305962518503089420e+00
3.261355587439509485e+00
3.217929998099668509e+00
3.175639678970546331e+00
3.134440914337275785e+00
3.094292195983058935e+00
3.055154085940534614e+00
3.016989089344793040e+00
2.979761536530682431e+00
2.943437473599482157e+00
2.907984560753529735e+00
2.873371977763160778e+00
2.839570335989152650e+00
2.806551596436657192e+00
2.774288993363984712e+00
2.742756963012198845e+00
2.711931077059837936e+00
2.681787980441653119e+00
2.652305333201468773e+00
2.623461756077435147e+00
2.595236779543502958e+00
2.567610796054017985e+00
2.540565015259296899e+00
2.514081421979078357e+00
2.488142736738005123e+00
2.462732378683028855e+00
2.437834430716945722e+00
2.413433606695301492e+00
2.389515220545828988e+00
2.366065157180440526e+00
2.343069845079731817e+00
2.320516230439054084e+00
2.298391752773516039e+00
2.276684321886925488e+00
2.255382296116663632e+00
2.234474461772902654e+00
2.213950013696499131e+00
2.193798536865287918e+00
2.174009988983522046e+00
2.154574683993786710e+00
2.135483276454948065e+00
2.116726746733611719e+00
2.098296386960172732e+00
2.080183787703850484e+00
2.062380825324206413e+00
2.044879649959458146e+00
2.027672674114565421e+00
2.010752561814477257e+00
1.994112218290203797e+00
1.977744780167468575e+00
1.961643606129637396e+00
1.945802268028425930e+00
1.930214542417567847e+00
1.914874402486179239e+00
1.899776010370002988e+00
1.884913709820071448e+00
1.870282019209575264e+00
1.855875624860896522e+00
1.841689374675859581e+00
1.827718272053259652e+00
1.813957470078692680e+00
1.800402265972577132e+00
1.787048095783104307e+00
1.773890529311612285e+00
1.760925265258611372e+00
4.410307642144791096e+00
4.331433250765952536e+00
4.255314271862972397e+00
4.181809230109659659e+00
4.110786181339753931e+00
4.042121918801520941e+00
3.975701258314690900e+00
3.911416393168021255e+00
3.849166310820667292e+00
3.788856264509021354e+00
3.730397293744668108e+00
3.673705788444451059e+00
3.618703092081339445e+00
3.565315139802196054e+00
3.513472127939617273e+00
3.463108211761666499e+00
3.414161228665067771e+00
3.366572444332472713e+00
3.320286319649408568e+00
3.275250296417248741e+00
3.231414600109678403e+00
3.188732058105795630e+00
3.147157931996561242e+00
3.106649762705737228e+00
3.067167227294231857e+00
3.028672006429991459e+00
2.991127661606146848e+00
2.954499521279529084e+00
2.918754575181385036e+00
2.883861376123183717e+00
2.849789948683988161e+00
2.816511704222744772e+00
2.783999361709824871e+00
2.752226873917938299e+00
2.721169358553690465e+00
2.690803033948083733e+00
2.661105158957652428e+00
2.632053976758046865e+00
2.603628662239079183e+00
2.575809272734893351e+00
2.548576701845191472e+00
2.521912636123672335e+00
2.495799514428187038e+00
2.470220489743769843e+00
2.445159393304894735e+00
2.420600700857075349e+00
2.396529500910526522e+00
2.372931464850088101e+00
2.349792818776068604e+00
2.327100316960265758e+00
2.304841216810166404e+00
2.283003255242362250e+00
2.261574626373560104e+00
2.240543960444315363e+00
2.219900303896796601e+00
2.199633100533590291e+00
2.179732173689766128e+00
2.160187709355244845e+00
2.140990240188935356e+00
2.122130630370191007e+00
2.103600061236902796e+00
2.085390017663015794e+00
2.067492275131464385e+00
2.049898887461496511e+00
2.032602175152087298e+00
2.015594714305689816e+00
1.998869326098916765e+00
1.982419066768925209e+00
1.966237218086299476e+00
1.950317278287099443e+00
1.934652953438478651e+00
1.919238149213897904e+00
1.904066963055460082e+00
1.889133676702288600e+00
1.874432749065173320e+00
1.859958809428919446e+00
1.845706650964962225e+00
1.831671224537862797e+00
1.817847632790276613e+00
1.804231124491912697e+00
1.790817089138843077e+00
4.606286447530038686e+00
4.520191477292350157e+00
4.437243948771998348e+00
4.357274418753826595e+00
4.280125440585616836e+00
4.205650511850271833e+00
4.133713132403027402e+00
4.064185959252319513e+00
3.996950046665527889e+00
3.931894161480442129e+00
3.868914164953777046e+00
3.807912453622595450e+00
3.748797452628246152e+00
3.691483155783742198e+00
3.635888707377775031e+00
3.581938021320700383e+00
3.529559433765645071e+00
3.478685385794286766e+00
3.429252133152620452e+00
3.381199480366150478e+00
3.334470536863924472e+00
3.289011493002943709e+00
3.244771414114079544e+00
3.201702050892180740e+00
3.159757664630356011e+00
3.118894865954720430e+00
3.079072465853945229e+00
3.040251337920151009e+00
3.002394290825954659e+00
2.965465950158736597e+00
2.929432648818734108e+00
2.894262325263863733e+00
2.859924428952226538e+00
2.826389832394111234e+00
2.793630749279767844e+00
2.761620658198085998e+00
2.730334231505127551e+00
2.699747268940904554e+00
2.669836635628256793e+00
2.640580204119690411e+00
2.611956800186865824e+00
2.583946152073544500e+00
2.556528842956367509e+00
2.529686266379211901e+00
2.503400584446263011e+00
2.477654688576503172e+00
2.452432162638304991e+00
2.427717248297370567e+00
2.403494812424460836e+00
2.379750316421447742e+00
2.356469787335220722e+00
2.333639790639024714e+00
2.311247404569996888e+00
2.289280195920075922e+00
2.267726197185151893e+00
2.246573884984373937e+00
2.225812159668011603e+00
2.205430326038203770e+00
2.185418075112369962e+00
2.165765466864110866e+00
2.146462913881002521e+00
2.127501165882980327e+00
2.108871295048893924e+00
2.090564682102459049e+00
2.072573003112151646e+00
2.054888216962673653e+00
2.037502553458479859e+00
2.020408502022475794e+00
2.003598800955445736e+00
1.987066427224032594e+00
1.970804586747166853e+00
1.954806705152803303e+00
1.939066418978625750e+00
1.923577567292026780e+00
1.908334183706264620e+00
1.893330488771107545e+00
1.878560882717647651e+00
1.864019938538198584e+00
1.849702395383366005e+00
1.835603152259469573e+00
1.821717262010492666e+00
4.820292413350374616e+00
4.725951764837939884e+00
4.635227166504943597e+00
4.547914147999279955e+00
4.463823473051313329e+00
4.382779731027578229e+00
4.304620084257996027e+00
4.229193151035495646e+00
4.156358007154953071e+00
4.085983291333659118e+00
4.017946401928464972e+00
3.952132774107679936e+00
3.888435228106955410e+00
3.826753380444835262e+00
3.766993111033458685e+00
3.709066080024155720e+00
3.652889289001722162e+00
3.598384681805863128e+00
3.545478780830789045e+00
3.494102355148491768e+00
3.444190117229543269e+00
3.395680445407280867e+00
3.348515129555095893e+00
3.302639137729224128e+00
3.258000401776689703e+00
3.214549620124853568e+00
3.172240076159484889e+00
3.131027470765969323e+00
3.090869767756201814e+00
3.051727051034466953e+00
3.013561392471390210e+00
2.976336729557748750e+00
2.940018752001186897e+00
2.904574796510119405e+00
2.869973749081518033e+00
2.836185954173938040e+00
2.803183130204962570e+00
2.770938290864038311e+00
2.739425671778097815e+00
2.708620662109092248e+00
2.678499740700056808e+00
2.649040416420106681e+00
2.620221172389220143e+00
2.592021413791139928e+00
2.564421419007591574e+00
2.537402293829488009e+00
2.510945928521144843e+00
2.485034957532035627e+00
2.459652721667358044e+00
2.434783232543931142e+00
2.410411139171829475e+00
2.386521696514769975e+00
2.363100735893790549e+00
2.340134637109271942e+00
2.317610302165952874e+00
2.295515130494347744e+00
2.273836995570032826e+00
2.252564222839597896e+00
2.231685568868818859e+00
2.211190201634780639e+00
2.191067681889368846e+00
2.171307945526767202e+00
2.151901286892389464e+00
2.132838342975105217e+00
2.114110078428689921e+00
2.095707771372166128e+00
2.077622999922185354e+00
2.059847629413780634e+00
2.042373800268781014e+00
2.025193916473909450e+00
2.008300634633096493e+00
1.991686853560904469e+00
1.975345704386104240e+00
1.959270541136457267e+00
1.943454931777624184e+00
1.927892649680843506e+00
1.912577665495636126e+00
1.897504139405272072e+00
1.882666413744135347e+00
1.868059005957407814e+00
1.853676601884691078e+00
5.054904969033795936e+00
4.951092830135475076e+00
4.851461173709634700e+00
4.755761258540762704e+00
4.663763872623632345e+00
4.575257428997450582e+00
4.490046283576728747e+00
4.407949244853536896e+00
4.328798250001805847e+00
4.252437185766968497e+00
4.178720835725068028e+00
4.107513938165661571e+00
4.038690341089199443e+00
3.972132242689841775e+00
3.907729507281387793e+00
3.845379047967868225e+00
3.784984268502501692e+00
3.726454557752601815e+00
3.669704831021169511e+00
3.614655113190747393e+00
3.561230159270369899e+00
3.509359108457346554e+00
3.458975168285125523e+00
3.410015325827070232e+00
3.362420083272770643e+00
3.316133215495738806e+00
3.271101547495594453e+00
3.227274749829151634e+00
3.184605150347928237e+00
3.143047560738197355e+00
3.102559116517098037e+00
3.063099129277297550e+00
3.024628950095629598e+00
2.987111843130081823e+00
2.950512868526216081e+00
2.914798773840084678e+00
2.879937893261326654e+00
2.845900053988423828e+00
2.812656489169156337e+00
2.780179756873906616e+00
2.748443664618415827e+00
2.717423198996489653e+00
2.687094460022630749e+00
2.657434599820059695e+00
2.628421765321586889e+00
2.600035044679618323e+00
2.572254417107677327e+00
2.545060705899329090e+00
2.518435534391765707e+00
2.492361284660615350e+00
2.466821058750068296e+00
2.441798642258364627e+00
2.417278470113144895e+00
2.393245594384354469e+00
2.369685653994402230e+00
2.346584846196224206e+00
2.323929899699896939e+00
2.301708049337581663e+00
2.279907012164934077e+00
2.258514964904758671e+00
2.237520522645703114e+00
2.216912718715188912e+00
2.196680985651700002e+00
2.176815137206945749e+00
2.157305351313401065e+00
2.138142153957303560e+00
2.119316403901404300e+00
2.100819278205664276e+00
2.082642258497650278e+00
2.064777117947715901e+00
2.047215908907081605e+00
2.029950951169772200e+00
2.012974820821962219e+00
1.996280339644700197e+00
1.979860565038222164e+00
1.963708780438131685e+00
1.947818486195648457e+00
1.932183390895899855e+00
1.916797403089906426e+00
1.901654623417422307e+00
1.886749337099242529e+00
5.313213934284569007e+00
5.198453012643287074e+00
5.088558041503572937e+00
4.983223774896138103e+00
4.882170256592608837e+00
4.785140218041398441e+00
4.691896795951197241e+00
4.602221523970213113e+00
4.515912560262871800e+00
4.432783118823383717e+00
4.352660077342813238e+00
4.275382738566078089e+00
4.200801725499079708e+00
4.128777993682593461e+00
4.059181946141995567e+00
3.991892638633113943e+00
3.926797064501403423e+00
3.863789509908359676e+00
3.802770971399627165e+00
3.743648628829507885e+00
3.686335367545972463e+00
3.630749344502915754e+00
3.576813593622322873e+00
3.524455666294664002e+00
3.473607303394946388e+00
3.424204135615902533e+00
3.376185409288313899e+00
3.329493735179505975e+00
3.284074858041361011e+00
3.239877444924505578e+00
3.196852890490427423e+00
3.154955137742324389e+00
3.114140512761934598e+00
3.074367572186424091e+00
3.035596962289210055e+00
2.997791288643493868e+00
2.960914995449226428e+00
2.924934253694779773e+00
2.889816857405191453e+00
2.855532127300700829e+00
2.822050821253403896e+00
2.789345050987232622e+00
2.757388204517762453e+00
2.726154873874421902e+00
2.695620787688979725e+00
2.665762748271387039e+00
2.636558572827459201e+00
2.607987038503089661e+00
2.580027830966860503e+00
2.552661496267546237e+00
2.525869395725227839e+00
2.499633663634906799e+00
2.473937167579771224e+00
2.448763471167849204e+00
2.424096799020873938e+00
2.399922003857866137e+00
2.376224535528461246e+00
2.352990411862348363e+00
2.330206191211594557e+00
2.307858946572111769e+00
2.285936241179169048e+00
2.264426105479798057e+00
2.243317015392205072e+00
2.222597871768933420e+00
2.202257980986665586e+00
2.182287036591108009e+00
2.162675101930604527e+00
2.143412593716818471e+00
2.124490266455206555e+00
2.105899197692010283e+00
2.087630774028204961e+00
2.069676677854230373e+00
2.052028874762522825e+00
2.034679601597731757e+00
2.017621355107227732e+00
2.000846881156984391e+00
1.984349164480223582e+00
1.968121418928339583e+00
1.952157078195613016e+00
1.936449786991041755e+00
1.920993392632331931e+00
5.598950328838831147e+00
5.471445178710449220e+00
5.349645879539383309e+00
5.233174303988795018e+00
5.121685430318443366e+00
5.014863745946563256e+00
4.912420116344256904e+00
4.814089049713178525e+00
4.719626299602660779e+00
4.628806757160019103e+00
4.541422592509669620e+00
4.457281611164270352e+00
4.376205796654861757e+00
4.298030014941230270e+00
4.222600859799559458e+00
4.149775621417888694e+00
4.079421362970630405e+00
4.011414092078838145e+00
3.945638015864496140e+00
3.881984869831834217e+00
3.820353312103658805e+00
3.760648375643901975e+00
3.702780972040354168e+00
3.646667441229598516e+00
3.592229142240700668e+00
3.539392080632846938e+00
3.488086568819428024e+00
3.438246915919251023e+00
3.389811144164849743e+00
3.342720729236692279e+00
3.296920362187802045e+00
3.252357730881855424e+00
3.208983319094424136e+00
3.166750221626000172e+00
3.125613973950530422e+00
3.085532395077529522e+00
3.046465442442179317e+00
3.008375077758429939e+00
2.971225142877051084e+00
2.934981244785511478e+00
2.899610648970978311e+00
2.865082180442965143e+00
2.831366131779201822e+00
2.798434177618310148e+00
2.766259295076449742e+00
2.734815689613213419e+00
2.704078725915166181e+00
2.674024863404175445e+00
2.644631596012564145e+00
2.615877395898521307e+00
2.587741660803551280e+00
2.560204664779321959e+00
2.533247512034430216e+00
2.506852093672522486e+00
2.481001047112216806e+00
2.455677717996480158e+00
2.430866124414754470e+00
2.406550923275363019e+00
2.382717378678647080e+00
2.359351332153095449e+00
2.336439174627479076e+00
2.313967820021806343e+00
2.291924680348900178e+00
2.270297642226586809e+00
2.249075044708011450e+00
2.228245658344442326e+00
2.207798665401282001e+00
2.187723641153729748e+00
2.168010536193920146e+00
2.148649659686200142e+00
2.129631663511728501e+00
2.110947527247712507e+00
2.092588543930419931e+00
2.074546306554603703e+00
2.056812695265240798e+00
2.039379865200474207e+00
2.022240234947416226e+00
2.005386475575035465e+00
1.988811500210718064e+00
1.972508454129290545e+00
1.956470705325320525e+00
5.916658819498231026e+00
5.774207269148401878e+00
5.638500668222100387e+00
5.509065817625372397e+00
5.385473359973961038e+00
5.267332748262402831e+00
5.154287899923316374e+00
5.046013428961584779e+00
4.942211367648896569e+00
4.842608304467307612e+00
4.746952877330964604e+00
4.655013571171268794e+00
4.566576777198172898e+00
4.481445077908619012e+00
4.399435727486965320e+00
4.320379301857440346e+00
4.244118496484819758e+00
4.170507053220465110e+00
4.099408800171471690e+00
4.030696790823739661e+00
3.964252530550000042e+00
3.899965280241922461e+00
3.837731428170679582e+00
3.777453922343075643e+00
3.719041756613671534e+00
3.662409504664255966e+00
3.607476896693191382e+00
3.554168434286993694e+00
3.502413039490534619e+00
3.452143734563377642e+00
3.403297349318654685e+00
3.355814253296718785e+00
3.309638110336072803e+00
3.264715653375267035e+00
3.220996477556947291e+00
3.178432849913706448e+00
3.136979534098672140e+00
3.096593628785282881e+00
3.057234418503259832e+00
3.018863235803856071e+00
2.981443333759149716e+00
2.944939767899242611e+00
2.909319286779333602e+00
2.874550230447029620e+00
2.840602436150223120e+00
2.807447150688269666e+00
2.775056948865078255e+00
2.743405657552726140e+00
2.712468284919077099e+00
2.682220954413166769e+00
2.652640843138348803e+00
2.623706124275817508e+00
2.595395913250527542e+00
2.567690217358100213e+00
2.540569888595267667e+00
2.514016579458149714e+00
2.488012701492298362e+00
2.462541386396288612e+00
2.437586449496826901e+00
2.413132355428065701e+00
2.389164185861169631e+00
2.365667609142425576e+00
2.342628851709233295e+00
2.320034671163505813e+00
2.297872330891250314e+00
2.276129576125546006e+00
2.254794611357930467e+00
2.233856079010243523e+00
2.213303039285519969e+00
2.193124951122481292e+00
2.173311654183632147e+00
2.153853351812028194e+00
2.134740594896402222e+00
2.115964266588578280e+00
2.097515567821060412e+00
2.079386003576268571e+00
2.061567369862252530e+00
2.044051741352790774e+00
2.026831459652608913e+00
2.009899122151122874e+00
1.993247571430500020e+00
6.271927787692094469e+00
6.111801814549973955e+00
5.959719858993249630e+00
5.815083188328301844e+00
5.677351854336307291e+00
5.546037563272999904e+00
5.420697568083116202e+00
5.300929415322956473e+00
5.186366409795087229e+00
5.076673684382875251e+00
4.971544782291076991e+00
4.870698674840002518e+00
4.773877150899707544e+00
4.680842524594801546e+00
4.591375616538256210e+00
4.505273970940613992e+00
4.422350276787494039e+00
4.342430966119811941e+00
4.265354966475577214e+00
4.190972587910321678e+00
4.119144527825403301e+00
4.049740979196929658e+00
3.982640829791147308e+00
3.917730941638525088e+00
3.854905501470262674e+00
3.794065434039681328e+00
3.735117871291900205e+00
3.677975671236614730e+00
3.622556981144462895e+00
3.568784840346798326e+00
3.516586818487967392e+00
3.465894685571938361e+00
3.416644110572686799e+00
3.368774385749543132e+00
3.322228174132850764e+00
3.276951277928405126e+00
3.232892425837012862e+00
3.190003077502939099e+00
3.148237243496134319e+00
3.107551319401431034e+00
3.067903932736394168e+00
3.029255801550782223e+00
2.991569603676766054e+00
2.954809855702173582e+00
2.918942800830565343e+00
2.883936304873485401e+00
2.849759759692818584e+00
2.816383993476062830e+00
2.783781187285232495e+00
2.751924797372033993e+00
2.720789482798428249e+00
2.690351037943476076e+00
2.660586329514870396e+00
2.631473237717355307e+00
2.602990601260658732e+00
2.575118165917052782e+00
2.547836536363439208e+00
2.521127131065344695e+00
2.494972139980481174e+00
2.469354484877994693e+00
2.444257782086211694e+00
2.419666307496894930e+00
2.395564963667834224e+00
2.371939248878154771e+00
2.348775228002204951e+00
2.326059505078315048e+00
2.303779197458284855e+00
2.281921911432147176e+00
2.260475719230754521e+00
2.239429137316039764e+00
2.218771105875463778e+00
2.198490969443340326e+00
2.178578458577328014e+00
2.159023672523573634e+00
2.139817062808738957e+00
2.120949417701520900e+00
2.102411847490320174e+00
2.084195770527396352e+00
2.066292899993317445e+00
2.048695231338628187e+00
2.031395030362620702e+00
6.671700243069116354e+00
6.490483618060818749e+00
6.318953682779385517e+00
6.156343767323991578e+00
6.001967078381059473e+00
5.855206455254406528e+00
5.715505671061021253e+00
5.582362014297524766e+00
5.455319936095266442e+00
5.333965588375916944e+00
5.217922109989704182e+00
5.106845543474118898e+00
5.000421285644172542e+00
4.898360991854401547e+00
4.800399867269217857e+00
4.706294289477405357e+00
4.615819715787351285e+00
4.528768835935145454e+00
4.444949937038464860e+00
4.364185452681737409e+00
4.286310672218385243e+00
4.211172589880916917e+00
4.138628876224819564e+00
4.068546956898925870e+00
4.000803185814945984e+00
3.935282101548633005e+00
3.871875757298435694e+00
3.810483115998974046e+00
3.751009503272141998e+00
3.693366111828162879e+00
3.637469551727012806e+00
3.583241441597719401e+00
3.530608036506090563e+00
3.479499888674595809e+00
3.429851537703201281e+00
3.381601227326960668e+00
3.334690646083308785e+00
3.289064689556473020e+00
3.244671242124077981e+00
3.201460976356955701e+00
3.159387168421699421e+00
3.118405528010256056e+00
3.078474041474982492e+00
3.039552826983761946e+00
3.001604000630323288e+00
2.964591552541758546e+00
2.928481232120152544e+00
2.893240441639642224e+00
2.858838137495447462e+00
2.825244738468506878e+00
2.792432040429334350e+00
2.760373136958361062e+00
2.729042345408111636e+00
2.698415137975735067e+00
2.668468077393161053e+00
2.639178756877061716e+00
2.610525744012209159e+00
2.582488528270176609e+00
2.555047471890934396e+00
2.528183763878024237e+00
2.501879376878966887e+00
2.476117026741524452e+00
2.450880134553683476e+00
2.426152790990841357e+00
2.401919722807934754e+00
2.378166261327151254e+00
2.354878312783691641e+00
2.332042330402772645e+00
2.309645288090889093e+00
2.287674655633319176e+00
2.266118375298034948e+00
2.244964839753714081e+00
2.224202871216393707e+00
2.203821701745626971e+00
2.183810954616779210e+00
2.164160626701406631e+00
2.144861071792559581e+00
2.125902984816316454e+00
2.107277386875017200e+00
2.088975611071446803e+00
2.070989289066754946e+00
7.124699865473390403e+00
6.918063689080078404e+00
6.723217279982745431e+00
6.539166113318303886e+00
6.365025764917168871e+00
6.200006974928378156e+00
6.043403081292243684e+00
5.894579398484471433e+00
5.752964200456402111e+00
5.618041032592807404e+00
5.489342129697618589e+00
5.366442758507702138e+00
5.248956336349768215e+00
5.136530204095185681e+00
5.028841952926208059e+00
4.925596221689402476e+00
4.826521895622258640e+00
4.731369648657874016e+00
4.639909780857919053e+00
4.551930310203802676e+00
4.467235284312032206e+00
4.385643282887809136e+00
4.306986086094189758e+00
4.231107487655314969e+00
4.157862234561614301e+00
4.087115077807639274e+00
4.018739920754046402e+00
3.952619053533347415e+00
3.888642463470360244e+00
3.826707212808748260e+00
3.766716876162338412e+00
3.708581031074972056e+00
3.652214795901147060e+00
3.597538409932778958e+00
3.544476851312808652e+00
3.492959488808681900e+00
3.442919763980356596e+00
3.394294900678694660e+00
3.347025639159579846e+00
3.301055992404237749e+00
3.256333022503092423e+00
3.212806635194553451e+00
3.170429390855584728e+00
3.129156330421773990e+00
3.088944814874137190e+00
3.049754377070662770e+00
3.011546584825284700e+00
2.974284914247391942e+00
2.937934632453068851e+00
2.902462688846444649e+00
2.867837614247195965e+00
2.834029427209522112e+00
2.801009546939788653e+00
2.768750712275388715e+00
2.737226906236983393e+00
2.706413285710735916e+00
2.676286115857159587e+00
2.646822708879102759e+00
2.618001366813800690e+00
2.589801328043089157e+00
2.562202717242245686e+00
2.535186498511726505e+00
2.508734431457644298e+00
2.482829030006331372e+00
2.457453523756076397e+00
2.432591821685165190e+00
2.408228478050010501e+00
2.384348660320410040e+00
2.360938119011118275e+00
2.337983159279927836e+00
2.315470614172551844e+00
2.293387819403776895e+00
2.271722589572791495e+00
2.250463195718265030e+00
2.229598344125820919e+00
2.209117156307008667e+00
2.189009150074781029e+00
2.169264221645967439e+00
2.149872628706194000e+00
2.130824974377331760e+00
2.112112192031764479e+00
7.642023642665332517e+00
7.404411173676444413e+00
7.181317686737133776e+00
6.971434756765325425e+00
6.773608078130344268e+00
6.586815337642660140e+00
6.410147780706688003e+00
6.242794778686826973e+00
6.084030847153135468e+00
5.933204675310797427e+00
5.789729813694450833e+00
5.653076735547305276e+00
5.522766041348881494e+00
5.398362618877076358e+00
5.279470605427193597e+00
5.165729026239625377e+00
5.056808005258957905e+00
4.952405462184866991e+00
4.852244224253442262e+00
4.756069492989394298e+00
4.663646615829991404e+00
4.574759120461434847e+00
4.489206976260375015e+00
4.406805052660796029e+00
4.327381748779814963e+00
4.250777772402628329e+00
4.176845049581598524e+00
4.105445748755983004e+00
4.036451405534513093e+00
3.969742136174424285e+00
3.905205929395594744e+00
3.842738007534414635e+00
3.782240249208269400e+00
3.723620666659624323e+00
3.666792931805610056e+00
3.611675945756350981e+00
3.558193447201523085e+00
3.506273655614895457e+00
3.455848945703666519e+00
3.406855549944025618e+00
3.359233286405358232e+00
3.312925309380700956e+00
3.267877880616625763e+00
3.224040159177309128e+00
3.181364008189662140e+00
3.139803816903002698e+00
3.099316336661258831e+00
3.059860529530958217e+00
3.021397428456735312e+00
2.983890007929958621e+00
2.947303064257124294e+00
2.911603104604504999e+00
2.876758244075530158e+00
2.842738110148700592e+00
2.809513753867535879e+00
2.777057567231042690e+00
2.745343206284191151e+00
2.714345519453673639e+00
2.684040480715284893e+00
2.654405127216255433e+00
2.625417501009099208e+00
2.597056594583568856e+00
2.569302299910360077e+00
2.542135360734669725e+00
2.515537327879871388e+00
2.489490517341574893e+00
2.463977970970552711e+00
2.438983419559489718e+00
2.414491248163503467e+00
2.390486463498038727e+00
2.366954663270127934e+00
2.343882007310345017e+00
2.321255190383091804e+00
2.299061416562292237e+00
2.277288375068172943e+00
2.255924217468703308e+00
2.234957536156478852e+00
2.214377344018451765e+00
2.194173055221959601e+00
2.174334467046110220e+00
2.154851742692658778e+00
8.237979807518987840e+00
7.962156428921629114e+00
7.704446632090808933e+00
7.463102339107375194e+00
7.236594841396848388e+00
7.023581447776172659e+00
6.822877991742427817e+00
6.633436048429484089e+00
6.454323957266820067e+00
6.284710935883986771e+00
6.123853717746571057e+00
5.971085260488582236e+00
5.825805161511817154e+00
5.687471487886323729e+00
5.555593783254402673e+00
5.429727058624309599e+00
5.309466609170280016e+00
5.194443527375632641e+00
5.084320805563135259e+00
4.978789939210057192e+00
4.877567957344456140e+00
4.780394818466494833e+00
4.687031120383804428e+00
4.597256080525739641e+00
4.510865750049378953e+00
4.427671430641353822e+00
4.347498267569622321e+00
4.270183996420869654e+00
4.195577824210539930e+00
4.123539428285403652e+00
4.053938058743190354e+00
3.986651732043468233e+00
3.921566505138558423e+00
3.858575820861449568e+00
3.797579916509784326e+00
3.738485288593931699e+00
3.681204207600319300e+00
3.625654277381145540e+00
3.571758034437258367e+00
3.519442582927973628e+00
3.468639261733123647e+00
3.419283340319693387e+00
3.371313740537262849e+00
3.324672781790978249e+00
3.279305947324587578e+00
3.235161669594714073e+00
3.192191132935850106e+00
3.150348091907643422e+00
3.109588703885227456e+00
3.069871374602818115e+00
3.031156615492906159e+00
2.993406911780471802e+00
2.956586600395503694e+00
2.920661756859451508e+00
2.885600090383442229e+00
2.851370846489331701e+00
2.817944716530136784e+00
2.785293753544865414e+00
2.753391293935149697e+00
2.722211884498071388e+00
2.691731214391733129e+00
2.661926051648038527e+00
2.632774183881284813e+00
2.604254362871921025e+00
2.576346252732595765e+00
2.549030381388674993e+00
2.522288095128128127e+00
2.496101515996179909e+00
2.470453501828775877e+00
2.445327608735802460e+00
2.420708055860333996e+00
2.396579692254170446e+00
2.372927965722618548e+00
2.349738893503050541e+00
2.326999034652339038e+00
2.304695464027927798e+00
2.282815747756076874e+00
2.261347920088916386e+00
2.240280461559289726e+00
2.219602278349166014e+00
2.199302682793561559e+00
8.931293883190592808e+00
8.607692593218859045e+00
8.307016813898266960e+00
8.026891465523783964e+00
7.765259450904404837e+00
7.520330411621143796e+00
7.290538972666033679e+00
7.074510520644531120e+00
6.871032999051878143e+00
6.679033536956103134e+00
6.497558981836437653e+00
6.325759602991460007e+00
6.162875383265993712e+00
6.008224434524796820e+00
5.861193164286023105e+00
5.721227893194204661e+00
5.587827680070891034e+00
5.460538156552765976e+00
5.338946209419773936e+00
5.222675377626929460e+00
5.111381854319538398e+00
5.004751002919848979e+00
4.902494311645300584e+00
4.804346723273216213e+00
4.710064287166390251e+00
4.619422088961388617e+00
4.532212420245675055e+00
4.448243156288480549e+00
4.367336314664084007e+00
4.289326771591856158e+00
4.214061116156549325e+00
4.141396625379403673e+00
4.071200345478095173e+00
4.003348266656702847e+00
3.937724580466753554e+00
3.874221010227415274e+00
3.812736206228104940e+00
3.753175198494017373e+00
3.695448900802565273e+00
3.639473660419617840e+00
3.585170848697989410e+00
3.532466488263246163e+00
3.481290913016769739e+00
3.431578457624729683e+00
3.383267173543569761e+00
3.336298568965883948e+00
3.290617370361959448e+00
3.246171303547611853e+00
3.202910892433027179e+00
3.160789273804480715e+00
3.119762026664483656e+00
3.079787014809236556e+00
3.040824241457866783e+00
3.002835714867981842e+00
2.965785323978670895e+00
2.929638723216716922e+00
2.894363225686109153e+00
2.859927704036017371e+00
2.826302498369493765e+00
2.793459330615084557e+00
2.761371224837233296e+00
2.730012433009469053e+00
2.699358365817563943e+00
2.669385528098662252e+00
2.640071458557367023e+00
2.611394673431197688e+00
2.583334613806310465e+00
2.555871596309979399e+00
2.528986766929581798e+00
2.502662057728826994e+00
2.476880146251017045e+00
2.451624417416406576e+00
2.426878927736434655e+00
2.402628371681846176e+00
2.378858050054752038e+00
2.355553840226465745e+00
2.332702168113792052e+00
2.310289981776252333e+00
2.288304726525766775e+00
2.266734321448525602e+00
2.245567137246323508e+00
9.746878781921406443e+00
9.362628890792130676e+00
9.007862372075463142e+00
8.679292021889072117e+00
8.374100909051886532e+00
8.089861921946218004e+00
7.824473055570511093e+00
7.576105018050280471e+00
7.343158547018853177e+00
7.124229429375706246e+00
6.918079670651168911e+00
6.723613602857462901e+00
6.539857980946139904e+00
6.365945318486084581e+00
6.201099867998777881e+00
6.044625771638490797e+00
5.895897001825473716e+00
5.754348785190180671e+00
5.619470261400891786e+00
5.490798174632066875e+00
5.367911432254108384e+00
5.250426394826533283e+00
5.137992785223231884e+00
5.030290123921025369e+00
4.927024613079975524e+00
4.827926404767829638e+00
4.732747199104811564e+00
4.641258126679293383e+00
4.553247876665928118e+00
4.468521037948154806e+00
4.386896625431519148e+00
4.308206767813450355e+00
4.232295536493333898e+00
4.159017898180852768e+00
4.088238776185049161e+00
4.019832207418079228e+00
3.953680583889041422e+00
3.889673968945515981e+00
3.827709479785948776e+00
3.767690728849276471e+00
3.709527317617985709e+00
3.653134377170884850e+00
3.598432150512131944e+00
3.545345612299900750e+00
3.493804122115460764e+00
3.443741107862880568e+00
3.395093776280873055e+00
3.347802847889762123e+00
3.301812313995009074e+00
3.257069213630314763e+00
3.213523428552819361e+00
3.171127494604813357e+00
3.129836427934271192e+00
3.089607564723440447e+00
3.050400413213595119e+00
3.012176516936953430e+00
2.974899328175820479e+00
2.938534090765935858e+00
2.903047731447223612e+00
2.868408759042001765e+00
2.834587170809326206e+00
2.801554365385451106e+00
2.769283061775289490e+00
2.737747223908956418e+00
2.706921990321663252e+00
2.676783608554871297e+00
2.647309373912405839e+00
2.618477572237342788e+00
2.590267426404553319e+00
2.562659046250004735e+00
2.535633381681612342e+00
2.509172178737905323e+00
2.483257938380231344e+00
2.457873877821844300e+00
2.433003894213267682e+00
2.408632530517880177e+00
2.384744943424939478e+00
2.361326873159318218e+00
2.338364615058269091e+00
2.315844992795554891e+00
2.293755333142476704e+00
1.071848939328552497e+01
1.025594244820431555e+01
9.831995229651029788e+00
9.442003991941831487e+00
9.082036276979970069e+00
8.748741423460238309e+00
8.439247950099135309e+00
8.151081612895660911e+00
7.882099505146540785e+00
7.630436704482027821e+00
7.394462804162536429e+00
7.172746283822179159e+00
6.964025137735861293e+00
6.767182528388476115e+00
6.581226499334814406e+00
6.405272985405419561e+00
6.238531515757997248e+00
6.080293127490299376e+00
5.929920102953341043e+00
5.786837218823452034e+00
5.650524254130667501e+00
5.520509551366835410e+00
5.396364462220013536e+00
5.277698539473188788e+00
5.164155360755326107e+00
5.055408889368989023e+00
4.951160293293472847e+00
4.851135156418068917e+00
4.755081026677716594e+00
4.662765254500746970e+00
4.573973082196525652e+00
4.488505950897018870e+00
4.406179996648773134e+00
4.326824711414036351e+00
4.250281748228402101e+00
4.176403852696604524e+00
4.105053905483583065e+00
4.036104062553270921e+00
3.969434981686225328e+00
3.904935125321629119e+00
3.842500131062078328e+00
3.782032242286606838e+00
3.723439792267508430e+00
3.666636736004237118e+00
3.611542224693133463e+00
3.558080218361772573e+00
3.506179132725513181e+00
3.455771516783236130e+00
3.406793758069207811e+00
3.359185812826988027e+00
3.312890958676391051e+00
3.267855567611779755e+00
3.224028897404576544e+00
3.181362899689196055e+00
3.139812043193305868e+00
3.099333150733800224e+00
3.059885248741634811e+00
3.021429428204288836e+00
2.983928716026024830e+00
2.947347955905093020e+00
2.911653697915109529e+00
2.876814096056313552e+00
2.842798813112496603e+00
2.809578932211978408e+00
2.777126874547060087e+00
2.745416322756627725e+00
2.714422149521636296e+00
2.684120350963729695e+00
2.654487984473698603e+00
2.625503110629313408e+00
2.597144738891691507e+00
2.569392776796104894e+00
2.542227982377322615e+00
2.515631919591459820e+00
2.489586916516147053e+00
2.464076026128831032e+00
2.439082989479343766e+00
2.414592201087731205e+00
2.390588676411855129e+00
2.367058021241579713e+00
2.343986402887584308e+00
