-6.748711806341939736e-04
-9.017007374056606930e-04
2.781848239085915955e-03
7.728420906954255355e-03
1.106948611690998160e-02
9.850784533485507088e-03
-4.760481850517964131e-02
-1.695751854523940838e-01
-2.450829967574302271e-01
-2.357130215665599882e-01
-1.942156437035544858e-01
-1.498090006144589259e-01
-1.298689658121069956e-01
-1.247471765602701510e-01
-1.101283284362982867e-01
-8.928096062053809956e-02
-6.795712917848857615e-02
-4.949236528209129127e-02
-3.436929325461350604e-02
-2.170045110905249874e-02
-1.200070563196801131e-02
-1.839627976587408092e-03
8.805445144903783702e-03
1.442741238346592451e-02
1.754781050649965174e-02
2.149669550235366183e-02
1.757379920144992724e-02
8.919512770649859132e-03
5.973110839603064381e-03
7.343900131501223533e-03
1.143194358277256628e-02
1.820916551655705692e-02
2.478182335662890839e-02
-3.598135658709182561e-02
-2.746705608602592052e-01
-4.654055242264683034e-01
-4.705880183044263698e-01
-4.422581064730688460e-01
-4.011483951585286811e-01
-3.599512555061927799e-01
-3.510236517626972308e-01
-3.422372692481245315e-01
-3.092266860709489418e-01
-2.514876664658386440e-01
-1.790746093101782677e-01
-1.116746551265793697e-01
-8.258073424853576427e-02
-8.342779870774554019e-02
-7.725204013678371728e-02
-5.671930077631029410e-02
-2.833472048966619375e-02
-2.456342835093733995e-03
-8.832694694656428175e-03
-1.105842338168529781e-01
-1.946804552706545288e-01
-1.784989930134340541e-01
-1.310405947629862400e-01
-8.820003984634289251e-02
-5.876798508204905680e-02
-2.834947243448367529e-02
3.550728726093011628e-03
2.986488517337002047e-02
2.614218331477240892e-02
-5.146833273135531517e-03
-1.386141731423477276e-02
1.038114018726321759e-02
4.489057252626487554e-02
7.922500582884617337e-02
1.110958478698075708e-01
1.358273251026171913e-01
1.416359314987095108e-01
1.361593854392726122e-01
1.380962671322806257e-01
1.473987061443028102e-01
1.539645949995275265e-01
1.574634685527217803e-01
1.647772245790835588e-01
1.765875654470634992e-01
1.826743297325594817e-01
1.754301012913943580e-01
1.708458043114403635e-01
1.737819876543083009e-01
1.709151045926015355e-01
1.654981707207012487e-01
1.674687607154866087e-01
1.751802519355782073e-01
1.889637999433619597e-01
2.070679442638771461e-01
2.199093024185216905e-01
2.301548886391232007e-01
2.411970496199674907e-01
2.512413227790240566e-01
2.558468943430322051e-01
2.538034442486685194e-01
2.531369824089843568e-01
2.567825792728516965e-01
2.615657220706935071e-01
2.695263916994803388e-01
2.824035794182250814e-01
2.926633998453342933e-01
2.977854913014966742e-01
2.986299532297692627e-01
2.946151238181649590e-01
2.900414919400061131e-01
2.847146753779055683e-01
2.825690847654523385e-01
2.892644684630677476e-01
3.029049264419322318e-01
3.229107842262865513e-01
3.419833302388576857e-01
3.483427532145537686e-01
3.365435690561559556e-01
3.122493665974516719e-01
2.412335556729760522e-01
1.064906446621295133e-01
1.029612456743668469e-02
3.419977467623216451e-03
3.947152407643096661e-02
6.614144789857716311e-02
6.423803434876988738e-02
8.038655244378316300e-02
1.335920119248356908e-01
1.945744153956480427e-01
2.404444893836065744e-01
2.649360958755638817e-01
2.554803517915491540e-01
2.518887395652664729e-01
2.891166492199142568e-01
3.372909106153058056e-01
3.811442732996795923e-01
4.256636341055640704e-01
4.681552359689792331e-01
4.330278610389233784e-01
3.140022189267026587e-01
2.580011729645882435e-01
2.970818187482350825e-01
3.508047716367578284e-01
4.002452260813200158e-01
4.550592916770117569e-01
5.139943550642421810e-01
5.663718360083671577e-01
5.405754053724588504e-01
3.680500429700642728e-01
2.502962723612576768e-01
2.909107107622572741e-01
3.743228043666781968e-01
4.570274019111359998e-01
5.298285057119409558e-01
5.977296267568632526e-01
6.623065728729722323e-01
7.097296531003669529e-01
7.403876992644408128e-01
7.628998421673398589e-01
7.744027084516006409e-01
7.809648801091478854e-01
7.843943056052842255e-01
7.834038751711371873e-01
7.851446736254666936e-01
7.958755360953725377e-01
8.142760927830040574e-01
8.386659368449187468e-01
8.661397959035954663e-01
8.939280836667972130e-01
9.284337932769037849e-01
9.655807353995738973e-01
9.994664961921212454e-01
1.029401600344811651e+00
1.054744301421442376e+00
1.078127482496066269e+00
1.101626618796434753e+00
1.127157362637355664e+00
1.154821649886616397e+00
1.184108176598512419e+00
1.213758921324584295e+00
1.241967124715078086e+00
1.267373912360991062e+00
1.289561554802522991e+00
1.309090911408766100e+00
1.327395471925306936e+00
1.345137646393532949e+00
1.362527386080248037e+00
1.380564925546232447e+00
1.400170670350222801e+00
1.422577917867995367e+00
1.448971562865329687e+00
1.477271925245994266e+00
1.505924237367951557e+00
1.533491161838255623e+00
1.559365350565480757e+00
1.583414844194520832e+00
1.604879955171993222e+00
1.624660610416161832e+00
1.644184334794690061e+00
1.664689209382397062e+00
1.686839352523357594e+00
1.712015013540777675e+00
1.740011365680478983e+00
1.769683451115136252e+00
1.799325175560770207e+00
1.826202104623901645e+00
1.848972775103794097e+00
1.868658128664117291e+00
1.886655028669704359e+00
1.903629145689037294e+00
1.920873229800969639e+00
1.939993305602149665e+00
1.961609567887794059e+00
1.983914079570299860e+00
2.005593378026983675e+00
2.026853746990936678e+00
2.046300892124961912e+00
2.063148293382540466e+00
2.078235778588884308e+00
2.092660721478230901e+00
2.107234331794543003e+00
2.122501873693888097e+00
2.139929505448009195e+00
2.159928149623193683e+00
2.181040435201645700e+00
2.201260831865700762e+00
2.219169745302310925e+00
2.234419776308836258e+00
2.247942786433389628e+00
2.260821891029198394e+00
2.273057806992329954e+00
2.284934094651808412e+00
2.296793525051505469e+00
2.309187207557818589e+00
2.323140564684983644e+00
2.338864773678642095e+00
2.355620835059097473e+00
2.372120221774661530e+00
2.387571123852594290e+00
2.401255417011210369e+00
2.413258158430773737e+00
2.423449793587463486e+00
2.431963643169374301e+00
2.440236927186045790e+00
2.448957373886661681e+00
2.458913110937537283e+00
2.471110806617359490e+00
2.484901252140892414e+00
2.499621107975625200e+00
2.513190250942841431e+00
2.523268915762854725e+00
2.530319221291431830e+00
2.535099398553445571e+00
2.538713285027737854e+00
2.542109275921822231e+00
2.546222431158422062e+00
2.552353535015141173e+00
