-1.281384709347706640e-06
-6.596459123259678620e-06
-3.814708193197865679e-06
2.681525991808468150e-05
7.881828955742259813e-05
1.392118693259114201e-04
7.768589991816312679e-05
-5.139781996760560759e-04
-1.711915745251486659e-03
-3.039292868084309159e-03
-4.182104060416873617e-03
-5.062903924573100914e-03
-5.740111213785835387e-03
-6.369664712294872098e-03
-6.941657798381867944e-03
-7.411362555361723087e-03
-7.761285252274510021e-03
-8.002563279920878875e-03
-8.153851934267139501e-03
-8.233133161142878673e-03
-8.253517474102856077e-03
-8.227616160514487215e-03
-8.144462326080705722e-03
-8.019468584822440557e-03
-7.878322504990920710e-03
-7.721323297314180642e-03
-7.560392391845972317e-03
-7.447333446966367121e-03
-7.368476335623266697e-03
-7.292887743998592402e-03
-7.202663982800859566e-03
-7.082881944898439079e-03
-6.924843142842154742e-03
-6.862598210406518733e-03
-7.589182867654242597e-03
-9.737367547916852759e-03
-1.228345415311088429e-02
-1.467414929978027444e-02
-1.685870647867101363e-02
-1.875669748271008297e-02
-2.049907641808527622e-02
-2.220889210292998836e-02
-2.378672639217389514e-02
-2.510828942180839615e-02
-2.605164387353788719e-02
-2.660451879682722634e-02
-2.687495328554222185e-02
-2.711023766531654722e-02
-2.734663959338019118e-02
-2.751739746313191376e-02
-2.755168960859085206e-02
-2.744008046186954472e-02
-2.725964343565592807e-02
-2.735522162328525228e-02
-2.810131822173403057e-02
-2.897429043174190241e-02
-2.963706406968511994e-02
-3.002607290341287663e-02
-3.021937808777123632e-02
-3.025672134839115304e-02
-3.011972481150580749e-02
-2.982817770250065920e-02
-2.946221695179667213e-02
-2.922507035828628835e-02
-2.912876396797386969e-02
-2.897626187741486961e-02
-2.865430479645001208e-02
-2.814419407615683516e-02
-2.745845858280291166e-02
-2.662241163172216971e-02
-2.570748904091929923e-02
-2.481746699712421289e-02
-2.395235290715904547e-02
-2.306009765288407135e-02
-2.212712236087147066e-02
-2.117903830300085777e-02
-2.021127105962887069e-02
-1.919682541516344251e-02
-1.813333852187790432e-02
-1.708258222248461647e-02
-1.608683110186834297e-02
-1.509363045763335680e-02
-1.410241717763204179e-02
-1.314726651687581939e-02
-1.220970750996589263e-02
-1.124627312664318660e-02
-1.023265586785157555e-02
-9.132001776414015379e-03
-7.949996657616999890e-03
-6.719602143791053583e-03
-5.437840581997196304e-03
-4.108690079362613615e-03
-2.745356452161214732e-03
-1.389039891863667669e-03
-5.488777423237069762e-05
1.279765200600852318e-03
2.630456333387255936e-03
4.004289208642663328e-03
5.428186230721329837e-03
6.911686929065261574e-03
8.424082449653962773e-03
9.943535291920243060e-03
1.144218343839183138e-02
1.290402249639957533e-02
1.433212916810840815e-02
1.572516570179294249e-02
1.712390167958293200e-02
1.857266021252608132e-02
2.010538783553995207e-02
2.174310477363894378e-02
2.344276899949655074e-02
2.511486094209080047e-02
2.666820105667861221e-02
2.798304569816143991e-02
2.870279342673456857e-02
2.871314286836072066e-02
2.848142743839851901e-02
2.837238735781944313e-02
2.847947249700411368e-02
2.865216171008557258e-02
2.883364517126414325e-02
2.922413591196828392e-02
2.994248148738394913e-02
3.095577447100020946e-02
3.214751903954018303e-02
3.337669178739892384e-02
3.450677722586790314e-02
3.573162541934038483e-02
3.719767158009570224e-02
3.890261014640059023e-02
4.082991005910076299e-02
4.298287810550514149e-02
4.519311977029171618e-02
4.689904527834252296e-02
4.802415593712875547e-02
4.915462369789035113e-02
5.057126495895392093e-02
5.225896422232106930e-02
5.422196022810173155e-02
5.648481376790203540e-02
5.904127432879159587e-02
6.170035151853574262e-02
6.378811313185352161e-02
6.486805425004640857e-02
6.582466107795581500e-02
6.716603846323300486e-02
6.897716347908162959e-02
7.120456415220385860e-02
7.379775851028710920e-02
7.673240805402774256e-02
7.995698499530239090e-02
8.335261049028738767e-02
8.686274902934099096e-02
9.043393808555587332e-02
9.401674091257539168e-02
9.760119758971627646e-02
1.011617721947465631e-01
1.046942754187404206e-01
1.082353822593788845e-01
1.118366590555554679e-01
1.155314069134665417e-01
1.193482028615387019e-01
1.232902600387840025e-01
1.273714507195669865e-01
1.316292640943731440e-01
1.360491816072034454e-01
1.406137665411426318e-01
1.452905610409885306e-01
1.500561081780871220e-01
1.548982507874666625e-01
1.598178100307367788e-01
1.648226669436540226e-01
1.699317423201717192e-01
1.751617197346924115e-01
1.805171123180535631e-01
1.859925596647564461e-01
1.915759152166865154e-01
1.972555651165584789e-01
2.030242698600124851e-01
2.088821855896173252e-01
2.148291373451063357e-01
2.208677216241266839e-01
2.270021148962375612e-01
2.332419698269190267e-01
2.396050559918832534e-01
2.461091788006868897e-01
2.527567814817718306e-01
2.595478203541349838e-01
2.664714771829811424e-01
2.735206697258592001e-01
2.806822458319143676e-01
2.879450747527170229e-01
2.953032424057306371e-01
3.027592781289310531e-01
3.103207401532777077e-01
3.180004175541221167e-01
3.258169450873522055e-01
3.337819245547724023e-01
3.419013459846715342e-01
3.501672266025936398e-01
3.585600257151345116e-01
3.670601373361756514e-01
3.756598103452166160e-01
3.843561448518715284e-01
3.931505724135807567e-01
4.020525189774975527e-01
4.110775496135593565e-01
4.202379814660388568e-01
4.295335780973578155e-01
4.389631071205675750e-01
4.485228628532991202e-01
4.582004709294886236e-01
4.679863967861871976e-01
4.778761920549504105e-01
4.878710923120685439e-01
4.979751670597277191e-01
5.081974421599702030e-01
5.185538672536084137e-01
5.290557436284503146e-01
5.397044243730539925e-01
5.504906690869296737e-01
5.614009769742266398e-01
5.724229634969423275e-01
5.835517735306194886e-01
5.947856204283034076e-01
6.061226909240703398e-01
6.175640836408690104e-01
6.291123316500805140e-01
6.407749819150865278e-01
6.525634257584194131e-01
6.644870836886177523e-01
6.765493142508414159e-01
6.887469027473438477e-01
7.010736882047622354e-01
7.135203080510967855e-01
7.260800129891816779e-01
7.387434809659334523e-01
7.515073969366034001e-01
7.643748343577800863e-01
7.773517008671616546e-01
7.904497726698953564e-01
8.036828849295838406e-01
8.170606134326628966e-01
8.305878620427528114e-01
8.442523659363786459e-01
8.580374176380956008e-01
8.719310470796588497e-01
8.859250295855756185e-01
9.000185578337035475e-01
9.142141536947925307e-01
9.285214480360260980e-01
