-2.050423143604967764e-03
-4.159720137529224551e-03
-1.679503595736242614e-03
1.875688600244350239e-03
3.470063718597873707e-03
7.679005571688051965e-04
-5.498782152319595107e-02
-1.650121232082815137e-01
-2.204700638560397052e-01
-1.952383794126615335e-01
-1.468284252148353008e-01
-1.029685114269846824e-01
-8.732884905464841085e-02
-8.588833265674701567e-02
-7.489763374542895980e-02
-5.886343120751780233e-02
-4.335845390838674596e-02
-3.117298135337570608e-02
-2.253096083349079987e-02
-1.583693371185617912e-02
-1.149673459644135788e-02
-5.991586514201915556e-03
3.902811032405421182e-04
1.960796699406647942e-03
1.599575814223631442e-03
2.840166526034983673e-03
-3.063982515122755032e-03
-1.232182626955690558e-02
-1.518300166867110265e-02
-1.402488923662495446e-02
-1.078262047040477040e-02
-5.421274406555611457e-03
-7.277013381993425317e-04
-6.069058336203021070e-02
-2.824723979029133969e-01
-4.333010021863013539e-01
-4.040483868748028229e-01
-3.555824061717745566e-01
-3.053641845837521407e-01
-2.638414360292665739e-01
-2.577601325017829792e-01
-2.516099472954126393e-01
-2.229367916302379682e-01
-1.733470426119924079e-01
-1.144972486691099300e-01
-6.449646284653895445e-02
-5.287025778768168066e-02
-6.653142386924634777e-02
-6.958478849557184209e-02
-5.744868224655566569e-02
-3.826651028057585086e-02
-2.192224310813073104e-02
-3.635045124254587118e-02
-1.381842258910516152e-01
-2.098949551022357141e-01
-1.838648540113616281e-01
-1.347068400232808161e-01
-9.729533808000928596e-02
-7.592095942404063214e-02
-5.415198941572145486e-02
-3.239642709622851668e-02
-1.639279792972261202e-02
-2.858484794816542468e-02
-6.355070544968018098e-02
-7.194995480241586638e-02
-4.813646428721483905e-02
-1.782241444721091236e-02
8.848424709957981860e-03
3.151810366483592113e-02
4.803852831086923014e-02
4.687505605651157842e-02
3.776916292201795700e-02
3.860812247144757015e-02
4.529986491411897714e-02
4.855731559822049764e-02
4.961146162471157667e-02
5.444423325724298546e-02
6.274311900426543520e-02
6.480636722740652778e-02
5.424525250714715835e-02
4.818044992662114112e-02
5.170755613959054225e-02
5.104641557522066747e-02
4.800980241012123284e-02
5.059529276057813524e-02
5.675909863056947946e-02
6.713958731321426066e-02
7.988903451249154686e-02
8.779193232647239387e-02
9.353879615684099202e-02
9.889514444883278077e-02
1.030359002555821524e-01
1.021899525080623983e-01
9.610004147058334723e-02
9.315934049758123336e-02
9.671400145052960751e-02
1.024584429720849510e-01
1.096848313094307276e-01
1.194291631623170813e-01
1.264559765204773256e-01
1.283368353265659789e-01
1.258550435755513286e-01
1.194479713884697702e-01
1.130678257685420462e-01
1.065000691578619207e-01
1.029850790719463727e-01
1.066003689297145701e-01
1.152922835421444636e-01
1.297239964501272214e-01
1.425524969190488656e-01
1.421411116382313433e-01
1.248504145351710393e-01
9.842666099684323211e-02
2.948295902367094323e-02
-9.276730152320639133e-02
-1.669263575627505380e-01
-1.552730745688032932e-01
-1.101773864168482664e-01
-8.270653069860854634e-02
-8.618205089611212510e-02
-7.296803363394840924e-02
-2.734772488614200386e-02
2.045393818992753687e-02
5.008946723159270198e-02
5.999106194717553076e-02
4.053466293413601762e-02
3.118065592211121534e-02
6.107780432185599961e-02
9.894513634349220987e-02
1.303152472380615379e-01
1.614183842274671543e-01
1.908024584994202633e-01
1.456172441416221097e-01
3.091688528655274493e-02
-1.003353088398757642e-02
3.804704672578148456e-02
9.177937380107412113e-02
1.348911727550474726e-01
1.790215422830074843e-01
2.247289302218046514e-01
2.619007074825296932e-01
2.217033141890108194e-01
5.262920264562820361e-02
-4.035576733338569477e-02
1.759800803238143613e-02
1.052847056333438558e-01
1.832210239504643567e-01
2.420084787446964980e-01
2.910508007486944382e-01
3.391818422860233273e-01
3.725633519959133388e-01
3.905568434039038417e-01
3.999015525204808186e-01
3.985307315446585674e-01
3.951712052652391338e-01
3.907402783734726381e-01
3.833398951692804091e-01
3.811436718434879634e-01
3.904884516863272870e-01
4.088454926154899138e-01
4.318980213406787283e-01
4.559977728196396018e-01
4.785052567934519052e-01
5.074674966998821146e-01
5.381772135258675593e-01
5.648095957585819171e-01
5.909356476106013556e-01
6.168741448574204256e-01
6.403212830140281309e-01
6.611095984734706166e-01
