-3.472225436009955535e-02
-1.180876144883625037e-02
4.009071868855713927e-02
2.188068378234172065e-02
1.561036329112455712e-02
-4.774423676441531816e-02
-9.005720112600210658e-01
-1.249054513005984024e+00
-3.437310010832935192e-01
1.102954923620876604e-01
2.385928584899874583e-01
2.333622497920386230e-01
-9.221363863031639685e-02
-4.039394629527071068e-03
7.869741729212122172e-02
1.205956834041893022e-01
1.173455021431941830e-01
1.015108603103272444e-01
8.039252514420802687e-02
7.920599759909227600e-02
4.822801088091323296e-02
9.641349600996135250e-02
7.577668416075981905e-02
2.212567480951942514e-02
3.142147696310143568e-02
4.144959460798745138e-02
-9.049681601052524116e-02
-5.571430363150101095e-02
-8.382750389483203945e-03
1.073842531703674344e-02
3.465816097476350638e-02
6.069755413747184025e-02
4.303755975402231287e-02
-1.023808151533099675e+00
-3.022877949736712200e+00
-7.482251017203777055e-01
-6.353546793317321750e-02
-1.358821846932867783e-01
1.824611810499159048e-01
-4.132895301584674219e-02
-2.972793750121673906e-01
-4.946567512564495339e-02
1.381244843604691463e-01
4.185543706651604356e-01
4.770046760230920446e-01
4.377630154857059530e-01
-5.655022907337831778e-02
-5.878867268168245369e-02
4.624960894570624703e-02
1.801161807446710617e-01
2.038656213721492527e-01
1.779371109968388709e-01
-2.885923427520920015e-01
-1.426189950123423866e+00
-2.499140780469687462e-01
1.832089006804337727e-01
3.176103688023387273e-01
1.765030939721485559e-01
1.467607150831385099e-01
2.371254260400123826e-01
2.127970289612894361e-01
1.874416641810234263e-01
-2.376928190566655608e-01
-3.104221855190103518e-01
8.353179632304393032e-02
2.618205224604983061e-01
2.938863524162179663e-01
2.935250792087565896e-01
2.959029879620481140e-01
2.418366234858328745e-01
1.960033288138898766e-02
5.368900687551750317e-02
1.479581051456620444e-01
1.573356438416907976e-01
1.031662721652586295e-01
1.142118017511851991e-01
1.637355427119963347e-01
1.873318131871022363e-01
7.968243195891670794e-02
-4.232636131561964832e-02
1.001339952137055428e-01
1.170446853426843487e-01
4.160580642361567938e-02
6.317108236938945298e-02
1.287555232394314020e-01
1.397102360233706264e-01
2.191224770109893305e-01
2.188350985693145734e-01
1.703356839693157543e-01
1.916043657534573230e-01
1.746276367668704865e-01
1.757949700564966078e-01
9.368781431619567501e-02
6.480333724795819816e-02
1.174188992885214916e-01
1.684743338003918400e-01
1.693897704331992493e-01
2.078503545419482235e-01
2.344020933054626887e-01
1.889159440367360054e-01
1.546995394867775042e-01
1.073769893844570972e-01
6.641658725305657485e-02
7.683537275123780708e-02
4.178910479813667533e-02
1.028074852167151776e-01
1.604376447085405499e-01
2.086796337661538936e-01
2.901901225662255612e-01
2.331550558998337075e-01
9.070363465176203843e-02
-8.247267699119335826e-02
-1.478147379144919837e-01
-8.939523821907029433e-01
-1.353160957356749128e+00
-4.900962462172107625e-01
3.999497581433003601e-02
2.473337080688184086e-01
-4.412265008502672115e-02
-2.053133252409446996e-01
2.180187991124422353e-01
4.489091563228716497e-01
4.293099753520013273e-01
2.754410558107080464e-01
1.439384496735687802e-01
-2.347628859069341434e-01
1.823157114124742684e-01
4.424161781737288579e-01
4.358389013065123718e-01
4.333970574380490159e-01
5.044961410476489494e-01
4.815289689008748208e-01
-7.021303085516052978e-01
-1.021873971707184969e+00
1.390079757583369824e-01
5.340772890478003854e-01
4.648214408916466756e-01
5.201433763256199105e-01
6.129301870610285308e-01
6.743952729394522283e-01
5.875179786909340285e-01
-5.699218269303407691e-01
-1.909547803957436729e+00
3.993364756911603822e-03
6.426000863908325478e-01
8.234264707953019569e-01
7.960036112855470858e-01
7.284940506185086928e-01
7.738675487866002456e-01
8.288171112380471328e-01
6.319284910751212792e-01
5.932122573159155365e-01
4.841279480359022003e-01
3.796576718254685012e-01
3.923897649559644485e-01
3.207160401370641734e-01
2.940468904413706674e-01
3.632240500717899279e-01
4.776850921452000520e-01
5.480744226325506840e-01
6.100422162726517605e-01
6.281598503707066516e-01
6.385103114509421696e-01
7.831434072369706234e-01
7.484802911029129202e-01
7.726188611364539494e-01
7.897666598894275136e-01
8.150927734822552839e-01
7.924313507808475876e-01
8.000241088000670242e-01
