-6.693698026496198994e-04
-8.757932051720113608e-04
2.788505158706332081e-03
7.606661217460179876e-03
1.076456887245037450e-02
9.374906256761619469e-03
-4.769023726049485823e-02
-1.671796624089644245e-01
-2.383665955306142892e-01
-2.252382248842109691e-01
-1.816514685964051856e-01
-1.367187244556843373e-01
-1.171884734520613203e-01
-1.125570026151260505e-01
-9.854495586966442733e-02
-7.857273025533510757e-02
-5.839593173569303935e-02
-4.123787957417746064e-02
-2.746733513838160723e-02
-1.611379283454792560e-02
-7.648329951599230556e-03
1.389275780047813380e-03
1.094952605371055272e-02
1.558124845594839256e-02
1.788601806470701064e-02
2.115071531814820271e-02
1.669553761983460366e-02
7.833731747451017774e-03
4.864588981319854788e-03
6.228155631157387614e-03
1.024925024224537448e-02
1.685375033252710375e-02
2.313948739632157303e-02
-3.742304347447470564e-02
-2.726740330670508472e-01
-4.550455803957134115e-01
-4.523721874251797614e-01
-4.187254044428695976e-01
-3.744132283459085664e-01
-3.319408729171645089e-01
-3.226502391442997442e-01
-3.137095067763889245e-01
-2.811215519604261526e-01
-2.247465205273110056e-01
-1.549026073950259264e-01
-9.102609320234705814e-02
-6.572727175725524840e-02
-6.957512893313066993e-02
-6.567301961656175913e-02
-4.713754617073355468e-02
-2.082522669019321385e-02
2.890982625185299637e-03
-5.390043997370884410e-03
-1.074215919226532423e-01
-1.890941544799414897e-01
-1.706160827775632105e-01
-1.222833226202838519e-01
-7.988560393635121826e-02
-5.157355467879772004e-02
-2.263587709751034571e-02
7.433292620369142539e-03
3.173441991304611770e-02
2.619587801353442935e-02
-5.934387594232988505e-03
-1.472846409724918280e-02
9.205868301137823742e-03
4.278709598128698638e-02
7.565282995882899320e-02
1.056964766712441273e-01
1.284328549591800539e-01
1.324137812772015754e-01
1.256540610512159595e-01
1.267100976747617402e-01
1.352252487352051669e-01
1.410250024026533933e-01
1.438783299878963473e-01
1.506155926391707645e-01
1.617917214586199193e-01
1.671956934491913571e-01
1.594866250614623837e-01
1.547667026336592144e-01
1.576002461750696526e-01
1.546609375145447107e-01
1.493317700610542753e-01
1.514313616457628187e-01
1.591274911579190210e-01
1.726881462338713258e-01
1.902627699573260223e-01
2.023699989768944218e-01
2.118588919846385310e-01
2.221125004536268766e-01
2.313611451068001423e-01
2.352209732114200202e-01
2.326376289708390888e-01
2.316446129915356034e-01
2.350316836825803724e-01
2.395466536848826211e-01
2.472023461891788565e-01
2.596362329752360254e-01
2.693127321863038603e-01
2.738715299840573936e-01
2.742554435855009132e-01
2.699713773731923783e-01
2.653363934949362624e-01
2.600932353497528715e-01
2.581455089091679866e-01
2.649568650591803687e-01
2.784726324661397356e-01
2.980341068577605501e-01
3.163376563289415633e-01
3.218624117948766794e-01
3.095443114585870736e-01
2.853377034396850087e-01
2.153697965994255947e-01
8.386214182434784115e-02
-7.022566038952751666e-03
-8.940879870991041978e-03
3.035022368009048649e-02
5.860526737099095579e-02
5.765481347781402366e-02
7.448413816875321114e-02
1.273388793837938460e-01
1.867215594747455853e-01
2.301892969208584327e-01
2.521446703510796805e-01
2.406270270045034465e-01
2.358695904768897122e-01
2.718026733366452619e-01
3.180061410869786664e-01
3.593939167213208719e-01
4.011360272289057338e-01
4.406002858637823039e-01
4.029727352070543445e-01
2.841339964419709041e-01
2.305939382273369531e-01
2.714598529137905447e-01
3.253627361993000067e-01
3.738391620199784660e-01
4.267979080968696826e-01
4.831015625385809975e-01
5.322883784453981137e-01
5.036837053375083917e-01
3.314101473746440263e-01
2.179080696895842051e-01
2.621513818157567566e-01
3.467278112786363331e-01
4.284073031631038253e-01
4.987439229634709204e-01
5.632893342319835739e-01
6.239305221069448848e-01
6.671916744903817476e-01
6.939980274733110743e-01
7.131162442252195754e-01
7.217898658395995870e-01
7.261482474768446993e-01
7.278866492577034109e-01
7.256987054877519494e-01
7.266296993240375368e-01
7.366928924506407350e-01
7.543250815802589049e-01
7.777364056438605955e-01
8.039575324900566367e-01
8.302735768028881580e-01
8.630808884294158823e-01
8.982066495416439755e-01
9.298885778178358485e-01
9.575492493971482499e-01
9.806832031895199586e-01
1.001976433238705777e+00
1.023497699093066871e+00
1.047107757264113426e+00
1.072844555905078545e+00
1.100160456278401089e+00
1.127785096598241221e+00
1.153943697457082473e+00
1.177334554773033393e+00
1.197605218145373573e+00
1.215359346931775830e+00
1.232041365312046111e+00
1.248290052583057808e+00
1.264296972496256499e+00
1.281031115541074961e+00
1.299368014217869849e+00
1.320484841030401757e+00
1.345495073943646203e+00
1.372268946114206356e+00
1.399278153844135897e+00
1.425116567225417130e+00
1.449245443883967699e+00
1.471569397624279851e+00
1.491382338831999776e+00
1.509614858199061160e+00
1.527692038319167001e+00
1.546815994528959681e+00
1.567605392201625980e+00
1.591386074746669932e+00
1.617889771466059834e+00
1.645952915957005214e+00
1.673878373892794924e+00
1.698996441766805310e+00
1.720060974795498021e+00
1.738167033768752479e+00
1.754729882540613906e+00
1.770409649127563823e+00
1.786473874489779012e+00
1.804474433311823001e+00
1.824964405462854433e+00
1.846098020546563134e+00
1.866582441698456440e+00
1.886642204563995229e+00
1.904907154174197093e+00
1.920644353394905135e+00
1.934724842892651342e+00
1.948248042440936745e+00
1.962002174903070495e+00
1.976503114336744638e+00
1.993173840934529428e+00
2.012363841975955747e+00
2.032588474070069484e+00
2.051861679605512911e+00
2.068820663010148220e+00
2.083177400209488717e+00
2.095902726723435361e+00
2.108079169496580363e+00
2.119696633278863374e+00
2.131031062083480254e+00
2.142408084898495435e+00
2.154360384787256333e+00
2.167878542313221857e+00
2.183132600084825459e+00
2.199360951673505316e+00
2.215281967507026550e+00
2.230135721665953863e+00
2.243239842842395415e+00
2.254719551854577286e+00
2.264465281908575545e+00
2.272635958198795159e+00
2.280662834415678741e+00
2.289203740849965918e+00
2.299012769542465140e+00
2.311047067002247157e+00
2.324614471366190482e+00
2.339043889179245994e+00
2.352267803619428221e+00
2.362022430638368142e+00
2.368841726328119623e+00
2.373517179517755427e+00
2.377161306019190068e+00
2.380698867194568358e+00
2.385032867988917893e+00
2.391410119345190655e+00
