-3.183724540927686253e-02
-6.663672560344855410e-03
4.082743961862252136e-02
1.783822251788956537e-02
1.025860501058796156e-02
-4.824181632545923581e-02
-8.228661922930264883e-01
-1.035437964347471373e+00
-9.543903841187845183e-02
2.820916057860286541e-01
3.202119818452334732e-01
2.490786471731569196e-01
-9.124126699678310193e-02
1.969720436802616104e-03
7.513894249008833126e-02
1.019056621366455917e-01
8.647320772813227308e-02
6.442552493127644275e-02
4.219932745548147374e-02
4.186713254860315730e-02
1.413791791905636731e-02
6.251466842211415853e-02
4.053478761511009054e-02
-8.088633206081127444e-03
7.279263141113106669e-03
1.976502362410168662e-02
-1.002897791234069885e-01
-5.195315116180806991e-02
-2.225193829940016327e-03
1.366175288950205458e-02
3.224228220237287945e-02
5.110710559132274067e-02
2.859835502621417558e-02
-9.515031987782347489e-01
-2.657728486346067953e+00
-2.516077377956204009e-01
3.072948154021912237e-01
1.142248754683243273e-01
3.334519981626033469e-01
4.338687108363165068e-02
-2.188009981167325368e-01
2.145190961960435905e-02
1.719329631835061767e-01
3.927357715209359168e-01
3.894787490258229123e-01
3.102590538559719113e-01
-1.657392628221232289e-01
-1.228576201689182412e-01
2.524061691152344744e-03
1.312953677451587087e-01
1.409177777664084585e-01
1.066069732449006352e-01
-3.246876472954496329e-01
-1.313973820451039387e+00
-6.465881706062470702e-02
3.001739908353358022e-01
3.506075444492486870e-01
1.585114944260068159e-01
1.081150905639199911e-01
1.798094007897816926e-01
1.395951588411505628e-01
1.079173876349060895e-01
-2.841324637533736430e-01
-3.011591929089021957e-01
1.005152689008483591e-01
2.425307678087733898e-01
2.368384796412238147e-01
2.103027758305145434e-01
1.958887113573344885e-01
1.355569480324755882e-01
-6.845709210746711570e-02
-1.056171783501243244e-02
8.889503631164581698e-02
9.457871103933046530e-02
4.200587218743376261e-02
5.686180625332375171e-02
1.040439877843670619e-01
1.209490027411729840e-01
1.647787596328431636e-02
-8.607152716300967010e-02
6.521448630571330396e-02
7.687325917998907854e-02
3.268239346956122726e-03
2.931475459962899766e-02
9.091650067003792524e-02
9.407725850935101664e-02
1.612386671130623950e-01
1.479090250945545026e-01
9.521961820279650768e-02
1.153920013681367096e-01
9.780618696352894048e-02
9.972904825853440292e-02
2.495351440049892178e-02
8.745199533420816573e-03
6.710177757073165772e-02
1.141327879796824873e-01
1.090583411593853136e-01
1.405174212292961133e-01
1.579074109806206938e-01
1.086740588385307349e-01
7.806150909923634251e-02
3.937113292059835068e-02
1.059363148596456639e-02
3.075336374122361605e-02
4.212853765147905882e-03
6.799703940842857786e-02
1.185725557247073181e-01
1.544997321706443050e-01
2.182144587233864064e-01
1.491898625009642487e-01
1.484638819244576968e-02
-1.291179698446013047e-01
-1.587028078915632967e-01
-8.156000288359075423e-01
-1.129782296294933319e+00
-2.153045572485653147e-01
2.454631645553791985e-01
3.555070113545210075e-01
1.205622223280185257e-02
-1.495439943979949282e-01
2.490635747683312418e-01
4.165901883494357860e-01
3.427108034580474416e-01
1.683632858463958715e-01
4.514281585473071956e-02
-2.878627369624878751e-01
1.491870446580396137e-01
3.725717550464920924e-01
3.257623030492077798e-01
2.984011603167926463e-01
3.480154506649737467e-01
3.086822895857253002e-01
-7.853127621953935877e-01
-9.418427350259945818e-01
2.481942140125414087e-01
5.512280143239015606e-01
4.024395180760779733e-01
4.070548791716964709e-01
4.561779825744463612e-01
4.786359435079830527e-01
3.702035814927460700e-01
-6.987271638009199259e-01
-1.792828274531471866e+00
2.081510822079466472e-01
7.212349143214821234e-01
7.639636663332696198e-01
6.385370312317260044e-01
5.160526375112567399e-01
5.273325812445511795e-01
5.532313218218753992e-01
3.508394161102220687e-01
3.253917341188214407e-01
2.368169608945765447e-01
1.617832865418975530e-01
1.995710869202281246e-01
1.492881381597557788e-01
1.435483947321199438e-01
2.223559573456245220e-01
3.290353317437417213e-01
3.811561318351567307e-01
4.218275454373860978e-01
4.209502010820947993e-01
4.173833115157373763e-01
5.407265241603369521e-01
4.860010893977519952e-01
4.980045173692406735e-01
5.047463831490555108e-01
5.205751243793719230e-01
4.924506172263639625e-01
4.978650434526153967e-01
