-1.001074336386434567e-02
6.284380518960076302e-03
4.922086177012374025e-02
2.562822097743249622e-02
2.137387479676029073e-02
-4.115472825125533751e-02
-8.131829874430530625e-01
-1.019977632276479529e+00
-7.949317095524166543e-02
2.940079848962198761e-01
3.292373950162578167e-01
2.548864448735655430e-01
-8.567694990436484914e-02
6.622095284412987670e-03
8.039751854713668433e-02
1.106711935833389199e-01
9.266084448267099261e-02
7.347979139554340622e-02
5.350464089107224291e-02
5.039068004639213338e-02
2.458203972440950111e-02
7.033422626010703282e-02
4.768309837199881385e-02
3.735162250284217167e-03
1.957928584960833690e-02
2.888484359037515187e-02
-8.890534881298839398e-02
-3.985083217351739759e-02
9.973910161694434645e-03
2.828925594057147760e-02
4.769878229716718182e-02
6.550581884553259571e-02
4.245612350674245195e-02
-9.358268446021088538e-01
-2.629764111739927746e+00
-2.203810696572051642e-01
3.303386503512483197e-01
1.348144187718526843e-01
3.560372301980525567e-01
6.000801971094127385e-02
-1.980037536962293010e-01
3.924435446984225750e-02
1.870941349397947651e-01
4.065772515483540572e-01
4.062609596517836597e-01
3.252166825125084038e-01
-1.506659418602684375e-01
-1.021370143244965806e-01
2.487822527186275834e-02
1.591736597141096832e-01
1.676275746689111223e-01
1.315005885945723652e-01
-2.991096793333317128e-01
-1.280221043626321498e+00
-2.659720064376722148e-02
3.375059783740238517e-01
3.854305295374097495e-01
2.008105248315995017e-01
1.403554265069323348e-01
2.122947147199880924e-01
1.768653074846914253e-01
1.384255930029695825e-01
-2.518768753336133592e-01
-2.621674594791994495e-01
1.286855190012547723e-01
2.651744177164502281e-01
2.686342522647128250e-01
2.460106422874290544e-01
2.284163658374361860e-01
1.481637593800487207e-01
-3.962962505294373439e-02
-2.554267001289273198e-03
1.043924001711541705e-01
1.284539592612463088e-01
6.861634381533052163e-02
8.379887527760845889e-02
1.341990220298099612e-01
1.576168565747827766e-01
5.140174574265216068e-02
-4.213679525667682335e-02
9.873356141979922063e-02
8.775483429529831736e-02
8.537170344392414068e-03
4.596699122958966544e-02
1.242099429047341108e-01
1.325734602604105306e-01
2.076061025856010267e-01
1.957093065021121847e-01
1.238740402128577223e-01
1.564564435935844045e-01
1.470691322140111057e-01
1.480973460972941635e-01
7.446704022662764544e-02
5.459196566834470521e-02
1.064285196925699728e-01
1.296646550656720964e-01
1.258419719648364576e-01
1.766209001661285805e-01
2.018594460541174307e-01
1.372359526252803219e-01
1.233085458179796201e-01
8.088942497019233069e-02
5.708253533984639083e-02
8.017642955697856788e-02
5.313257317001948699e-02
1.274213473343273617e-01
1.881936819104617631e-01
2.266123997796651579e-01
2.763794373369798940e-01
2.094509809263385702e-01
8.270405981492751080e-02
-5.627129246051226774e-02
-9.041679579657105337e-02
-7.308132844738974843e-01
-1.049133147309856628e+00
-1.305194398903759545e-01
3.271732246512432662e-01
4.357191344396957877e-01
9.315384132013238005e-02
-6.785614603004991308e-02
3.435176910688101382e-01
5.012600908810703748e-01
4.384555955167472874e-01
2.577791315016189078e-01
1.238736076660383878e-01
-2.180150007247405319e-01
2.379112671953714231e-01
4.561046871903387534e-01
4.058288035350814948e-01
3.802791743027386095e-01
4.242577185658725769e-01
3.714133652858990775e-01
-7.079322997525783201e-01
-8.827110155358552923e-01
3.189185584148607200e-01
6.216185422635712721e-01
4.694224633215031139e-01
4.845501273275279464e-01
5.289095919925812517e-01
5.442602238359439681e-01
4.403379361134051040e-01
-5.999020966336765515e-01
-1.739049243447387205e+00
2.725015029321988802e-01
7.995908446590396235e-01
8.125257956231008993e-01
6.788154090846942879e-01
6.049709456800513863e-01
5.970383829259777730e-01
5.753937286972453657e-01
3.733047452412849854e-01
3.589856042225044730e-01
3.072288099394812066e-01
2.402381261540720292e-01
2.727708732861540142e-01
2.309997480743493092e-01
2.288159593694002458e-01
2.908747171118107877e-01
3.769664163099626375e-01
4.110695512850643940e-01
4.643846609642160450e-01
4.581808542053121824e-01
4.696778603395730389e-01
5.656747261093423296e-01
5.229036644408693313e-01
5.233473884581680835e-01
4.817767586785596245e-01
4.735771524970883162e-01
4.762697266066118207e-01
4.980757390651207039e-01
5.276534065876027357e-01
5.481834238032622375e-01
5.676153428408146073e-01
5.691739332965294329e-01
5.614583923099454310e-01
5.442502669569786455e-01
5.315347327647326203e-01
5.238874823495717203e-01
5.321407218553728669e-01
5.334473404170789745e-01
5.419463424470502000e-01
5.569552087255573714e-01
5.776953090468361918e-01
6.096998617750661875e-01
6.473157456104918772e-01
6.477088206460936970e-01
6.608128048656580766e-01
6.437668657985031739e-01
6.481605561198096055e-01
6.330289681705560945e-01
6.253755348640188672e-01
6.249051719169462782e-01
6.381074624913223303e-01
6.550626856736410097e-01
6.760755076920563766e-01
7.120908651274906465e-01
7.296165259413067705e-01
7.468478790047092808e-01
7.404893733198785188e-01
7.177281819710568112e-01
6.937387146940425797e-01
6.886353973371697190e-01
6.868224883895197586e-01
6.898951684930973993e-01
7.054680606918335428e-01
7.307904456633351753e-01
7.535679437947597759e-01
7.500503565609615286e-01
7.519085347721001789e-01
7.536092587133984555e-01
7.355154865716762025e-01
7.252294953122091492e-01
7.212703674718647928e-01
7.271300674330749558e-01
7.343315498336542291e-01
7.465076510313999325e-01
7.743083782918152025e-01
7.919995301955196076e-01
7.963128429665125019e-01
7.842140626550908600e-01
7.685428092316548554e-01
7.533946991316926578e-01
7.527785968859335153e-01
7.543145588419490899e-01
7.522156812340470289e-01
7.563992322778936295e-01
7.587541822990480078e-01
7.698493840134967847e-01
7.870479124506182256e-01
8.004514418181318813e-01
8.057365850530990858e-01
7.999342323283986644e-01
7.941299518612707775e-01
7.792262057610186421e-01
7.751409715624968388e-01
7.595204439041642885e-01
7.562361241037882653e-01
7.623216497741995834e-01
7.680987914117478610e-01
7.840242546194990947e-01
8.039767791326553059e-01
8.091406487436643147e-01
8.180932569006984512e-01
7.937172537681691509e-01
7.674963846624776043e-01
7.528170994168077446e-01
7.395001606663360594e-01
7.403729108454766283e-01
7.403408103492703507e-01
7.527099060403994457e-01
7.708337140975258794e-01
