8.272328405420476503e-04
3.110217258672250910e-03
8.951806148084292744e-03
1.651639163029830493e-02
2.314478547496773286e-02
2.524985732588344231e-02
-3.243962642404150942e-02
-1.677932966134131343e-01
-2.702912896985041891e-01
-2.883221124695179993e-01
-2.667706771036573721e-01
-2.337068590292684933e-01
-2.188914405729620039e-01
-2.172294229371684038e-01
-2.042716045077784537e-01
-1.820069842220551071e-01
-1.562095526902713138e-01
-1.308408360917162339e-01
-1.067972549009527788e-01
-8.417581766367997209e-02
-6.398106458434829613e-02
-4.318659614137594638e-02
-2.170273233501762364e-02
-5.024552380780505922e-03
8.826926046800681949e-03
2.275342908032250075e-02
2.787054708543663592e-02
2.632418754193654661e-02
2.901452438981054482e-02
3.563490308582002025e-02
4.517897779611391995e-02
5.779693806969486009e-02
7.066667999740351702e-02
1.310658077447950792e-02
-2.424934423537344896e-01
-4.837353205013303903e-01
-5.442285625132472493e-01
-5.617238758654666819e-01
-5.560596866731095655e-01
-5.392425722320703940e-01
-5.481018068643715990e-01
-5.541802026964526284e-01
-5.312761429649082157e-01
-4.761207405881419663e-01
-3.960826987450896119e-01
-3.116132067155855112e-01
-2.600414221818943550e-01
-2.394643339340798704e-01
-2.135489222147988475e-01
-1.729248535380014662e-01
-1.224035939559697250e-01
-7.276806243349664971e-02
-5.597159002484385082e-02
-1.435351671197990786e-01
-2.305530160004843343e-01
-2.194920412563490797e-01
-1.708273625484697522e-01
-1.189991515114040832e-01
-7.611109454368264471e-02
-2.979256968825964164e-02
2.147159403875069372e-02
6.931291340196117645e-02
8.665988455897330467e-02
7.159341255208212518e-02
7.376007542506647641e-02
1.082861966025122358e-01
1.565580417242703193e-01
2.089764887879642652e-01
2.618825890801314005e-01
3.079679885568398223e-01
3.344968282483135047e-01
3.463014426724152495e-01
3.618671381913301510e-01
3.853480922731484237e-01
4.063963469985822918e-01
4.229997697473559803e-01
4.428914884303338240e-01
4.680085553492483452e-01
4.879190857361874190e-01
4.936173893277760460e-01
4.995955921713564063e-01
5.100688018105817845e-01
5.117534517339497047e-01
5.091976803627461523e-01
5.147114115278726976e-01
5.278343317012061942e-01
5.491756433080282607e-01
5.776571696466363814e-01
6.014859525987982236e-01
6.228577978095974910e-01
6.469232239793736294e-01
6.710350141855245809e-01
6.899052682104189760e-01
7.009874636075466015e-01
7.114193742830725586e-01
7.232947355054067939e-01
7.341430718890887830e-01
7.490115626465523313e-01
7.711237878323158323e-01
7.910576738944355979e-01
8.059727466799467832e-01
8.169052793503909227e-01
8.219766174363271061e-01
8.256244444919624836e-01
8.275564748505350732e-01
8.323381982547948255e-01
8.476057763437393477e-01
8.722228181313126383e-01
9.047299761285689801e-01
9.379121939347456749e-01
9.598830210557254272e-01
9.630315247118795829e-01
9.500550182343933114e-01
8.846437502351142124e-01
7.412389311421100357e-01
6.201348945452785921e-01
5.858941344624853942e-01
6.014147825311827456e-01
6.161770604788567862e-01
6.062726277802705788e-01
6.173530829653729457e-01
6.727568198408000466e-01
7.454427453479395282e-01
8.108075427529001233e-01
8.572729145930593209e-01
8.677333575131662702e-01
8.804414502260848874e-01
9.361322246089578414e-01
1.007206638695098411e+00
1.078170950618577706e+00
1.152942639401459468e+00
1.227428105685426374e+00
1.222366268015224966e+00
1.116771048866743277e+00
1.057328219956801485e+00
1.094107884208830317e+00
1.153027043639161198e+00
1.214745105797784053e+00
1.288341150125076551e+00
1.371447116905979868e+00
1.453084639538383405e+00
1.458425759791295739e+00
1.298158920807428895e+00
1.163388172351166538e+00
1.187005608075421215e+00
1.264272574067344834e+00
1.351024772677594576e+00
1.440439206644199110e+00
1.534861116420359162e+00
1.628166549696218546e+00
1.705026712943167988e+00
1.765861280512988962e+00
1.820134854454069639e+00
1.864303130071888859e+00
1.901602181065188191e+00
1.933636666643753665e+00
1.959471726396191382e+00
1.984647214099019896e+00
2.015080677572626211e+00
2.050701991639728661e+00
2.091492123999480146e+00
2.136602293323333956e+00
2.183928796026710639e+00
2.238617266120492388e+00
2.297107587170617027e+00
2.352585383272731701e+00
2.406770712467816153e+00
2.461861516194075783e+00
2.516468497981298125e+00
2.569895737177317230e+00
