-3.919151087293683916e-06
-2.276029518555525489e-05
-4.146883050616537517e-05
-3.891281539164189086e-05
-2.306312528219100287e-05
-7.736077998612290844e-06
-1.154718751341025473e-04
-7.195470937260049988e-04
-1.843488680518084923e-03
-3.001468958162075915e-03
-3.920119506710375602e-03
-4.567150912308594844e-03
-5.030037573788124008e-03
-5.470567541026073732e-03
-5.873853536843717110e-03
-6.197640706123636913e-03
-6.430406119973525528e-03
-6.585878728725416686e-03
-6.684143800442827500e-03
-6.742010304762741622e-03
-6.768625631459013886e-03
-6.773253782445204027e-03
-6.741483497423563648e-03
-6.687251318100663824e-03
-6.634649560430737683e-03
-6.580249454042207298e-03
-6.532018782304944461e-03
-6.536665612905995584e-03
-6.574709962908418560e-03
-6.614646951686909034e-03
-6.641764997963214325e-03
-6.644483122627621238e-03
-6.616784687582421241e-03
-6.689671609822384762e-03
-7.510993349936368607e-03
-9.601325779243436234e-03
-1.188852176342031913e-02
-1.388705903679709856e-02
-1.561567985435069472e-02
-1.704576024279207819e-02
-1.833795711814856580e-02
-1.961947171119254874e-02
-2.079103634162362754e-02
-2.174181128785258182e-02
-2.237312207743639633e-02
-2.269677661296262694e-02
-2.282973986099838190e-02
-2.300428698574875225e-02
-2.323221748790261706e-02
-2.343472840742263225e-02
-2.354250847309486555e-02
-2.354947690052528256e-02
-2.353057023869101899e-02
-2.380800957883465532e-02
-2.469790311292791377e-02
-2.564848906590260977e-02
-2.635892164557281439e-02
-2.680783358286420795e-02
-2.709987382751822410e-02
-2.727894419134277090e-02
-2.733112249677614389e-02
-2.728082603760151326e-02
-2.720250739729323380e-02
-2.728121704893281263e-02
-2.750440500728772164e-02
-2.766555371990806964e-02
-2.766516736402240689e-02
-2.750554538319375381e-02
-2.721198887918255954e-02
-2.681080051368743555e-02
-2.636393161996469087e-02
-2.596636930910469626e-02
-2.559756316463123252e-02
-2.520475906198518801e-02
-2.478378694144269326e-02
-2.435802109318500885e-02
-2.392069972443022774e-02
-2.344793796773851982e-02
-2.294281530117463913e-02
-2.246578664424179334e-02
-2.205323737000315643e-02
-2.164146866865912511e-02
-2.121912246827623375e-02
-2.081562352597743706e-02
-2.041764135528482960e-02
-1.999399028868915559e-02
-1.953052119102785186e-02
-1.900095343732967693e-02
-1.841570504860004162e-02
-1.780142416708525507e-02
-1.715875904773924918e-02
-1.649570573834080456e-02
-1.582406999293837352e-02
-1.518028814840152729e-02
-1.457029703230627860e-02
-1.396143785670421293e-02
-1.332721862755652936e-02
-1.266304196676074252e-02
-1.195513062562152638e-02
-1.120165129359059278e-02
-1.043015108453791001e-02
-9.665617524036230687e-03
-8.931928209575759961e-03
-8.241563413104885730e-03
-7.588706806078732159e-03
-6.972879025407594834e-03
-6.359046302033754053e-03
-5.713275034175159528e-03
-5.008453214615080432e-03
-4.224699085288872481e-03
-3.408835125711804064e-03
-2.648572703243230655e-03
-2.022526566364139366e-03
-1.630367910325606316e-03
-1.794141114612955810e-03
-2.570070691349544273e-03
-3.476857605059283790e-03
-4.190097989964995662e-03
-4.666487362018361881e-03
-5.084205860292861749e-03
-5.504861479200340649e-03
-5.744048084185376414e-03
-5.708039375319174866e-03
-5.453960473569568861e-03
-5.098794277436646816e-03
-4.764792162938507637e-03
-4.560682557178232302e-03
-4.287096801966053250e-03
-3.810591213736120707e-03
-3.147281791249846930e-03
-2.321301496522914804e-03
-1.329875540983182624e-03
-3.329073533854570895e-04
1.510527751177275879e-04
1.226027874185420751e-04
1.752883834062385945e-04
5.423307443593035175e-04
1.167890176460604796e-03
2.028150170118332880e-03
3.131886696177445077e-03
4.463059792871542850e-03
5.826428419722220337e-03
6.590197195273165588e-03
6.439620151327538240e-03
6.293791280009604881e-03
6.590841554330174705e-03
7.358871323074981166e-03
8.499555866221246425e-03
9.920397919192421032e-03
1.159659318401836184e-02
1.349648803477996456e-02
1.551075104819581510e-02
1.758685312835456954e-02
1.966685753149541305e-02
2.171091334416237403e-02
2.372371832266128092e-02
2.568706017446116541e-02
2.760603801324755177e-02
2.953164207987787893e-02
3.152586031664077193e-02
3.362324184407150529e-02
3.584010206566581175e-02
3.817115724089209516e-02
4.062150731103579548e-02
4.323081390481739450e-02
4.597643284864059987e-02
4.884885412622545081e-02
5.184445833262069092e-02
5.495802554718179356e-02
5.816988775137484080e-02
