-1.673763081284241006e+00
-1.673508980298444193e+00
-1.673391672727747137e+00
-1.673095977521114497e+00
-1.672707172186994384e+00
-1.671970668323338849e+00
-1.674927210396297550e+00
-1.673801447982733004e+00
-1.673247087609252226e+00
-1.672480145962204734e+00
-1.671330922699183930e+00
-1.669610542294124533e+00
-1.668098743704484965e+00
-1.667125200919020722e+00
-1.665312979179321085e+00
-1.661978130174772916e+00
-1.655969825060049194e+00
-1.644284503260978969e+00
-1.613174479790013827e+00
-1.253213230119438748e+00
-1.792637383235705872e+00
-1.723959216793559346e+00
-1.704721596066429257e+00
-1.698775631700558453e+00
-1.695642867410613652e+00
-1.692677307293630085e+00
-1.693610056048491685e+00
-1.698026624781102001e+00
-1.699199563221235998e+00
-1.696574089006710695e+00
-1.692540419037838140e+00
-1.688466277385600067e+00
-1.685618746949663294e+00
-1.619332988658305883e+00
-1.671453578607559054e+00
-1.671968528211267957e+00
-1.671274977448514498e+00
-1.670353399497676916e+00
-1.669182328492613498e+00
-1.667813868022976598e+00
-1.666937633340030978e+00
-1.666023843806174520e+00
-1.664299075798559624e+00
-1.660800482372193576e+00
-1.652735226085289888e+00
-1.629657104057258943e+00
-1.594249418164177978e+00
-1.596865081738852332e+00
-1.580724909191292937e+00
-1.370683967083516031e+00
-1.816451606546765962e+00
-1.734123257634037962e+00
-1.741329232021180395e+00
-1.628019311863748264e+00
-1.654086879499746976e+00
-1.650212831874082076e+00
-1.632507368783713053e+00
-1.555701001815658513e+00
-2.100724290840143560e+00
-1.748806339101611762e+00
-1.713398517290310785e+00
-1.701769576273711060e+00
-1.701732011492265828e+00
-1.713072237716755764e+00
-1.717053179668601715e+00
-1.703759506705864624e+00
-1.694329003946406953e+00
-1.688971435672948385e+00
-1.685645368078658057e+00
-1.683606234103186772e+00
-1.682650333770840945e+00
-1.682183160723160986e+00
-1.681453950991731894e+00
-1.680428463034844722e+00
-1.679508640384739238e+00
-1.678703040760827436e+00
-1.677841173695990173e+00
-1.676944220177241540e+00
-1.676153194144871517e+00
-1.675480758911554346e+00
-1.674792173040695831e+00
-1.674085318727585259e+00
-1.673379688279077904e+00
-1.672657587555490100e+00
-1.671984369126615855e+00
-1.671385401437630147e+00
-1.670885467916656264e+00
-1.670460161796980092e+00
-1.669968260001969851e+00
-1.669455909349570000e+00
-1.668986916307378277e+00
-1.668522053144462447e+00
-1.667978758694447006e+00
-1.667324399045476024e+00
-1.666689848517757921e+00
-1.666108303067141083e+00
-1.665525247437508405e+00
-1.665057677997271668e+00
-1.664757359377220691e+00
-1.664378966050289232e+00
-1.663884239627599237e+00
-1.663304841214038543e+00
-1.662600518188753984e+00
-1.661896187395444313e+00
-1.661171298328959711e+00
-1.660579305778311143e+00
-1.660341723495592614e+00
-1.660351711479592041e+00
-1.660499575234806180e+00
-1.660543451532426662e+00
-1.660210267003616069e+00
-1.659359303306484623e+00
-1.658069025412215014e+00
-1.654615765567517993e+00
-1.643854321366484017e+00
-1.626292240288763402e+00
-1.625832875905035557e+00
-1.635497875409942736e+00
-1.640299362419896934e+00
-1.640202982369051377e+00
-1.642555756450001292e+00
-1.647884085204180282e+00
-1.651868085371183570e+00
-1.653898215613137213e+00
-1.654528033394015107e+00
-1.653582860345521155e+00
-1.652941056418172350e+00
-1.654107187405835733e+00
-1.655392524331323445e+00
-1.656264530667963086e+00
-1.656968707627678672e+00
-1.657448786223139958e+00
-1.655892193919354050e+00
-1.651059446877631176e+00
-1.647704861205376181e+00
-1.649267335281449309e+00
-1.651130888028667920e+00
-1.652466684493002269e+00
-1.653715835371745380e+00
-1.654803440891785771e+00
-1.655515621643786295e+00
-1.654297594968658025e+00
-1.647726271460756786e+00
-1.640374185633301396e+00
-1.642732260587875359e+00
-1.646716818994209186e+00
-1.649484033268922456e+00
-1.651354409088048536e+00
-1.652741619057653377e+00
-1.653679723260381929e+00
-1.654018415654643137e+00
-1.653966114822262412e+00
-1.653789599659136078e+00
-1.653440665365802920e+00
-1.653011170129022211e+00
-1.652532458075614885e+00
-1.651988972628568808e+00
-1.651498017551550790e+00
-1.651172774940752097e+00
-1.650978295973465126e+00
-1.650892466533919745e+00
-1.650871424838852075e+00
-1.650862933203141703e+00
-1.650964581369633422e+00
-1.651077447740281201e+00
-1.651081593238110656e+00
-1.651033492402343317e+00
-1.650981951225876321e+00
-1.650902505114588248e+00
-1.650790953809570416e+00
