7.906367074037662585e-04
2.845483027934489571e-03
8.045657239022476620e-03
1.420213226584714217e-02
1.890124381707293869e-02
1.890582823704432813e-02
-3.781892499016508563e-02
-1.596240784571237858e-01
-2.354520194707633296e-01
-2.263855770576491400e-01
-1.848523443124540644e-01
-1.401237838711053285e-01
-1.197606489669231639e-01
-1.143498415477490759e-01
-9.949199807333272694e-02
-7.805856694989772582e-02
-5.599616439465381068e-02
-3.669448511550874037e-02
-2.039406906784849149e-02
-6.604588436162689077e-03
4.130556111682297596e-03
1.521272955882444627e-02
2.653893950256989986e-02
3.304595259097551502e-02
3.728845180532756876e-02
4.212306247655808050e-02
3.894691002349336822e-02
3.105937083834686696e-02
2.883404614310489458e-02
3.107938861171170158e-02
3.627239457208045886e-02
4.418138323861363348e-02
5.181611931797068527e-02
-8.173025735243623358e-03
-2.469481411294655593e-01
-4.389885939603831444e-01
-4.455958472369117018e-01
-4.181278568776055082e-01
-3.769196899765262510e-01
-3.351197223061475050e-01
-3.253950388467132249e-01
-3.157767147520165740e-01
-2.821271806017747186e-01
-2.236241331902881491e-01
-1.498281720014485729e-01
-8.057358199709814539e-02
-4.967528077762140004e-02
-4.873891446840054875e-02
-4.067281883854750868e-02
-1.786767470873699623e-02
1.313743456251632857e-02
4.152049523476847304e-02
3.740623700290376247e-02
-6.241698396104943675e-02
-1.450086953977273163e-01
-1.270499613164600972e-01
-7.731766766363756815e-02
-3.127804786965756451e-02
1.391331504302845135e-03
3.450642082738997890e-02
6.945016507142340312e-02
9.861875770631614579e-02
9.719747808180072279e-02
6.817342566979463225e-02
6.099263539728776856e-02
8.576354797569693544e-02
1.212662169543458068e-01
1.576204609686005509e-01
1.917051429077344382e-01
2.171684001304274025e-01
2.233672986251685200e-01
2.175487754426894960e-01
2.181249258639704203e-01
2.276765511635216455e-01
2.352193412317652443e-01
2.393265382226200666e-01
2.475095295797492545e-01
2.609100730772351828e-01
2.689542527201455036e-01
2.641011805892437003e-01
2.616525408363359895e-01
2.645289560390554073e-01
2.596699130990409721e-01
2.524305100517824085e-01
2.543259173379720517e-01
2.634994840125433058e-01
2.798489696208616428e-01
3.013748350972483836e-01
3.166163534656969425e-01
3.288851860016245299e-01
3.432032717894258900e-01
3.569698916711165904e-01
3.652706882221212759e-01
3.665879280584629085e-01
3.684229208776876874e-01
3.723950030847510972e-01
3.759028017330479643e-01
3.837717646611975009e-01
3.982999855416242685e-01
4.097930414331388271e-01
4.163220461598070576e-01
4.193032944981542887e-01
4.174716942965658317e-01
4.154952120099253410e-01
4.128475332417354537e-01
4.139924793365094002e-01
4.253451603310194895e-01
4.445769578612340789e-01
4.695359105610960038e-01
4.928644035133811219e-01
5.039463128661922919e-01
4.973478336607025097e-01
4.778233077686889763e-01
4.117053968622563787e-01
2.813557716792340901e-01
1.884919964206822063e-01
1.850008369861514124e-01
2.248079761870162840e-01
2.557427776158822663e-01
2.582363258549311702e-01
2.795819274463477999e-01
3.384136171431054163e-01
4.055656049615106729e-01
4.580277453055887071e-01
4.878435198648933269e-01
4.819057899794209621e-01
4.818553387879577765e-01
5.233136396057775919e-01
5.753854413803216605e-01
6.231504828999679946e-01
6.713395262247223716e-01
7.162320772329200391e-01
6.831226459562359521e-01
5.643556113954228959e-01
5.071582418979299067e-01
5.460153134055790725e-01
6.000949675146416418e-01
6.509859934680579663e-01
7.080598589174728064e-01
7.689112611280305432e-01
8.233280411572162505e-01
8.014874917324059655e-01
6.301639280081511307e-01
5.097615529558972014e-01
5.495096394860354838e-01
6.322232931315081572e-01
7.129107189507115638e-01
7.870464468202289510e-01
8.585343585918854270e-01
9.227783722776412567e-01
9.668888453112114423e-01
9.946282064459576189e-01
1.016673284253931664e+00
1.030304605217029934e+00
1.039575957674095719e+00
1.046069809218904467e+00
1.049118093008509334e+00
1.054039127456083191e+00
1.065860754009960498e+00
1.083363345809938316e+00
1.105894670302309812e+00
1.131927771782275327e+00
1.159257577539430706e+00
1.192696430975863642e+00
1.228073924704897513e+00
1.259143132992551539e+00
1.288225586346875229e+00
1.317690589029000492e+00
1.346199974042057157e+00
1.373350557543250750e+00
