1.509272141166383898e-06
1.123591211819141800e-05
3.939739526970103287e-05
1.030424548124651894e-04
1.956065398213819825e-04
3.049051178450859663e-04
2.973738914602205570e-04
-2.441086776350013762e-04
-1.408835644639091665e-03
-2.724603329529881168e-03
-3.870574708595973454e-03
-4.759628656591989235e-03
-5.443279194062629334e-03
-6.075262566876090016e-03
-6.646282609165416778e-03
-7.109882406617185763e-03
-7.445283474913142255e-03
-7.662571127892872473e-03
-7.778369751136540375e-03
-7.809612837853636795e-03
-7.770682886315037098e-03
-7.674726350433029587e-03
-7.512519541330977060e-03
-7.300036191396640922e-03
-7.061846613184884908e-03
-6.799045366255512118e-03
-6.525707513358776010e-03
-6.294741250869188669e-03
-6.093949962751611486e-03
-5.892709966281372072e-03
-5.671693940507964264e-03
-5.414879584479095377e-03
-5.113319786880260454e-03
-4.902176130874093957e-03
-5.485424898369589686e-03
-7.522731321296577400e-03
-1.000590577367180094e-02
-1.237150443479112169e-02
-1.455348565393024818e-02
-1.645725662743055540e-02
-1.820598357460376931e-02
-1.991908494059762419e-02
-2.149658198603147594e-02
-2.281087005748244981e-02
-2.373299730085263667e-02
-2.424185721070201346e-02
-2.444150733426290328e-02
-2.458111459863490666e-02
-2.470027030711590896e-02
-2.473366814296189264e-02
-2.460816282535938787e-02
-2.431353030041709731e-02
-2.392812585510628934e-02
-2.380233984870869929e-02
-2.432387369464346014e-02
-2.497650924101045208e-02
-2.541631053755032121e-02
-2.556969906534227802e-02
-2.550587108573532449e-02
-2.526562375089617951e-02
-2.482930200831159201e-02
-2.421403708521633474e-02
-2.350303621121810002e-02
-2.290385486126615341e-02
-2.243411779215800234e-02
-2.190432119466064614e-02
-2.120097140296564597e-02
-2.029721931761229239e-02
-1.919999198005905433e-02
-1.793642546850061914e-02
-1.658615647754587558e-02
-1.525345344116028380e-02
-1.394952099653547911e-02
-1.262075725864658313e-02
-1.124486088014556816e-02
-9.848687099121525290e-03
-8.428282030448690926e-03
-6.953962234329154335e-03
-5.419244208097306024e-03
-3.885119762479866817e-03
-2.393138572071788761e-03
-8.990632853305179691e-04
5.843511791620876073e-04
2.017534876746961137e-03
3.424478142694782103e-03
4.859238549348142595e-03
6.353563833917679274e-03
7.951517894838829731e-03
9.649058315459233676e-03
1.140655486399989871e-02
1.323149882558671137e-02
1.512507730900460208e-02
1.707448528662739926e-02
1.903722687662225480e-02
2.099350537759977348e-02
2.295757707585056179e-02
2.493172596453676129e-02
2.692231132401091617e-02
2.896666387362294148e-02
3.107958144711590528e-02
3.322665209985984497e-02
3.539130563425033765e-02
3.754546963219362182e-02
3.967401473578394816e-02
4.178064621082491770e-02
4.386440096128749883e-02
4.597203781351855839e-02
4.815549717700972482e-02
5.045127868479989952e-02
5.287614486903388644e-02
5.538788977527296653e-02
5.789946968331148580e-02
6.031790815248005977e-02
6.251749280564852795e-02
6.413584144653901309e-02
6.504112984731658109e-02
6.569414313890280244e-02
6.646593148800634954e-02
6.746076879321444286e-02
6.853539114774205576e-02
6.963603573375107270e-02
7.097108094902408737e-02
7.266517394315777367e-02
7.469522905268942414e-02
7.694364767395650562e-02
7.925955684794763756e-02
8.149598876469618669e-02
8.384956177145212741e-02
8.646859490312376606e-02
8.935247594247916481e-02
9.248643171403579666e-02
9.587079723327185388e-02
9.933067679410148565e-02
1.022945926180829079e-01
1.046596996266975499e-01
1.070094114211750380e-01
1.096351913726123228e-01
1.125321644424809586e-01
1.157160766685115943e-01
1.192158643380325234e-01
1.230269684760262605e-01
1.269646443120403534e-01
1.303513061567173337e-01
1.327049485533906559e-01
1.348981962828582071e-01
1.374569511321795390e-01
1.404704657766124853e-01
1.438971050206508950e-01
1.477147759669488469e-01
1.518955976130545171e-01
1.563661075901383313e-01
1.610019678626207762e-01
1.657524417176915177e-01
1.705781996663955913e-01
1.754359222081258163e-01
1.803140246641744271e-01
1.851890217131643424e-01
1.900564949803300596e-01
1.949414453357811994e-01
1.998845108836852791e-01
2.049100218349705349e-01
2.100472513296390842e-01
2.153043852988632822e-01
2.206995004852960185e-01
2.262644446415394417e-01
2.319842963074796038e-01
2.378394270982043257e-01
2.438255136819364177e-01
2.499426981672865367e-01
2.561806126525929539e-01
