1.325462849239445080e-02
2.414536966097206860e-02
7.156991435991123807e-02
5.591874208430930304e-02
5.921374474183777742e-02
-1.301350485054191160e-02
-8.996150595636293046e-01
-1.311768707642481768e+00
-4.402367183588188904e-01
2.774238437839127852e-02
1.878314989353599973e-01
2.094167026102475293e-01
-1.042682311980615700e-01
-1.615233616806806966e-02
7.592985702140928050e-02
1.373357517522850735e-01
1.406613222513460604e-01
1.396481450184254847e-01
1.303341559752843881e-01
1.286265458476553991e-01
1.042869359577561911e-01
1.502438369437963384e-01
1.309428516197446712e-01
8.698884290239616845e-02
9.720023063332390578e-02
1.009376144360626115e-01
-3.165270075637843794e-02
-2.250696391146959820e-03
4.315390917071312837e-02
6.856168500123338561e-02
9.773841332547678062e-02
1.264644425961526375e-01
1.114823041378892043e-01
-9.937429120882038669e-01
-3.121481142873332892e+00
-9.387830186772803120e-01
-2.420518340984343930e-01
-2.779888326320855696e-01
8.802046787358100421e-02
-1.115134691549790752e-01
-3.488165335638253595e-01
-9.736652532097619939e-02
1.083124848158761866e-01
4.227782356632934779e-01
5.301836777524033817e-01
5.232660687440728875e-01
3.631139744427918509e-02
3.510664976872530929e-02
1.413622236692732570e-01
2.960533462875006849e-01
3.323415192629984860e-01
3.141194370496623867e-01
-1.623737493856722558e-01
-1.355080483959320237e+00
-2.172468793254399844e-01
2.372718710958557353e-01
4.053864428429683753e-01
3.109800750641540379e-01
2.796619031988844539e-01
3.863598170179075586e-01
3.882324399203255783e-01
3.604189434537936609e-01
-7.179333309840796318e-02
-1.557832143717402251e-01
2.089737643738700801e-01
3.879004461450605290e-01
4.567008756672015779e-01
4.833890390435582884e-01
4.953419803215621808e-01
4.064821724267451142e-01
2.096003167385845634e-01
1.878407975874187841e-01
2.882025589207535266e-01
3.373864724193357811e-01
2.714176203724670833e-01
2.824673010687268615e-01
3.413916656006935058e-01
3.857379211981460942e-01
2.783254200941054357e-01
1.705096265801011035e-01
2.899501264638291720e-01
2.574737651205865063e-01
1.583981236336290954e-01
1.924451156826797182e-01
2.932825761704631606e-01
3.241377189305265638e-01
4.341154860165695739e-01
4.539255842123159357e-01
3.746026669734737191e-01
4.251832527205152146e-01
4.333553342394928509e-01
4.410728626209065584e-01
3.649733052693215907e-01
3.270721086308246428e-01
3.640543986721576086e-01
3.617899326133184879e-01
3.574933634277475125e-01
4.352473525397902998e-01
4.868692168921466279e-01
4.150837394263059421e-01
4.159911187485759720e-01
3.622193301974422353e-01
3.292551913327763646e-01
3.449112057878351290e-01
3.078776419136575182e-01
3.931673389727669554e-01
4.835844078760646592e-01
5.540813635999806142e-01
6.240067619483110617e-01
5.826922948247089673e-01
4.594150148714049586e-01
2.902191514663807759e-01
2.019330346227571349e-01
-5.527273342776655163e-01
-1.097862024593624808e+00
-2.702440907387949065e-01
2.710776543774978120e-01
5.157999714027702298e-01
2.538034564771212143e-01
9.925545574004034088e-02
5.680182333163907860e-01
8.208197658741288594e-01
8.656191208616482724e-01
7.273629610205551987e-01
5.825902173569156295e-01
1.676588300860406000e-01
6.144701553305007558e-01
8.865103865432201191e-01
8.983770407933405755e-01
9.197845966422221187e-01
9.981488650268081075e-01
9.603475479568541751e-01
-2.334752170918908964e-01
-6.795681561037646423e-01
4.674569337900288946e-01
8.922832189136427061e-01
8.510571042179131407e-01
9.575669675185778384e-01
1.072502585972074485e+00
1.148884506740234901e+00
1.093336226313855963e+00
-3.131652684022483840e-02
-1.584431775560533051e+00
2.745763811513828867e-01
9.809928487180441525e-01
1.159964553833863654e+00
1.159467275770323269e+00
1.231945275462828837e+00
1.279151199163669261e+00
1.259611812337271042e+00
1.062945527294422154e+00
1.041153992512240833e+00
9.994698072368061181e-01
9.181287658103856053e-01
9.229240156521950622e-01
8.673436697480414459e-01
8.515211468870907963e-01
8.825725367662251575e-01
9.614300082798075131e-01
9.935660554610645789e-01
1.071166049114678831e+00
1.092975562720490901e+00
1.136226121873448625e+00
1.242503674655124568e+00
1.234279419488959029e+00
1.229042086707256898e+00
1.248492904638457857e+00
1.279626093524805164e+00
1.277989092285791717e+00
1.296858388446152421e+00
