-2.925488803511197666e+00
-2.918835829969323115e+00
-2.880256298692049910e+00
-2.964537287310546887e+00
-2.940707187864729732e+00
-2.947553555905522593e+00
-2.925161635725330722e+00
-2.920940266566538490e+00
-2.913384772264672407e+00
-2.899878066290092260e+00
-2.877514632057227573e+00
-2.841710888187098050e+00
-2.815816920298249038e+00
-2.805345275303730457e+00
-2.776648463654916910e+00
-2.722825810068562280e+00
-2.635461674591660586e+00
-2.507155070383430218e+00
-2.335191667423675455e+00
-2.077782724085438737e+00
-1.769399500329741137e+00
-6.947352525952921187e-01
-2.790997940164863422e+01
-1.026454399133322504e+01
-1.480835788724528612e+01
-8.659358460701612970e+00
4.190527268237587144e-02
-2.027763701049050571e+00
-2.172311126523553959e+00
-2.095632461747713116e+00
-1.840041389234044811e+00
-8.289656621730376873e-01
7.001117830013065202e+00
-2.729916270285415614e+00
-2.880189412262309290e+00
-2.887718170273699592e+00
-2.873321331338705598e+00
-2.854243542749866691e+00
-2.830205342650085054e+00
-2.803546180115550790e+00
-2.791526365491961315e+00
-2.778763654122656135e+00
-2.748730211901192710e+00
-2.684004456981299747e+00
-2.539463362614398534e+00
-2.203831699406446631e+00
-2.064128227762603629e+00
-2.269791454856100898e+00
-2.301726523110989131e+00
-2.164238185818771143e+00
-1.778362469047873873e+00
-9.583920978128597223e-01
-1.772914829344547138e+00
-2.616381651673675535e+00
-2.712064232858072632e+00
-2.667608328167503817e+00
-2.556416521190913116e+00
-2.399186099029554153e+00
-2.243080390626150944e+00
-1.963169748118801738e+00
-1.326639502086865763e+00
9.535120871945568233e-02
-1.256580231054079455e+00
-2.157974999515911207e+00
-2.234132450850447427e+00
-1.883330603548578619e+00
-2.254598677038619492e-01
-1.035407194139805220e+01
-4.705563629718096053e+00
-4.067785990272636987e+00
-4.111762174604674414e+00
-4.450722576295818911e+00
-4.401218943391868699e+00
-4.138493458838764738e+00
-4.035255858528306483e+00
-3.996523520011031394e+00
-3.875944044004346889e+00
-3.724075807435026420e+00
-3.684961159480355075e+00
-3.841544797336271078e+00
-3.956146896936118651e+00
-3.855260209003491756e+00
-3.852150586607872018e+00
-3.901935793617548498e+00
-3.826492635247024321e+00
-3.701388205393241648e+00
-3.556725171447365774e+00
-3.436887329591457707e+00
-3.377136524138331541e+00
-3.336817445489120182e+00
-3.302132573157313455e+00
-3.274901113192005386e+00
-3.266622049357130741e+00
-3.277882941331335065e+00
-3.277189851208968552e+00
-3.250683252442892357e+00
-3.219228847888180756e+00
-3.187254379023973350e+00
-3.153749659171671826e+00
-3.129628848612662662e+00
-3.115588687624269770e+00
-3.108360837820856482e+00
-3.107185749519565832e+00
-3.106242980766000361e+00
-3.106029385421144706e+00
-3.100563300461797844e+00
-3.082739932201821631e+00
-3.059417157703578027e+00
-3.033696254092798750e+00
-3.013526635149032629e+00
-3.003170007303240574e+00
-3.002751997877628032e+00
-3.011983081389285832e+00
-3.249056016417934512e+00
-2.857651170852778755e+00
-2.878644668710099275e+00
-2.862729621563886440e+00
-2.821248467364505963e+00
-2.772506461756974794e+00
-2.770739898638213461e+00
-2.729824470187839136e+00
-2.339389393837990383e+00
-3.561241978192370539e+00
-3.201473682827507883e+00
-3.152247548430266555e+00
-3.259851306210277855e+00
-3.360510533555860047e+00
-3.129304218548137673e+00
-3.041911549015786420e+00
-3.005132026654194988e+00
-2.980898482181330689e+00
-2.963204168759689949e+00
-2.961851483130121920e+00
-3.099061786725600065e+00
-2.708758876144660821e+00
-3.037230461738451126e+00
-2.962866275410614314e+00
-2.943088254764349543e+00
-2.930547537924890200e+00
-2.920986755037172422e+00
-2.912523503702598937e+00
-2.897431825956343410e+00
-2.729623800212201079e+00
-3.085146947218889490e+00
-2.360369999734806434e+00
-2.851257075673412800e+00
-2.876771157613378982e+00
-2.880430541178130799e+00
-2.879234725020721974e+00
-2.876836972288820959e+00
-2.871681121551775906e+00
-2.864336744284906366e+00
-2.855785604259811983e+00
-2.845375061765905045e+00
-2.834650264988122892e+00
-2.823644570683105925e+00
-2.811738254529568160e+00
-2.801510115293544434e+00
-2.795425430093106733e+00
-2.792452280199269055e+00
-2.790756976028605507e+00
-2.788969578166224039e+00
-2.786351526094071218e+00
-2.785429217791545398e+00
-2.784462211297596745e+00
-2.782013735425138634e+00
-2.779241489523288422e+00
-2.776278390387469042e+00
-2.772572323579137965e+00
-2.768191638005665034e+00
