-3.717005179634285533e-02
-1.705366656467648470e-02
3.746541383382372137e-02
2.363495334990404692e-02
1.967764047769717667e-02
-4.647306769276008526e-02
-9.659766584352298402e-01
-1.453268766502747278e+00
-6.307022064656883087e-01
-1.609098014699375245e-01
1.949666074223148360e-02
6.866714821954672532e-02
-2.315628992961643318e-01
-1.353594787497934826e-01
-3.400413117655733120e-02
3.276868421703314771e-02
5.420479223975956107e-02
5.912101299945467237e-02
5.406112721650804809e-02
6.580623837455684688e-02
4.414073285394225915e-02
1.020780045559997740e-01
9.180141005206876592e-02
4.232867068766270335e-02
5.259748894141870468e-02
6.480862723057162489e-02
-7.383316424092531416e-02
-5.102153724256280887e-02
-8.836051177466854728e-03
1.005887698562117627e-02
3.668876122468789358e-02
6.852332809485423004e-02
5.647609811649663414e-02
-1.081677555346725494e+00
-3.353747303444173156e+00
-1.291027521047372284e+00
-6.023987996821797974e-01
-6.326933909352527863e-01
-2.590587464802879825e-01
-4.289177770331246142e-01
-6.690817242079925009e-01
-4.061548727945288872e-01
-1.760695006445296973e-01
1.740670466481997192e-01
3.168889410112833427e-01
3.540841972263113480e-01
-1.091977121443929860e-01
-1.154483367677704431e-01
-6.744747444181187213e-03
1.465534416367950676e-01
1.979313572147702871e-01
1.964296757624544587e-01
-2.827688272925880097e-01
-1.541728992145662502e+00
-4.639319798479637491e-01
-1.321859792785627652e-02
1.740538015370691749e-01
7.887691151233576503e-02
7.909631946600279018e-02
2.007332227017565029e-01
2.084574253149353296e-01
2.084544797545886397e-01
-2.255641411921389672e-01
-3.385485614034585700e-01
4.250511387640727723e-02
2.470179444597749296e-01
3.162252444058323286e-01
3.511479974480685717e-01
3.852778939450839379e-01
3.560089089348745239e-01
1.368881043946658660e-01
1.620023640570746881e-01
2.571133867269841944e-01
2.739824662212772544e-01
2.233473770227381028e-01
2.349191217452915592e-01
2.891611604253266909e-01
3.218619668609819517e-01
2.163341142218401236e-01
8.079032687845556782e-02
2.134254370357033803e-01
2.318937525834317004e-01
1.536578522622608634e-01
1.694589868645597075e-01
2.359300998893654189e-01
2.526878920156107045e-01
3.436360179812598115e-01
3.587787877405109183e-01
3.207022656145537276e-01
3.497502844398321376e-01
3.399560302367850562e-01
3.466062843970065255e-01
2.637525550034521826e-01
2.269712115284975851e-01
2.744380713331645572e-01
3.279054185087909579e-01
3.343646966253696062e-01
3.806128012142048211e-01
4.185242140372317232e-01
3.817575730409420443e-01
3.500868077516045007e-01
2.995822239041346369e-01
2.499227307240152740e-01
2.507309363620654485e-01
2.053363007477576885e-01
2.592062405756110355e-01
3.184550254830494920e-01
3.752829287318424911e-01
4.733616145429037636e-01
4.324042796109137665e-01
2.907125834290281707e-01
9.695783512410130478e-02
-2.428843409820358179e-03
-8.357693635598675286e-01
-1.453102215022323396e+00
-7.001115278983764956e-01
-1.760208877364513869e-01
7.439912123720868187e-02
-1.858467540584256283e-01
-3.491628044399486819e-01
9.175083502435418814e-02
3.816884464294196255e-01
4.282953080315415328e-01
3.215719601800356986e-01
2.131609445588370511e-01
-1.799632637700668003e-01
2.294028670836494588e-01
5.276308776937950196e-01
5.713745245661910888e-01
6.134146112825574759e-01
7.292334219584792887e-01
7.492858440322495150e-01
-4.807036589791493508e-01
-9.400960001766145435e-01
1.572215180094562181e-01
5.975180006063016691e-01
5.891417078740424085e-01
6.984510025140646672e-01
8.496847524355898296e-01
9.737948263154174722e-01
9.408781168555059304e-01
-2.553158178446420790e-01
-1.798004497315806693e+00
-1.695026391402378041e-02
6.705024216465056419e-01
9.486401034620046691e-01
1.017968269395438607e+00
1.030592602669993640e+00
1.146648615147053629e+00
1.271740967022093161e+00
1.127393073446766536e+00
1.120522808390395308e+00
1.029931142310882786e+00
9.278324830333242179e-01
9.370665344044275535e-01
8.581864754938870465e-01
8.187623690264038689e-01
8.798494488225916399e-01
9.997146757284780527e-01
1.087374736122918684e+00
1.173824402721705074e+00
1.219254096335952164e+00
1.256104600001537452e+00
1.435488129118266620e+00
1.438918782592052192e+00
1.496830416772967798e+00
1.547162855449573327e+00
1.605285753330618181e+00
1.612223385092051320e+00
1.645624783942341240e+00
