-2.527968181492854072e+00
-2.524647360411425456e+00
-2.523173548433754743e+00
-2.519184000086805320e+00
-2.513888516879357660e+00
-2.503111446224004055e+00
-2.540309109109631258e+00
-2.527944635223369652e+00
-2.520690042320697266e+00
-2.509720652572661859e+00
-2.491703484284009118e+00
-2.461473050671371787e+00
-2.436607970777622256e+00
-2.425219387011171790e+00
-2.395698428983584538e+00
-2.331311559384760201e+00
-2.190297742684693461e+00
-1.794242851349481249e+00
3.817802115463852175e+00
-3.783057383207659718e+00
-3.204237309245215215e+00
-2.963386822365332129e+00
-2.838038890726333641e+00
-2.798992490994853366e+00
-2.777988573606539724e+00
-2.750606426379015090e+00
-2.778510590514958079e+00
-2.870979233608968784e+00
-2.898474799449735961e+00
-2.845217441044819218e+00
-2.774275825004132390e+00
-2.711854986065904694e+00
-2.673367613185976488e+00
-2.281352080265163451e+00
-2.505465831699787316e+00
-2.507717835692907293e+00
-2.496877122464812970e+00
-2.482640568540836146e+00
-2.464097720840596750e+00
-2.442273833094417590e+00
-2.430549143297531245e+00
-2.418201189669914264e+00
-2.390796978817026908e+00
-2.326955019657169998e+00
-2.138851316818184412e+00
-9.174406123929845780e-01
7.985982327294905758e+00
-4.894287158573266128e-01
-5.453654250241436463e-01
-2.123987536879834792e+01
-3.647124534361848802e+00
-3.136860044675315429e+00
-3.329348686652698674e+00
-2.135276549522208356e+00
-2.332534691724268416e+00
-2.272434831045870851e+00
-2.021522275422170001e+00
-4.333508916324168014e-01
-4.796131079003232323e+00
-3.270102649285870022e+00
-2.959952638935434699e+00
-2.848739894596199029e+00
-2.875903888050659774e+00
-3.117177286750681731e+00
-3.218345658746105897e+00
-2.937650804987670394e+00
-2.788623908078731617e+00
-2.716141744847466732e+00
-2.674313428057387476e+00
-2.650255819110493682e+00
-2.641348930541281170e+00
-2.639020470658212769e+00
-2.631008755584387959e+00
-2.617241578871180252e+00
-2.605310313830652369e+00
-2.595165891594191976e+00
-2.583778984497700826e+00
-2.571703222528797461e+00
-2.561516607026775638e+00
-2.553375268800909481e+00
-2.544730702310350701e+00
-2.535627953970540194e+00
-2.526676228714581640e+00
-2.517508445798844363e+00
-2.509043481954989829e+00
-2.501623968259868214e+00
-2.495548660057191448e+00
-2.490321284813325153e+00
-2.483906484700276529e+00
-2.477177998399983316e+00
-2.471078228781824038e+00
-2.465005456811542928e+00
-2.457704237625874200e+00
-2.448784034095384143e+00
-2.440379990812994393e+00
-2.432916059725082292e+00
-2.425462504630339744e+00
-2.419889933333751131e+00
-2.416772723032502679e+00
-2.412100371793917120e+00
-2.405581537383727486e+00
-2.397801446508041057e+00
-2.388232131767377808e+00
-2.378950066902635108e+00
-2.369508796749613566e+00
-2.362424005215578049e+00
-2.360829009964577896e+00
-2.362471252859576154e+00
-2.365490658366131260e+00
-2.366301723366818877e+00
-2.361210953639161225e+00
-2.348449388701801865e+00
-2.329479823139478434e+00
-2.274757670733562165e+00
-2.073052458981031965e+00
-1.686259253214071663e+00
-1.813480298797057744e+00
-2.047567407005261853e+00
-2.130134740120749548e+00
-2.130192559277372055e+00
-2.164568240612859462e+00
-2.233606337697215949e+00
-2.279973757924623534e+00
-2.300377274456129051e+00
-2.303386177118301958e+00
-2.285751533322719631e+00
-2.274768495927469658e+00
-2.290850074922871293e+00
-2.307341747928696840e+00
-2.317347585721989844e+00
-2.325042806420122510e+00
-2.329686805936389327e+00
-2.304066386661635768e+00
-2.226522716162710580e+00
-2.179066994532671497e+00
-2.215686996198249492e+00
-2.247983494210602728e+00
-2.267857977530237434e+00
-2.284620423057656335e+00
-2.298141201615064411e+00
-2.305947602582779865e+00
-2.285296968938820061e+00
-2.178190055488274712e+00
-2.062016850288898695e+00
-2.125619544037109954e+00
-2.195035061410632871e+00
-2.235019827690472027e+00
-2.258845035043008043e+00
-2.275042823985995000e+00
-2.284936194714263458e+00
-2.286681423043617656e+00
-2.283572732752245038e+00
-2.279409003111735554e+00
-2.273289951019166644e+00
-2.266576313897035178e+00
-2.259576991612871844e+00
-2.251995242630425054e+00
-2.245582085826923091e+00
-2.241902153654069529e+00
-2.240116524402811837e+00
-2.239783353805291366e+00
-2.240132030811650576e+00
-2.240424496504578755e+00
-2.242204614120743233e+00
-2.243866375718315709e+00
-2.243746415719998666e+00
-2.242868737820229441e+00
-2.242008514013809073e+00
-2.240767893530212884e+00
-2.239116392554796775e+00
