-9.477664931854081765e-01
-9.498580163887642147e-01
-9.463089064042013998e-01
-9.483412321381339272e-01
-9.497988406060913213e-01
-9.523983987214448277e-01
-9.461390461921812545e-01
-9.481642506545469029e-01
-9.497351817316717071e-01
-9.519695718320966282e-01
-9.550553828505073950e-01
-9.591412424694567562e-01
-9.627026349389888882e-01
-9.653657670112043565e-01
-9.694011173945902282e-01
-9.754514723425661282e-01
-9.839814295795481502e-01
-9.955458536939425507e-01
-1.011381446879839441e+00
-1.034744071596039428e+00
-1.069602510420738728e+00
-1.147449234146659780e+00
-1.505359793583155970e+00
2.493265428385133653e+00
-3.779551709994639630e-01
-6.485309452814146391e-01
-6.292538327176326884e-01
-3.366382537169219091e-01
-1.262980534799729160e-01
-3.663711940297275094e-01
-5.988964268977990946e-01
-7.360282842790112356e-01
-7.980474037697866674e-01
-1.075548853154477014e+00
-9.628733380269113296e-01
-9.577916219956514876e-01
-9.593089630094335796e-01
-9.616976649896830098e-01
-9.647296323776888283e-01
-9.681906269409610299e-01
-9.704882066970497156e-01
-9.728783961238345324e-01
-9.769745678048699089e-01
-9.841097178973825521e-01
-9.965648319189746029e-01
-1.017137063063848101e+00
-1.036133037991751271e+00
-1.043260890083103520e+00
-1.054950953193946717e+00
-1.083412618582603404e+00
-1.148658709722958138e+00
-1.308096134625809537e+00
-1.324177128863211150e+00
-1.061239954461933532e+00
-1.018408629402506094e+00
-1.023642729205955115e+00
-1.045373182264595524e+00
-1.080447455639756749e+00
-1.127001341118525790e+00
-1.229927696293115380e+00
-1.672659917249561978e+00
9.860310778621610428e-01
4.689998969030686471e-01
-2.127435598969158015e+00
-1.746865567805814923e+00
2.693314050643976998e+00
-5.507309692192071671e-01
-7.441139321526135664e-01
-8.113483454404839534e-01
-8.424870861375232112e-01
-8.535029416089333631e-01
-8.565532752658371329e-01
-8.626825819504647663e-01
-8.713848495379642456e-01
-8.780556677516773156e-01
-8.830450325289863622e-01
-8.887283813402947485e-01
-8.950396741647408394e-01
-8.996077889238583980e-01
-9.012837542602261109e-01
-9.032398171442098667e-01
-9.065201866289105403e-01
-9.087398013201507530e-01
-9.104422625131514124e-01
-9.132413764076197094e-01
-9.168034432769258668e-01
-9.209058461254929773e-01
-9.251220853351860285e-01
-9.286158284883296865e-01
-9.317226795962426644e-01
-9.346984905977309133e-01
-9.374766458204177866e-01
-9.399924080156761841e-01
-9.423099657084754721e-01
-9.446121757297254451e-01
-9.469082902115643074e-01
-9.491551827502427985e-01
-9.513176543779600092e-01
-9.533423740210646979e-01
-9.553327354045880737e-01
-9.573714069483986178e-01
-9.594922962036694924e-01
-9.617669111711992791e-01
-9.640890989012391721e-01
-9.664832336686562941e-01
-9.687460775785279310e-01
-9.704946052739734652e-01
-9.717682246845031901e-01
-9.725996002208066038e-01
-9.734466960679193370e-01
-9.750062664913266008e-01
-9.777188683111897038e-01
-9.815503370190995502e-01
-9.909241363529784907e-01
-1.023034995365947886e+00
-1.109584678805790814e+00
-1.160659603239828641e+00
-1.112635253396916823e+00
-1.088217225228720553e+00
-1.099466010414783979e+00
-1.086710560838745732e+00
-1.046790373976902444e+00
-1.021688910698980379e+00
-1.010072379781979945e+00
-1.005676017656228272e+00
-1.008120590348302148e+00
-1.009825482759072912e+00
-1.004346264323990656e+00
-9.986119081195706793e-01
-9.947119324462109224e-01
-9.916466052333259285e-01
-9.894279508311965010e-01
-9.934136217805340507e-01
-1.007916350358016411e+00
-1.019679769494275634e+00
-1.015336355834795867e+00
-1.009288212121084438e+00
-1.004799077279851627e+00
-1.000578389496415976e+00
-9.968464989500120943e-01
-9.943075414938169487e-01
-9.973635670180787116e-01
-1.015873522000080742e+00
-1.039929274469272524e+00
-1.035113661585745026e+00
-1.023080550859790661e+00
-1.013936788188690041e+00
-1.007797415410333297e+00
-1.003294834192120177e+00
-9.998930609138363401e-01
-9.981217933908761442e-01
-9.975919753898616626e-01
-9.976722982646494264e-01
-9.984406260299644176e-01
-9.995430243677771998e-01
-1.000878438413806748e+00
-1.002509500189082248e+00
-1.004051858257093865e+00
-1.005120815190784889e+00
-1.005754547623924466e+00
-1.006078427494523364e+00
-1.006243558314874331e+00
-1.006401548885469177e+00
-1.006246259376603058e+00
-1.006000425305832113e+00
-1.005977687510150265e+00
-1.006044737796023547e+00
-1.006144266398576015e+00
-1.006354550443574025e+00
-1.006692143131147077e+00
