-5.029612455625032119e-02
-1.849062086702410110e-02
3.330283271674715218e-02
1.142652976367470458e-02
1.206307737165613486e-03
-5.474209685395613895e-02
-8.419595594075555134e-01
-1.076117740836984416e+00
-1.382720838493771698e-01
2.548179615637190532e-01
3.075112278473018934e-01
2.466618105987761211e-01
-9.316105660185795834e-02
-1.032246089276780965e-03
7.220213288357180126e-02
9.743840066115048992e-02
8.503527190671283931e-02
6.084934718598142972e-02
3.637559052818983840e-02
3.783158835679753529e-02
7.889208012832892719e-03
5.831663366675349930e-02
3.705113083017369524e-02
-1.612301720310715947e-02
-1.967068773586208748e-03
1.289563927730426329e-02
-1.104853106331087076e-01
-6.428333426338603274e-02
-1.461203339757958727e-02
-6.306369344737453031e-05
1.860017007367777836e-02
3.923679653050515109e-02
1.769380905280604210e-02
-9.757456401613716634e-01
-2.730022032233009099e+00
-3.384821435989443517e-01
2.485565236114891108e-01
7.471415934063807551e-02
3.046162951651721351e-01
2.611781210276437060e-02
-2.409169843082102358e-01
1.302487988469935853e-03
1.577652089272973124e-01
3.863415591896319778e-01
3.871266646546703272e-01
3.126457543527487726e-01
-1.678280721263274988e-01
-1.364470444968369778e-01
-1.512942364191156852e-02
1.099812233833151465e-01
1.223765852116344699e-01
9.046155888901631636e-02
-3.463602820993070264e-01
-1.361831258624909724e+00
-1.230904457416794051e-01
2.537376002503645145e-01
3.178371818090827139e-01
1.254093314241444546e-01
8.465135886294870848e-02
1.576347589461718490e-01
1.146204261114281697e-01
8.844419562599201146e-02
-3.100571175079031017e-01
-3.398820980185588425e-01
7.057243768158585895e-02
2.227656975202504386e-01
2.145848146648642041e-01
1.876066439765462779e-01
1.771694827507906689e-01
1.334166690921440301e-01
-8.659577355308203939e-02
-1.471433214806349907e-02
7.859330974395334346e-02
6.993243284098940582e-02
2.296418002568391403e-02
3.712581010905510737e-02
8.207123927369966432e-02
9.444510497436801877e-02
-9.271472971835129084e-03
-1.219283200573743897e-01
3.692383883175348602e-02
6.840410281910877521e-02
-1.401854750392658722e-04
1.650879739563886756e-02
6.510118939651517167e-02
6.471775871581422757e-02
1.266063911303107470e-01
1.132088512353909560e-01
7.631175847884041907e-02
8.633938286225202596e-02
6.175705218786824158e-02
6.396432179684145847e-02
-1.293800721554747013e-02
-2.781222455074917194e-02
3.545630853498700497e-02
1.031256445842210906e-01
9.852791428333551593e-02
1.153045238719982019e-01
1.271548518575616460e-01
9.068849584347471460e-02
4.577786725131383072e-02
8.734140083245411912e-03
-2.574506726229558451e-02
-9.195046011050908574e-03
-3.629995222503876878e-02
1.868091010256407725e-02
6.173152932882969290e-02
9.689552395195219492e-02
1.740795169273697818e-01
1.046461844986630169e-01
-3.743857904901101707e-02
-1.896725158293738334e-01
-2.200362752790866183e-01
-9.018152836525248350e-01
-1.230331656927783124e+00
-3.227069902998944140e-01
1.524208504864366098e-01
2.772511651391518228e-01
-6.109106283207552113e-02
-2.245070513137962243e-01
1.660048793981531989e-01
3.487661992544431877e-01
2.713193828245338834e-01
1.028641332161914779e-01
-1.407403677140636050e-02
-3.464122995215456746e-01
7.300485671864671844e-02
3.057634414864959238e-01
2.668140708432142905e-01
2.405636555216738581e-01
2.968851689929656867e-01
2.701942944107803002e-01
-8.484089183867671302e-01
-1.010541712165891726e+00
1.696551120798555634e-01
4.873716573534608298e-01
3.519697732098466258e-01
3.536240651901596532e-01
4.109115245127131777e-01
4.428850918050728502e-01
3.321615878201004124e-01
-7.737401896291885572e-01
-1.863275603004146630e+00
1.224837129615016229e-01
6.444157720652061716e-01
7.303683908556125592e-01
6.236054765946069667e-01
4.661841088195859406e-01
4.948437656973688203e-01
5.619138057006605180e-01
3.596247343313808686e-01
3.228358104197759926e-01
2.039020066905989914e-01
1.161343786540600109e-01
1.541687917404805930e-01
9.472944517980158574e-02
8.208608856803301101e-02
1.752965181879718171e-01
2.977687895448840605e-01
3.678024485877839367e-01
4.059051305352116557e-01
4.082045739078160040e-01
3.962182566941180872e-01
5.418750604802322623e-01
4.825415573400163582e-01
5.098569045684477885e-01
5.178549904839065965e-01
5.340640181306909318e-01
5.001669973129446722e-01
5.037569924043400205e-01
