-3.920234198998955857e-06
-2.277495599787322998e-05
-4.152246322028235601e-05
-3.902063767764467231e-05
-2.321908037863198562e-05
-7.921966152228029483e-06
-1.157078629338037138e-04
-7.201941301914167393e-04
-1.845586879728188055e-03
-3.006530672048370392e-03
-3.929661912245089456e-03
-4.582461263856201124e-03
-5.052130597690862243e-03
-5.500299363698556675e-03
-5.912011104799715783e-03
-6.244909319932187390e-03
-6.487339093447036520e-03
-6.652895164458220295e-03
-6.761546336495623255e-03
-6.830008534401593549e-03
-6.867354521387739399e-03
-6.882791166566172396e-03
-6.861851395033898363e-03
-6.818415113465623595e-03
-6.776544619801588322e-03
-6.732798728584120027e-03
-6.695134218226732846e-03
-6.710286707655878542e-03
-6.758831360418300106e-03
-6.809292234076716119e-03
-6.846960303956955117e-03
-6.860239005421269083e-03
-6.843079716480386480e-03
-6.926483578318678308e-03
-7.758707980282846320e-03
-9.861623905097953099e-03
-1.216422676003559890e-02
-1.418117323114512739e-02
-1.593105620210133119e-02
-1.738498904445403073e-02
-1.870335308056049126e-02
-2.001322873352041551e-02
-2.121524877851692706e-02
-2.219835061865699927e-02
-2.286349768864704562e-02
-2.322205077386474067e-02
-2.339056340501305398e-02
-2.360110495998410038e-02
-2.386545237300198921e-02
-2.410477286593015050e-02
-2.424965597025280709e-02
-2.429387585499470648e-02
-2.431224392644434906e-02
-2.462705743136487518e-02
-2.555497625300902353e-02
-2.654474892584098022e-02
-2.729552215762042627e-02
-2.778568889820331664e-02
-2.811964862627117437e-02
-2.834111395250147811e-02
-2.843597596328652916e-02
-2.842846404630157420e-02
-2.839288704766745886e-02
-2.851431410671429606e-02
-2.878036673173484800e-02
-2.898459826918329749e-02
-2.902739656500644833e-02
-2.891086688718543657e-02
-2.866010969869110803e-02
-2.830124122601401088e-02
-2.789606577107208579e-02
-2.753952509294859546e-02
-2.721109065378547048e-02
-2.685799876966561694e-02
-2.647603868171914329e-02
-2.608855659902209814e-02
-2.568877591678841651e-02
-2.525277961879651353e-02
-2.478359647960154746e-02
-2.434166272717499038e-02
-2.396341490718950293e-02
-2.358519964862060975e-02
-2.319565673334935546e-02
-2.282422053874154713e-02
-2.245758293180652107e-02
-2.206455289905049841e-02
-2.163094780749550555e-02
-2.113042378767167676e-02
-2.057331528421141656e-02
-1.998620507161369755e-02
-1.936969109674612291e-02
-1.873172459593675648e-02
-1.808407803386314835e-02
-1.746318536847335512e-02
-1.687501624411348947e-02
-1.628693697007705180e-02
-1.567244656440983097e-02
-1.502691847808048514e-02
-1.433653200226937298e-02
-1.359939341621919234e-02
-1.284299939000083622e-02
-1.209231727672654966e-02
-1.137123615862463931e-02
-1.069227742093038780e-02
-1.004967628517450078e-02
-9.443008636543279155e-03
-8.837280798555387923e-03
-8.198556746521541705e-03
-7.499681823479160958e-03
-6.720691248905568023e-03
-5.908324363000287335e-03
-5.150282157862380236e-03
-4.525277008181828771e-03
-4.133178444295415935e-03
-4.296497096085776304e-03
-5.072254012953809899e-03
-5.979771310189299638e-03
-6.694776298625189186e-03
-7.173809877659080569e-03
-7.594904669621427296e-03
-8.019650165901040864e-03
-8.263545271691119867e-03
-8.232575917860963238e-03
-7.983523452789879557e-03
-7.633105743323132485e-03
-7.303438800715744347e-03
-7.103290126697899519e-03
-6.833320659990794153e-03
-6.359914993903633372e-03
-5.698932292072266849e-03
-4.874256372311525781e-03
-3.882861312381352160e-03
-2.884442344767662418e-03
-2.397754573446553902e-03
-2.422845659396583636e-03
-2.366538695665912524e-03
-1.995465239017197179e-03
-1.365164803128723556e-03
-4.991503166546668599e-04
6.116853525840040351e-04
1.951655063594646532e-03
3.325798923829244042e-03
4.102137290556176832e-03
3.964997558215514230e-03
3.832760354346958186e-03
4.143673007279912411e-03
4.926295483353487249e-03
6.082820728838558150e-03
7.521215389405364223e-03
9.217093932737008277e-03
1.113920484281763663e-02
1.317853438069079876e-02
1.528276095982406338e-02
1.739407332670586670e-02
1.947266014852830698e-02
2.152321548764413867e-02
2.352749803714501708e-02
2.549055112153879310e-02
2.746332923790608185e-02
2.950784977542481383e-02
3.165875632941774626e-02
3.393250230217318558e-02
3.632396240641518059e-02
3.883839955208965439e-02
4.151567439827617140e-02
4.433336210287460583e-02
4.728215618112518309e-02
5.035863581591493165e-02
5.355777564293161264e-02
5.686008665223303560e-02
