-2.406266543271963876e+00
-2.402361980475479442e+00
-2.399039335846541832e+00
-2.395056260929517400e+00
-2.390524967443409476e+00
-2.382898104058800204e+00
-2.444763449780780196e+00
-2.410768722457971691e+00
-2.402995976006648604e+00
-2.393419013555952990e+00
-2.377506628104583353e+00
-2.347973263869233662e+00
-2.320286812979357460e+00
-2.307705465730903960e+00
-2.269612034739297624e+00
-2.148578693132183304e+00
-1.149924934764665618e+00
-2.994747986712363641e+00
-2.664169213999185271e+00
-2.577774189797199966e+00
-2.538898482451161787e+00
-2.509566599991276625e+00
-2.487394884263963490e+00
-2.473969596776479651e+00
-2.462801131222105866e+00
-2.451866286665843830e+00
-2.445962455496021981e+00
-2.442133878605129649e+00
-2.434570281003197945e+00
-2.425104877474401288e+00
-2.415799486249409433e+00
-2.407432751320302877e+00
-2.399932179924671338e+00
-2.356221444793224151e+00
-2.412301580634073517e+00
-2.404006339359088695e+00
-2.395229014907436671e+00
-2.384454311684155670e+00
-2.370085553496281694e+00
-2.352024622052609537e+00
-2.340801504385417786e+00
-2.328654904399107828e+00
-2.301369002249130435e+00
-2.222431731208245775e+00
-1.536749330529673552e+00
-2.807228651821787491e+00
-2.673246309275733257e+00
-2.707051672391083130e+00
-2.683162639009737838e+00
-2.600958914278831635e+00
-2.539655122463735371e+00
-2.506222169685414336e+00
-2.504009043141253610e+00
-3.038992512938884172e+00
-2.214095482292477879e+00
-1.929771660679187040e+00
-2.713568617176902453e+00
-2.528974002612619287e+00
-2.488103846268173047e+00
-2.464230104246950326e+00
-2.446866779834051986e+00
-2.434512638329782153e+00
-2.426856173545067552e+00
-2.421171865444414983e+00
-2.413548351623607147e+00
-2.405497491145900835e+00
-2.398649022423939847e+00
-2.392593688275205910e+00
-2.386824537080459052e+00
-2.380434445028544843e+00
-2.372422491977773440e+00
-2.362926260495856745e+00
-2.354293003119371175e+00
-2.348164347422951437e+00
-2.341960369472703363e+00
-2.335024571262561466e+00
-2.329397632298413345e+00
-2.325453005627701852e+00
-2.320169817490772779e+00
-2.311849355654689742e+00
-2.304492414571090109e+00
-2.297492446957142942e+00
-2.286623935720376810e+00
-2.275156887938853068e+00
-2.269210770831176838e+00
-2.267425821508040062e+00
-2.268766287200275400e+00
-2.271328972795333190e+00
-2.269713774663132178e+00
-2.266703009824143411e+00
-2.265152041731222976e+00
-2.263446978507186458e+00
-2.259769156401651102e+00
-2.253783024930581913e+00
-2.247799132106307773e+00
-2.241277891839114744e+00
-2.233713530036817385e+00
-2.229071249808730837e+00
-2.228175830434514726e+00
-2.225305991925089266e+00
-2.220756363297098357e+00
-2.215523342760932657e+00
-2.208727553514535202e+00
-2.202546837042710592e+00
-2.196339717325148211e+00
-2.192488569195581327e+00
-2.193753751746465586e+00
-2.197787511190189669e+00
-2.201992983062474707e+00
-2.203916186024244439e+00
-2.201612608591128950e+00
-2.194052751502128640e+00
-2.182391679945835605e+00
-2.151938119490149237e+00
-2.077637880966152206e+00
-2.009829609629501856e+00
-2.025874688681312374e+00
-2.069825717461152514e+00
-2.093031921077307178e+00
-2.093532110728164142e+00
-2.105734759183803373e+00
-2.132892404305125389e+00
-2.155457252307493299e+00
-2.167290412319403003e+00
-2.169065040911174247e+00
-2.158477510855458803e+00
-2.151714428211014329e+00
-2.159561100184740123e+00
-2.168239130306994333e+00
-2.173804354559574659e+00
-2.178189705259672149e+00
-2.180273126800105210e+00
-2.162673305357947662e+00
-2.117660831515621123e+00
-2.091615954908192965e+00
-2.104894140387590706e+00
-2.119283163896303446e+00
-2.129441836877486338e+00
-2.139189036361567098e+00
-2.147392674116991529e+00
-2.152299074976391058e+00
-2.138662877606413382e+00
-2.076113376199654414e+00
-2.020358193845642969e+00
-2.042193647178393690e+00
-2.073288247538086715e+00
-2.093311988131220325e+00
-2.108257072301064294e+00
-2.120189401648940208e+00
-2.125982039309879390e+00
-2.124764972702574806e+00
-2.120313093948843708e+00
-2.116482092198600728e+00
-2.112401918212621243e+00
-2.107918601447121176e+00
-2.103289038619850615e+00
-2.098586284584259776e+00
-2.094184927031294663e+00
-2.090572492182044773e+00
-2.087272009598009959e+00
-2.084943063590770862e+00
-2.083573372537231183e+00
-2.082787152858468271e+00
-2.082908432199025217e+00
-2.082801139260173962e+00
-2.081195409459994927e+00
-2.078681954883471850e+00
-2.076418145320148234e+00
-2.074303914557481310e+00
-2.072280486674502598e+00
