-2.635394304137433252e+00
-2.633630682300704517e+00
-2.632851977708364988e+00
-2.630724403032134617e+00
-2.627896433257062014e+00
-2.622082727690875359e+00
-2.641782398040260826e+00
-2.635348637259221860e+00
-2.631492779830437279e+00
-2.625594048280428527e+00
-2.615770675028820325e+00
-2.598954573593739603e+00
-2.585178382721696089e+00
-2.579210234511035260e+00
-2.562700928211671947e+00
-2.525344038311426509e+00
-2.438302425926061723e+00
-2.149569265637116366e+00
-7.353734359560050393e+00
-3.132590727531089581e+00
-2.939054688602180665e+00
-2.841210795217647522e+00
-2.785737290830228918e+00
-2.768044182252259677e+00
-2.758342873484042723e+00
-2.745280958883833389e+00
-2.758902531399624269e+00
-2.803186943901941675e+00
-2.815483696836977412e+00
-2.789571815346526762e+00
-2.755452369604763252e+00
-2.725309353581343075e+00
-2.706575150543053532e+00
-2.514032616511209905e+00
-2.624277301958072073e+00
-2.625093445236891476e+00
-2.619240622742835534e+00
-2.611548705952752236e+00
-2.601462726877242559e+00
-2.589524160558366095e+00
-2.583235994409899927e+00
-2.576567802048734368e+00
-2.561365911673435303e+00
-2.524813432367678967e+00
-2.408281083907871434e+00
-1.103141399140294077e+00
-5.914710566842379613e+00
-7.519879961125295331e-01
-9.397677464215602461e-01
-4.654726849677487621e+00
-3.102229694140041349e+00
-2.912494611275492584e+00
-2.992994234826320543e+00
-2.427258166258233985e+00
-2.534122592025337184e+00
-2.500080374799701577e+00
-2.349040685702109776e+00
-6.919490477182619337e-01
-3.407579539455660722e+00
-2.959464298729844955e+00
-2.835205239043220526e+00
-2.786904188942054716e+00
-2.799705237788575829e+00
-2.906399214245363183e+00
-2.947868065771415580e+00
-2.826151910534887790e+00
-2.758769527805574828e+00
-2.725098894529334181e+00
-2.705308483195259406e+00
-2.693730676429144211e+00
-2.689251679483060986e+00
-2.687816215840040712e+00
-2.683631243166873848e+00
-2.676732491325164887e+00
-2.670700660633075429e+00
-2.665491151358208910e+00
-2.659730871927997953e+00
-2.653704941512164961e+00
-2.648502160083575419e+00
-2.644073633585862559e+00
-2.639454396010162185e+00
-2.634725758288719355e+00
-2.629867665093053919e+00
-2.624836826738486728e+00
-2.620459028110240673e+00
-2.616808423529445982e+00
-2.613983993290788455e+00
-2.611610995548529157e+00
-2.608396664596419168e+00
-2.604944231355495354e+00
-2.601848189770578745e+00
-2.598740536627137665e+00
-2.594878949277474423e+00
-2.590050593538310686e+00
-2.585530862682113185e+00
-2.581561199185042010e+00
-2.577588685270027380e+00
-2.574708877180740707e+00
-2.573238297546211140e+00
-2.570833229763811900e+00
-2.567348066432868947e+00
-2.563129253251594797e+00
-2.557875469086498210e+00
-2.552795329023040516e+00
-2.547621223321514083e+00
-2.543821222953334793e+00
-2.543195248913709516e+00
-2.544396990515494394e+00
-2.546338389941634972e+00
-2.546965236282552780e+00
-2.544191867222373116e+00
-2.537015282908809066e+00
-2.526255697494574903e+00
-2.494283331033070095e+00
-2.367760678230665938e+00
-2.088520605342445435e+00
-2.197145531629711268e+00
-2.360097667926228659e+00
-2.412230039279743554e+00
-2.412348880221007796e+00
-2.433434307431483923e+00
-2.474412514585083933e+00
-2.501086037838261333e+00
-2.512548042707760221e+00
-2.514104449790732332e+00
-2.503883007457094134e+00
-2.497615417338269417e+00
-2.507038194123194508e+00
-2.516516228693208568e+00
-2.522192957937317459e+00
-2.526530675097455436e+00
-2.529129556317540661e+00
-2.514493356442132566e+00
-2.469237320122435797e+00
-2.441444857499881493e+00
-2.464267423553728520e+00
-2.483536513553642244e+00
-2.495114182181766171e+00
-2.504715732875369305e+00
-2.512362774893625694e+00
-2.516719142373020190e+00
-2.504869334100702893e+00
-2.441723485244662761e+00
-2.370544926741393610e+00
-2.412024389405222902e+00
-2.454264592140669166e+00
-2.477634923297925340e+00
-2.491231962512034492e+00
-2.500337524089643715e+00
-2.505824985109816438e+00
-2.506704261540135814e+00
-2.504877378696378720e+00
-2.502493985677877397e+00
-2.499025129758629227e+00
-2.495244155462750690e+00
-2.491315509444786969e+00
-2.487063919469396200e+00
-2.483497107588563679e+00
-2.481513855418575609e+00
-2.480614111342241745e+00
-2.480538657950427162e+00
-2.480836435152322661e+00
-2.481085956790314739e+00
-2.482182855037126323e+00
-2.483191994512739420e+00
-2.483166173255229925e+00
-2.482706959316759221e+00
-2.482262481463922477e+00
-2.481600978416421466e+00
-2.480706787998638418e+00
