-3.244271177675550621e-02
-7.650868096693033693e-03
4.085799428692430540e-02
1.879381667537873002e-02
1.134736484445810281e-02
-4.829044541996103945e-02
-8.392471586038595666e-01
-1.077853386503133004e+00
-1.401806568021002064e-01
2.567396949935260020e-01
3.139848138768039365e-01
2.547492255339991463e-01
-8.520127427270859921e-02
5.083242927422536306e-03
7.904702548728669009e-02
1.078994732347628716e-01
9.392753733191444576e-02
7.218442072968127288e-02
4.939629260187484300e-02
4.834318345059221422e-02
1.958576840278701547e-02
6.778430662365372839e-02
4.595410341160935386e-02
-3.828392367851054211e-03
1.034757385518327716e-02
2.249506590058997918e-02
-9.989351917972906503e-02
-5.392306154688143033e-02
-4.110513269418521014e-03
1.286181787034569243e-02
3.274895373892434264e-02
5.310740525824530350e-02
3.142890730436487257e-02
-9.670948923685172005e-01
-2.732122173441446478e+00
-3.436935935924061436e-01
2.492422004965097193e-01
8.333721387022330340e-02
3.220456670712655844e-01
4.259414092714136624e-02
-2.217353209526815028e-01
1.788703842484018480e-02
1.743095788758790288e-01
4.054290183723300300e-01
4.121137862918015649e-01
3.378671463797224273e-01
-1.451131918792957498e-01
-1.129944945567166736e-01
8.233777034747466472e-03
1.385044341064012308e-01
1.511513996780066704e-01
1.183057171851111256e-01
-3.207480009777319285e-01
-1.340243754297735235e+00
-1.014329282807917287e-01
2.815860468088494106e-01
3.503798724517957486e-01
1.675379776413079835e-01
1.195140809145195521e-01
1.933858176383715655e-01
1.548524559065367345e-01
1.230627781912135704e-01
-2.770170277199315856e-01
-3.053838467187238725e-01
9.618479310963491680e-02
2.466663142252816243e-01
2.485264822174342303e-01
2.263789270472980064e-01
2.141704990336470715e-01
1.538928786496388534e-01
-5.489102665094999084e-02
-2.048327133502239605e-03
9.676673943221644758e-02
1.035527900486401809e-01
5.076898992525123722e-02
6.498268165587725576e-02
1.128297826490727573e-01
1.311562510848501839e-01
2.585675857122602533e-02
-8.073093307394355045e-02
6.925668137144413983e-02
8.245743096650623438e-02
8.628820218865067282e-03
3.394253788173740016e-02
9.659536669939561282e-02
1.013897499334680125e-01
1.709366242284045267e-01
1.598793034770585320e-01
1.074659050609128308e-01
1.274056992886494211e-01
1.095876946558120568e-01
1.111033596174784560e-01
3.462955261869703205e-02
1.587540889990736448e-02
7.339822746673987930e-02
1.215971139936208034e-01
1.178586330944700750e-01
1.507010732930434971e-01
1.697628601804693771e-01
1.209163688503753498e-01
8.922692648570078322e-02
4.860856365006792357e-02
1.741625216386905040e-02
3.592001663767629971e-02
8.052052425244524136e-03
7.177205880952519657e-02
1.241776394943839568e-01
1.627148551993337078e-01
2.298647494976800154e-01
1.626894367970199706e-01
2.597374197139043495e-02
-1.242827159855606906e-01
-1.607026746225836966e-01
-8.350474899979800636e-01
-1.176223778174442458e+00
-2.666546841729038886e-01
2.130228622345153866e-01
3.444665930904579620e-01
1.029745899319670088e-02
-1.531904884597440619e-01
2.494189879619838623e-01
4.285566075928853302e-01
3.633585493220084506e-01
1.903169116558574014e-01
6.302663013204937159e-02
-2.808489996226860574e-01
1.524633289672628345e-01
3.839372889687098223e-01
3.447985229499110904e-01
3.212638552468853881e-01
3.738898119034275713e-01
3.364415029957354419e-01
-7.777670968364840398e-01
-9.665399541286996410e-01
2.225641396897575508e-01
5.480522881128262469e-01
4.157137392101361573e-01
4.291229147979647163e-01
4.850054360940929676e-01
5.129903238939290677e-01
4.063748475227316193e-01
-6.833662279942920303e-01
-1.827599267884632228e+00
1.624644730630954437e-01
7.071838211821271925e-01
7.791641949941074952e-01
6.713097352600708723e-01
5.562222162364557354e-01
5.707173990671716712e-01
5.992638383050002959e-01
3.950044372688671368e-01
3.647604659332237542e-01
2.708237742007666427e-01
1.894124110198441013e-01
2.225099402610697941e-01
1.686279692221872573e-01
1.595949423181993454e-01
2.375745647653211556e-01
3.468166729937245396e-01
4.031053925724487064e-01
4.479875865824786141e-01
4.503799430784362623e-01
4.487954599203473616e-01
5.756355973722506736e-01
5.238507293483358751e-01
5.371065108849677472e-01
5.448432298711958222e-01
5.615888029136393289e-01
5.336213712775548235e-01
5.386892300121606247e-01
