-1.159649516150458748e+00
-1.160778447481016551e+00
-1.165059651469591229e+00
-1.142143573095152131e+00
-1.154879833104119236e+00
-1.151552612318616386e+00
-1.159795656910790118e+00
-1.160473393717399215e+00
-1.161687813249959955e+00
-1.163624374288170893e+00
-1.166356117096306377e+00
-1.169989663300889049e+00
-1.173103760654722549e+00
-1.175383614271114041e+00
-1.178876746762290262e+00
-1.184036136102303072e+00
-1.191107488553373672e+00
-1.200220230288743695e+00
-1.211543431883487010e+00
-1.226318316506048278e+00
-1.244545352778964498e+00
-1.275396870654533110e+00
-1.342711587644880078e+00
-1.433100483627806732e+00
-1.541323413598077341e+00
-1.870894296130547474e+00
-1.626305273784400152e+00
-1.397167418909968761e+00
-1.360056227962453734e+00
-1.368484951527712656e+00
-1.410734134692427144e+00
-1.558210637167602330e+00
-2.139544829014379257e+00
-1.222603629899753130e+00
-1.173432947996684517e+00
-1.169226061089366775e+00
-1.170638227305797363e+00
-1.172835789534816042e+00
-1.175602776754464562e+00
-1.178733636964256482e+00
-1.180745869057957975e+00
-1.182823973124706551e+00
-1.186455393226012678e+00
-1.192786974728240912e+00
-1.203616715786352431e+00
-1.220665135950383284e+00
-1.234631680450194668e+00
-1.238099373155526983e+00
-1.244453455442400269e+00
-1.260248587725646852e+00
-1.290533534037567431e+00
-1.339235514320002540e+00
-1.332587270752979780e+00
-1.238172745639253503e+00
-1.213684052158933158e+00
-1.217252248447233898e+00
-1.230099369487320571e+00
-1.247207700092319183e+00
-1.264680149712539947e+00
-1.292035839356185489e+00
-1.340534307522499358e+00
-1.420439731177252085e+00
-1.414111683160388822e+00
-1.332789733978664737e+00
-1.318043723899732900e+00
-1.366799694697075962e+00
-1.527820100104380741e+00
-2.783680806915276307e+00
-4.414422961963497816e-01
-8.402035939225804828e-01
-8.957713167923850861e-01
-8.936564864532646757e-01
-9.214045429931866371e-01
-9.595443057565407052e-01
-9.811050720518004198e-01
-9.939084943475485767e-01
-1.010485385985599338e+00
-1.029156927566570845e+00
-1.038580290506430526e+00
-1.032848941746848936e+00
-1.028636289759744749e+00
-1.035590383312203322e+00
-1.038002290292947105e+00
-1.037019858540339623e+00
-1.042139690323018897e+00
-1.051381287766073092e+00
-1.063855396745434723e+00
-1.076757080591001392e+00
-1.085493437638013869e+00
-1.092233195504572540e+00
-1.098171758920004404e+00
-1.103133241119413910e+00
-1.106210120819012710e+00
-1.107338061487024294e+00
-1.108943946791305812e+00
-1.112234814608741740e+00
-1.116074357138934214e+00
-1.120125191302598244e+00
-1.124480934353922157e+00
-1.128190938495068130e+00
-1.130989133337517494e+00
-1.133097994834403099e+00
-1.134607255073590837e+00
-1.135962847678134047e+00
-1.137202068619166173e+00
-1.138671513236915844e+00
-1.140871105189404489e+00
-1.143537715303903024e+00
-1.146520522891878224e+00
-1.149267418560222742e+00
-1.151370392586847036e+00
-1.152902015006172842e+00
-1.154139587330929695e+00
-1.153849995712041832e+00
-1.191003119443339475e+00
-1.164436766013198676e+00
-1.165436546233146631e+00
-1.168658417731476717e+00
-1.172036706731919287e+00
-1.172671772003940793e+00
-1.175534513345964704e+00
-1.189187808095131693e+00
-1.337800952796301956e+00
-1.092100517313282726e+00
-1.122890414462653474e+00
-1.118803007768882640e+00
-1.116684164270223434e+00
-1.137601848711988106e+00
-1.147433941588085204e+00
-1.152208207665756712e+00
-1.155409758975249890e+00
-1.157814373636780303e+00
-1.159807304175767939e+00
-1.163484225102187075e+00
-1.170155577684051984e+00
-1.167496206006276127e+00
-1.166056719354726656e+00
-1.165931687125503879e+00
-1.166069547946864127e+00
-1.166368886064749644e+00
-1.166977679232321430e+00
-1.169455128036898106e+00
-1.181903563764376663e+00
-1.228620481064881975e+00
-1.205733146789018662e+00
-1.185838206875740486e+00
-1.178580111844683476e+00
-1.175796805913559062e+00
-1.174542548341424242e+00
-1.173870343262425120e+00
-1.173953274017610182e+00
-1.174611131861974744e+00
-1.175590582395264150e+00
-1.176942661807449442e+00
-1.178445373284330300e+00
-1.180063942044873970e+00
-1.181869524333085675e+00
-1.183572296521435696e+00
-1.184852412195424920e+00
-1.185726384671740519e+00
-1.186348582390005291e+00
-1.186874008198587127e+00
-1.187424709213046548e+00
-1.187731823498177519e+00
-1.187963901765673569e+00
-1.188342221763162065e+00
-1.188755684084441988e+00
-1.189197275643079088e+00
-1.189735792944962789e+00
-1.190380101369836519e+00
