-1.006097201930985022e-02
6.245443449909040406e-03
4.946606820957797496e-02
2.610192078211704889e-02
2.188655489510643593e-02
-4.094526127642768298e-02
-8.172791722865112574e-01
-1.030826651105950065e+00
-9.080952482150084215e-02
2.877827746062403547e-01
3.278836425380846631e-01
2.564481884776485532e-01
-8.420944790063722429e-02
7.211131579225565913e-03
8.113779788833855311e-02
1.119424776516541875e-01
9.430425492166456813e-02
7.520516332983784302e-02
5.511560737585770309e-02
5.184118266886844628e-02
2.579150399873511579e-02
7.152315991897589820e-02
4.892118631166617743e-02
4.702694249540947252e-03
2.028789382978981454e-02
2.953418608745447815e-02
-8.884838010633618055e-02
-4.037586150659103201e-02
9.505554158296562750e-03
2.813659967352580976e-02
4.791717197256283034e-02
6.612818446962209773e-02
4.329380341341958205e-02
-9.398426577338266918e-01
-2.649127467959522253e+00
-2.440470750905675557e-01
3.156779853615403475e-01
1.270528348765284643e-01
3.531025051388002045e-01
5.954664730608583145e-02
-1.992722375262676593e-01
3.766830018704614425e-02
1.869538716608877271e-01
4.090288078788814619e-01
4.112279265305153197e-01
3.314214478775330819e-01
-1.463343686154998935e-01
-1.005592612963851773e-01
2.549663913284798758e-02
1.603262676560200384e-01
1.696800575727235860e-01
1.339937486287092194e-01
-2.986200190807252186e-01
-1.287575429509127289e+00
-3.646697379422114693e-02
3.325387410802645993e-01
3.852448653994209882e-01
2.029805977897244651e-01
1.430600944872510438e-01
2.154874238288480570e-01
1.804779029537987856e-01
1.419946019932825099e-01
-2.504289845358750877e-01
-2.636142146960103183e-01
1.272818013528142778e-01
2.659558548010307888e-01
2.713679633930562440e-01
2.499177970477018951e-01
2.329217867747137016e-01
1.526005644708233189e-01
-3.647012211705613627e-02
-7.366318418629835829e-04
1.060218666775839258e-01
1.304904577053393744e-01
7.071302525763925595e-02
8.579079058500327370e-02
1.364386939737682602e-01
1.603309235875565175e-01
5.398605528295133404e-02
-4.049989480389362684e-02
1.001144206680608106e-01
8.944981027565951370e-02
1.000129306849517619e-02
4.717409016150356238e-02
1.257872990065128371e-01
1.347320642516862399e-01
2.105550262349176194e-01
1.994014871185988413e-01
1.276520414821427918e-01
1.601919026286696135e-01
1.508620577599678880e-01
1.519065150777324236e-01
7.793037880749689728e-02
5.746174284004831878e-02
1.091051690528115070e-01
1.325343193924909957e-01
1.289117415279917578e-01
1.800676811101477870e-01
2.058767232054171670e-01
1.414033014443907832e-01
1.272689671267386857e-01
8.445918517827505356e-02
6.012729308451825183e-02
8.291321393637873793e-02
5.562664499240996263e-02
1.300335781648969402e-01
1.914728484305489586e-01
2.307527916227612441e-01
2.814817604085160796e-01
2.150402222714464240e-01
8.773291672193539448e-02
-5.277045380557748855e-02
-8.859552111285792786e-02
-7.334204986244139413e-01
-1.058634120008312474e+00
-1.411084785290385168e-01
3.216124040729966271e-01
4.356739883634891952e-01
9.537387496215204985e-02
-6.626371012617683631e-02
3.461624578918756079e-01
5.069362806094869223e-01
4.463903761477752141e-01
2.660534998594475953e-01
1.310340026929349144e-01
-2.137810915179866600e-01
2.412540808683798221e-01
4.616913012943819061e-01
4.134532144848366841e-01
3.889239591861679002e-01
4.337078796698359273e-01
3.813079410575380690e-01
-7.033422133582967195e-01
-8.865012697384898610e-01
3.150516054741866467e-01
6.237416934148860559e-01
4.758099926890392295e-01
4.932172205002594012e-01
5.393532783639511941e-01
5.561235565361553057e-01
4.526849994786588116e-01
-5.928251346522217524e-01
-1.745015999823575692e+00
2.638528235632102148e-01
7.994120808215975371e-01
8.198876369267059649e-01
6.904589573454262830e-01
6.185413246196177495e-01
6.115702038685129072e-01
5.904431824836007259e-01
3.871883217068842198e-01
3.714962826844508959e-01
3.148057173066574066e-01
2.485158951584440779e-01
2.810179498064159231e-01
2.382334339121781053e-01
2.374738513801769590e-01
2.979387496670706792e-01
3.885511400195279519e-01
4.239559312227398902e-01
4.730138909323916563e-01
4.722306993880018844e-01
4.814405402050755400e-01
5.815641556089976572e-01
5.362438420652698712e-01
5.314438051059531265e-01
5.385051633317894382e-01
5.555295548992476018e-01
5.351943401882262030e-01
5.429004562830781477e-01
