-1.217175232895946254e-06
-5.975397888655591179e-06
-2.465245376538618071e-06
2.613155467300211338e-05
7.053839568378750106e-05
1.176703580996162340e-04
4.554582257389520016e-05
-5.063211793342742165e-04
-1.542098280415881480e-03
-2.576588720202097928e-03
-3.356140913919104102e-03
-3.866245415277733133e-03
-4.204208705550519128e-03
-4.531753719916942376e-03
-4.830698971318118408e-03
-5.057766504428781729e-03
-5.200920803152249070e-03
-5.274793367250764364e-03
-5.297670151611583514e-03
-5.284493902938202856e-03
-5.244250926228207627e-03
-5.184933623934527384e-03
-5.092743087673478990e-03
-4.981390475861989173e-03
-4.871867761675633367e-03
-4.759611242597697536e-03
-4.653352104133805234e-03
-4.597532993934419672e-03
-4.570600741009729455e-03
-4.541112641425308627e-03
-4.494440406994927063e-03
-4.419934874495348026e-03
-4.313397640837429194e-03
-4.305230581650858722e-03
-5.026016008972502766e-03
-6.953559933346692250e-03
-9.004057891551056278e-03
-1.072748961547513938e-02
-1.216902378019992653e-02
-1.331478534059700805e-02
-1.433454840574430005e-02
-1.535202290957742369e-02
-1.626740573421284544e-02
-1.697513147616971918e-02
-1.738317025800865945e-02
-1.750788016437312619e-02
-1.746757902696112127e-02
-1.748699531679957786e-02
-1.756555750217843326e-02
-1.761904870751553748e-02
-1.757688970112551707e-02
-1.743573501149484756e-02
-1.727180314632655381e-02
-1.739917793068960009e-02
-1.811064833380534450e-02
-1.884544112919947154e-02
-1.931996446634910020e-02
-1.952862752749745523e-02
-1.958164080242778826e-02
-1.952816048776448779e-02
-1.935511006043203960e-02
-1.908600438680024478e-02
-1.879628455500326201e-02
-1.866373192540965453e-02
-1.866599376698547044e-02
-1.860191891990102542e-02
-1.838106653834249010e-02
-1.800702815461071790e-02
-1.750565848452737341e-02
-1.690765384591655374e-02
-1.628083126958466964e-02
-1.571258016651961784e-02
-1.518454714026155200e-02
-1.463881672946898936e-02
-1.406361235411680323e-02
-1.348397332605727646e-02
-1.289290876711924640e-02
-1.226480242170076632e-02
-1.160086417954387869e-02
-1.096032845090916773e-02
-1.037477734602888085e-02
-9.786717633303533212e-03
-9.197777147951986462e-03
-8.639628664694969096e-03
-8.090792455650556644e-03
-7.511449804521324464e-03
-6.884504531770807567e-03
-6.181998345810596485e-03
-5.417838470795612905e-03
-4.626289944905290739e-03
-3.802835545316974805e-03
-2.950918295611872078e-03
-2.082127878831711854e-03
-1.232444683651689587e-03
-4.090485594437209133e-04
4.146072885457477300e-04
1.253165574782555631e-03
2.111860599847984778e-03
3.013969294807395533e-03
3.963549885679285359e-03
4.928496215127538271e-03
5.890376401813479310e-03
6.826912157036168008e-03
7.729061862240814082e-03
8.604827457948802799e-03
9.455859457578805194e-03
1.032196802821598071e-02
1.123996295302609125e-02
1.223351697804449766e-02
1.331303985710569765e-02
1.443049745199379355e-02
1.550381200286346517e-02
1.646042734721214762e-02
1.720574806641517532e-02
1.743485109807986141e-02
1.710674833485871515e-02
1.670304155729753978e-02
1.652801244287999127e-02
1.660551122349809491e-02
1.674941381655256634e-02
1.690045649929462074e-02
1.724436638366865643e-02
1.786391029473350170e-02
1.869900176967465369e-02
1.962908622573448711e-02
2.052976498654215595e-02
2.129773109651770385e-02
2.214263874599728746e-02
2.319045664777869692e-02
2.441736376984379731e-02
2.579675542804790028e-02
2.732630170322782742e-02
2.884301892813757873e-02
2.984707951039248033e-02
3.035612374762859667e-02
3.096714273960597674e-02
3.189522048221981460e-02
3.307116242176325049e-02
3.446927222570746879e-02
3.609260353657534753e-02
3.791992904390741048e-02
3.976317587455503733e-02
4.101561121683331562e-02
4.137911570776455633e-02
4.178267334274678863e-02
4.264092416532521551e-02
4.394583348972304349e-02
4.558769241909497311e-02
4.749021475871934017e-02
4.961842468289479058e-02
5.191910040276530997e-02
5.428589679650695776e-02
5.668376811285642802e-02
5.907962703111975522e-02
6.144476110482179759e-02
6.378613459953010045e-02
6.609090229508664260e-02
6.836545076450345482e-02
7.065033566275616406e-02
7.299243493710995401e-02
7.541587300897308055e-02
7.793911440431006143e-02
8.055684276038678482e-02
8.327703386006278519e-02
8.612918771365160597e-02
8.909203430571771554e-02
9.214748621881876933e-02
9.526882042460192712e-02
9.844392906128573983e-02
1.016719801670458861e-01
1.049624657276931883e-01
1.083279863502686347e-01
1.117765081791536191e-01
1.153117677075945480e-01
1.189280871026841963e-01
1.226134635916574928e-01
1.263525415524077433e-01
1.301330973730495666e-01
1.339485697591261404e-01
1.377995544223293567e-01
1.416857779111509452e-01
1.456102347956877152e-01
1.495798355871292840e-01
1.536053264664317963e-01
1.577026440790206263e-01
1.618852777560519374e-01
1.661511760831546891e-01
1.704970727532744423e-01
1.749105885619968437e-01
1.793848274653713493e-01
1.839078258549699807e-01
1.884710479697508934e-01
1.930722230310726872e-01
1.977163672253438031e-01
2.024113761319483729e-01
2.071683311986369791e-01
2.120020338123494441e-01
2.169191440598567666e-01
2.219210598532530276e-01
2.269967132539664756e-01
2.321265600715345379e-01
2.372931388503083383e-01
2.424891944037060876e-01
2.477118456087813170e-01
2.529623424340275428e-01
2.582488824519136306e-01
2.635839931255671842e-01
2.689755991365799237e-01
2.744197266145511627e-01
2.799127426631705107e-01
2.854494283518270170e-01
2.910172602645747508e-01
2.966072474486727839e-01
3.022159111033421164e-01
3.078451089941612318e-01
3.134985650817729841e-01
3.191838279072676809e-01
3.249138546547701289e-01
3.306957703226371392e-01
3.365272424497989801e-01
3.423973088946068444e-01
3.482930474824648126e-01
3.542044159723900520e-01
3.601289880571037494e-01
3.660663476682821660e-01
3.720154018832811937e-01
3.779773212641593938e-01
3.839539726935840003e-01
3.899514553266744676e-01
3.959783380108165551e-01
4.020403062012742335e-01
4.081372678087912820e-01
4.142635442914552879e-01
4.204118942349588384e-01
4.265730679773346856e-01
4.327411873591509028e-01
4.389082941786895953e-01
4.450726221478180644e-01
4.512377523241595245e-01
4.574088371897010452e-01
4.635954531980615578e-01
4.698072041026980505e-01
4.760471321590578619e-01
4.823142972795437800e-01
4.885933291449018889e-01
4.948678210437881808e-01
5.011279835264472737e-01
5.073682685959233218e-01
5.135898248171493208e-01
5.197960291342106354e-01
5.259959629279881144e-01
