-3.663604876084618489e+00
-3.656919437050940580e+00
-3.608424190345445037e+00
-3.694532022837741181e+00
-3.676051321243841929e+00
-3.679358701604047877e+00
-3.663380050079381611e+00
-3.659128658959760472e+00
-3.651403794998944186e+00
-3.636960372812858999e+00
-3.611472236352770704e+00
-3.567396426300795120e+00
-3.540212969083303296e+00
-3.534783182092196441e+00
-3.503737640859374558e+00
-3.439094690121688558e+00
-3.326465806606951681e+00
-3.150171560168048224e+00
-2.903562943472747460e+00
-2.495136346745542966e+00
-2.005955137800304211e+00
1.624184262818392011e+00
-6.826211665935845829e+00
-6.525954635181303587e+00
-7.901430393245485462e+00
-6.797220345747600589e+00
-6.814520908598007409e-01
-2.863171601840486691e+00
-2.967866677368084183e+00
-2.854068863493210984e+00
-2.512033208009217145e+00
-6.769504975245568268e-01
-1.526624626203871848e+01
-3.501074584052224381e+00
-3.625664413832860866e+00
-3.629690626476803406e+00
-3.613596889271205370e+00
-3.592482101902724878e+00
-3.565580417861458962e+00
-3.536265589965096545e+00
-3.526350371626149727e+00
-3.514579447165436576e+00
-3.481393753390886303e+00
-3.403120549900184422e+00
-3.203206893986130677e+00
-2.584544142254242338e+00
-2.490430601327883409e+00
-2.953537614223384900e+00
-3.016724264541914557e+00
-2.841375576564786343e+00
-2.265573053930971970e+00
-5.836595418392576118e-01
-2.450353714813077843e+00
-3.395445894553663635e+00
-3.474153184300749597e+00
-3.420126827271716685e+00
-3.286435185901573242e+00
-3.085130403160889045e+00
-2.884569123087788789e+00
-2.472441945622484205e+00
-1.219773498754199270e+00
4.671212952450156664e+00
-1.723338367102563939e+00
-2.944257951567323950e+00
-3.004497912757774003e+00
-2.540077306063652340e+00
1.691825684435869448e+00
-6.279523888685785593e+00
-4.847713543604355024e+00
-4.522127882505614593e+00
-4.605445295960885588e+00
-4.912885011401659341e+00
-4.876554336965346792e+00
-4.662077890048123230e+00
-4.586957601881421098e+00
-4.562753841422945378e+00
-4.462233738908050640e+00
-4.335082702218025830e+00
-4.310180892984595502e+00
-4.465426328101511189e+00
-4.566685594897653466e+00
-4.461787098149910591e+00
-4.459365082656058021e+00
-4.503835963703462397e+00
-4.429514390779732302e+00
-4.317433520475923103e+00
-4.192052146420005343e+00
-4.091748384164405117e+00
-4.044763960694474747e+00
-4.012945887568685421e+00
-3.984814831367538002e+00
-3.962462329129218475e+00
-3.957486124462971322e+00
-3.970113506551727234e+00
-3.969219989728297371e+00
-3.942934054250418985e+00
-3.913462629762968437e+00
-3.884367066768067644e+00
-3.854435330770978219e+00
-3.833604299983440100e+00
-3.821820912942677229e+00
-3.815897279030519229e+00
-3.815130146928620736e+00
-3.813906421884933895e+00
-3.813030925198989340e+00
-3.806693405029413668e+00
-3.789104469368327344e+00
-3.767622454980287916e+00
-3.745035573861962952e+00
-3.727789127949532322e+00
-3.718521612190158532e+00
-3.716743007671813093e+00
-3.721984139549783688e+00
-4.203748856966329051e+00
-3.629912381024211765e+00
-3.634322733574703257e+00
-3.617549580808976817e+00
-3.576834805186721589e+00
-3.526882992495693259e+00
-3.529296449871028862e+00
-3.486166350158612204e+00
-2.755900326453732951e+00
-3.986208638282952688e+00
-3.842657840377405876e+00
-3.820420323628966663e+00
-3.910553440415607707e+00
-3.992403753445479708e+00
-3.807116967190827594e+00
-3.743840042447970973e+00
-3.717029559136410199e+00
-3.698684081381004685e+00
-3.684742858340857907e+00
-3.679377631085345435e+00
-4.040593830688619548e+00
-3.627699951095602948e+00
-3.705845958339351043e+00
-3.673340551533451848e+00
-3.662909887682384014e+00
-3.655180739546955770e+00
-3.648571125955998973e+00
-3.641679147670811911e+00
-3.623220870240536851e+00
-2.836581273577102102e+00
-3.793000136723471361e+00
-2.289817429935601556e+00
-3.579566517149608273e+00
-3.609466541171915566e+00
-3.613880388885997164e+00
-3.613026269961902237e+00
-3.611013931224307694e+00
-3.605822445092736750e+00
-3.598219737284251263e+00
-3.589355196281337701e+00
-3.578430256172110191e+00
-3.567396279406129800e+00
-3.556182178195589128e+00
-3.544027887847366554e+00
-3.534121518044886390e+00
-3.529203871919295743e+00
-3.527593367857662976e+00
-3.527009200388766086e+00
-3.525943422611178768e+00
-3.523723316032422836e+00
-3.523430993299510483e+00
-3.522870392984585486e+00
-3.520560281570126016e+00
-3.517915801793120245e+00
-3.515092598021169579e+00
-3.511435622496893671e+00
-3.507075394376506061e+00
