-6.430554600052812778e-04
-7.568818643359904140e-04
2.800786548091096801e-03
7.016813996448097862e-03
9.388859882419223896e-03
7.346605382517775243e-03
-4.765782159338564222e-02
-1.555400757376296517e-01
-2.079038224257407919e-01
-1.804925506231602750e-01
-1.312587704006445977e-01
-8.760195295993677966e-02
-7.262780844042976414e-02
-7.174053601817022285e-02
-6.124989988896092225e-02
-4.548683286054389097e-02
-3.027347227259844648e-02
-1.834420887018471669e-02
-9.623320976890550535e-03
-2.869943286466283654e-03
1.530752873142769699e-03
7.076219745899924203e-03
1.329885286403317476e-02
1.500459956703923542e-02
1.512568747412183258e-02
1.667467694605638887e-02
1.105790093279175948e-02
2.370087853625035129e-03
1.325169378909160298e-04
2.008983900596976110e-03
6.071280666276701425e-03
1.212981629438753678e-02
1.733436073993715673e-02
-4.191091071758859532e-02
-2.607829633293009541e-01
-4.057394915242947264e-01
-3.721339321278743228e-01
-3.215223978096417579e-01
-2.701002213933557106e-01
-2.284026626216489331e-01
-2.223660831121574422e-01
-2.160656675778725722e-01
-1.877155620309892692e-01
-1.389497761708983481e-01
-8.117355626526087664e-02
-3.240416610650351248e-02
-2.203554616213253270e-02
-3.603352773227567335e-02
-3.867461115554372136e-02
-2.564289135964117200e-02
-5.482765203788795422e-03
1.152220026632436167e-02
-2.285216182527796333e-03
-1.023408755872363962e-01
-1.704297775420714200e-01
-1.411914054051440770e-01
-8.998122722548854147e-02
-5.086416250701086134e-02
-2.829833411147158334e-02
-6.011689783589551500e-03
1.645841087244812734e-02
3.294896224020520820e-02
2.104857150163844115e-02
-1.265270964590255870e-02
-1.988573237670056629e-02
3.850642132185000399e-03
3.405269387493814470e-02
6.117023285148874556e-02
8.417515933856536958e-02
9.952576482298301774e-02
9.728279457159501320e-02
8.699017244330070620e-02
8.617269460740156761e-02
9.289828590197335423e-02
9.674412287961843548e-02
9.802680528641614932e-02
1.033250046837005387e-01
1.126313890460673567e-01
1.158758142073293418e-01
1.070191439087362362e-01
1.025510640383609090e-01
1.055161193670192954e-01
1.026755830545750536e-01
9.806235794746337442e-02
1.008871986627346284e-01
1.084967555086536056e-01
1.209923205250419131e-01
1.361728477492546163e-01
1.451706463910856226e-01
1.517046902286804666e-01
1.590261025502213710e-01
1.654404922120650545e-01
1.667903881214661821e-01
1.626933810226858790e-01
1.610859592616926128e-01
1.639968423791264840e-01
1.678442418101280809e-01
1.745700222580315042e-01
1.853855581054433821e-01
1.928438179163640964e-01
1.953905515408381754e-01
1.942996839908820439e-01
1.894179323867112852e-01
1.850392168162578732e-01
1.805435272671775948e-01
1.796787922960368378e-01
1.869948739648589486e-01
1.998128677252508922e-01
2.172619745261240021e-01
2.321629130361047288e-01
2.343087718063285863e-01
2.203371990215885201e-01
1.972962195910891448e-01
1.326770164719087153e-01
1.606217642180507443e-02
-5.194424796680022216e-02
-3.489246717504276840e-02
1.415808128659041404e-02
4.465288094470187125e-02
4.402025732987138729e-02
6.083437798518093881e-02
1.095736193138362458e-01
1.600620308138421266e-01
1.922538759276293252e-01
2.036161099725959100e-01
1.846388065653370714e-01
1.769131382817431541e-01
2.089436042575999186e-01
2.479909787778224461e-01
2.802285447251756656e-01
3.118183712204353197e-01
3.404161487490531268e-01
2.948789357061907812e-01
1.807435532743609796e-01
1.409649381004038360e-01
1.901775067580953604e-01
2.439644639199934351e-01
2.872334891884146257e-01
3.315624259299211896e-01
3.765566908554530134e-01
4.128501207310299459e-01
3.741621727165632127e-01
2.066324752616539862e-01
1.150728688243517622e-01
1.751032780458322280e-01
2.624057546095835414e-01
3.369408584029158771e-01
3.947944222868153274e-01
4.443292144754570905e-01
4.887671892874452806e-01
5.160639529031901818e-01
5.293103156658600650e-01
5.374395986114240964e-01
5.378024069270318508e-01
5.364918184276151747e-01
5.344393504563165198e-01
5.301645257704497016e-01
5.301613300471390566e-01
5.393170251673354842e-01
5.550869474767811118e-01
5.753985306535303046e-01
5.971859337704016335e-01
6.181565262154897766e-01
6.447425259119736740e-01
6.723758231954434228e-01
6.960444243846186652e-01
7.156686281331642308e-01
7.313077322110606016e-01
7.457718923387582910e-01
7.609929977569158677e-01
7.785111178431516343e-01
7.980551182499950880e-01
8.189356374335681199e-01
8.398618891278826215e-01
8.592397265269616780e-01
8.760366418035970826e-01
8.901753960391818321e-01
9.024047616416615014e-01
9.141619251248164213e-01
9.259327201714500077e-01
9.378092552588915831e-01
9.506142416162243203e-01
9.650302544028576124e-01
9.820066433442700138e-01
1.002375117502913859e+00
1.023846404202559679e+00
1.045090580749021614e+00
1.064879153960716085e+00
1.082998667060255604e+00
1.099489153713820055e+00
1.113855101066976161e+00
1.127113728239473867e+00
1.140625991897894043e+00
1.155393632601864784e+00
1.171822210793557417e+00
1.191006215769387255e+00
1.212425670170634184e+00
1.234894194182396987e+00
1.256807019396090075e+00
1.275826076570979462e+00
1.291133070142474359e+00
1.304105095281892668e+00
1.316162466103996564e+00
1.327879336519179887e+00
1.340369135744890805e+00
1.354920354295095386e+00
1.371795713714559550e+00
1.389025677313638463e+00
1.405467618593772450e+00
1.421452329014190274e+00
1.435728331790272039e+00
1.447803989317711038e+00
1.458659537062026779e+00
1.469364209279394595e+00
1.480572651162892273e+00
1.492659414905064041e+00
1.506857758813612280e+00
1.523261580146348049e+00
1.540314106696677898e+00
1.556170307899826577e+00
1.569753812962452866e+00
1.581036007156999768e+00
1.591125802075824547e+00
1.601053882568356901e+00
1.610730112956101578e+00
1.620381379227151308e+00
1.630248178298578487e+00
1.640783112935372268e+00
1.652826893197083091e+00
1.666385200501610209e+00
1.680631622825357496e+00
1.694355343976408301e+00
1.706965951709187523e+00
1.717943985491514169e+00
1.727580379343807371e+00
1.735823264223583573e+00
1.742918315462558709e+00
1.750232227717839928e+00
1.758263940845178119e+00
1.767612293517806910e+00
1.779022971320887381e+00
1.791644014097373061e+00
1.804817471015307984e+00
1.816570995752108786e+00
1.825013616126983873e+00
1.830982124531812971e+00
1.835364165930697400e+00
1.839257576246700943e+00
1.843436530058756073e+00
1.848641636938807453e+00
1.855875624860896522e+00
