-1.078708177695066883e+00
-1.080661894801481004e+00
-1.077385431822769135e+00
-1.079249833392913249e+00
-1.080604566416322854e+00
-1.083061266010030721e+00
-1.077240177543153932e+00
-1.079086215467567555e+00
-1.080546955597438741e+00
-1.082650553959959572e+00
-1.085597113519648715e+00
-1.089563884418037532e+00
-1.093019413452480659e+00
-1.095557114472501592e+00
-1.099500608644254251e+00
-1.105547569301723376e+00
-1.114266593567535768e+00
-1.126387722788321222e+00
-1.143508384462547545e+00
-1.169948842981713533e+00
-1.211894552587074347e+00
-1.321672897933589219e+00
-2.556351751891396518e+00
-4.047359530799916616e-01
-7.406731482769839392e-01
-8.613738068501010092e-01
-8.396959797133826120e-01
-6.429834022074962796e-01
-4.941964032030049525e-01
-6.285110133898662577e-01
-7.920467402581718996e-01
-8.995105536247606226e-01
-9.501140539524315365e-01
-1.186119192926441190e+00
-1.091657053411473566e+00
-1.087479121218018374e+00
-1.089020379813734563e+00
-1.091348614864892319e+00
-1.094291240044811486e+00
-1.097653052291595488e+00
-1.099871835914113971e+00
-1.102176740526111143e+00
-1.106176427795285022e+00
-1.113271407291991810e+00
-1.126007401464772739e+00
-1.147942703941143394e+00
-1.168375199845867574e+00
-1.174746998558308109e+00
-1.186335649479238308e+00
-1.217506166420454727e+00
-1.295950222069559565e+00
-1.529718841701896315e+00
-1.525628589050845196e+00
-1.183994390343212411e+00
-1.142489300460175272e+00
-1.147798476966119363e+00
-1.169271270359830250e+00
-1.204870305241706463e+00
-1.253768109621111959e+00
-1.370830904039314735e+00
-2.080392365448733738e+00
-1.735454442089185978e-01
-2.563678138427154529e-01
-2.556410376750140045e+00
-1.918404463825387429e+00
7.354198426448228521e-01
-7.574038762145632875e-01
-9.070174814122236029e-01
-9.617861059568714177e-01
-9.875784466268267003e-01
-9.963967153392652154e-01
-9.983840009328612819e-01
-1.003380594473782361e+00
-1.010917603201958226e+00
-1.016686871673526227e+00
-1.020983808651041880e+00
-1.026009250127196903e+00
-1.031674959263185753e+00
-1.035729369528109789e+00
-1.037086790521315249e+00
-1.038756390709416166e+00
-1.041719181872583722e+00
-1.043680422397268437e+00
-1.045167314773468359e+00
-1.047729940881097166e+00
-1.051026080592653900e+00
-1.054826656548872865e+00
-1.058712337662769176e+00
-1.061903519346966585e+00
-1.064732670861812114e+00
-1.067441278764105661e+00
-1.069969129961826582e+00
-1.072262296994157538e+00
-1.074385786071509141e+00
-1.076499699264430010e+00
-1.078604102247896934e+00
-1.080662231083799663e+00
-1.082635108000201241e+00
-1.084468366573671627e+00
-1.086279342782893398e+00
-1.088151528480709285e+00
-1.090114885963072933e+00
-1.092239211831912193e+00
-1.094410936703006820e+00
-1.096654370978046078e+00
-1.098758600228016746e+00
-1.100335461666125170e+00
-1.101438077681473171e+00
-1.102111062692593180e+00
-1.102822653823895660e+00
-1.104262031170091696e+00
-1.106857980880264769e+00
-1.110573308345299770e+00
-1.120000213648230103e+00
-1.154874956368741490e+00
-1.268646853992482670e+00
-1.338529599752659394e+00
-1.255093186986715459e+00
-1.220269926902812996e+00
-1.230552255880232870e+00
-1.213772454689811209e+00
-1.170902749859780601e+00
-1.146095984802512513e+00
-1.135134610028057489e+00
-1.131165630921374010e+00
-1.133713322494328546e+00
-1.135479814398342668e+00
-1.130283365104199023e+00
-1.124916680442599404e+00
-1.121341861253061678e+00
-1.118564304162152467e+00
-1.116586155876304831e+00
-1.120556645519303451e+00
-1.134926015794106569e+00
-1.146650757536339604e+00
-1.141893484780212686e+00
-1.135690747389667354e+00
-1.131229892128217784e+00
-1.127139340022051739e+00
-1.123592476136093143e+00
-1.121233506156947834e+00
-1.124294850807379786e+00
-1.142772984120411284e+00
-1.167420355887520467e+00
-1.161583794928827462e+00
-1.148892908464291374e+00
-1.139702207786035482e+00
-1.133729683858500481e+00
-1.129452874867548084e+00
-1.126282226508867002e+00
-1.124693699444243356e+00
-1.124288182608447428e+00
-1.124453472976944646e+00
-1.125266789079859331e+00
-1.126384573945975687e+00
-1.127712407574310127e+00
-1.129313378856184213e+00
-1.130810143689681802e+00
-1.131826557071517581e+00
-1.132408271889999263e+00
-1.132685047611017293e+00
-1.132810596188629004e+00
-1.132934917455345580e+00
-1.132755186952421944e+00
-1.132495827144834433e+00
-1.132462573408901108e+00
-1.132520158735653926e+00
-1.132610592713289899e+00
-1.132810376308628131e+00
-1.133133870164197754e+00
