-1.295295492097312762e+00
-1.295812393900347859e+00
-1.297830255407013356e+00
-1.288168671831416923e+00
-1.293233537864327820e+00
-1.291852710920398550e+00
-1.295357467855639433e+00
-1.295670366218414582e+00
-1.296229202593054408e+00
-1.297128500005228613e+00
-1.298413583625194434e+00
-1.300148475070255438e+00
-1.301628442282604770e+00
-1.302687400859596778e+00
-1.304351278174225692e+00
-1.306854282647062382e+00
-1.310336950340348583e+00
-1.314882710292349266e+00
-1.320588546771941596e+00
-1.328137964004054705e+00
-1.337517316656576805e+00
-1.354092409998586266e+00
-1.393507018822064403e+00
-1.449319722107619945e+00
-1.516613345086768483e+00
-1.779504214599557432e+00
-1.537974849496543284e+00
-1.404352562070709576e+00
-1.385342982006850354e+00
-1.388688116432501118e+00
-1.407753619722140304e+00
-1.476022143909405893e+00
-1.755285741767005581e+00
-1.322313101476411346e+00
-1.301233671538811532e+00
-1.299485337603911939e+00
-1.300184627525108771e+00
-1.301236995619483583e+00
-1.302557006666922756e+00
-1.304049157661355984e+00
-1.304996085519896543e+00
-1.305971665260875936e+00
-1.307701009960420713e+00
-1.310763663127006096e+00
-1.316110539059063056e+00
-1.324750810235287624e+00
-1.331689538360013580e+00
-1.332873932673640738e+00
-1.335621289861569139e+00
-1.343270281276184530e+00
-1.358480247429236121e+00
-1.383565808094138427e+00
-1.377734450350975415e+00
-1.330373575860536173e+00
-1.319214167316750785e+00
-1.320988128177060572e+00
-1.327080952511410450e+00
-1.335223780387738923e+00
-1.343533926523774902e+00
-1.356669958638651474e+00
-1.380364637697073515e+00
-1.420153858387931622e+00
-1.413943357026804515e+00
-1.373105780097532813e+00
-1.365997655541862699e+00
-1.388544255549073903e+00
-1.464794336832617727e+00
-2.163633585788105496e+00
-9.962736389732393949e-01
-1.156119018540488597e+00
-1.177734578191078629e+00
-1.174154412748267262e+00
-1.185721546175390273e+00
-1.203121069180557168e+00
-1.212743604019113963e+00
-1.218306924033873750e+00
-1.225972443792084476e+00
-1.234792503953172860e+00
-1.239039586323742670e+00
-1.235703411535476803e+00
-1.233202444324768221e+00
-1.236556730225811807e+00
-1.237549894542100404e+00
-1.236807170074734508e+00
-1.239312756633172086e+00
-1.243949896815258693e+00
-1.250189461436232996e+00
-1.256535173824822271e+00
-1.260712097853825320e+00
-1.263884020702170430e+00
-1.266661469570862453e+00
-1.268961767281456376e+00
-1.270331156612291013e+00
-1.270739325906114603e+00
-1.271410508494908331e+00
-1.272952080492404381e+00
-1.274771566934155498e+00
-1.276694698030430564e+00
-1.278765760387750250e+00
-1.280505433545160665e+00
-1.281788472629344255e+00
-1.282729863881988175e+00
-1.283373602747635012e+00
-1.283945487417899045e+00
-1.284461019215277666e+00
-1.285101404860533814e+00
-1.286127768197723231e+00
-1.287397753359144748e+00
-1.288830301845189430e+00
-1.290134305822291605e+00
-1.291096588705141990e+00
-1.291745821737248834e+00
-1.292211724755217617e+00
-1.291558400696338538e+00
-1.306291386208573657e+00
-1.298084781208835636e+00
-1.298552918737922779e+00
-1.300207556184484137e+00
-1.301963023572576539e+00
-1.302250197985641567e+00
-1.303720762337299943e+00
-1.311148866673123470e+00
-1.417662084269818878e+00
-1.263441173924503502e+00
-1.277026806264972114e+00
-1.274443931291606269e+00
-1.272875443405538487e+00
-1.283717850962247775e+00
-1.288778662819376475e+00
-1.291192728754817276e+00
-1.292798003263759599e+00
-1.293990533499400852e+00
-1.294833155935740665e+00
-1.296018744528136590e+00
-1.298296402824803408e+00
-1.297557347149566942e+00
-1.297299203502596976e+00
-1.297448496410671614e+00
-1.297656041531784599e+00
-1.297898017128443326e+00
-1.298246689127167564e+00
-1.299389526083308155e+00
-1.305207350873192507e+00
-1.332009328273378701e+00
-1.316651082272730644e+00
-1.306559291023583924e+00
-1.303298863081938652e+00
-1.302128569265382563e+00
-1.301637973416131633e+00
-1.301398008564927711e+00
-1.301487358365122082e+00
-1.301827381141973827e+00
-1.302307400619364008e+00
-1.302953587140210479e+00
-1.303664577755262899e+00
-1.304425637801663873e+00
-1.305270653219650523e+00
-1.306062304952759101e+00
-1.306649429655994510e+00
-1.307042971664386322e+00
-1.307319017878310730e+00
-1.307552481706790282e+00
-1.307800845809884205e+00
-1.307935592244066303e+00
-1.308038460205460440e+00
-1.308212820087265360e+00
-1.308404726040891086e+00
-1.308610296847799059e+00
-1.308861856553693137e+00
-1.309162796176871257e+00
