1.264583131815088038e-02
2.204851216272177630e-02
6.574485307500846365e-02
4.612058273084990861e-02
4.692627145696252888e-02
-2.397001310353823883e-02
-8.659423643615002941e-01
-1.190158795834232119e+00
-2.763593201274843203e-01
1.666248607823683225e-01
2.817401059997995394e-01
2.621611677329818701e-01
-6.884050137906960742e-02
1.483982188435808980e-02
9.580687918991101504e-02
1.423553118978978793e-01
1.319334061164655902e-01
1.205470744164885005e-01
1.039495420309804463e-01
9.726107921765407560e-02
7.040221274896407699e-02
1.133651790753946870e-01
9.089022815233732677e-02
4.738428613513601811e-02
5.925764140134359009e-02
6.368562682153619536e-02
-6.241994016950520863e-02
-2.416351275936157866e-02
2.461917034141267863e-02
4.957833578722467549e-02
7.607245181805670498e-02
1.003148186865399222e-01
8.152985542840401889e-02
-9.751535661772725572e-01
-2.924431951955895226e+00
-6.230513140534779115e-01
4.258646556418738127e-02
-4.318905333667749646e-02
2.699620858417656200e-01
2.517569806315861358e-02
-2.271944470789399317e-01
1.086553375465837412e-02
1.868849735882963103e-01
4.563763819909943953e-01
5.125164764466760836e-01
4.632334540821120838e-01
-3.274971890051691509e-02
-2.104325990352451381e-02
9.008576606709298162e-02
2.370873282920765435e-01
2.597794085598204572e-01
2.308110092469603802e-01
-2.310477934283673984e-01
-1.338821860402278130e+00
-1.417616141342673552e-01
2.904424557149444808e-01
4.158256925536183424e-01
2.870014500971152516e-01
2.351652193374860200e-01
3.228923899247141405e-01
3.062366460980270322e-01
2.658154635978134950e-01
-1.547952574475507381e-01
-2.088149665024891244e-01
1.650380529532912977e-01
3.279326905061166197e-01
3.744267608839521033e-01
3.804876309810117929e-01
3.754549606122373206e-01
2.775713731197697598e-01
8.664523086032396848e-02
7.834758131639615875e-02
1.851350711530531656e-01
2.329166516659284536e-01
1.670318402771474031e-01
1.803675145576893457e-01
2.379312939586290532e-01
2.769343468674572151e-01
1.687575932772484300e-01
6.972211834917457773e-02
1.946597065880827371e-01
1.630653976098465630e-01
7.057914922703378835e-02
1.120446393423689124e-01
2.124993280915684624e-01
2.376627850900740468e-01
3.371566083496187471e-01
3.438658055812359726e-01
2.576691150716351464e-01
3.040594781576115846e-01
3.067822022437106666e-01
3.098369073410294217e-01
2.335351565827757936e-01
2.003845683484724582e-01
2.408475593408060944e-01
2.399046008131118790e-01
2.369825275334108139e-01
3.124628041177966442e-01
3.569853862071288852e-01
2.812119094066427571e-01
2.820831446286639621e-01
2.308246328889119736e-01
2.035217944472182960e-01
2.241224479139416470e-01
1.919600294312547306e-01
2.785608749040510146e-01
3.624729343413194416e-01
4.213276751508241436e-01
4.766007602555364375e-01
4.235242856719520499e-01
2.988920024448514789e-01
1.415354606479214961e-01
7.308599666085319191e-02
-6.284093865738322737e-01
-1.078319321756677551e+00
-1.955329980852983374e-01
3.289229662548062705e-01
5.279924759733007900e-01
2.340184629554345197e-01
7.317878132381056000e-02
5.219370604682200820e-01
7.293594364074234004e-01
7.280492711492432267e-01
5.599373077019779155e-01
4.051537456361989364e-01
7.746159186655388051e-03
4.639549150994801141e-01
7.127060955533108810e-01
6.958042671896457199e-01
6.943787884537510058e-01
7.513717594104025732e-01
6.963573033797509915e-01
-4.537876918331719689e-01
-7.985488138213847620e-01
3.896756486935133434e-01
7.798163402440407843e-01
6.975457768943466030e-01
7.702219762659506808e-01
8.504252874307217658e-01
8.928612699261192498e-01
8.115907408921386734e-01
-2.782021206844815242e-01
-1.688496425114297761e+00
2.545380469458316530e-01
9.167481561650474564e-01
1.026085948792024638e+00
9.664076691919941675e-01
9.914341996254624201e-01
9.982348227245633199e-01
9.476773235072027957e-01
7.378617992003542181e-01
7.153930107042741904e-01
6.762568411302486426e-01
6.024976446219770798e-01
6.162749237096264432e-01
5.700307593962314900e-01
5.644026028750873669e-01
6.025331366234690789e-01
6.820536120512020739e-01
7.102745785991719796e-01
7.803247013053724590e-01
7.926053419660286092e-01
8.261100263662011223e-01
9.187308194104266690e-01
8.966598378867665087e-01
8.819079757920589291e-01
8.938412570288887249e-01
9.174296753521269387e-01
9.092696395310353452e-01
9.227611379225582056e-01
