1.081096631697744817e-03
3.525909999061892924e-03
8.833900302359459084e-03
1.482921358109250479e-02
1.929841594433389512e-02
1.906012353150765559e-02
-3.700363723865999349e-02
-1.545571006397968294e-01
-2.229976809820713446e-01
-2.075662450336927811e-01
-1.625609172777806866e-01
-1.170545786975848712e-01
-9.751691566605318051e-02
-9.306427635915753838e-02
-7.934591796903157912e-02
-5.943121183929710172e-02
-3.932914711139905151e-02
-2.223802132403349813e-02
-8.159216319206017906e-03
3.455224918175191923e-03
1.214377238041082670e-02
2.135300063381042474e-02
3.083638111800026532e-02
3.572090038648011168e-02
3.869014782738879749e-02
4.242609406622568219e-02
3.839560713578159257e-02
3.023113462576735438e-02
2.804048206845810576e-02
3.037177863264476502e-02
3.557658191353506999e-02
4.329980465782287680e-02
5.052568220268764676e-02
-9.066703914825495481e-03
-2.418929205944025107e-01
-4.195670348283374596e-01
-4.128129224619161430e-01
-3.764013958345765465e-01
-3.298084204088333471e-01
-2.859384701162587250e-01
-2.756965312454719985e-01
-2.659061095148430587e-01
-2.331185690658627574e-01
-1.770795934721640652e-01
-1.077162118584977651e-01
-4.446153686493067858e-02
-2.002445797843859995e-02
-2.412093324172374237e-02
-1.978047448316612444e-02
-1.521900731495488823e-04
2.757739072857338936e-02
5.247558564801479974e-02
4.527416137856280637e-02
-5.483412900090590264e-02
-1.330472142982205008e-01
-1.109413056582603391e-01
-5.952680147274234251e-02
-1.397742703990606516e-02
1.697695017549824548e-02
4.764151651017091427e-02
7.960959223402938600e-02
1.054548694565730083e-01
1.009851579119631082e-01
7.066365085021306114e-02
6.339427631398809881e-02
8.751479713565268881e-02
1.214297963579511752e-01
1.554688063847444734e-01
1.866387940936437007e-01
2.086126940868792690e-01
2.116413964611019438e-01
2.035164198628406640e-01
2.023878108403252829e-01
2.107790754455553806e-01
2.173089115739998967e-01
2.205180284226127274e-01
2.279617355325151973e-01
2.406350093220841757e-01
2.478872462746616323e-01
2.426689184418923673e-01
2.403251534911721166e-01
2.429220997662786263e-01
2.375557617704587010e-01
2.302541932189614005e-01
2.325613481025592677e-01
2.421534853857935654e-01
2.586915882590481996e-01
2.799300905995796285e-01
2.942336155302823775e-01
3.054536946950696108e-01
3.188954667922335173e-01
3.318032386412423373e-01
3.392793415330153106e-01
3.400359091824258773e-01
3.415126573696383172e-01
3.448588694936360888e-01
3.475462122294297740e-01
3.548948867303347021e-01
3.690257979715373948e-01
3.797586972756705759e-01
3.856144727754887702e-01
3.882196282631371065e-01
3.863282259185527034e-01
3.847028819328036087e-01
3.826330962567283112e-01
3.846395882825741075e-01
3.969074164470238197e-01
4.167072168421465106e-01
4.414486368807186700e-01
4.638331721723903400e-01
4.739538535988499501e-01
4.670284178907586625e-01
4.481318128712959425e-01
3.843538623429982870e-01
2.600586594344697633e-01
1.766648039882983134e-01
1.819901026850800352e-01
2.276292325061400890e-01
2.615755586357715323e-01
2.660042241649782091e-01
2.889771828948758947e-01
3.476720970032700642e-01
4.125951187685558685e-01
4.614857324545411643e-01
4.872658616014665656e-01
4.778600178337198967e-01
4.760510410366651235e-01
5.156990941158894337e-01
5.647334889755994958e-01
6.086421205847163396e-01
6.524240114609071162e-01
6.922855110784422727e-01
6.551170203818810212e-01
5.367625957824888605e-01
4.838093845969104745e-01
5.259545694625344936e-01
5.806183440196259760e-01
6.303103782962589108e-01
6.847523373302480953e-01
7.415266946231142686e-01
7.909322845738676611e-01
7.651435492451820197e-01
5.946528740284099390e-01
4.814621364313601548e-01
5.277232043910098369e-01
6.126036127832532596e-01
6.914069775615739877e-01
7.618920885411859523e-01
8.285191594054747144e-01
8.860689617020642839e-01
9.226891333050017963e-01
9.437798040556825141e-01
9.606286468219703556e-01
9.705369688002802864e-01
9.771300955267622212e-01
9.817930338622309350e-01
9.839226013115648373e-01
9.883016416413425986e-01
9.993522264416924150e-01
1.015518775049068401e+00
1.036352995592629833e+00
1.060408538045110260e+00
1.085619384333064374e+00
1.116428162891787590e+00
1.148547809783207141e+00
1.176020046532975538e+00
1.201281652874543138e+00
1.226970727377665993e+00
1.251863142054465250e+00
1.275643253768977026e+00
