-1.783170315407627937e+00
-1.780739570809843686e+00
-1.784586970855166044e+00
-1.782470620417920149e+00
-1.780831524722880088e+00
-1.777584627653811422e+00
-1.784697398158065607e+00
-1.782665708681920869e+00
-1.780891548751718734e+00
-1.778169949468613842e+00
-1.774069865434729110e+00
-1.768056531691411859e+00
-1.762950292198100843e+00
-1.759715954750650901e+00
-1.753816833263998953e+00
-1.743661801361571451e+00
-1.727326749147112928e+00
-1.701628573695022739e+00
-1.658966669558726625e+00
-1.572247601625961444e+00
-1.355457431581219785e+00
-6.618806128413337930e+00
-2.125128127544907208e+00
-2.015918503900642200e+00
-1.981577276841073543e+00
-1.946900007939448507e+00
-1.988254290916588118e+00
-2.236622392415862137e+00
-2.553235746580772236e+00
-2.356728378515270172e+00
-2.111180201939459877e+00
-1.974253861182543979e+00
-1.918022276124552228e+00
-1.705742205033014214e+00
-1.771921357633106098e+00
-1.774707817468415660e+00
-1.772221506592823070e+00
-1.768819362923648608e+00
-1.764524174679525714e+00
-1.759596467334726855e+00
-1.756595630194845326e+00
-1.753497374845376378e+00
-1.747593582809082946e+00
-1.736036192420826518e+00
-1.712099083288971313e+00
-1.660196491517281103e+00
-1.612469818708515357e+00
-1.620509479415238596e+00
-1.609769230467829715e+00
-1.543095134773973642e+00
-1.269434320906665414e+00
-2.680550270659895773e+01
-2.797573451300798819e-01
-1.676022132300758027e+00
-1.720312986017490164e+00
-1.711282571500855942e+00
-1.680779460167749706e+00
-1.625642690328376938e+00
-1.541425212523758637e+00
-1.263891515665894527e+00
-4.585699317547763165e+00
-2.233504763918626068e+00
-2.334374011285631045e+00
-3.286656993666259297e-01
-1.058758815836651657e+00
-3.776597536190297255e+00
-2.098428179346635947e+00
-1.953644688755900249e+00
-1.901326615052993940e+00
-1.877303353292889110e+00
-1.871474348738641602e+00
-1.873243662067070270e+00
-1.869546119425752551e+00
-1.861210727755948202e+00
-1.855129106577946274e+00
-1.850858793299683391e+00
-1.845054692421403741e+00
-1.838078054533842653e+00
-1.833572455089619080e+00
-1.833173170976269750e+00
-1.831930466709492666e+00
-1.828349086565479231e+00
-1.826449751247374964e+00
-1.825237029170677205e+00
-1.821998462020970599e+00
-1.817539360206260834e+00
-1.812359231329224940e+00
-1.807233782795345522e+00
-1.803326128525763572e+00
-1.799962555504101225e+00
-1.796745366377789477e+00
-1.793768948188657397e+00
-1.791122410785655594e+00
-1.788702949219926897e+00
-1.786255844097776491e+00
-1.783791082691165597e+00
-1.781380205144743378e+00
-1.779081463640800109e+00
-1.776968328635161631e+00
-1.774861261814545399e+00
-1.772647836027831492e+00
-1.770291072504197150e+00
-1.767697436929883903e+00
-1.765056017367251595e+00
-1.762326770273055621e+00
-1.759857066236450329e+00
-1.758219761944867621e+00
-1.757242389484112710e+00
-1.756791806148702229e+00
-1.756142790129846087e+00
-1.754355923969030062e+00
-1.750867275946418555e+00
-1.745742208271561013e+00
-1.730797304093056876e+00
-1.645378716598009827e+00
-4.044128009797668177e+00
-3.460513898254389709e+00
-1.422049209206847742e+00
-1.590001607877649548e+00
-1.585655917090787792e+00
-1.628140569684328298e+00
-1.690373697887545212e+00
-1.718103493904419299e+00
-1.728500426070127549e+00
-1.731231707265593833e+00
-1.726515694948208335e+00
-1.723298820951299160e+00
-1.729306639074606133e+00
-1.735199005093717162e+00
-1.738730087834255311e+00
-1.741336642589176087e+00
-1.743027767953535978e+00
-1.736871941970283828e+00
-1.714815152607446436e+00
-1.696930952276396898e+00
-1.708118557616065569e+00
-1.718691897748076958e+00
-1.725137457686614972e+00
-1.730396028825281096e+00
-1.734574516600483118e+00
-1.737038255051327695e+00
-1.732125445580186884e+00
-1.702842062197262640e+00
-1.659432528485613956e+00
-1.678569789647145427e+00
-1.702268593201609947e+00
-1.715843110089780854e+00
-1.723425370994044137e+00
-1.728312584630523618e+00
-1.731648199836645752e+00
-1.732931957153871050e+00
-1.732783723671273979e+00
-1.732031539032520051e+00
-1.730529241503083959e+00
-1.728734666955276555e+00
-1.726759203648670082e+00
-1.724491965479337807e+00
-1.722491705982943655e+00
-1.721270909740708399e+00
-1.720682512797430119e+00
-1.720537881702000282e+00
-1.720555483701555310e+00
-1.720513845571250755e+00
-1.720877668936387828e+00
-1.721290510211672009e+00
-1.721369339479705607e+00
-1.721118389162032081e+00
-1.720543162860006081e+00
-1.719836498719275131e+00
-1.719135046519860932e+00
-1.718551267720685560e+00
-1.718078024432361239e+00
-1.717673955082026360e+00
-1.717259357772884076e+00
-1.716734959329629717e+00
-1.716036656537641480e+00
-1.715156412278569853e+00
-1.714136814036623324e+00
-1.713063856331428214e+00
-1.711974437015531425e+00
-1.710880021561623776e+00
-1.709835159454605291e+00
-1.708887462809858038e+00
-1.708099180939715689e+00
-1.707523998798803788e+00
-1.707031859807530694e+00
-1.706535942828371066e+00
-1.705961190569349695e+00
-1.705285208708894107e+00
-1.704508003453560461e+00
-1.703598035438512959e+00
-1.702608967090113445e+00
-1.701617941304125248e+00
-1.700687703831600173e+00
-1.699848497824381077e+00
-1.699165618767962904e+00
-1.698617232459942894e+00
-1.698137124487361316e+00
-1.697635960427519519e+00
-1.696982839245299690e+00
-1.696124029403007327e+00
-1.695121592746593686e+00
-1.694049368626606045e+00
-1.692941678527921656e+00
-1.691862576383581729e+00
-1.690889068354792135e+00
-1.690045896647073720e+00
-1.689236794880531356e+00
-1.688397025992550038e+00
-1.687538749837726115e+00
-1.686594569360467144e+00
-1.685530727933590711e+00
-1.684392771254902499e+00
-1.683236711788804740e+00
-1.682102189971784956e+00
-1.681014919043404499e+00
-1.680046147535926071e+00
-1.679210642060473990e+00
-1.678430089831011607e+00
-1.677603319534038073e+00
-1.676663566443166387e+00
-1.675598918996670461e+00
-1.674460446664174817e+00
-1.673303663576937828e+00
-1.672128049191908161e+00
-1.670947912798724566e+00
-1.669779863091208627e+00
-1.668651399203515684e+00
-1.667613438331711384e+00
-1.666673415343428610e+00
-1.665789979138486698e+00
-1.664895470838049896e+00
-1.663950829223066696e+00
-1.662921332007557318e+00
-1.661814861298707147e+00
-1.660626050948937227e+00
-1.659363874716665244e+00
-1.658104476875202682e+00
-1.656882824010851296e+00
-1.655739373064898601e+00
-1.654725118875624013e+00
-1.653800950588423913e+00
-1.652929456642443506e+00
-1.651997672869228051e+00
-1.650884127835985593e+00
-1.649619323137338389e+00
-1.648246568306678039e+00
-1.646827050038299989e+00
-1.645411851670802061e+00
-1.644051919638096271e+00
-1.642818105001256468e+00
