-1.956686838158499198e+00
-1.952510192987879867e+00
-1.933605771703798437e+00
-1.994102277551865310e+00
-1.969690170142697871e+00
-1.977233673067574804e+00
-1.956338928730932292e+00
-1.953737715493211624e+00
-1.949121917361743561e+00
-1.941366075390796642e+00
-1.929594768025197471e+00
-1.912578665322807625e+00
-1.898690472953493025e+00
-1.890195560735245639e+00
-1.874693729962878086e+00
-1.849325704068348841e+00
-1.811851233337096634e+00
-1.760810577209885874e+00
-1.695393144391441620e+00
-1.605778202241933794e+00
-1.496673330163270865e+00
-1.265575489196995473e+00
-4.449575100371502834e-01
8.949910798373621468e-01
1.805643276434935940e+00
1.475749405400449099e+01
-1.637228904547808339e-01
-1.269858792527257751e+00
-1.394163964320588978e+00
-1.370173799985974661e+00
-1.249053499121846489e+00
-8.409369444039743735e-01
4.665741810001102774e-01
-1.791804574781056925e+00
-1.918793667060257668e+00
-1.927972954608742739e+00
-1.920676136433729253e+00
-1.910602681089260457e+00
-1.898045296930243042e+00
-1.883953261727582484e+00
-1.875871833287427570e+00
-1.867604807784934318e+00
-1.851558391665576453e+00
-1.820954615438383772e+00
-1.762605251088748437e+00
-1.657308901469964013e+00
-1.586983782383578623e+00
-1.608476226622868932e+00
-1.600858042949420357e+00
-1.534165226549659922e+00
-1.383322665877835256e+00
-1.125006588238845362e+00
-1.287375818427554997e+00
-1.717653648163486757e+00
-1.793682825541213388e+00
-1.774120162125835343e+00
-1.719260408751290381e+00
-1.646008244575140722e+00
-1.573386870456942477e+00
-1.457014390449652641e+00
-1.241517170053327401e+00
-8.834802440453188854e-01
-1.064233319066403061e+00
-1.426107701200849842e+00
-1.478146935235111314e+00
-1.314046190863323194e+00
-7.718268566071367909e-01
3.519090657528237465e+00
-4.379084538421765593e+00
-3.082198123600934814e+00
-2.992046544997828406e+00
-3.169087760585903801e+00
-3.085499480657147409e+00
-2.878350897297661248e+00
-2.782678797065772258e+00
-2.737284087288779588e+00
-2.649661219952291091e+00
-2.543840431472279118e+00
-2.505576464417287319e+00
-2.580010553205938972e+00
-2.638817917602197305e+00
-2.590225172655434172e+00
-2.585851245383588903e+00
-2.610706842101807812e+00
-2.573230443079841834e+00
-2.502506273504191192e+00
-2.413785855431171967e+00
-2.333476944307326217e+00
-2.288274664838324757e+00
-2.256690572862087851e+00
-2.229884811934230271e+00
-2.208690448696364328e+00
-2.199200624610896160e+00
-2.201779362140935170e+00
-2.199392442746821885e+00
-2.183709411162401359e+00
-2.164396122289793389e+00
-2.144062482495893818e+00
-2.122216365611441447e+00
-2.105335010596853351e+00
-2.094520459480126107e+00
-2.088057420393730546e+00
-2.085465543072139383e+00
-2.083555793068649020e+00
-2.082349987735157448e+00
-2.078808705382482636e+00
-2.068660027136630220e+00
-2.054694587863365562e+00
-2.038407247383094312e+00
-2.024679254384222027e+00
-2.016914829991121039e+00
-2.015411012307468663e+00
-2.019467837083538164e+00
-2.084007709315193857e+00
-1.864709288677691701e+00
-1.910858945939097664e+00
-1.904673367825301833e+00
-1.881390474415635339e+00
-1.855817959480086987e+00
-1.854003356260090385e+00
-1.833614302893915804e+00
-1.703248146619924075e+00
-5.250043815434482397e+00
-2.267620711322652305e+00
-2.171757087274708731e+00
-2.239619103680969836e+00
-2.297695637922332335e+00
-2.125893356428644410e+00
-2.054296278615586502e+00
-2.023485126792654576e+00
-2.003804565828002815e+00
-1.989869331737572633e+00
-1.988532726092844483e+00
-2.031333407102190236e+00
-2.338005955578875472e+00
-2.033594311389144593e+00
-1.990838685506570727e+00
-1.975305577066625240e+00
-1.965296092761632085e+00
-1.957875088244914297e+00
-1.951740872485473011e+00
-1.943407728555306191e+00
-1.903327363577240527e+00
-2.710285376059475837e+00
-1.816020562283422457e+00
-1.909427460439085511e+00
-1.923808714620157234e+00
-1.926566393482572082e+00
-1.926258935134046002e+00
-1.925047448981806797e+00
-1.922193624429659353e+00
-1.918006679548523330e+00
-1.913055638736145481e+00
-1.907033048043933254e+00
-1.900681327949807375e+00
-1.894064389286985062e+00
-1.886883757719093335e+00
-1.880345993186385067e+00
-1.875742816289311943e+00
-1.872829933569673200e+00
-1.870828488746559604e+00
-1.869045383041616715e+00
-1.867013169938052553e+00
-1.865918816545130143e+00
-1.864972992160681908e+00
-1.863335286678801550e+00
-1.861532998312156462e+00
-1.859619269901107153e+00
-1.857312967283778704e+00
-1.854613281919290202e+00
