-2.697026080249427249e+00
-2.691455949705322759e+00
-2.661096826014683003e+00
-2.732610823962545954e+00
-2.710652084796366879e+00
-2.717190976542173342e+00
-2.696717454731732300e+00
-2.693191431821142956e+00
-2.686902477925447563e+00
-2.675817084745075292e+00
-2.657818390504657735e+00
-2.629650422128563036e+00
-2.608488366386739532e+00
-2.598754211609792364e+00
-2.575268474455662648e+00
-2.532535720753116060e+00
-2.464405248968624562e+00
-2.365527424273638601e+00
-2.233263627661633777e+00
-2.037454824251360375e+00
-1.797764418848725843e+00
-1.048690117053999282e+00
3.857616207331867031e+01
-1.124150595510002049e+01
-1.499452540385385468e+01
-7.783973936522466275e+00
6.561850564937299346e-02
-1.889485134769732344e+00
-2.029736140571183345e+00
-1.971425687428562945e+00
-1.761018387273479258e+00
-9.402325283962567060e-01
4.639012848761765895e+00
-2.522397857245746167e+00
-2.656882479923515561e+00
-2.664265363351562055e+00
-2.652691784649537254e+00
-2.637264631023392703e+00
-2.617869883863438663e+00
-2.596248079064855219e+00
-2.585787246341155310e+00
-2.574856935496957711e+00
-2.550391039942294658e+00
-2.499020403072568897e+00
-2.387997713360120233e+00
-2.144022640712230476e+00
-2.023900846376039731e+00
-2.156170450464526489e+00
-2.174620661948345912e+00
-2.062350094880211149e+00
-1.756873283242668116e+00
-1.124749714217989638e+00
-1.713576569953642048e+00
-2.424229894201871183e+00
-2.510382655573519362e+00
-2.475390532460401971e+00
-2.386118330315897929e+00
-2.260821826516594690e+00
-2.135216869217640756e+00
-1.914000317459208622e+00
-1.426789457264519001e+00
-3.809845374722303779e-01
-1.287065684654434161e+00
-2.027010272511198696e+00
-2.096786229829675996e+00
-1.810051061801952077e+00
-5.202365243376618764e-01
-1.073194651173467307e+01
-4.295102610233286988e+00
-3.695507805628063913e+00
-3.709205894991643326e+00
-3.961781528930214513e+00
-3.916259353028725521e+00
-3.707512429226424544e+00
-3.620832049898115912e+00
-3.585948207409125565e+00
-3.488904117284385542e+00
-3.366356058570667109e+00
-3.331528189115523730e+00
-3.448543249749226547e+00
-3.535339245212131942e+00
-3.460804773673435975e+00
-3.457490356610530391e+00
-3.494709379403571070e+00
-3.438006029253162232e+00
-3.340727470336533500e+00
-3.225571760038071112e+00
-3.127698862769445753e+00
-3.077210933154348460e+00
-3.042793869870020984e+00
-3.013263061707077917e+00
-2.989994946617455795e+00
-2.981927059767642163e+00
-2.989543956507475286e+00
-2.988311719521640875e+00
-2.967124753464299936e+00
-2.941687843968425753e+00
-2.915577668446664106e+00
-2.888047940735869901e+00
-2.867817500548603959e+00
-2.855657427711188134e+00
-2.849012019728228928e+00
-2.847246372485326305e+00
-2.845818246812392704e+00
-2.845019850562652941e+00
-2.840302993434602463e+00
-2.826048446001115710e+00
-2.807281488376479395e+00
-2.786393010637391310e+00
-2.769680229359403612e+00
-2.760665375614041128e+00
-2.759361938176412288e+00
-2.765206628345501905e+00
-2.904108847767822521e+00
-2.637447202803858026e+00
-2.657782381764196344e+00
-2.645473534625920387e+00
-2.613065452016522183e+00
-2.575313385059678328e+00
-2.572703034312986858e+00
-2.540819626930229447e+00
-2.269528072940987684e+00
-3.320038162293104556e+00
-2.939066896282087171e+00
-2.890067217590266857e+00
-2.971888499115920901e+00
-3.046736526982030124e+00
-2.865749910347944684e+00
-2.793785110277848815e+00
-2.762910859254732010e+00
-2.742564637941487860e+00
-2.727702156586883753e+00
-2.725447133418045453e+00
-2.798440918426295720e+00
-2.446815912756739042e+00
-2.775705799921318828e+00
-2.724322224338266984e+00
-2.709076269144728322e+00
-2.699169880446977920e+00
-2.691519376724206047e+00
-2.684629101083455538e+00
-2.671970310395839654e+00
-2.555244729642636159e+00
-2.874858128855111605e+00
-2.286767817687025861e+00
-2.628229463047669690e+00
-2.652113366744043077e+00
-2.656239624422130685e+00
-2.655831457870850620e+00
-2.654217492046441862e+00
-2.650174385500245755e+00
-2.644216140132684245e+00
-2.637198761293253035e+00
-2.628603857325599868e+00
-2.619685733003873640e+00
-2.610494408185651150e+00
-2.600529973774478698e+00
-2.591862450699835563e+00
-2.586525925794416203e+00
-2.583781196108037914e+00
-2.582175416177234784e+00
-2.580581639766797331e+00
-2.578359798429258554e+00
-2.577529966182561694e+00
-2.576713129084338583e+00
-2.574701132415476046e+00
-2.572415910420501994e+00
-2.569963090972049002e+00
-2.566897325008259401e+00
-2.563262574999503940e+00
