1.214293310717886112e-02
2.040920961234668832e-02
6.127061401610980895e-02
3.902764710790681407e-02
3.861724974984943881e-02
-3.034093236302232155e-02
-8.351792775668352986e-01
-1.093209442508374929e+00
-1.591431451691604770e-01
2.505839283061414013e-01
3.237208326434946604e-01
2.721258513114788724e-01
-6.725012295407371832e-02
1.811247557748021930e-02
9.429160859838042752e-02
1.330184650279023495e-01
1.160512947961346020e-01
1.008945538043520690e-01
8.268304908650643548e-02
7.564919697776975593e-02
4.980225984408655215e-02
9.260205641952905242e-02
6.947048260199337189e-02
2.793986664652794299e-02
4.210067312034001391e-02
4.752262578167554263e-02
-7.304933285417558597e-02
-2.837582221611115868e-02
2.165664731092234105e-02
4.488994269629784789e-02
6.831088151074300729e-02
8.858123690868942302e-02
6.698022221249996799e-02
-9.490411924216940465e-01
-2.758054928996233723e+00
-3.870481299831876054e-01
2.255199737996272935e-01
8.489345160199068818e-02
3.505635741126444938e-01
7.248416113645239633e-02
-1.848643390244298357e-01
4.857643497223915197e-02
2.066603360182396321e-01
4.472707479688850518e-01
4.723316066783820322e-01
4.015638144378201324e-01
-8.807716892626249461e-02
-5.632696724234161761e-02
6.382898027786280959e-02
2.075613543551135254e-01
2.222297630889969455e-01
1.880476192987654838e-01
-2.581815908341937860e-01
-1.296025593012285704e+00
-6.185209708902038306e-02
3.398817814996635267e-01
4.251057551100627663e-01
2.694820408378823529e-01
2.053097341327872472e-01
2.826403837259122143e-01
2.565080037111986955e-01
2.115900695847295898e-01
-1.941763304977733307e-01
-2.220806773051078598e-01
1.567439555636296611e-01
3.043730995997605548e-01
3.330766143443260607e-01
3.249822659235018785e-01
3.100555627785255841e-01
2.092720044933989165e-01
2.702353435591084430e-02
3.121838037233273799e-02
1.426172541044321285e-01
1.881419572739697066e-01
1.216859241755179066e-01
1.361819563414704004e-01
1.917609229175953889e-01
2.258899909526493333e-01
1.172897943018872680e-01
2.536083186897522546e-02
1.534288703806467591e-01
1.211211289879354780e-01
3.279329361062241488e-02
7.846282939555418445e-02
1.764369829125866651e-01
1.955506556176961341e-01
2.860167229838538328e-01
2.828824100045730927e-01
1.929892492048224384e-01
2.377013900912380018e-01
2.375469792556533233e-01
2.383038005726998698e-01
1.632479291985292347e-01
1.346787564710121010e-01
1.777048769829821795e-01
1.771720895736761947e-01
1.746010800851912625e-01
2.473393845643013234e-01
2.856422632141381035e-01
2.070258251377322112e-01
2.082735041149125776e-01
1.591925251924742601e-01
1.360701085010155575e-01
1.595583644186885086e-01
1.299255376955249230e-01
2.158133419535960829e-01
2.929908961471063278e-01
3.420130121251158672e-01
3.862536213836733068e-01
3.257233584724699704e-01
2.024932234665877129e-01
5.631876487892401029e-02
3.380330779665985386e-03
-6.573102653099798243e-01
-1.038144743088348809e+00
-1.278072080478994121e-01
3.661662183512070512e-01
5.191367654539417176e-01
1.984114235243818192e-01
3.500478865011866225e-02
4.693600215523584529e-01
6.438338444808436867e-01
6.128608021292843988e-01
4.307735400378903123e-01
2.777872382317853606e-01
-9.767517628588412437e-02
3.684570972434658143e-01
5.991739829516204985e-01
5.621799346981517509e-01
5.472722274661483421e-01
5.925162462647312056e-01
5.294835165472355776e-01
-5.788935996729556166e-01
-8.435642994530980765e-01
3.641491421887844693e-01
7.134566438970910696e-01
5.933523566407297167e-01
6.394920596930742107e-01
6.955870939000063924e-01
7.168189151551915828e-01
6.224804312571086129e-01
-4.306104592137439679e-01
-1.723954732873936857e+00
2.689366158192104672e-01
8.759440011967779549e-01
9.210263320768365958e-01
8.155100810125140987e-01
8.095490580171013084e-01
7.935660386591618654e-01
7.287548225352435960e-01
5.187854481846471133e-01
5.036898274985730506e-01
4.716975498846615045e-01
4.068576227157277847e-01
4.284500169162448469e-01
3.887958652962453243e-01
3.892662775475053127e-01
4.300981483106736114e-01
5.068953145812001848e-01
5.293186228657194015e-01
5.914461480918898895e-01
5.952518842334952875e-01
6.209315445524478116e-01
7.031233323987189365e-01
6.714344071593941754e-01
6.510708694731243140e-01
6.588622064195160943e-01
6.779876973243731397e-01
6.660194923848846704e-01
6.763294375825558147e-01
