-2.014110046132154164e+00
-2.011449443328274800e+00
-2.015588492180446334e+00
-2.013337098664666591e+00
-2.011559923464286470e+00
-2.007935661335241484e+00
-2.015689949476794585e+00
-2.013548445450789259e+00
-2.011621612548245785e+00
-2.008606115065071140e+00
-2.003953659927926623e+00
-1.996929184139719426e+00
-1.991047597328031049e+00
-1.987567032995307459e+00
-1.980762094844480181e+00
-1.968555274901839347e+00
-1.948111740355015442e+00
-1.914266511931459247e+00
-1.853608459959779964e+00
-1.709129793279719589e+00
-1.167641001603214601e+00
-2.910687856945195939e+00
-2.290788413408659796e+00
-2.223493348907782163e+00
-2.201248205380342604e+00
-2.173465391012438630e+00
-2.218788323471295509e+00
-2.488116717486906992e+00
-2.848696783274853317e+00
-2.611758217753313183e+00
-2.346797092671998097e+00
-2.206321870269769114e+00
-2.150045717043885141e+00
-1.940110369918066846e+00
-2.003016465196571172e+00
-2.005489959733550265e+00
-2.002624830182562654e+00
-1.998754938749850218e+00
-1.993847738776576506e+00
-1.988205425386493586e+00
-1.984898123927763214e+00
-1.981478762125127968e+00
-1.974698624324879193e+00
-1.960934241233625031e+00
-1.930789539300797664e+00
-1.858041400237414820e+00
-1.790438776961272405e+00
-1.815330502657428458e+00
-1.807257495193794750e+00
-1.716782000229702732e+00
-1.221521846108376552e+00
-3.672896027843944644e+00
1.870306493661215486e+00
-1.904560269248685378e+00
-1.950032460915597898e+00
-1.939201614830142306e+00
-1.903743353389904414e+00
-1.836450520115089580e+00
-1.726251212520402811e+00
-1.266342874679335484e+00
-3.182686049345289536e+00
-2.396489342058009342e+00
-2.497626396024088979e+00
-2.027834495352776045e-01
-1.217219226197269855e+00
-3.520658322573573251e+00
-2.313609482062449096e+00
-2.180893399138535749e+00
-2.131387863555285200e+00
-2.108501776734282629e+00
-2.103660695737412212e+00
-2.106492394715187899e+00
-2.103133081690979456e+00
-2.094547336602978760e+00
-2.088369350025458093e+00
-2.084084366098444718e+00
-2.078029345558619401e+00
-2.070670144889280806e+00
-2.066035685158561286e+00
-2.065884055657319252e+00
-2.064692557695138930e+00
-2.060858580453702515e+00
-2.058912314448275271e+00
-2.057695860639763286e+00
-2.054181190819359237e+00
-2.049349517938006127e+00
-2.043785844179037081e+00
-2.038352558905306644e+00
-2.034262707653939017e+00
-2.030746897382172289e+00
-2.027378712960103968e+00
-2.024257794577622782e+00
-2.021467560325146184e+00
-2.018888640008997815e+00
-2.016274999106288046e+00
-2.013657810411867199e+00
-2.011102865896049696e+00
-2.008685934556329045e+00
-2.006492175342526885e+00
-2.004277528476618109e+00
-2.001912616069741357e+00
-1.999364241783288865e+00
-1.996527031681568864e+00
-1.993641563001617545e+00
-1.990657716667908694e+00
-1.988002791933717317e+00
-1.986352533886345917e+00
-1.985460733423157542e+00
-1.985146575943527392e+00
-1.984547138808696598e+00
-1.982587458523038304e+00
-1.978628077188083090e+00
-1.972748286972033638e+00
-1.954695245153030170e+00
-1.828182845127401812e+00
-2.547427419450068342e+00
-2.625786727446666191e+00
-1.516894451705636637e+00
-1.794566446583707231e+00
-1.791637411776793476e+00
-1.845718995578430111e+00
-1.916805398740472288e+00
-1.946460055476267881e+00
-1.957090260804559945e+00
-1.959528321428090303e+00
-1.953782826602060929e+00
-1.949923344341826681e+00
-1.956701413203101314e+00
-1.963189193496645224e+00
-1.966953674015387898e+00
-1.969692914397156436e+00
-1.971423491787286375e+00
-1.964194385735599901e+00
-1.937813723949399769e+00
-1.916456811756869216e+00
-1.931636088172635102e+00
-1.944581390089184847e+00
-1.952058113510486859e+00
-1.957947700422561610e+00
-1.962511601752962687e+00
-1.965107385856060151e+00
-1.959295411117885077e+00
-1.924001072576612570e+00
-1.868911709127693666e+00
-1.897128470430978320e+00
-1.926789725105253037e+00
-1.942486876710364463e+00
-1.950853459422353220e+00
-1.956086047935624794e+00
-1.959576879908077274e+00
-1.960787031667837077e+00
-1.960436846586338655e+00
-1.959455298505583531e+00
-1.957661957320231183e+00
-1.955580455553955543e+00
-1.953326254425002295e+00
-1.950765612882185529e+00
-1.948548559343761477e+00
-1.947259954860366182e+00
-1.946701181353013066e+00
-1.946638278998681582e+00
-1.946735363869390056e+00
-1.946741614375671281e+00
-1.947204500213393752e+00
-1.947699913256578430e+00
-1.947795978370670422e+00
-1.947508094059419603e+00
-1.946852257552771359e+00
-1.946055918175545685e+00
-1.945276941888986810e+00
-1.944642094081910910e+00
-1.944137814043143564e+00
-1.943712946531006569e+00
-1.943273367358438808e+00
-1.942705154204279694e+00
-1.941936897512767546e+00
-1.940962911058910834e+00
-1.939835080186540717e+00
-1.938654338871152571e+00
-1.937461834941590411e+00
-1.936269455019047792e+00
-1.935139171561681248e+00
-1.934124027485738750e+00
-1.933293693647383460e+00
-1.932706783286249674e+00
-1.932207131426129987e+00
-1.931695234219872104e+00
-1.931085508271752627e+00
-1.930356472271076207e+00
-1.929510316036430639e+00
-1.928512947509018582e+00
-1.927428934621810974e+00
-1.926348509621198080e+00
-1.925343011937581839e+00
-1.924445078058259817e+00
-1.923728306923069287e+00
-1.923163091101425470e+00
-1.922670697926647465e+00
-1.922147013853799935e+00
-1.921442310098368189e+00
-1.920499065887637968e+00
-1.919394335133182139e+00
-1.918215561080188314e+00
-1.917002335564297555e+00
-1.915828407490691498e+00
-1.914781279833860594e+00
-1.913886074552755279e+00
-1.913026918047414870e+00
-1.912128966114593043e+00
-1.911207916131153928e+00
-1.910185667561610678e+00
-1.909025528141786499e+00
-1.907782960185059551e+00
-1.906524039557172090e+00
-1.905294049802822354e+00
-1.904121537291579180e+00
-1.903088190226052356e+00
-1.902207747726285092e+00
-1.901386101921632710e+00
-1.900505147164342379e+00
-1.899489688866441206e+00
-1.898329261596014339e+00
-1.897086458023342415e+00
-1.895826653035899589e+00
-1.894548332708371419e+00
-1.893267857296709877e+00
-1.892003763450433640e+00
-1.890787496026800962e+00
-1.889677253207495466e+00
-1.888679320546243989e+00
-1.887743425557475874e+00
-1.886790077115481301e+00
-1.885775249013685428e+00
-1.884660127561530674e+00
-1.883456554836763885e+00
-1.882159222137449017e+00
-1.880780215830692326e+00
-1.879409294130940600e+00
-1.878085883996654992e+00
-1.876855782363537894e+00
-1.875776320928272067e+00
-1.874798330969878801e+00
-1.873877156659513599e+00
-1.872879792956569700e+00
-1.871667331868306583e+00
-1.870280655809588355e+00
-1.868773070993607455e+00
-1.867217562381068507e+00
-1.865673036264425377e+00
-1.864197838298405463e+00
-1.862872544881490899e+00
