-1.094262231141325016e-02
5.401650401984464840e-03
5.359154800616486997e-02
3.506704604696687932e-02
3.256305435277787041e-02
-3.475161186422234122e-02
-8.870129611280195281e-01
-1.232702037118686089e+00
-3.273117189145154926e-01
1.241763609507973709e-01
2.507245794997939314e-01
2.424954374133154456e-01
-8.433863976095477832e-02
1.668897496766005850e-03
8.436444795436304211e-02
1.298569070240449819e-01
1.241782760434533284e-01
1.113848630428263542e-01
9.305319501724024223e-02
8.943435882367870016e-02
6.061229106166547004e-02
1.063793276861564469e-01
8.506358781983733297e-02
3.637062337152031227e-02
4.675192837193514750e-02
5.390332576423688404e-02
-7.581015593413531484e-02
-4.019180602424633070e-02
7.578120865786470983e-03
2.974006777668238705e-02
5.529344619869745736e-02
8.095031090045695654e-02
6.314504391623529389e-02
-1.003878208523337978e+00
-2.997131974832519141e+00
-7.211055016527201378e-01
-4.187601203343871425e-02
-1.153938793508776373e-01
2.058280788000075301e-01
-2.412449491780904731e-02
-2.773550272101714675e-01
-3.364998498048588083e-02
1.506742992940185155e-01
4.297727465354667098e-01
4.918314755643833913e-01
4.513508889989764628e-01
-4.357219749636372791e-02
-4.077458308461873876e-02
6.644448495168808755e-02
2.074882653794314913e-01
2.319938641584320949e-01
2.055345530961368850e-01
-2.603854762272344581e-01
-1.392255871053281746e+00
-2.116180532949648030e-01
2.238146036533970595e-01
3.584178489506864573e-01
2.270400396992490188e-01
1.882183551469000515e-01
2.790312606823939223e-01
2.602602032855138026e-01
2.284631037616980387e-01
-1.958989359163048338e-01
-2.625934170794598788e-01
1.203747894283558051e-01
2.927228903950784833e-01
3.343776374251457018e-01
3.393816492424114872e-01
3.397895539153746314e-01
2.646637715853400463e-01
5.737097243194533291e-02
6.883780018048606120e-02
1.687818467724755689e-01
1.976987379071360740e-01
1.378528570229679839e-01
1.499839197270065871e-01
2.038745501045596820e-01
2.359514963265878229e-01
1.282982670561556571e-01
1.701743792240767439e-02
1.503355016123867072e-01
1.430595946737099333e-01
5.851528077313011833e-02
8.940752288689685079e-02
1.727016978613708786e-01
1.916031270965525557e-01
2.823869643641910843e-01
2.871608050149592195e-01
2.206276864752119427e-01
2.549825411643702466e-01
2.485493949788852575e-01
2.512739658717998981e-01
1.721995317149954963e-01
1.407913697144339560e-01
1.870921236120364484e-01
2.121177799728038160e-01
2.110762557040301857e-01
2.684605111273786759e-01
3.049620020082880467e-01
2.449208607687085870e-01
2.284222058350251772e-01
1.790538741191606276e-01
1.445208405468030033e-01
1.597309097200807770e-01
1.258340802375152723e-01
1.997455725627973189e-01
2.714561272030561745e-01
3.264507449560367647e-01
3.965302091625629299e-01
3.427870182532894994e-01
2.094348897817638055e-01
4.297690789261801592e-02
-2.591595984188282964e-02
-7.552650998735827015e-01
-1.219731212343802662e+00
-3.521757715612969242e-01
1.773957655587826976e-01
3.856732361677083221e-01
9.623770172518714139e-02
-6.441083401624742022e-02
3.734911898704793565e-01
5.971533353334083083e-01
5.911634525917867089e-01
4.328249561175840920e-01
2.902109162151941812e-01
-1.001947651735916045e-01
3.352099616145423067e-01
5.920133032392268513e-01
5.831868270083915284e-01
5.835073331868014801e-01
6.496692229608760361e-01
6.123579730314763214e-01
-5.593769607087897278e-01
-9.023794219750879142e-01
2.682856030177359075e-01
6.651455959883305624e-01
5.940475818188054591e-01
6.617708265541588641e-01
7.519949721540890586e-01
8.075172501868081998e-01
7.261134607899674132e-01
-4.012985512648186703e-01
-1.791480004691455186e+00
1.284901647912957134e-01
7.844354244400054688e-01
9.373659045260542833e-01
9.001697230260194971e-01
8.839350348508528965e-01
9.142368590892453462e-01
9.195472353678832977e-01
7.178980139936339544e-01
6.875508405186384620e-01
6.176210255723145748e-01
5.265792019542039348e-01
5.386455416240807370e-01
4.796943266676514384e-01
4.609871847232081543e-01
5.159657663581808107e-01
6.093004435889513015e-01
6.586526845149525133e-01
7.312948229692327606e-01
7.434644234867558987e-01
7.697996465170654501e-01
8.871018316886228883e-01
8.640318330056206975e-01
8.765890371036901829e-01
8.408866441258440183e-01
8.317452418402293546e-01
8.288728013864573585e-01
8.416244384444916404e-01
8.689779405494963971e-01
9.080453689124974304e-01
9.446093105693154079e-01
9.607481994380565604e-01
9.621779995451555934e-01
9.488801854219333087e-01
9.363003712762113517e-01
9.260742159608966739e-01
9.316289379510479529e-01
9.302432106931589617e-01
9.370226628031170790e-01
9.374497174899663055e-01
9.475032856432566986e-01
9.735417656096410077e-01
1.010458861543517717e+00
1.010516282206494143e+00
1.022381361820378309e+00
1.001338917734672762e+00
9.991936162176795477e-01
9.757485381787784906e-01
9.572906114942902889e-01
9.364612250572320606e-01
9.318761153874730585e-01
9.350766124255656120e-01
9.462490475791914823e-01
9.769071359291725543e-01
9.919901434290324671e-01
1.007330904291111162e+00
9.978212604039189415e-01
9.673593802323410262e-01
9.306358381173863714e-01
9.143781590228635681e-01
9.012683642418778396e-01
8.935179491813455277e-01
9.003758194212746480e-01
9.204612030525182176e-01
9.412382430847794357e-01
9.352034459395595078e-01
9.328589517056462554e-01
9.296500271833848528e-01
9.038531782568087758e-01
8.822985973862245146e-01
8.663739367100137256e-01
8.608449174618679756e-01
8.581459646492300974e-01
8.624251906858222405e-01
8.851923307672600050e-01
9.006415809176528953e-01
9.025324244632155768e-01
8.854321127902222699e-01
8.613303606143594138e-01
8.340095406148668733e-01
8.204988896227700668e-01
8.101445685948663877e-01
7.964348414850012103e-01
7.896403113011069008e-01
7.821915178919629508e-01
7.844596133591861253e-01
7.951927279889456912e-01
8.040582940616378682e-01
8.048399406854231941e-01
7.934871892014633277e-01
7.804611750823914340e-01
7.567209443876196096e-01
7.430142292844786889e-01
7.168275727265779329e-01
7.024710604451446239e-01
6.990014518401744814e-01
6.970633729496036324e-01
7.077148200264060662e-01
7.254083039960396162e-01
7.341527033958201720e-01
7.466101874398995975e-01
7.226625493740087558e-01
6.919724430746443389e-01
6.699243270872820011e-01
6.479010749643483447e-01
6.409722824923466122e-01
6.344725303092185742e-01
6.425782308833343226e-01
6.597082881656297637e-01
