-2.560967856219252159e+00
-2.556720838891473058e+00
-2.553429072347037643e+00
-2.549144279535214164e+00
-2.544044908967972862e+00
-2.534970180433694598e+00
-2.589862788214841505e+00
-2.564193023152281370e+00
-2.556054892336860895e+00
-2.545158795069785373e+00
-2.526834897926530488e+00
-2.493262399604567303e+00
-2.463452790885122035e+00
-2.450921189683052948e+00
-2.412180471530728010e+00
-2.301852991926167658e+00
-1.808935307218438648e+00
-4.080339451089314728e+00
-2.994081124078917355e+00
-2.829650628697925274e+00
-2.766327715494443673e+00
-2.719930488563663484e+00
-2.686208215281426614e+00
-2.668704066438172262e+00
-2.655048879526115346e+00
-2.640978818431817032e+00
-2.637889367691717446e+00
-2.641010748127222030e+00
-2.634048683587637996e+00
-2.620046244106266631e+00
-2.604776044385260114e+00
-2.590705451598004583e+00
-2.579244509539527996e+00
-2.637913461112884494e+00
-2.557711564732946474e+00
-2.552684636597779111e+00
-2.542419248484064642e+00
-2.529379544685720127e+00
-2.511940424686381235e+00
-2.490396424649384599e+00
-2.478059976321669300e+00
-2.464793170612059825e+00
-2.434285039497642966e+00
-2.350723645644766435e+00
-1.881125481419963830e+00
-3.354078991791248132e+00
-3.043720057449477601e+00
-3.188062936328520003e+00
-3.156373494506721666e+00
-2.935912140879724408e+00
-2.800132859256676987e+00
-2.737464203950874531e+00
-2.746157688580030509e+00
-1.239164702041559707e+00
-2.367051148562568930e+00
-2.230428430478951896e+00
-4.910930224101881514e+00
-2.863637647098074002e+00
-2.748151447238128764e+00
-2.693310175189619571e+00
-2.658023309715364046e+00
-2.636360837257696765e+00
-2.630299019884108525e+00
-2.636216991977791579e+00
-2.630529355414317205e+00
-2.611010233468874731e+00
-2.594037964616165315e+00
-2.581039539618761758e+00
-2.570543111205568110e+00
-2.561430501524232906e+00
-2.552451465798398100e+00
-2.542830836782575599e+00
-2.533638042546888514e+00
-2.526026238720058714e+00
-2.518377083584560250e+00
-2.510258162563657081e+00
-2.503309707140934925e+00
-2.497871100484714724e+00
-2.491187613860987415e+00
-2.481502017352354539e+00
-2.472861289428816001e+00
-2.465015456306441255e+00
-2.453455366410895788e+00
-2.441209809618962723e+00
-2.434537595328588822e+00
-2.431996571232397208e+00
-2.432618207634361429e+00
-2.434388635053419403e+00
-2.431832077847936979e+00
-2.427876962551360318e+00
-2.425323611474760277e+00
-2.422579110322280460e+00
-2.417666139008345372e+00
-2.410234579499622054e+00
-2.403054520911194203e+00
-2.395795474835020755e+00
-2.387694539096655522e+00
-2.382689699477443579e+00
-2.381584986235976142e+00
-2.378234093397464832e+00
-2.372858859628359074e+00
-2.366504211437365779e+00
-2.358303884030820363e+00
-2.350755997139487796e+00
-2.343164374251020643e+00
-2.338291477115955530e+00
-2.339310457813046806e+00
-2.343494002628502493e+00
-2.348097047190680353e+00
-2.350077321077690851e+00
-2.346813096279463107e+00
-2.337027359370457802e+00
-2.322230295417332613e+00
-2.282632255619627681e+00
-2.178207420140061412e+00
-2.073899321523481110e+00
-2.104032949674755404e+00
-2.173404230543153126e+00
-2.207114652261805698e+00
-2.207488856189674387e+00
-2.224238905784418741e+00
-2.260929245411992472e+00
-2.289965909018270906e+00
-2.304371678151095004e+00
-2.306188926241933945e+00
-2.292569461758446892e+00
-2.284104404560772572e+00
-2.294649934318494289e+00
-2.306010194280792458e+00
-2.313145941160699604e+00
-2.318739131081852367e+00
-2.321612958545304028e+00
-2.299800114077696467e+00
-2.242158144718363832e+00
-2.209523859209328478e+00
-2.229908276020202251e+00
-2.250160141942763037e+00
-2.263785348180296086e+00
-2.276289151749605555e+00
-2.286657909336622385e+00
-2.292754881136565448e+00
-2.275540480447581615e+00
-2.195116249265475883e+00
-2.122013381754411121e+00
-2.155864898968089971e+00
-2.199089065792384723e+00
-2.225972836678886679e+00
-2.244634593522389920e+00
-2.258788397641367851e+00
-2.266091189052669819e+00
-2.265353482753035053e+00
-2.260675604487516477e+00
-2.256327879338841935e+00
-2.251279324343880894e+00
-2.245773434594177775e+00
-2.240100372235168447e+00
-2.234238316638944344e+00
-2.228967656078801873e+00
-2.225107609678409037e+00
-2.222012620208435596e+00
-2.220140417435024105e+00
-2.219256027007515897e+00
-2.218835535726928043e+00
-2.219576785265866992e+00
-2.220076502691355369e+00
-2.218812959329173662e+00
-2.216596731410122700e+00
-2.214616844115579131e+00
-2.212660829956510700e+00
-2.210664287690494945e+00
