-1.263057453594010396e-06
-6.409800680096126330e-06
-3.391401576324246376e-06
2.666099139384542422e-05
7.636221027879525622e-05
1.325810007054105530e-04
6.736515584834127464e-05
-5.130399391091604094e-04
-1.661876889744334698e-03
-2.897286845901419876e-03
-3.921624216359397702e-03
-4.676787934515621095e-03
-5.234780990515348204e-03
-5.755477009889650893e-03
-6.228101982583420654e-03
-6.609222825811313963e-03
-6.883598398792804655e-03
-7.063936096915317611e-03
-7.169176611244429398e-03
-7.216597784423183469e-03
-7.218091631469831550e-03
-7.184741303880833388e-03
-7.104483176605377003e-03
-6.991940675077903608e-03
-6.871121193749126117e-03
-6.740530116303954968e-03
-6.610765743303470207e-03
-6.531061606955088084e-03
-6.484944659069550969e-03
-6.440827644260024333e-03
-6.381440273972856930e-03
-6.292984306125647131e-03
-6.168106218467461592e-03
-6.139948888263674527e-03
-6.882929743523398536e-03
-8.981610683845463877e-03
-1.138964483077853189e-02
-1.358035888382634788e-02
-1.553173306649934145e-02
-1.718579091245608231e-02
-1.868847044535026924e-02
-2.016623445227957306e-02
-2.152174900200903504e-02
-2.263780627779935981e-02
-2.340290509424756971e-02
-2.381502688596728520e-02
-2.398705762982638462e-02
-2.416078423811761702e-02
-2.436160041274486668e-02
-2.451660267789123812e-02
-2.455394671948225513e-02
-2.446522047586967633e-02
-2.432680359856608313e-02
-2.447396766878524171e-02
-2.525548295818696651e-02
-2.613384190337314852e-02
-2.678529647165204045e-02
-2.716330850417895959e-02
-2.735673886674366492e-02
-2.740966423932499410e-02
-2.730649589967002605e-02
-2.706902518598366947e-02
-2.677664651403557222e-02
-2.662519207141069918e-02
-2.661583720302205386e-02
-2.654908848248819370e-02
-2.631760816367265457e-02
-2.590931681106108109e-02
-2.534118981518476005e-02
-2.464072213832183000e-02
-2.387871756188485531e-02
-2.315416911414722514e-02
-2.246120328775044056e-02
-2.174526853679133176e-02
-2.099266339113637497e-02
-2.022839302895775709e-02
-1.944681850102152748e-02
-1.862104189044535077e-02
-1.774958165194586573e-02
-1.689338531354068335e-02
-1.609137604525748971e-02
-1.528922568700839639e-02
-1.448665763867858225e-02
-1.371682864834783584e-02
-1.296016698314793499e-02
-1.217409631037570140e-02
-1.133642290443883163e-02
-1.041311184846566498e-02
-9.412624434842961629e-03
-8.368697205632165403e-03
-7.278159426254524923e-03
-6.144941370684421644e-03
-4.981811868879070307e-03
-3.828367175357017156e-03
-2.697184621837494731e-03
-1.564101497179305354e-03
-4.135207833654674491e-04
7.613110244535578608e-04
1.986327818477885698e-03
3.269414203804501921e-03
4.579320314420974938e-03
5.895128876301210762e-03
7.190690027020780160e-03
8.452263378573810979e-03
9.684692808472280395e-03
1.088786105590042359e-02
1.210253280556332703e-02
1.337094095803531384e-02
1.472387434620896045e-02
1.617886594149292936e-02
1.769092572349623485e-02
1.917236084665786822e-02
2.053751827910776928e-02
2.167456350746442204e-02
2.224326074790630367e-02
2.215316362402121320e-02
2.187878024169748192e-02
2.176882982864297364e-02
2.189559387488348302e-02
2.209590009708000541e-02
2.231000965384963633e-02
2.273221718906561634e-02
2.346910444645257734e-02
2.447773934641056179e-02
2.563854380482499459e-02
2.681418968166834199e-02
2.787781103817309897e-02
2.902863301635780213e-02
3.040781178992170777e-02
3.200669916437578338e-02
3.380537812142049570e-02
3.580507356252446427e-02
3.783862562848698541e-02
3.936300713840280852e-02
4.033164151704738548e-02
4.133732749235339426e-02
4.264360686844734238e-02
4.421909528829358338e-02
4.605773234876012895e-02
4.817608155803004139e-02
5.056189600522068700e-02
5.302368502033221603e-02
5.490689157500968504e-02
5.581793926675529538e-02
5.665883903243705555e-02
5.791346529771473212e-02
5.963894407561089184e-02
6.176271971336059347e-02
6.422379540958922384e-02
6.699224836469834521e-02
7.001427043705711617e-02
7.317364970288853243e-02
7.641999247359393399e-02
7.970640141406358514e-02
8.299057369118680028e-02
8.626883794656209359e-02
8.952077744411697513e-02
9.274663004644381759e-02
9.598538780779798663e-02
9.928811184348730612e-02
1.026858734468513445e-01
1.062043702862408706e-01
1.098441568976446930e-01
1.136171139354545390e-01
1.175580835791980999e-01
1.216502253616403434e-01
1.258759618025242222e-01
1.302065464569069075e-01
1.346261293691899119e-01
1.391306480650810196e-01
1.437278630925363787e-01
1.484305165961964379e-01
1.532478774575004865e-01
1.581852855128567936e-01
1.632381204854304046e-01
1.683941082438742409e-01
1.736361456979988449e-01
1.789492111214480985e-01
1.843237253229565997e-01
1.897578845597683583e-01
1.952497984979471579e-01
2.008014463343178457e-01
2.064196116409809378e-01
2.121159598569085369e-01
2.179086068138582355e-01
2.238143826674620362e-01
2.298342282539440062e-01
2.359666425830463932e-01
2.421996331754501797e-01
2.485254605310693032e-01
2.549305963984158652e-01
2.614041825263524466e-01
2.679417293015569634e-01
2.745468875096996886e-01
2.812273768417772324e-01
2.879952173281501437e-01
2.948674096464766192e-01
3.018534405445477131e-01
3.089571561434688030e-01
3.161687244958832355e-01
3.234676826661431748e-01
3.308337653816639246e-01
3.382563777259816606e-01
3.457297990925041198e-01
3.532531831103759012e-01
3.608337932492148292e-01
3.684847325503617377e-01
3.762155863023933788e-01
3.840237475680764456e-01
3.919060354005585722e-01
3.998571408411045192e-01
4.078634682208586715e-01
4.159139885804383763e-01
4.240031137116411220e-01
4.321311597159778195e-01
4.403011113270182131e-01
4.485206063171456314e-01
4.568038751976544742e-01
4.651601642213722410e-01
4.735889045099984096e-01
4.820795914464061638e-01
4.906182331269258179e-01
4.991927135637688751e-01
5.077984616561586062e-01
5.164334637346024159e-01
5.250954093166732006e-01
5.337846093891491783e-01
5.425025018819661371e-01
5.512553165726065130e-01
5.600525889218688214e-01
5.689015309319828129e-01
5.778034521116194311e-01
5.867533085558215289e-01
5.957435683378675684e-01
6.047638322210461270e-01
6.138065654731105214e-01
6.228618786250313955e-01
6.319260371988858482e-01
6.410013918822692336e-01
6.500927282368259563e-01
6.592101825666841775e-01
6.683649057394409621e-01
6.775617401319488087e-01
6.868011549219987799e-01
6.960678650248091071e-01
7.053435845315343400e-01
7.146157322964736824e-01
7.238759457604569958e-01
7.331231503708042219e-01
7.423594280634905340e-01
7.515936251309734972e-01
