-2.806430311408572909e+00
-2.794970224880291898e+00
-2.811869677754287533e+00
-2.803027986346743994e+00
-2.795634601292403598e+00
-2.779009156707772377e+00
-2.812093514216721157e+00
-2.803917931811131581e+00
-2.795842224151898314e+00
-2.782376784253438817e+00
-2.759969791939491657e+00
-2.722914344276447629e+00
-2.694709996596037271e+00
-2.683180525615418865e+00
-2.651097525070964966e+00
-2.585905792413256243e+00
-2.464933087529232125e+00
-2.238001015421328788e+00
-1.742254527999661740e+00
3.379253596038467311e-01
-1.427725676345842309e+01
-4.472096091175867372e+00
-3.646425404631864708e+00
-3.531238162374251921e+00
-3.509053420086874375e+00
-3.428076343549176563e+00
-3.729661553604548985e+00
-7.547913805006077226e+00
4.615834930708758321e+01
-8.627505322095215590e+00
-4.482951565566223096e+00
-3.609297380945861278e+00
-3.351445475035411015e+00
-2.592193808924220022e+00
-2.769620651578010850e+00
-2.774978659515782820e+00
-2.761062688871394055e+00
-2.742631097548041907e+00
-2.718945460890715982e+00
-2.691917603417858018e+00
-2.678945876624605038e+00
-2.665214313983056194e+00
-2.633320292498074533e+00
-2.561459052659637692e+00
-2.378250907987819573e+00
-1.760399053721983575e+00
-1.296277697151849484e+00
-1.842060520821442449e+00
-1.897589380287079130e+00
-1.457962125249376406e+00
2.293904583831299249e+00
-6.570471992400915617e+00
6.690689194686981978e+00
-2.454609268775266084e+00
-2.587749709626359085e+00
-2.532747906022624118e+00
-2.368612109898250662e+00
-2.034522698324224166e+00
-1.452661804226862197e+00
2.277384400295939137e+00
-5.656750811456115358e+00
-4.118281761401754615e+00
-4.882928861461993009e+00
-1.009752966203703028e-02
-9.576325077081081494e-01
-2.150455321029698652e+01
-4.027599609438470729e+00
-3.459445402664350411e+00
-3.266035637186655016e+00
-3.182099742059366854e+00
-3.177179706633529221e+00
-3.207292861344278379e+00
-3.198222114247567305e+00
-3.157578907510210975e+00
-3.131219729280671160e+00
-3.114623987312624465e+00
-3.086976178646089863e+00
-3.052376424491437312e+00
-3.033642125852870741e+00
-3.039710125004772223e+00
-3.037797971329106339e+00
-3.019744146454718781e+00
-3.013577395455180330e+00
-3.011260252733412024e+00
-2.994247476906186201e+00
-2.970192916795197036e+00
-2.942896193799884319e+00
-2.917438647141230135e+00
-2.899942359713362450e+00
-2.885314433366051645e+00
-2.871174792775692097e+00
-2.858185043840022033e+00
-2.847036068743270754e+00
-2.837134437696220424e+00
-2.826769688060081442e+00
-2.816029188235568803e+00
-2.805519825614451790e+00
-2.795496232062799624e+00
-2.786285411506934651e+00
-2.777051054069588965e+00
-2.767289124768111286e+00
-2.756813526554471760e+00
-2.745189802471417195e+00
-2.733508097046519758e+00
-2.721491780963644302e+00
-2.711162151737132042e+00
-2.705339946809258933e+00
-2.702484192179363198e+00
-2.701640066729503076e+00
-2.699021069052688127e+00
-2.690264543542812525e+00
-2.672706802766769307e+00
-2.646727233106082267e+00
-2.556668421703523819e+00
-9.205379299755543920e-01
-3.498769509392689159e+00
-3.820462073651337498e+00
-6.376211853745635816e-01
-2.077088348984169386e+00
-2.061280343682264427e+00
-2.258890962198242036e+00
-2.495026247603074232e+00
-2.586124657154125650e+00
-2.614937450767155447e+00
-2.616792166932707886e+00
-2.587489362001226034e+00
-2.568965252116930387e+00
-2.597138974086882435e+00
-2.621766831169431988e+00
-2.634416902530203775e+00
-2.643143300833150633e+00
-2.647984634550607730e+00
-2.612920480297981740e+00
-2.479476501216786311e+00
-2.379577841916127756e+00
-2.481158070405321325e+00
-2.544644786483843291e+00
-2.575839973600661192e+00
-2.598332971726797336e+00
-2.614725318692720180e+00
-2.622847207861261687e+00
-2.593872880617237087e+00
-2.410613744407618775e+00
-2.096902194619906012e+00
-2.327357646881609732e+00
-2.477993857610541806e+00
-2.542672647513611217e+00
-2.573140219480777091e+00
-2.590744647655249366e+00
-2.601771142702607342e+00
-2.603729927857817206e+00
-2.599805406639162264e+00
-2.593877312271251068e+00
-2.584916177981686491e+00
-2.575310528888732797e+00
-2.565383204444115606e+00
-2.554443250507090202e+00
-2.545538077496087404e+00
-2.541163331469081577e+00
-2.539949301653469327e+00
-2.540646803375309126e+00
-2.541636887352089147e+00
-2.541912737056676530e+00
-2.544148467681890846e+00
-2.546231211757780777e+00
-2.546361957071842763e+00
-2.544749048221564003e+00
-2.541592260098255451e+00
-2.537982415462399111e+00
-2.534623455505149892e+00
-2.532033063641870196e+00
-2.530062944066102659e+00
-2.528432849966014473e+00
-2.526689177860837354e+00
-2.524331105033658318e+00
-2.521076561998158994e+00
-2.516954422095802002e+00
-2.512238186090913317e+00
-2.507405291939121206e+00
-2.502612872730213933e+00
-2.497891864991423017e+00
-2.493505510159099714e+00
-2.489663184030499909e+00
-2.486646737967527443e+00
-2.484672931780373073e+00
-2.482959660447587424e+00
-2.481086810086717165e+00
-2.478692314052590717e+00
-2.475749038077455388e+00
-2.472294413007279257e+00
-2.468206823239130987e+00
-2.463808609781084957e+00
-2.459513092976690629e+00
-2.455614487959225656e+00
-2.452220380768658003e+00
-2.449631771279098480e+00
-2.447654234282786945e+00
-2.445913631368718200e+00
-2.443941341630041286e+00
-2.441100154305751779e+00
-2.437204296800997483e+00
-2.432672253135955920e+00
-2.427914475686226758e+00
-2.423097036942220672e+00
-2.418535931197983047e+00
-2.414590079533235567e+00
-2.411316686580970092e+00
-2.408141696535872178e+00
-2.404745858654045332e+00
-2.401227765745690412e+00
-2.397243633503857829e+00
-2.392669979632164878e+00
-2.387789582426513402e+00
-2.382906052309544886e+00
-2.378203446394983267e+00
-2.373785619368655730e+00
-2.369996169149929610e+00
-2.366845137611350403e+00
-2.363877845097908104e+00
-2.360574670532258779e+00
-2.356646562216599072e+00
-2.352098745524408230e+00
-2.347250754759380165e+00
-2.342394911068106822e+00
-2.337505992127838716e+00
-2.332649346243544475e+00
-2.327892879556924477e+00
-2.323365571028719323e+00
-2.319305107246437014e+00
-2.315705032823031750e+00
-2.312319715880031268e+00
-2.308799188087615306e+00
-2.304978587599755713e+00
-2.300714622367120654e+00
-2.296097094852442400e+00
-2.291113094464485300e+00
-2.285836378925593770e+00
-2.280664648610517098e+00
-2.275743360694147732e+00
-2.271247635330620795e+00
-2.267392265082662117e+00
-2.263917213022646813e+00
-2.260623308265977904e+00
-2.256928363798667903e+00
-2.252285280800123246e+00
-2.246946926752690921e+00
-2.241175913496898708e+00
-2.235299733464221283e+00
-2.229551270480917502e+00
-2.224157429028058353e+00
-2.219425271648957310e+00
