-2.170794164163817541e+00
-2.164944958585023560e+00
-2.137089575590426449e+00
-2.217838874059729903e+00
-2.187743491571287890e+00
-2.197216864300834072e+00
-2.170359911662855801e+00
-2.166695414591826463e+00
-2.160189718834677031e+00
-2.149108212544606822e+00
-2.131969946743364375e+00
-2.106662795034710101e+00
-2.086454100481044627e+00
-2.074919739761868165e+00
-2.052484905549299299e+00
-2.014773106543918058e+00
-1.958136180977811058e+00
-1.880251691528249447e+00
-1.780391741488539736e+00
-1.642987467741360064e+00
-1.478971177661867920e+00
-1.111267872371092702e+00
3.834013380512666380e-01
2.853426083705600025e+00
3.728287241867838997e+00
2.405842290117116988e+01
8.229016501483088497e-02
-1.292403860513967162e+00
-1.443723798287539051e+00
-1.406732707401677551e+00
-1.244089052185889832e+00
-7.087983657672679572e-01
9.247792156780618722e-01
-1.956531948485879857e+00
-2.120966712164522594e+00
-2.132222714143678921e+00
-2.121394439077642691e+00
-2.106658707125582453e+00
-2.088284304167867145e+00
-2.067735069711307716e+00
-2.056468939710945687e+00
-2.044928976372220042e+00
-2.021702192461863667e+00
-1.976341176533820798e+00
-1.887517323650704126e+00
-1.721638280447731484e+00
-1.620368387543547950e+00
-1.670847426521214762e+00
-1.668233901846470912e+00
-1.574811150713385066e+00
-1.356629030920450063e+00
-9.826002756849885333e-01
-1.254977339230826328e+00
-1.854291978787711015e+00
-1.953607446464477704e+00
-1.923966418216375818e+00
-1.844604677290519357e+00
-1.738696043053276297e+00
-1.634989403899864691e+00
-1.468243773349627190e+00
-1.157802551081224429e+00
-6.476577766860256435e-01
-9.583204194355473549e-01
-1.465756830498240681e+00
-1.533795595777310172e+00
-1.308749063014341019e+00
-5.705747358998309871e-01
5.106791658356724994e+00
-5.566218401157215112e+00
-3.752514049669978924e+00
-3.670905689380175918e+00
-4.015567106058325564e+00
-3.901331286979060842e+00
-3.560582065553467679e+00
-3.413759404814885823e+00
-3.349242174617558021e+00
-3.209112595813126134e+00
-3.039782925627807053e+00
-2.984469391606378696e+00
-3.119145952817819367e+00
-3.226821579349352209e+00
-3.141503230062218766e+00
-3.137212653037253496e+00
-3.184361933670200262e+00
-3.118696649092361994e+00
-2.997854428264474791e+00
-2.851426724871166218e+00
-2.724308338936659801e+00
-2.656186121662302391e+00
-2.609683726029700335e+00
-2.570477044878114903e+00
-2.539856171886984981e+00
-2.527690420291119899e+00
-2.534587635681793127e+00
-2.532800370190533723e+00
-2.508876156574213034e+00
-2.479322412274953091e+00
-2.448413029820698750e+00
-2.415367448838359632e+00
-2.390526061709252303e+00
-2.375346410784542783e+00
-2.367009749552501319e+00
-2.364802117644412505e+00
-2.363536156896547169e+00
-2.363363624755376424e+00
-2.359109816281613092e+00
-2.343656725954538445e+00
-2.322016995604932355e+00
-2.296805604260137912e+00
-2.276130513233099784e+00
-2.265440908130713193e+00
-2.265443003318220683e+00
-2.275622548561006653e+00
-2.418489049147406256e+00
-2.043730649149644307e+00
-2.101761022633983789e+00
-2.091248804911906234e+00
-2.054444039112322873e+00
-2.013727168389835231e+00
-2.011511404132848124e+00
-1.979265766075797073e+00
-1.760638937311477914e+00
-4.829650910956905463e+00
-2.613269794405004731e+00
-2.490655058614646755e+00
-2.611693860401666178e+00
-2.722469614016373551e+00
-2.435434510161625710e+00
-2.322652358188666888e+00
-2.275662574242250269e+00
-2.245914248277292025e+00
-2.225044315755992930e+00
-2.226255951083593310e+00
-2.329676928656631674e+00
-7.225845071332436476e+00
-2.330521055677318820e+00
-2.238434995344211309e+00
-2.209999512116000986e+00
-2.192661818929746431e+00
-2.180262482745317421e+00
-2.170546181978203037e+00
-2.159601751068321640e+00
-2.109499314705536754e+00
-2.437156588300561033e+00
-1.999236744283897416e+00
-2.122888570843397993e+00
-2.136502805651111725e+00
-2.137600793424703660e+00
-2.135581941556223384e+00
-2.132764494521938392e+00
-2.128053051501705539e+00
-2.121737898375816833e+00
-2.114485701808635376e+00
-2.105835476619153823e+00
-2.096798099606695498e+00
-2.087441382042835691e+00
-2.077341416347975311e+00
-2.068222625309480645e+00
-2.061904556916229758e+00
-2.057966420368651406e+00
-2.055255910450930479e+00
-2.052781474369851367e+00
-2.049902501458277015e+00
-2.048340500953686139e+00
-2.046939578781509894e+00
-2.044533777929068208e+00
-2.041896984432190809e+00
-2.039111059000967785e+00
-2.035773442247061915e+00
-2.031894401488917978e+00
