-1.292962066711929692e-06
-6.720148715643976323e-06
-4.107841256706096431e-06
2.687769526528933147e-05
8.041240339221931532e-05
1.437077562424397077e-04
8.501965715342941782e-05
-5.134851391256061576e-04
-1.744009989206386215e-03
-3.135106019079829213e-03
-4.363901983463233485e-03
-5.340833356806760912e-03
-6.114846658971193755e-03
-6.838206570889454952e-03
-7.500542120188222021e-03
-8.055504388608721381e-03
-8.483411847209097745e-03
-8.793664422139661416e-03
-9.004062873529027067e-03
-9.132483425867162982e-03
-9.192394704698540406e-03
-9.197100259684287682e-03
-9.136153600662838201e-03
-9.025352786297026128e-03
-8.891401503062831141e-03
-8.735775758702886418e-03
-8.571332104532817381e-03
-8.451678146595814275e-03
-8.365207294344371297e-03
-8.281730647264225892e-03
-8.183198300651962562e-03
-8.054118409475098661e-03
-7.884973834239484766e-03
-7.810339911088678803e-03
-8.535497347766804466e-03
-1.072630498225453886e-02
-1.337774208130919525e-02
-1.592320099907200762e-02
-1.829492802114227046e-02
-2.039776990946540539e-02
-2.235175887974188980e-02
-2.427615397039083536e-02
-2.606881764404789248e-02
-2.759962820376270914e-02
-2.873842260437741922e-02
-2.946448932198732218e-02
-2.988070314565246036e-02
-3.023612762940890153e-02
-3.057298113862301492e-02
-3.082811742791271084e-02
-3.093128813927951276e-02
-3.087227867637824114e-02
-3.072839536876368141e-02
-3.085057598107360244e-02
-3.163075045839947030e-02
-3.255617787381757250e-02
-3.328312013794764573e-02
-3.373766999608725919e-02
-3.399055949005377886e-02
-3.407794057078190886e-02
-3.397877146414444299e-02
-3.371068394370214244e-02
-3.335347178825501940e-02
-3.311460368847902319e-02
-3.301316120834001111e-02
-3.285421168734228153e-02
-3.252105648555916884e-02
-3.199063277593753446e-02
-3.127215001132668815e-02
-3.038890037673991004e-02
-2.941211235380762623e-02
-2.844822885231336473e-02
-2.750098135143039593e-02
-2.652013151526080859e-02
-2.549240010855879229e-02
-2.444395010974411905e-02
-2.337104420578725930e-02
-2.224676851700564326e-02
-2.106826012909097934e-02
-1.989783157103405462e-02
-1.878001186238319881e-02
-1.766378726586643674e-02
-1.654865536358829728e-02
-1.546947433153870143e-02
-1.440869435199812303e-02
-1.332247332400894081e-02
-1.218522763041164636e-02
-1.095821263827906865e-02
-9.645094316805035220e-03
-8.278016044962527645e-03
-6.853830239115179905e-03
-5.376307204652381287e-03
-3.858730063922238482e-03
-2.343198793094464563e-03
-8.465078779839206244e-04
6.529305214779592553e-04
2.170476537252432822e-03
3.713361958494172145e-03
5.309109049845776168e-03
6.968376670264200996e-03
8.660935343885890064e-03
1.036447794077638603e-02
1.205007855148218510e-02
1.370020355625774580e-02
1.531661936522860264e-02
1.689697034642007045e-02
1.848179509154248765e-02
2.011661139886154748e-02
2.183742104649325638e-02
2.366770704422568872e-02
2.556604457752378878e-02
2.744208936796869308e-02
2.920121598174134359e-02
3.071834886362602435e-02
3.162553552596178430e-02
3.179127866523497048e-02
3.167564279748947415e-02
3.165149427234623114e-02
3.182517176901738382e-02
3.205471860173340209e-02
3.228600553458538247e-02
3.272384781492849309e-02
3.349606122625657656e-02
3.457774568908741214e-02
3.585610899249702666e-02
3.718921853100284197e-02
3.843519373529530325e-02
3.978464886422466290e-02
4.138751963073291490e-02
4.324606172672913057e-02
4.534667269936765166e-02
4.769482598205479484e-02
5.012217498238755869e-02
5.205551199008846830e-02
5.339800843950461701e-02
5.472937986637962937e-02
5.633989304640405621e-02
5.822460563233924913e-02
6.039498130092595118e-02
6.288176143527672568e-02
6.568384726712815647e-02
6.861195696293406754e-02
7.098055086310206541e-02
7.232449893741987879e-02
7.351413993756439336e-02
7.507059761018987365e-02
7.709627420683533294e-02
7.955102713619202626e-02
8.239292045711558987e-02
8.560317296554842414e-02
8.913362079378868430e-02
9.286529621866979056e-02
9.673887671468174576e-02
1.006973223967493614e-01
1.046868121098291082e-01
1.086931816939580298e-01
1.126871939108872456e-01
1.166612526172805808e-01
1.206499152120648621e-01
1.247045252501332996e-01
1.288594726145351754e-01
1.331450842884008556e-01
1.375663932868211592e-01
1.421388098396397515e-01
1.469018978933896435e-01
1.518431187417189632e-01
1.569465112526335915e-01
1.621827501007669092e-01
1.675336449603371525e-01
1.729925653601822322e-01
1.785653968825636484e-01
1.842642239968379780e-01
1.900985944141721506e-01
1.960745473674149753e-01
2.021879528137884574e-01
2.084261573219325092e-01
2.147705398866413262e-01
2.212035953954006595e-01
2.277128337547232317e-01
2.342937690225690428e-01
2.409422960676712300e-01
2.476586307485796612e-01
2.544485081356310241e-01
2.613234477132038158e-01
2.683025470504404875e-01
2.754047600902403969e-01
2.826332461022860176e-01
2.899880757802614228e-01
2.974578630820454705e-01
3.050344805983395413e-01
3.127032684281879638e-01
3.204514574210753364e-01
3.282724585653216676e-01
3.361682541199295660e-01
3.441457035171460177e-01
3.522168563711107203e-01
3.603998371910448473e-01
3.687059757874206478e-01
3.771409665102628539e-01
3.856961182459318072e-01
3.943505592462773768e-01
4.030820268280947971e-01
4.118771711566636129e-01
4.207275420169213076e-01
4.296299054451862554e-01
4.385899075658049040e-01
4.476201948173863521e-01
4.567309009018396537e-01
4.659200389162425071e-01
4.751845751713205668e-01
4.845190002010519303e-01
4.939087878295699841e-01
5.033411682873000226e-01
5.128085677420459731e-01
5.223095779476607525e-01
5.318459874669251297e-01
5.414248809814442565e-01
5.510609129139096840e-01
5.607645827983881448e-01
5.705365800608230842e-01
5.803668770290432155e-01
5.902408418029549964e-01
6.001448170994981846e-01
6.100724023997992074e-01
6.200199654423897977e-01
6.299837756790042098e-01
6.399629696705296800e-01
6.499581471327589011e-01
6.599751696045064175e-01
6.700239148129120137e-01
6.801125125630052004e-01
6.902432926145630754e-01
7.004118097104270468e-01
7.106104846715068923e-01
7.208281657046478053e-01
7.310560530232516063e-01
7.412826253843215474e-01
7.515023405614602581e-01
7.617161544389856598e-01
7.719280695355729138e-01
7.821481919073658418e-01
7.923885162646657765e-01
8.026551365805781879e-01
8.129497000927232708e-01
8.232572566213058884e-01
8.335583905152509354e-01
8.438384844692596864e-01
8.540868391172105056e-01
8.643002614433248354e-01
8.744792871757679498e-01
8.846320099428249817e-01
