7.697108159607449901e-04
2.701159800944277767e-03
7.571276895516040710e-03
1.303631042598266121e-02
1.688328312629197234e-02
1.608607724684145077e-02
-3.958340088773358578e-02
-1.536123472406622781e-01
-2.160448063242236261e-01
-1.958681653734314076e-01
-1.488481030527038507e-01
-1.036259491021093437e-01
-8.554307969960951719e-02
-8.237626703409173246e-02
-6.991847622573199583e-02
-5.158623007999793564e-02
-3.336912721148273253e-02
-1.829256899917644508e-02
-6.265827107846476396e-03
3.436101231947185849e-03
1.040239297373746902e-02
1.810495657135666181e-02
2.620454498652382419e-02
2.981207659878546204e-02
3.169861014133548011e-02
3.456564388942314631e-02
2.989280246873421767e-02
2.152009556247229394e-02
1.933448910816508437e-02
2.159410645760121913e-02
2.653846835442503355e-02
3.380902514913346896e-02
4.042351041546830837e-02
-1.898295061857916549e-02
-2.467324030788645706e-01
-4.123320084489637827e-01
-3.951549006636160821e-01
-3.526872438443661162e-01
-3.034189685929642444e-01
-2.596316595183209008e-01
-2.505000948259740179e-01
-2.418018126512048449e-01
-2.106550277549735506e-01
-1.574046877905714570e-01
-9.243065792156378302e-02
-3.471657512264857137e-02
-1.584574175041060864e-02
-2.405687947288672607e-02
-2.269759161855612259e-02
-5.747120798283208293e-03
1.907145776347534544e-02
4.093331201673526543e-02
3.113550382955503765e-02
-6.913045503582923579e-02
-1.436863141946465583e-01
-1.186667242467284999e-01
-6.683216501001107424e-02
-2.303065658469306137e-02
5.284989533857541860e-03
3.306538510355968435e-02
6.172986966233878769e-02
8.420166146980570532e-02
7.691544255769676430e-02
4.529706424923141822e-02
3.793196055078713880e-02
6.172692435653978626e-02
9.428656284227346362e-02
1.260008529683694922e-01
1.543583094798668398e-01
1.736996790164284654e-01
1.745548871823879300e-01
1.652750641639796347e-01
1.638123644733772699e-01
1.716221858850660309e-01
1.773684220192585648e-01
1.799959892955247387e-01
1.868545117129615518e-01
1.986542930763337267e-01
2.048431507335092827e-01
1.987646670166167973e-01
1.960393510147325769e-01
1.987192080252661031e-01
1.939158082731519683e-01
1.874116402918714896e-01
1.901819393978765871e-01
1.996328127604604374e-01
2.154362589918712989e-01
2.352739953914322057e-01
2.481074746217341587e-01
2.579752164150086458e-01
2.697881274717040534e-01
2.809706486855084173e-01
2.868089197834552406e-01
2.863049660849523170e-01
2.870089963607640460e-01
2.901450899105130765e-01
2.930020202273724284e-01
3.002602328163270218e-01
3.137186789352985894e-01
3.236512618717640177e-01
3.287305210262448929e-01
3.305492693144240768e-01
3.281242942444451138e-01
3.261394367130221461e-01
3.238451483208293902e-01
3.256037811389020931e-01
3.371336384426000254e-01
3.555733996622645332e-01
3.785985509831066853e-01
3.989946784981534544e-01
4.070167942412232231e-01
3.984073252293670597e-01
3.787988025573698625e-01
3.156257806597859705e-01
1.950683071113799572e-01
1.182807421335418246e-01
1.291641160601140481e-01
1.774663021799189055e-01
2.115445758412032862e-01
2.153384323027393854e-01
2.372932395908488035e-01
2.935057981443713326e-01
3.542404346914844737e-01
3.979815266094743897e-01
4.190078935009793337e-01
4.062076558338737486e-01
4.024744376364500775e-01
4.398431908325972639e-01
4.856998449117712058e-01
5.258144398411248588e-01
5.655359363353040791e-01
6.013964204395223501e-01
5.612652948140296472e-01
4.443126953797423839e-01
3.961298792385238299e-01
4.413902112389997967e-01
4.964716731610815392e-01
5.447024630629636599e-01
5.963300855540720757e-01
6.494222678192096421e-01
6.945475239706367931e-01
6.648672964286952425e-01
4.956364209527732712e-01
3.901265678909530132e-01
4.421291505937166022e-01
5.287404902422598862e-01
6.064339186267184711e-01
6.733087532790169583e-01
7.348303912487856859e-01
7.875920177884537798e-01
8.201417554361996043e-01
8.378769018518086309e-01
8.516417829519594695e-01
8.587195895824933922e-01
8.632044236624539790e-01
8.662965487422219502e-01
8.672232392570990989e-01
8.709677546897443001e-01
8.819442301830916486e-01
8.983137019863116635e-01
9.192036720039516995e-01
9.428675267926638348e-01
9.672240979686039797e-01
9.970290483176540430e-01
1.027910589910317363e+00
1.054095199583332976e+00
1.078275589669422940e+00
1.102882781245474231e+00
1.126571851470032470e+00
1.149070403941483853e+00
