-3.951238271562346005e-06
-2.309457898416498669e-05
-4.252165181561670779e-05
-4.067056175779918146e-05
-2.505577730814774218e-05
-9.480309280635130175e-06
-1.177761562067147506e-04
-7.306111366654410508e-04
-1.882614288862489169e-03
-3.089063312745601950e-03
-4.067083634686413651e-03
-4.774725164430228611e-03
-5.293699059786275557e-03
-5.785197043353023164e-03
-6.235833708924299994e-03
-6.603235674172437328e-03
-6.875119957008915539e-03
-7.064733879336571563e-03
-7.192247975133357445e-03
-7.274961430408962738e-03
-7.322626507453077437e-03
-7.345142912084448583e-03
-7.328428836894625327e-03
-7.286550971693072504e-03
-7.244238824498229305e-03
-7.198751700990315035e-03
-7.158452373533413446e-03
-7.171090696054757858e-03
-7.218329064658506738e-03
-7.268660233252319941e-03
-7.306822032024548087e-03
-7.320570161670813224e-03
-7.303194520834775313e-03
-7.386274825738292811e-03
-8.227405465559119169e-03
-1.037121423681234590e-02
-1.275459251021834883e-02
-1.487564048245944986e-02
-1.673838185151382135e-02
-1.830439065544738758e-02
-1.972891124289010562e-02
-2.113961058161691400e-02
-2.243768238675803231e-02
-2.350959248889303993e-02
-2.425217316801200895e-02
-2.467294677117557941e-02
-2.488742761610699544e-02
-2.513143959758927168e-02
-2.542242778027145600e-02
-2.568410833270490592e-02
-2.584693153248623573e-02
-2.590370152928364242e-02
-2.592931547492422287e-02
-2.625061096318022716e-02
-2.719621870688852458e-02
-2.821986244114827597e-02
-2.901210003122391135e-02
-2.954254638259425081e-02
-2.991106730895925700e-02
-3.016030935283509073e-02
-3.027559694608146154e-02
-3.028081854842223225e-02
-3.025114207975614783e-02
-3.037546897509554519e-02
-3.064645227510870429e-02
-3.085793921113529764e-02
-3.090655491579919617e-02
-3.079099848275260176e-02
-3.053454808287212052e-02
-3.016269460126542318e-02
-2.973778425634729383e-02
-2.935714103044744297e-02
-2.900280521499327274e-02
-2.862259937493531053e-02
-2.821199794302333558e-02
-2.779448641749078172e-02
-2.736363068331201798e-02
-2.689530682932862043e-02
-2.639208382817898046e-02
-2.591488017798602647e-02
-2.550180996241848200e-02
-2.508991564511620434e-02
-2.466718818100680291e-02
-2.426302390967238071e-02
-2.386435103968151394e-02
-2.343949549950608696e-02
-2.297343056380469345e-02
-2.243877886330725158e-02
-2.184493575762450068e-02
-2.121839915048587266e-02
-2.056003349895944854e-02
-1.987802102244995428e-02
-1.918451612883872309e-02
-1.851679534612704625e-02
-1.788198067066349914e-02
-1.724782961411304438e-02
-1.658732625581769288e-02
-1.589517299631025907e-02
-1.515691851376865969e-02
-1.437000335913189188e-02
-1.356181079276328263e-02
-1.275789736523959099e-02
-1.198310671809215897e-02
-1.125105295418827103e-02
-1.055674332412244454e-02
-9.900204611078237613e-03
-9.246351270277772261e-03
-8.560296308943509888e-03
-7.813562747050114068e-03
-6.984697793789600671e-03
-6.119725240596313176e-03
-5.307560097193960574e-03
-4.629780328690710073e-03
-4.189954813069524976e-03
-4.318157204392407064e-03
-5.081953820164099994e-03
-6.002047142796566176e-03
-6.744517620054885261e-03
-7.255405406288621163e-03
-7.707740650545086801e-03
-8.163175531313116712e-03
-8.435446878706502616e-03
-8.425546687567488091e-03
-8.186685681076789553e-03
-7.835474072741750381e-03
-7.496729670870920167e-03
-7.284073707998836925e-03
-7.000322357512395351e-03
-6.508655638435555633e-03
-5.821668417834844310e-03
-4.961798949642200716e-03
-3.925229965212333368e-03
-2.872421330033967171e-03
-2.331250276898508885e-03
-2.315317630387508582e-03
-2.232126214856504625e-03
-1.837877488282611957e-03
-1.179993011050604283e-03
-2.778603846612707172e-04
8.803795944352260129e-04
2.280894718288809832e-03
3.727898809288035346e-03
4.578939483227553210e-03
4.497997054374517148e-03
4.398061640204166574e-03
4.732299370301881747e-03
5.543369728755550077e-03
6.741661604616088453e-03
8.238208856077240683e-03
1.000933533869697786e-02
1.202382994326086328e-02
1.417094695925745496e-02
1.639516618272094522e-02
1.863537780866226720e-02
2.084830569445020321e-02
2.303597786323169014e-02
2.517826793029402654e-02
2.727868932472439847e-02
2.938786468919342768e-02
3.156901018898381622e-02
3.385871836927148437e-02
3.627531060997644247e-02
3.881502625611554791e-02
4.148394413053538288e-02
4.432309417731664786e-02
4.731108255113560673e-02
5.043877138508653935e-02
5.370275145931853455e-02
5.709791542290802713e-02
6.060441010540153217e-02
