-3.559288783673888318e-02
-8.096832349249032459e-03
3.911199759346381533e-02
1.521476631660126540e-02
6.871656660615579892e-03
-4.940444621921159796e-02
-8.054524688647616282e-01
-9.900680961721788353e-01
-4.994493034876651416e-02
3.045795300244790171e-01
3.216460801073701692e-01
2.389184883760537836e-01
-1.000506342904073781e-01
-2.334219681004792712e-03
7.017307111952264531e-02
9.409885462064224160e-02
7.782869329365091349e-02
5.510416719727967427e-02
3.324525819220944950e-02
3.437964575368617631e-02
7.422084339441119977e-03
5.643638041166881142e-02
3.434195339951628262e-02
-1.394130074224587956e-02
2.604548481355857883e-03
1.599162484198334011e-02
-1.019103625309401157e-01
-5.121943664122312334e-02
-1.893898801910699065e-03
1.208608612297841847e-02
2.897109091122836849e-02
4.639891249062026019e-02
2.318198111465975472e-02
-9.355156950400898008e-01
-2.576730367370206665e+00
-1.558481413413548289e-01
3.619310615582398416e-01
1.382727549131827494e-01
3.363672769740767565e-01
3.776239054959523722e-02
-2.206257820911617373e-01
2.204203603132032230e-02
1.668191490823117129e-01
3.766623532305064526e-01
3.624041117885785646e-01
2.790848969846650984e-01
-1.876977479797090342e-01
-1.334403682989501738e-01
-4.225841351359976850e-03
1.210237994320777777e-01
1.271261354531981747e-01
9.150732139307139745e-02
-3.307451138287972325e-01
-1.286894071554901986e+00
-2.887878051017034320e-02
3.131957204396369487e-01
3.430156081868142581e-01
1.399596162725196269e-01
9.021039910963632447e-02
1.601828132519913517e-01
1.177050211227161913e-01
8.803912724023586767e-02
-2.947206078351311542e-01
-3.003979850258751139e-01
1.025765412190609155e-01
2.353148354262523390e-01
2.191683432024047473e-01
1.873471049501569952e-01
1.716472078712250049e-01
1.158023500294267927e-01
-8.580989816027234651e-02
-1.800495617188727082e-02
8.008740869298179577e-02
8.039332773250795761e-02
2.950561060433742888e-02
4.492029131447577983e-02
9.053557086866309556e-02
1.044246905875585024e-01
1.385179986971157851e-03
-9.834118565358251907e-02
5.627830995997737396e-02
7.050153996270261403e-02
-1.873002661424830184e-03
2.249933187449101868e-02
7.935146665565255553e-02
7.963409785417790987e-02
1.425604183671171643e-01
1.265814129973336366e-01
7.779243360641727167e-02
9.574684711304023987e-02
7.681725655381294038e-02
7.942847423410162588e-02
6.374238693946376877e-03
-6.282209892609774693e-03
5.406740318052224992e-02
1.043312836526331111e-01
9.722901155547811203e-02
1.230512230694967013e-01
1.370134571754673680e-01
9.068834969704414606e-02
5.794481287928465729e-02
2.226730833908088791e-02
-4.884311393237972254e-03
1.634215812883207941e-02
-8.797217393826967102e-03
5.264094558347737207e-02
9.888728071003172193e-02
1.313608135208396699e-01
1.941432507464572466e-01
1.228189352270058765e-01
-1.005315654289454241e-02
-1.477127870268052645e-01
-1.688374407934359889e-01
-8.093830379157415100e-01
-1.092802378850293410e+00
-1.762872380197106903e-01
2.614696841250420123e-01
3.473085327259951560e-01
-5.420395422132573415e-03
-1.634179592752312560e-01
2.285962872493827458e-01
3.854590955405982067e-01
3.004511442476355265e-01
1.271922717470251318e-01
1.165117618567233782e-02
-3.067511553513833644e-01
1.299025155566158329e-01
3.443743191671733150e-01
2.895491464573640705e-01
2.578863576107027766e-01
3.056372547305943876e-01
2.672966368152884242e-01
-8.057137259078495095e-01
-9.223030954288802263e-01
2.632812330845603066e-01
5.387781308166638139e-01
3.721915416105653351e-01
3.657285719272057589e-01
4.092953079999946953e-01
4.279306417677841146e-01
3.174213980135492941e-01
-7.323398561601615064e-01
-1.759746417962726461e+00
2.471120957362961668e-01
7.178205563042403536e-01
7.332173746742336462e-01
5.910802223144698830e-01
4.522279451059404987e-01
4.655981907784385587e-01
4.993008135610964571e-01
2.996781308984201031e-01
2.776013614685033382e-01
1.882066991546600399e-01
1.180954464441715812e-01
1.615124905272005140e-01
1.129559243413112979e-01
1.091738856292254201e-01
1.919946810855686081e-01
2.985096314870265832e-01
3.490807562308504419e-01
3.832688170674987127e-01
3.789408161226475169e-01
3.708200461483323052e-01
4.952621120024546242e-01
4.355477175620365848e-01
4.498251098967969153e-01
4.554243029948814581e-01
4.699761688770621726e-01
4.400611480689583521e-01
4.453274749506423991e-01
