-6.636269003302655871e-04
-8.492283015868700010e-04
2.793574538525329422e-03
7.478682416105541034e-03
1.045380736048001809e-02
8.901977661682139789e-03
-4.773524663130718215e-02
-1.646561691432688046e-01
-2.315052034538251924e-01
-2.148158578196803781e-01
-1.695044744550543436e-01
-1.244621517991437998e-01
-1.057124522174152925e-01
-1.018446961073884299e-01
-8.864376671176629752e-02
-6.970014403601468289e-02
-5.077466779865447144e-02
-3.497557306234901076e-02
-2.256017157072279927e-02
-1.248212715606510960e-02
-5.178398164990665950e-03
2.831523444098853898e-03
1.141453581753007485e-02
1.517501142992492766e-02
1.679176798771909312e-02
1.949878854365348635e-02
1.463462637731194338e-02
5.686921298883857931e-03
2.797083584399773486e-03
4.228938036410509818e-03
8.236748034891848425e-03
1.470742791894997376e-02
2.073895827059537081e-02
-3.956380452170477069e-02
-2.712159716435535994e-01
-4.450884286229874753e-01
-4.348489279972733712e-01
-3.965190586350708646e-01
-3.497782589204595505e-01
-3.068228895426386993e-01
-2.978645174605505930e-01
-2.893409238304010533e-01
-2.576659794109080748e-01
-2.030751443876277762e-01
-1.361387539787926038e-01
-7.600308353376752923e-02
-5.456107292369438699e-02
-6.130763317713250338e-02
-5.949247774099304664e-02
-4.274646762107790765e-02
-1.830137617353876089e-02
3.463133023583767067e-03
-6.486828483661668046e-03
-1.085000699391986956e-01
-1.874432352620938047e-01
-1.665732102882622190e-01
-1.174529233865583278e-01
-7.565430054832866791e-02
-4.859437806200406218e-02
-2.121569831424259187e-02
6.999602366171357726e-03
2.932796452336649748e-02
2.208438898086373392e-02
-1.070427219367287713e-02
-1.939262702624467566e-02
4.356838071112915933e-03
3.708872088698450531e-02
6.856236171620996855e-02
9.688355570669673900e-02
1.177735471129456035e-01
1.201292968953496937e-01
1.123360017032999092e-01
1.127686322441143196e-01
1.207353943027713594e-01
1.259912957472854311e-01
1.284134503668629412e-01
1.347768058639609023e-01
1.455069672557815219e-01
1.504108732912275981e-01
1.424285696641020560e-01
1.377653576399344160e-01
1.406658798405061861e-01
1.378081150213647521e-01
1.327125080070672702e-01
1.350695289548812794e-01
1.428585728376471076e-01
1.562940333104093082e-01
1.734345691780691534e-01
1.849189344597231277e-01
1.937889135244432459e-01
2.034121636713838999e-01
2.120419137658541009e-01
2.153500755531493616e-01
2.124382248325303868e-01
2.113348113503073500e-01
2.146701472305986291e-01
2.191128367295949730e-01
2.266515832766813898e-01
2.388230302244022663e-01
2.480989660916993744e-01
2.522908594841535290e-01
2.524231469332156585e-01
2.480877058190698314e-01
2.436088619650954856e-01
2.386565786169848602e-01
2.370996720419619730e-01
2.441978652352680690e-01
2.577421878874524008e-01
2.770071837456020702e-01
2.946996922009542663e-01
2.995789304601329528e-01
2.869706047671660154e-01
2.631062728431576847e-01
1.944502998852914444e-01
6.645242845802618037e-02
-1.894588013883559408e-02
-1.597697266114472131e-02
2.627271115761063702e-02
5.575013283487990912e-02
5.542884695862543287e-02
7.267260349270120157e-02
1.249330609041582607e-01
1.825265774930192042e-01
2.235103158134874590e-01
2.429833336954634326e-01
2.295854974502035406e-01
2.239314797628805809e-01
2.588303561695800004e-01
3.033111006312511071e-01
3.425103914245460346e-01
3.818022249037696381e-01
4.186211344930110823e-01
3.789627161003385480e-01
2.609000668887820895e-01
2.103609316419572384e-01
2.533217955139062116e-01
3.075530825181295724e-01
3.551783559728624029e-01
4.064219772368105055e-01
4.602959325918518640e-01
5.065811806374483917e-01
4.755853149195128360e-01
3.041582944695065960e-01
1.955216839050372135e-01
2.436897595700165953e-01
3.294731893428904934e-01
4.100968239932181736e-01
4.779979614478103711e-01
5.393370943458990485e-01
5.963290478834485375e-01
6.358559272814253704e-01
6.593738954542643915e-01
6.757572860419281957e-01
6.823219022362660979e-01
6.852253450660673595e-01
6.860177949220901406e-01
6.833576859998803377e-01
6.841689355224258584e-01
6.942070217027376255e-01
7.116674137863333582e-01
7.346660837595943017e-01
7.601866185614144511e-01
7.855880954405946026e-01
8.172692365485733079e-01
8.509656791639974571e-01
8.810717726436694264e-01
9.071268652994828319e-01
9.287620086945346243e-01
9.487078216752319326e-01
9.690161904605735232e-01
9.914841851873725798e-01
1.016081410910082639e+00
1.042224273359594333e+00
1.068632657458771673e+00
1.093567741594523524e+00
1.115787393500751623e+00
1.135004062643518497e+00
1.151860367177053535e+00
1.167805889419623044e+00
1.183449869463941706e+00
1.198962222265996580e+00
1.215278341878238466e+00
1.233227856555599633e+00
1.253932381783931183e+00
1.278436119729837284e+00
1.304564733275447086e+00
1.330825105460592184e+00
1.355847746277032639e+00
1.379166632675131954e+00
1.400722032963145125e+00
1.419860087533709070e+00
1.437537869406115831e+00
1.455172531257358015e+00
1.473925122564667012e+00
1.494366264868060901e+00
1.517766917029049090e+00
1.543797037857426835e+00
1.571279947243815478e+00
1.598533237936357487e+00
1.622957898526235399e+00
1.643405771279053296e+00
1.661043199375821677e+00
1.677296817890791880e+00
1.692814546838099954e+00
1.708833201929377710e+00
1.726846344363324182e+00
1.747338644801851304e+00
1.768429416661668752e+00
1.788852007737209648e+00
1.808852121465600149e+00
1.827085511573083298e+00
1.842874078813353522e+00
1.857117804710952891e+00
1.870914176656490291e+00
1.885024523970718402e+00
1.899933124643104820e+00
1.917018707730084648e+00
1.936569707466885726e+00
1.957078334430534028e+00
1.976583738293520964e+00
1.993784546634165711e+00
2.008453170042818314e+00
2.021596981978446284e+00
2.034293158957521719e+00
2.046517046482580593e+00
2.058534644853312390e+00
2.070652587066994510e+00
2.083384328585156986e+00
2.097685073880468654e+00
2.113684584386023690e+00
2.130601646820232897e+00
2.147165684543844932e+00
2.162652230159513245e+00
2.176416110614668220e+00
2.188622424026179125e+00
2.199179030744229379e+00
2.208267934151348921e+00
2.217310209382866493e+00
2.226930139638841677e+00
2.237846093765544886e+00
2.250965200159050106e+00
2.265554339898803171e+00
2.280939071895996317e+00
2.295068805267140633e+00
2.305760628841603044e+00
2.313620346842322650e+00
2.319468446032804554e+00
2.324420752058847128e+00
2.329372891385335098e+00
2.335192362188712512e+00
2.343069845079731817e+00
