-1.764355556107994438e+00
-1.764737728715816800e+00
-1.764913471453606553e+00
-1.765359846156411505e+00
-1.765947695892662983e+00
-1.767070561734088718e+00
-1.762648931004363595e+00
-1.764305493070220665e+00
-1.765138948664938034e+00
-1.766304292852192148e+00
-1.768070094646553958e+00
-1.770752100571069798e+00
-1.773108162885003392e+00
-1.774592433548171977e+00
-1.777435952980922718e+00
-1.782797944587173999e+00
-1.792785276669935257e+00
-1.813401037046766362e+00
-1.877331688365054596e+00
2.346896444240018642e-01
-1.633054644979256675e+00
-1.698974636869312160e+00
-1.722017986836453574e+00
-1.729535060911982836e+00
-1.733593328651901411e+00
-1.737577374683344722e+00
-1.736151677541553084e+00
-1.729810795149704816e+00
-1.728122976157515645e+00
-1.731870523784197591e+00
-1.737623004045129260e+00
-1.743431194081400015e+00
-1.747490553098859811e+00
-1.836891138133441848e+00
-1.767614963404453565e+00
-1.766947870161446721e+00
-1.768016512819985619e+00
-1.769430128614843500e+00
-1.771232850806747416e+00
-1.773347836210144246e+00
-1.774690022919573673e+00
-1.776092110355433240e+00
-1.778782452561013638e+00
-1.784356287361071436e+00
-1.797744783112355194e+00
-1.840480734499696069e+00
-1.917681388101677875e+00
-1.904773380923590720e+00
-1.937420164835312208e+00
-3.055005356951094431e+00
-1.604025243855976779e+00
-1.685846421681256313e+00
-1.676104275696229662e+00
-1.833521450767053640e+00
-1.793275588376864738e+00
-1.799468774659557013e+00
-1.828379447017955073e+00
-1.981384034924844606e+00
-1.416417821954103928e+00
-1.668793079155717285e+00
-1.710869838950598076e+00
-1.725790507544785246e+00
-1.725622310379549385e+00
-1.710091755915819522e+00
-1.704681999339571874e+00
-1.722721001660213469e+00
-1.735658011647638999e+00
-1.743073081057408658e+00
-1.747711359008131238e+00
-1.750574638668643157e+00
-1.751930044459806268e+00
-1.752609366992028628e+00
-1.753671283762520350e+00
-1.755157134054233792e+00
-1.756495848665878379e+00
-1.757677135394027035e+00
-1.758936414091851530e+00
-1.760239709078334158e+00
-1.761399978006262357e+00
-1.762413796852652537e+00
-1.763448372686669208e+00
-1.764498616183100221e+00
-1.765568722827487225e+00
-1.766671954669292610e+00
-1.767673811732258571e+00
-1.768542918055921787e+00
-1.769246663700672295e+00
-1.769834144996620395e+00
-1.770545806803279554e+00
-1.771297878224116440e+00
-1.771982512007018284e+00
-1.772664585022500905e+00
-1.773478068586752165e+00
-1.774473529304924080e+00
-1.775436136054543201e+00
-1.776312780057949237e+00
-1.777192652551809360e+00
-1.777886238391300111e+00
-1.778312672745835377e+00
-1.778869689846352298e+00
-1.779615642910528539e+00
-1.780498275400301589e+00
-1.781581291357707153e+00
-1.782662611786317575e+00
-1.783776353134119086e+00
-1.784674108736337361e+00
-1.785001757733004180e+00
-1.784938204749366264e+00
-1.784663245617938987e+00
-1.784563853653560406e+00
-1.785070581177854887e+00
-1.786404109140590224e+00
-1.788439637159575213e+00
-1.794003567157465007e+00
-1.812068589399621565e+00
-1.843439787103655858e+00
-1.843149182171395450e+00
-1.825115341872153740e+00
-1.816658323376123541e+00
-1.816703398926844848e+00
-1.812678708780379733e+00
-1.803925559813754687e+00
-1.797562243037904128e+00
-1.794389866201058892e+00
-1.793441170456326228e+00
-1.794982026300600442e+00
-1.796016274228467324e+00
-1.794152223318809858e+00
-1.792121414715375227e+00
-1.790760344002210624e+00
-1.789668635315077028e+00
-1.788931659814466224e+00
-1.791415731209904383e+00
-1.799190753054233038e+00
-1.804592850350687616e+00
-1.801895917136314029e+00
-1.798809600131997755e+00
-1.796640889085802328e+00
-1.794646369533989594e+00
-1.792932025410961527e+00
-1.791824284294974312e+00
-1.793775803708915317e+00
-1.804411487341384124e+00
-1.816551517565067053e+00
-1.812328989505169297e+00
-1.805646738900921866e+00
-1.801145877212391833e+00
-1.798165828869339622e+00
-1.795988126947049679e+00
-1.794534807179361424e+00
-1.794029756894568006e+00
-1.794135209273828302e+00
-1.794429224918536958e+00
-1.794989858963413898e+00
-1.795671721895565343e+00
-1.796426802292001579e+00
-1.797280730553877381e+00
-1.798046615438065654e+00
-1.798544542290766879e+00
-1.798833270069429613e+00
-1.798949538711635654e+00
-1.798965111278244988e+00
-1.798963442875659346e+00
-1.798788004367793514e+00
-1.798598501804772543e+00
-1.798584978104996734e+00
-1.798655141798620516e+00
-1.798730454804019718e+00
-1.798850148493173151e+00
-1.799020480168758818e+00
