-6.378212461627913270e-04
-7.340109939141400107e-04
2.800148536256734030e-03
6.898678122013902556e-03
9.129225438203943110e-03
6.981905107667907631e-03
-4.758674412286084676e-02
-1.532090134303598639e-01
-2.021286281447610134e-01
-1.724361720166433520e-01
-1.226627926607500585e-01
-7.967425185755555583e-02
-6.578249987025344692e-02
-6.561848079247954713e-02
-5.570847661467344392e-02
-4.060292245126476129e-02
-2.614639440317870905e-02
-1.498403002006829660e-02
-6.967960847230354055e-03
-8.223147956014356316e-04
3.068602449608578368e-03
8.198043750069723690e-03
1.400910146342531151e-02
1.536336424778112636e-02
1.525431543529609871e-02
1.663248483347286658e-02
1.092397732016681458e-02
2.375476837177726078e-03
3.384228077286844001e-04
2.333363736052366383e-03
6.402681515173377393e-03
1.235056617292137719e-02
1.734940690130866436e-02
-4.160804739052321316e-02
-2.572608557730048928e-01
-3.952113665045785540e-01
-3.564942599555368519e-01
-3.036884734614631043e-01
-2.518244523345009589e-01
-2.109249860355130735e-01
-2.058222891459479675e-01
-2.000793714462388573e-01
-1.724585983293077662e-01
-1.249614192946673363e-01
-6.918796583770425723e-02
-2.284704664462741674e-02
-1.471555940077321628e-02
-2.993423256349861394e-02
-3.315140287916017864e-02
-2.060505371953870457e-02
-1.149570077131054080e-03
1.499399296063911105e-02
5.361241932254744852e-04
-9.873496978731975682e-02
-1.639520681080445241e-01
-1.327486978420424901e-01
-8.124611020607847012e-02
-4.296036453533507576e-02
-2.154037481485828950e-02
-4.332824575907744113e-04
2.077309507515869014e-02
3.603668195667190238e-02
2.324232141188339873e-02
-1.041796777261482648e-02
-1.710456584782282102e-02
6.706268904579058832e-03
3.632272643237773740e-02
6.242889196429108473e-02
8.423451890448141466e-02
9.837771455144636579e-02
9.519418098231870184e-02
8.448284159172213259e-02
8.350842766429965314e-02
9.002120065698526741e-02
9.357638241630229781e-02
9.461642506477604964e-02
9.967004005914754938e-02
1.086264636537939698e-01
1.114596418622286478e-01
1.023918632517591687e-01
9.796360750628538283e-02
1.009016210222075383e-01
9.800675938386077535e-02
9.344675178285029304e-02
9.630431687253521167e-02
1.037748335827470558e-01
1.159483712151379436e-01
1.305702041193314566e-01
1.389099186979270983e-01
1.448521936435071822e-01
1.516018740108847906e-01
1.574714239201986943e-01
1.583409009108200649e-01
1.539508270042156679e-01
1.521988069160332691e-01
1.549562557946391195e-01
1.585882472169685142e-01
1.650348812141381460e-01
1.754325063365576309e-01
1.823664010763652588e-01
1.844462391664062340e-01
1.829974281685059767e-01
1.779199959443656387e-01
1.734881134427519456e-01
1.690032065687219753e-01
1.681855782582908354e-01
1.754101962610780663e-01
1.878981895499474974e-01
2.047617688409617553e-01
2.188648076143104304e-01
2.202667464375775985e-01
2.059161541397445672e-01
1.830276451848097952e-01
1.193156176856796091e-01
5.361226457771858800e-03
-5.868857829546740568e-02
-3.875888584500272738e-02
1.128102994754009297e-02
4.143734039910422495e-02
4.033023692463772597e-02
5.678129065249801211e-02
1.044678442287962361e-01
1.531255574110478024e-01
1.832093853306319131e-01
1.927522248715133613e-01
1.726432749067857708e-01
1.646386937556942875e-01
1.960922694489470319e-01
2.338797843010468891e-01
2.644997500387875067e-01
2.943251685087059921e-01
3.210604009999152297e-01
2.742803552954607427e-01
1.613330274720146118e-01
1.242168968812027707e-01
1.746754380660397454e-01
2.279682710416009450e-01
2.698622686328742137e-01
3.123079377729019446e-01
3.550550263561344511e-01
3.889364678763553296e-01
3.485068540572072715e-01
1.821577015150303569e-01
9.483433843892664916e-02
1.573574964681093424e-01
2.444369406365164976e-01
3.169819790601007825e-01
3.720879711683661717e-01
4.186503411963027332e-01
4.600871807742019093e-01
4.845697402147967070e-01
4.955426783254179290e-01
5.018841358447895251e-01
5.009138916355518889e-01
4.986835005569550394e-01
4.959563640495163739e-01
4.912243784757201470e-01
4.908800234553665209e-01
4.996065257456611675e-01
5.147010512161638296e-01
5.340755148564497734e-01
5.546739415159451791e-01
5.743055762474392756e-01
5.994108048830644186e-01
6.253451301000400031e-01
6.472521996446000125e-01
6.651373958443498324e-01
6.791540075941440158e-01
6.921145429622332923e-01
7.059090708674237158e-01
7.220086386775991238e-01
7.400844997170296091e-01
7.594273777320060814e-01
7.787498490471199686e-01
7.964979746936438065e-01
8.116910972140460867e-01
8.243000365134725005e-01
8.350931273503069407e-01
8.454982471111126552e-01
8.559671161455745247e-01
8.665733450771697655e-01
8.781135731313687298e-01
8.912373123251562390e-01
9.068560506227172358e-01
9.257548677993251429e-01
9.456242177224510881e-01
9.651824310382193239e-01
9.832368865339654596e-01
9.996349789649390249e-01
1.014434693601178106e+00
1.027174336183594994e+00
1.038879137895232452e+00
1.050890649254245801e+00
1.064168762799262202e+00
1.079079963526865749e+00
1.096679149322688840e+00
1.116405155286749551e+00
1.137077008099766751e+00
1.157113996030221692e+00
1.174244736877446904e+00
1.187728789970058596e+00
1.198986256735487643e+00
1.209425796405146025e+00
1.219597584121689282e+00
1.230582417528107708e+00
1.243618974514204556e+00
1.258919709182431568e+00
1.274500873322667260e+00
1.289257562163133475e+00
1.303542977815353110e+00
1.316128130933988283e+00
1.326565857058830122e+00
1.335851126346496276e+00
1.345041451632317253e+00
1.354762712559281823e+00
1.365363115667822314e+00
1.378042321050832131e+00
1.392850223545757160e+00
1.408224857011142861e+00
1.422355362627531372e+00
1.434222365875871041e+00
1.443842754919137272e+00
1.452344209534549124e+00
1.460739767167543279e+00
1.468920580688273914e+00
1.477103779259649086e+00
1.485514168423643921e+00
1.494591137033109529e+00
1.505149125334508398e+00
1.517166648527533690e+00
1.529810945131329092e+00
1.541890053728852239e+00
1.552848153063287162e+00
1.562195079347163507e+00
1.570249447583911495e+00
1.576964612021923173e+00
1.582598723171221078e+00
1.588501318235054471e+00
1.595139224394575006e+00
1.603083599275685334e+00
1.613043416161616728e+00
1.624142678079623092e+00
1.635733427526915973e+00
1.645866038397386433e+00
1.652723189149197136e+00
1.657193445795063891e+00
1.660173075266013099e+00
1.662749382205576998e+00
1.665662997132266510e+00
1.669623617863190690e+00
1.675589974733317611e+00
