2.718846818653593289e-03
7.254616849956169004e-03
1.326337262755945649e-02
1.906809521605245736e-02
2.335911059518869931e-02
2.290092786298888322e-02
-3.103227670768887725e-02
-1.370116839207902171e-01
-1.868275279078596696e-01
-1.574314079632764818e-01
-1.069703592186836971e-01
-6.277373828987137250e-02
-4.770503521154900728e-02
-4.689472986373052071e-02
-3.652943006816838922e-02
-2.023745853930710575e-02
-4.436115901933428141e-03
8.155559136654853825e-03
1.821766609407585863e-02
2.607945085605563318e-02
3.142160472326990805e-02
3.769586369799211162e-02
4.414212563411500090e-02
4.668172998817473468e-02
4.826554019400509932e-02
5.074187818768607916e-02
4.588166129588362036e-02
3.829617133314434235e-02
3.718932352045505041e-02
4.052878884767922851e-02
4.643889406853578261e-02
5.420044643825441821e-02
6.079024014048346053e-02
2.748013863927215028e-03
-2.137051691684882515e-01
-3.543880509056730466e-01
-3.175361219515461242e-01
-2.647911172769620292e-01
-2.108805256834201669e-01
-1.673083952253437701e-01
-1.596147671033795457e-01
-1.516537492850006663e-01
-1.225130694756924876e-01
-7.338885008429044121e-02
-1.483296186704636394e-02
3.489060014602866910e-02
4.583136896302664187e-02
3.313994488656633874e-02
3.260381569018462600e-02
4.866958231155313341e-02
7.225899393863270681e-02
9.207215595086769289e-02
8.063817073147921954e-02
-1.628756293175719072e-02
-7.976343066304798779e-02
-4.570989683940553799e-02
9.863480226118916117e-03
5.411012492462489998e-02
8.101188124283226211e-02
1.060949386543364736e-01
1.319675701645821042e-01
1.512387941822764537e-01
1.411835681815457322e-01
1.103549293153243682e-01
1.050108193529557532e-01
1.283200956210748811e-01
1.589812919864958818e-01
1.884835227993980900e-01
2.138196159764209348e-01
2.278730406310352230e-01
2.242412161024162076e-01
2.115616416679807488e-01
2.069131775109721572e-01
2.139486701732991325e-01
2.194429975366382346e-01
2.213838113215639558e-01
2.278768838579770251e-01
2.397804453911691058e-01
2.460569601705858145e-01
2.411630977196613790e-01
2.399842313073493605e-01
2.411539145868868972e-01
2.328098343075604704e-01
2.241335606230827338e-01
2.273135299269329890e-01
2.383276319173429914e-01
2.559805815302705345e-01
2.772894020066206111e-01
2.892623068610408188e-01
2.979722095369742307e-01
3.102485323771814185e-01
3.222464933269899579e-01
3.288468571960145859e-01
3.292162985665759156e-01
3.302833018396957310e-01
3.311833326575988612e-01
3.302551811762893808e-01
3.357646198186824416e-01
3.492982301572604142e-01
3.580009058616557827e-01
3.622735032162228141e-01
3.644352890756114571e-01
3.628526955412209043e-01
3.626669363621826125e-01
3.623943134502349284e-01
3.670586479377512257e-01
3.825497704705914104e-01
4.047939401447061547e-01
4.292860818091876474e-01
4.492774085176793331e-01
4.576269976689140706e-01
4.511564948408974263e-01
4.349870773104659860e-01
3.784452989860798144e-01
2.705812708635895181e-01
2.107775797477658142e-01
2.357568006083833878e-01
2.919897290700826931e-01
3.293988323821605557e-01
3.355396346436222976e-01
3.608534374784350685e-01
4.178709748055307593e-01
4.766896543135351605e-01
5.172458921875441318e-01
5.339210937869843798e-01
5.169806621753629816e-01
5.129280532360368516e-01
5.502002375974159865e-01
5.931080284055451068e-01
6.289446818679995665e-01
6.634002376337619911e-01
6.919370383210651232e-01
6.465652552999391345e-01
5.314068862576262209e-01
4.900582027562139231e-01
5.395710474262745970e-01
5.935054193928182009e-01
6.384278810212511424e-01
6.851802300230471765e-01
7.308785791071078508e-01
7.676951321131796346e-01
7.342709279100627651e-01
5.678627990842236573e-01
4.729691489281469541e-01
5.336962909209281847e-01
6.195711156908794148e-01
6.880494240810312023e-01
7.469722874248955202e-01
8.011530761534271239e-01
8.401239662717234769e-01
8.560045125930274557e-01
8.603066286709631916e-01
8.664031733644232958e-01
8.706846026479537759e-01
8.738156550315224758e-01
8.765799231037606498e-01
8.788463168407630866e-01
8.828987961531964412e-01
8.910762089344533843e-01
9.013575212363346134e-01
9.151942444743401683e-01
9.319589651838384725e-01
9.502223422652388285e-01
9.723501895385098237e-01
9.940253982899749374e-01
1.010210197735040172e+00
1.023477295537883025e+00
1.037736308002302765e+00
1.052222568682967596e+00
1.066701107587876729e+00
