-2.123762557708620768e+00
-2.123330278300422869e+00
-2.121289698931172030e+00
-2.127292748076574203e+00
-2.125025673496567791e+00
-2.125697409266962268e+00
-2.123730216437708318e+00
-2.123459380648024641e+00
-2.122978925653488780e+00
-2.122161590274890042e+00
-2.120897529259134107e+00
-2.119024821320394381e+00
-2.117504171636614974e+00
-2.116613592890214779e+00
-2.114896038489106012e+00
-2.111980516187874191e+00
-2.107500334053036717e+00
-2.101100218487075733e+00
-2.092417678465433362e+00
-2.079496217925065338e+00
-2.062210275348724586e+00
-2.015260694042636302e+00
-1.449471070425128794e+00
-2.862413866298862075e+00
-2.643453256303195609e+00
-2.382873457808508899e+00
-1.506548136396530513e+00
-2.034610614839170495e+00
-2.055179672296884252e+00
-2.050978430411813491e+00
-2.029361280811489809e+00
-1.927042350410152594e+00
-5.839470824176839159e+01
-2.107381868209917020e+00
-2.120172265521874433e+00
-2.120990011586482815e+00
-2.120196817125115540e+00
-2.119113530900416542e+00
-2.117754367473638322e+00
-2.116218575188806295e+00
-2.115355601574172795e+00
-2.114467887706710236e+00
-2.112686974562712816e+00
-2.109164097160486584e+00
-2.102031929004338107e+00
-2.087719976622115059e+00
-2.077877507030131188e+00
-2.082317231184014350e+00
-2.081869037498159880e+00
-2.072371176518494451e+00
-2.047491077042695728e+00
-1.992347468280328826e+00
-2.032938559431137993e+00
-2.098789973584298085e+00
-2.107272214718313830e+00
-2.104939834998884596e+00
-2.098360646802960527e+00
-2.089013669552029828e+00
-2.079130299052717401e+00
-2.061532813477534809e+00
-2.021632710621289686e+00
-1.923066665534228337e+00
-1.986373424676975530e+00
-2.060243491230940194e+00
-2.068121691473026935e+00
-2.041307383435702505e+00
-1.896531725314459349e+00
-2.491263206433202537e+00
-2.233559339258168741e+00
-2.194258916612298993e+00
-2.191006044323525082e+00
-2.199562515952900643e+00
-2.196067983918882582e+00
-2.186113858031762280e+00
-2.181135162156284224e+00
-2.178649224959205544e+00
-2.173585056916102598e+00
-2.167136355997483665e+00
-2.164697394488956483e+00
-2.169309639955292468e+00
-2.172683325566704404e+00
-2.169536706488962352e+00
-2.169088320899244415e+00
-2.170374209525595788e+00
-2.167892019248844004e+00
-2.163361836578809427e+00
-2.157562301756165812e+00
-2.152122035291955893e+00
-2.148935795438687180e+00
-2.146634164277566370e+00
-2.144632325231053294e+00
-2.143004496613134080e+00
-2.142204210505588513e+00
-2.142255810979191377e+00
-2.141928910436038613e+00
-2.140645674498848905e+00
-2.139108435044764001e+00
-2.137502161632736097e+00
-2.135791779102779842e+00
-2.134434990425429390e+00
-2.133502788212074286e+00
-2.132866382337399447e+00
-2.132482869204162856e+00
-2.132130147570133527e+00
-2.131807354445878655e+00
-2.131324269453510389e+00
-2.130436317801009061e+00
-2.129340038671238222e+00
-2.128142092092804027e+00
-2.127109066332205867e+00
-2.126377562658587461e+00
-2.125885019865489944e+00
-2.125512111587348762e+00
-2.126281935359276787e+00
-2.122348659695680873e+00
-2.122670453287858638e+00
-2.121941287119589070e+00
-2.120461615199935590e+00
-2.118748257439341476e+00
-2.118304254064938608e+00
-2.116700692107239323e+00
-2.106759458938999519e+00
-2.176129033902210352e+00
-2.137594706565001168e+00
-2.133715506311009147e+00
-2.136196959683905217e+00
-2.138148936146246459e+00
-2.131172486304110603e+00
-2.127904884325657608e+00
-2.126321610007934737e+00
-2.125226642259042453e+00
-2.124381996761423697e+00
-2.123643848216605790e+00
-2.121465487302696129e+00
-2.105038790730340725e+00
-2.120658913561256131e+00
-2.121838914790652453e+00
-2.121908761365815188e+00
-2.121812997948133273e+00
-2.121643360525645505e+00
-2.121353464883835471e+00
-2.120234567830245886e+00
-2.111445421502387010e+00
-2.189976575460361730e+00
-2.090797655309665881e+00
-2.114410203393423338e+00
-2.117779299522456693e+00
-2.118714980183117991e+00
-2.119028530498047846e+00
-2.119142432603045467e+00
-2.118978004867177578e+00
-2.118606268868238995e+00
-2.118121941402722364e+00
-2.117490661054356682e+00
-2.116816185266455097e+00
-2.116107908541248861e+00
-2.115327676294199044e+00
-2.114631757537626555e+00
-2.114182191406318800e+00
-2.113940603804357998e+00
-2.113804021255024423e+00
-2.113684991545102587e+00
-2.113527530490599382e+00
-2.113479034468702888e+00
-2.113441088965497094e+00
-2.113314133830064279e+00
-2.113164072374407176e+00
-2.112998084219937844e+00
-2.112783035386236463e+00
-2.112519982356872550e+00
