7.848874153423929202e-04
2.805234434378240608e-03
7.911636518127797280e-03
1.386871247572628307e-02
1.831317793086836496e-02
1.806571527661245818e-02
-3.840778243527259717e-02
-1.580728116450779708e-01
-2.300569009650966223e-01
-2.175714862214219725e-01
-1.740597843213887441e-01
-1.287358291096337704e-01
-1.086244153004116003e-01
-1.035559427394529691e-01
-8.915670232971127651e-02
-6.843669557345416488e-02
-4.735411920288112864e-02
-2.919804629521300515e-02
-1.411154893899832681e-02
-1.529892969722468701e-03
8.050969589077087291e-03
1.806258579192588851e-02
2.834540299256537929e-02
3.388712383262521693e-02
3.730851377767566840e-02
4.143147210659374469e-02
3.767900472451238270e-02
2.950588175422616533e-02
2.716479634371635199e-02
2.931298680997838219e-02
3.435413578215035235e-02
4.201214094702681451e-02
4.928954179152460202e-02
-1.062434059271556708e-02
-2.464140431922434704e-01
-4.309789811966364681e-01
-4.304104797986912923e-01
-3.979253160421198920e-01
-3.535438641655661574e-01
-3.102953741512186059e-01
-2.999631400715457308e-01
-2.899565104876287158e-01
-2.564569886404056698e-01
-1.989700069962870299e-01
-1.273076937111140006e-01
-6.110303547989576201e-02
-3.356626177391403010e-02
-3.534009534828529836e-02
-2.937533270386005757e-02
-8.454661712826674891e-03
2.056517695597491133e-02
4.685081601002216711e-02
4.084368945578645271e-02
-5.943394699415985305e-02
-1.400427518852819242e-01
-1.201603726602684108e-01
-6.974572316504615288e-02
-2.420801063625497435e-02
7.317301435930109732e-03
3.894026543307409910e-02
7.205297310380789910e-02
9.919555262397057593e-02
9.590555779526348246e-02
6.587473119522677112e-02
5.837660865530762411e-02
8.266267729162840583e-02
1.171556461054662768e-01
1.520097081705258646e-01
1.842465342126187178e-01
2.076951762704404847e-01
2.120401423463437462e-01
2.048574129055273363e-01
2.044679841041245061e-01
2.131590360738848666e-01
2.198439145632081482e-01
2.231915170076224642e-01
2.306699216177167666e-01
2.432987777308551203e-01
2.505003803535613693e-01
2.449729307801762346e-01
2.421187595014954730e-01
2.446305480757812179e-01
2.394898373808633796e-01
2.321716411877747244e-01
2.340498934931933561e-01
2.430594285444963865e-01
2.590204538871208051e-01
2.798296599198280554e-01
2.941251298852026186e-01
3.054144182515852735e-01
3.186958025026295216e-01
3.313777401797134980e-01
3.386035942773294449e-01
3.390051717071242976e-01
3.401110047124016877e-01
3.434413459434809690e-01
3.463657639599475591e-01
3.536698476807763614e-01
3.675107794509079318e-01
3.781740812309729027e-01
3.838896117994685109e-01
3.861267377621804275e-01
3.837040982606514938e-01
3.813037860118845268e-01
3.783448761691227125e-01
3.792656398853823663e-01
3.902885108251971102e-01
4.089249052154644848e-01
4.329568619409007724e-01
4.550489953650584396e-01
4.648152703105565831e-01
4.571543088437365343e-01
4.370891889881688974e-01
3.712895669781944852e-01
2.432229529653786304e-01
1.545629800550273880e-01
1.550512412686453623e-01
1.973669529227667641e-01
2.293540233436932585e-01
2.323280366780315076e-01
2.538956514204434578e-01
3.119938484008715207e-01
3.772548086115171673e-01
4.270408097115203638e-01
4.540080710581236856e-01
4.456326700844586708e-01
4.439626132869223252e-01
4.836890485783484905e-01
5.334224198417091278e-01
5.783961041069277664e-01
6.234965516820040188e-01
6.650692667542905667e-01
6.291183878729765810e-01
5.099303120990550386e-01
4.544439452935759016e-01
4.945071060803006846e-01
5.484075413399375210e-01
5.981010858896078641e-01
6.531439144320579926e-01
7.112271594243732009e-01
7.623338303752893452e-01
7.374602165636687801e-01
5.657791139442189809e-01
4.486930154218364275e-01
4.913380279761612734e-01
5.748087601488329756e-01
6.543402487024880809e-01
7.260244722131472539e-01
7.941535666270642668e-01
8.544481091139404239e-01
8.944240703404147119e-01
9.183268423578581086e-01
9.369292556468968858e-01
9.475515753235983496e-01
9.542903476454520639e-01
9.586475972169210547e-01
9.599402075929747147e-01
9.634042649946391590e-01
9.739005664050062183e-01
9.900299414515550955e-01
1.011063366427297217e+00
1.035397433905317355e+00
1.060845621254978166e+00
1.092194846418753418e+00
1.125208996580022713e+00
1.153761071695102780e+00
1.180275361875787077e+00
1.207143647508046813e+00
1.233030346163431101e+00
1.257571907343955075e+00
