-2.525492682360965802e+00
-2.521651289524954542e+00
-2.519946296411925246e+00
-2.515332174406484267e+00
-2.509208788909203847e+00
-2.496753534330563795e+00
-2.539784384507873582e+00
-2.525468836359281877e+00
-2.517077194658605244e+00
-2.504395904565809072e+00
-2.483586960115492737e+00
-2.448736545911705420e+00
-2.420132374527232066e+00
-2.407041461387579240e+00
-2.373187494153992994e+00
-2.299683270300323379e+00
-2.140274881858458933e+00
-1.703971020206498821e+00
3.075753280972145287e+00
-4.080422644742620619e+00
-3.338874103946897431e+00
-3.043022761437076618e+00
-2.891892834913527111e+00
-2.845352382560383031e+00
-2.820478883735590081e+00
-2.788007471953372285e+00
-2.821653258814017740e+00
-2.933454021539789291e+00
-2.967206788465336587e+00
-2.902872653964289729e+00
-2.817560265778517703e+00
-2.742988628152647657e+00
-2.697302088578535262e+00
-2.240357582103345013e+00
-2.499137177238455187e+00
-2.501863739489504024e+00
-2.489324488977591621e+00
-2.472858714300830485e+00
-2.451434222801965657e+00
-2.426258887950836218e+00
-2.412760146021532215e+00
-2.398555704456171167e+00
-2.367076805184866295e+00
-2.294056951479065187e+00
-2.081559253512021535e+00
-7.930073044469849730e-01
5.413972414281584378e+00
-3.801309002503298617e-01
-4.344322530442883967e-01
-3.368035659911554376e+03
-3.913562988021110467e+00
-3.260011856926339213e+00
-3.503840121972854771e+00
-2.076559551476354848e+00
-2.299602376933611581e+00
-2.231037331353769471e+00
-1.949482941426043725e+00
-3.269534785350379225e-01
-5.553404685460956003e+00
-3.430895592200069899e+00
-3.043744572550332261e+00
-2.908273116352480869e+00
-2.941830438358470801e+00
-3.241536074493791553e+00
-3.370400190449708511e+00
-3.018879497112817223e+00
-2.836944100038857552e+00
-2.749656961605103866e+00
-2.699671663792682530e+00
-2.671117812450617635e+00
-2.660767463625433038e+00
-2.658336561354365024e+00
-2.649060960386687924e+00
-2.632829534680851236e+00
-2.618818868763720609e+00
-2.606972777987156320e+00
-2.593599905381888782e+00
-2.579358525960186554e+00
-2.567440344738729952e+00
-2.558108593407911968e+00
-2.548134232940969746e+00
-2.537535859393630577e+00
-2.527251096008667375e+00
-2.516753537746587277e+00
-2.506894952965577961e+00
-2.498138500144762020e+00
-2.490866588911500479e+00
-2.484568599698209201e+00
-2.477017904371224155e+00
-2.469149680171363492e+00
-2.461998635270548075e+00
-2.454895061338817186e+00
-2.446426262595108980e+00
-2.436145464497279534e+00
-2.426452078726983430e+00
-2.417824682640759448e+00
-2.409214897229714936e+00
-2.402737892352314830e+00
-2.399045493171667154e+00
-2.393597889981506910e+00
-2.386063478135814542e+00
-2.377103870654276641e+00
-2.366120869256583603e+00
-2.355469650982471297e+00
-2.344643538787251735e+00
-2.336493857101311633e+00
-2.334570122504556089e+00
-2.336321448349268692e+00
-2.339642186635096266e+00
-2.340461791989075113e+00
-2.334580373223626992e+00
-2.319991542920997851e+00
-2.298375660732973724e+00
-2.236383703107327925e+00
-2.010804753882770690e+00
-1.590147239154172443e+00
-1.726766824641497999e+00
-1.982313056719425370e+00
-2.073725188487099302e+00
-2.073635102645185135e+00
-2.111852149231291165e+00
-2.189178872444955459e+00
-2.241404293159023009e+00
-2.264424935732951116e+00
-2.267755949840514873e+00
-2.247678715443269581e+00
-2.235159918973459892e+00
-2.253309429757468507e+00
-2.271965202543639428e+00
-2.283281995376183815e+00
-2.291987121201259470e+00
-2.297228316136978421e+00
-2.268013476411042895e+00
-2.180122258825381465e+00
-2.126631828851317074e+00
-2.167761360090934009e+00
-2.204160278583961574e+00
-2.226601602324041362e+00
-2.245565173491187672e+00
-2.260884189054524818e+00
-2.269724869024634550e+00
-2.246187813464176841e+00
-2.125057539160247977e+00
-1.995150722700165247e+00
-2.065964047191006792e+00
-2.143793819011836632e+00
-2.188864522955297431e+00
-2.215797895744461066e+00
-2.234141486671068044e+00
-2.245351398059884485e+00
-2.247301659500783977e+00
-2.243729987864368169e+00
-2.238959803533713711e+00
-2.231967838130515247e+00
-2.224303224018322478e+00
-2.216317676275640025e+00
-2.207674747294366746e+00
-2.200361430288995557e+00
-2.196149418509515172e+00
-2.194085258675737116e+00
-2.193667757041886102e+00
-2.194023784428244639e+00
-2.194316833490881358e+00
-2.196298267893086020e+00
-2.198147394646866370e+00
-2.197976315936015723e+00
-2.196946249017401875e+00
-2.195936655436393270e+00
-2.194496007758587552e+00
-2.192589628547955360e+00
