-1.107151019009455957e-02
5.255053088637741225e-03
5.416563882658871620e-02
3.646716607088380108e-02
3.437745656636116004e-02
-3.344438320854631330e-02
-8.968272966730411744e-01
-1.263800716120980994e+00
-3.675668082488484645e-01
9.156020431008610183e-02
2.302690526291632511e-01
2.327521109996185111e-01
-8.966462159780630437e-02
-2.505216546635533059e-03
8.296519699370447087e-02
1.320029370772481947e-01
1.294673894492680000e-01
1.188863443731259933e-01
1.018979450431750367e-01
9.905970633313612717e-02
7.043094139507534435e-02
1.165577803616442837e-01
9.569569095582312890e-02
4.652205715686250770e-02
5.611917131805788106e-02
6.281681559866084119e-02
-6.873801007476762481e-02
-3.546878989638713175e-02
1.139317051014919480e-02
3.358835409098281238e-02
5.968264231843747880e-02
8.630591892384570363e-02
6.928022859911189824e-02
-1.009912054431875150e+00
-3.046859377265290991e+00
-7.978169055949350108e-01
-1.079411476493168515e-01
-1.668309522181713467e-01
1.690350420229738138e-01
-4.881256488933911897e-02
-2.978332068986664360e-01
-5.042849346908866159e-02
1.415329997620662916e-01
4.317917583708603679e-01
5.060878147320085896e-01
4.752037178230492098e-01
-1.860976924718849707e-02
-2.002986002683249805e-02
8.515542131415915206e-02
2.273234420125672117e-01
2.543608987680353595e-01
2.297244233068198582e-01
-2.406259223007584380e-01
-1.394051743417093592e+00
-2.276374385684392654e-01
2.140308854627779589e-01
3.595566380692031827e-01
2.364849357004055186e-01
2.022916954587879734e-01
2.973309796957758211e-01
2.824792099691147418e-01
2.530762639867220054e-01
-1.748413622500022968e-01
-2.494532161473123066e-01
1.311914212880563591e-01
3.076420849227859411e-01
3.546712392497823885e-01
3.642462716270201684e-01
3.681525860105853143e-01
2.947393758770575634e-01
8.544256928090752934e-02
9.327181781495665069e-02
1.915950171179493788e-01
2.205199743858760331e-01
1.601736889937233899e-01
1.713578321791765502e-01
2.251821342149454008e-01
2.580399656342619030e-01
1.499500096157349582e-01
3.582864784358551213e-02
1.673031271405636122e-01
1.597914334513843015e-01
7.391679449667401536e-02
1.032119568950345678e-01
1.864992678403165904e-01
2.063968597304425834e-01
2.991391563890539729e-01
3.063217649607438697e-01
2.408183910964311614e-01
2.755929120434054136e-01
2.696476961505065439e-01
2.726020184437604743e-01
1.926838286484524598e-01
1.593339520709365909e-01
2.042507154239432687e-01
2.288677197907127425e-01
2.276491969619493794e-01
2.854580564990075175e-01
3.231930481741240313e-01
2.636537141575449050e-01
2.466182134315059726e-01
1.959650525032153590e-01
1.594136190591797786e-01
1.727824375797263057e-01
1.371156792153926107e-01
2.100905690061801168e-01
2.825815092472391821e-01
3.394600691966728201e-01
4.122738071324878462e-01
3.606016605833338162e-01
2.265991147157132013e-01
5.618725968035886975e-02
-1.838489843540332125e-02
-7.615096886706050894e-01
-1.249536200168169353e+00
-3.946121777237728279e-01
1.403997638378437496e-01
3.608577784336669536e-01
7.963224853993300378e-02
-7.945751678440819699e-02
3.632081975859799972e-01
5.976467088376322678e-01
6.021493137089161118e-01
4.499020891568344949e-01
3.085787755627448781e-01
-8.701839305037104011e-02
3.454130028523077489e-01
6.072570780204824548e-01
6.047012829395210787e-01
6.096191099520626988e-01
6.799254784417213537e-01
6.458336321064712671e-01
-5.378310650272576376e-01
-9.061903477247713612e-01
2.551019658276014179e-01
6.612645981298713727e-01
6.004988001350106686e-01
6.761787141467376916e-01
7.741540806087809923e-01
8.370460595983499896e-01
7.607102545473479749e-01
-3.771562514858363135e-01
-1.803474299788855317e+00
9.698816877817470483e-02
7.651265612302446950e-01
9.359517183397835227e-01
9.136213172850585762e-01
9.081470108951058551e-01
9.467358465475852469e-01
9.585513923016951709e-01
7.588150470645718126e-01
7.274031512312157943e-01
6.510439201112305785e-01
5.576751693922324948e-01
5.664175759456746562e-01
5.030183825735543568e-01
4.822111728717635160e-01
5.326747188080753759e-01
6.292434222053921999e-01
6.800970444824275818e-01
7.489354134865373602e-01
7.674400208050504713e-01
7.924652410532614377e-01
9.156014228258355647e-01
8.917664381306049659e-01
8.994179639094216361e-01
9.163003779168720220e-01
9.430334582561102907e-01
9.293715319021035315e-01
9.411168392410855787e-01
