-3.161380234115458876e+00
-3.152685055825910965e+00
-3.165230389658139298e+00
-3.158783960284009318e+00
-3.153266161242895826e+00
-3.140284979858347647e+00
-3.165345663910407836e+00
-3.159454606494998874e+00
-3.153403655697621932e+00
-3.143027346726032789e+00
-3.125130322034143315e+00
-3.094104977344422025e+00
-3.071734168757095595e+00
-3.064732362123879561e+00
-3.039071908328273786e+00
-2.983165671147379072e+00
-2.871437414137818056e+00
-2.634788488028642739e+00
-1.961730437785204506e+00
2.942882856049774531e+01
-5.270551141690994257e+00
-4.019052705638101131e+00
-3.666684071041138804e+00
-3.616546158029646296e+00
-3.612235798754545701e+00
-3.566634455937141901e+00
-3.769385329019088626e+00
-6.088896070097727709e+00
-3.019298717972101898e+01
-5.917600730453571600e+00
-4.142498180266006358e+00
-3.662842606470361861e+00
-3.511439868797969766e+00
-3.021233027759992140e+00
-3.136912960484206092e+00
-3.139499633450729021e+00
-3.128562772672164094e+00
-3.114094611858694961e+00
-3.095297987327853662e+00
-3.073851904041932315e+00
-3.064639202384566552e+00
-3.054555532138073737e+00
-3.029025435064353289e+00
-2.967951882802835506e+00
-2.793490985141679595e+00
-1.931669525264957610e+00
-1.229274709831759793e+00
-2.305928360842398384e+00
-2.395738363367255097e+00
-1.900086195918812670e+00
1.825032199958149590e+02
-4.705325277010506291e+00
-2.886507723620679400e+01
-2.918456345345267433e+00
-3.009456696465276693e+00
-2.963606991466219309e+00
-2.823305349820541821e+00
-2.497134492710813447e+00
-1.780905929302560864e+00
-2.931838467416121574e+01
-4.396041022442714663e+00
-3.887125288262401224e+00
-4.278550568237421636e+00
-6.742189359867494236e-01
-1.628917285496381817e+00
-6.782235215159251318e+00
-3.858835108232724131e+00
-3.563261542851738017e+00
-3.452928769122705965e+00
-3.403718016693113135e+00
-3.403470572732431698e+00
-3.425268607553360489e+00
-3.419389575953510452e+00
-3.391987014166367498e+00
-3.374569149469243357e+00
-3.363594248311391866e+00
-3.344913695873080961e+00
-3.321620549580474702e+00
-3.309227146894072824e+00
-3.313525325692448398e+00
-3.311784793640026425e+00
-3.298984077840852791e+00
-3.294443412126264903e+00
-3.292319767655078167e+00
-3.280184358525542798e+00
-3.263679454070536945e+00
-3.245372963143157818e+00
-3.228550121486657432e+00
-3.216886126801388635e+00
-3.206970451894263441e+00
-3.197338747639582479e+00
-3.188402709466931384e+00
-3.180468018220902415e+00
-3.173074720842024909e+00
-3.165448833878055979e+00
-3.157829188048240532e+00
-3.150424951162611009e+00
-3.143543411813647381e+00
-3.137448306225811834e+00
-3.131045824514348208e+00
-3.123948890884694407e+00
-3.116107641194428179e+00
-3.107181605391093893e+00
-3.098271424862868884e+00
-3.089094742119835590e+00
-3.081524108372821757e+00
-3.077976790141622843e+00
-3.076846382350971965e+00
-3.077223209473595844e+00
-3.075835994058826017e+00
-3.069097816984839078e+00
-3.054824520655278430e+00
-3.033352820535566874e+00
-2.951955899646323545e+00
1.295228867935866646e+01
-3.560729800672987722e+00
-3.758457339454960966e+00
-1.001743256112495484e+00
-2.589374021411768201e+00
-2.564969793084670879e+00
-2.736588934154969621e+00
-2.928239091035727881e+00
-2.997496807224361071e+00
-3.018157604288617790e+00
-3.018192206682947631e+00
-2.993020671906479357e+00
-2.977805686759112724e+00
-3.002128608133146415e+00
-3.022212073763894224e+00
-3.032107626078359708e+00
-3.038848776300716370e+00
-3.042496802725211946e+00
-3.013110876032763397e+00
-2.894193968009769691e+00
-2.806414241192740633e+00
-2.909147646534365528e+00
-2.964222180918855365e+00
-2.989385290171468590e+00
-3.006909959265678278e+00
-3.019398700875152386e+00
-3.025296819433546336e+00
-3.000994992777946457e+00
-2.835212209937268746e+00
-2.510551140533236136e+00
-2.781042957776135083e+00
-2.915685389181690734e+00
-2.967283314276114581e+00
-2.990232349674665002e+00
-3.003084541945811647e+00
-3.010966329766427307e+00
-3.011830279285391043e+00
-3.008265063237984371e+00
-3.003317563579476879e+00
-2.996072420348213861e+00
-2.988479769860453494e+00
-2.980726175870636485e+00
-2.972218558864494042e+00
-2.965489264752456222e+00
-2.962537123694584551e+00
-2.962087386034386149e+00
-2.963072477955209116e+00
-2.964148902707982813e+00
-2.964550776283347844e+00
-2.966532814357904613e+00
-2.968294405602519337e+00
-2.968427141705681116e+00
-2.967145068688910037e+00
-2.964649729856251525e+00
-2.961844222921272696e+00
-2.959294155872595589e+00
-2.957400547232622579e+00
-2.956012827903971463e+00
-2.954888346061369298e+00
-2.953650025893009179e+00
-2.951896384243958948e+00
-2.949411384686764670e+00
-2.946235605843918748e+00
-2.942602709816807938e+00
-2.938907915862918774e+00
-2.935267950543213544e+00
-2.931700595326810266e+00
-2.928417354883618984e+00
-2.925581951650597645e+00
-2.923417986719967665e+00
-2.922090704603403921e+00
-2.920932509993953818e+00
-2.919611662862615642e+00
-2.917838417945064045e+00
-2.915614149798920529e+00
-2.912975691874509110e+00
-2.909830919396366511e+00
-2.906453515419243239e+00
-2.903185137028922558e+00
-2.900258973194367762e+00
-2.897751593004708415e+00
-2.895904495156720770e+00
-2.894537634442755802e+00
-2.893337247155046477e+00
-2.891916309401949547e+00
-2.889759117594915772e+00
-2.886734599691842540e+00
-2.883211237915441316e+00
-2.879531719905210174e+00
-2.875827398234517940e+00
-2.872355753727567240e+00
-2.869405683887605640e+00
-2.867008182008282002e+00
-2.864667324321562791e+00
-2.862124822742126096e+00
-2.859473776782066157e+00
-2.856427218990859274e+00
-2.852894348129936031e+00
-2.849121797953252155e+00
-2.845365309590367264e+00
-2.841772321866275597e+00
-2.838422704576675670e+00
-2.835600974373243766e+00
-2.833300096113119615e+00
-2.831126773294705412e+00
-2.828646204884286419e+00
-2.825629993795502504e+00
-2.822098201670595330e+00
-2.818332664305218671e+00
-2.814578940010579622e+00
-2.810807544589725815e+00
-2.807071295586701432e+00
-2.803423183668010576e+00
-2.799970678471320973e+00
-2.796911280596236171e+00
-2.794229681768845452e+00
-2.791710164324637589e+00
-2.789055495262426021e+00
-2.786135373214406741e+00
-2.782835324074628858e+00
-2.779243469541852640e+00
-2.775349131197227592e+00
-2.771220590471335399e+00
-2.767199316808773624e+00
-2.763400503049007639e+00
-2.759967750196413050e+00
-2.757076305496717783e+00
-2.754488575546275353e+00
-2.752034245759030107e+00
-2.749209952491354247e+00
-2.745562190438521899e+00
-2.741332517618913389e+00
-2.736754133489893270e+00
-2.732111359918715898e+00
-2.727596580824524608e+00
-2.723398986987323855e+00
-2.719774148424379590e+00
