-1.257760064984550468e-06
-6.357098102302647180e-06
-3.274168130259600499e-06
2.661083611924686826e-05
7.566471184471327389e-05
1.307294758663936818e-04
6.453698456794128844e-05
-5.125996072513692818e-04
-1.647624614139524702e-03
-2.857586373184718004e-03
-3.849682037137140255e-03
-4.571195052632116666e-03
-5.097677668114784094e-03
-5.589776876368577826e-03
-6.036209720023381041e-03
-6.393750367050556743e-03
-6.647679426335709879e-03
-6.811057349334153320e-03
-6.902842410819626760e-03
-6.940085233164926953e-03
-6.934339132453793894e-03
-6.896289884983099715e-03
-6.813618250199931538e-03
-6.700787302784620009e-03
-6.581394009985398752e-03
-6.453510645338698254e-03
-6.327439610434117991e-03
-6.251764734807234956e-03
-6.209305795778063269e-03
-6.168381203911247820e-03
-6.111967165369359967e-03
-6.026621758970478714e-03
-5.905385971574688732e-03
-5.881132453389313793e-03
-6.623010127036742592e-03
-8.702186780379197670e-03
-1.106652015835965161e-02
-1.319741697533261329e-02
-1.508094840252960540e-02
-1.666508852160695706e-02
-1.809947456680219974e-02
-1.951100306993025155e-02
-2.080253366864054376e-02
-2.185857431952308375e-02
-2.257030710399342624e-02
-2.293833837320196148e-02
-2.307665911392708588e-02
-2.322532254790378795e-02
-2.340663601860085846e-02
-2.354610959948076274e-02
-2.357180187078865632e-02
-2.347575417863791494e-02
-2.333427082416441450e-02
-2.348002767105656502e-02
-2.425474457759170185e-02
-2.511741245133377459e-02
-2.574845627947823512e-02
-2.610623802044702985e-02
-2.628253972963139409e-02
-2.632246942302530340e-02
-2.621106610105529422e-02
-2.597056856253236040e-02
-2.568007808119638496e-02
-2.553331761152284260e-02
-2.552848714153655926e-02
-2.546558639700334872e-02
-2.523910346867484084e-02
-2.483886948804117992e-02
-2.428308496855063198e-02
-2.359981172278695361e-02
-2.285964033585142011e-02
-2.216022242415698756e-02
-2.149410337010071448e-02
-2.080615757940248653e-02
-2.008277408368819988e-02
-1.934888147455240265e-02
-1.859861957861302581e-02
-1.780519111340619215e-02
-1.696741704210740984e-02
-1.614604558883553365e-02
-1.537909418864562457e-02
-1.461177295264253113e-02
-1.384395305308004122e-02
-1.310857363573080317e-02
-1.238579071256672506e-02
-1.163331603532398277e-02
-1.082956663107386731e-02
-9.941288984885547630e-03
-8.977690684446809968e-03
-7.972678816719635034e-03
-6.922995542883400057e-03
-5.832547604912310772e-03
-4.713981898565837957e-03
-3.606456964696423510e-03
-2.521860377031863096e-03
-1.435664461350598256e-03
-3.323136334108440539e-04
7.948041556836485649e-04
1.971316153366541122e-03
3.204628832388090043e-03
4.463344902551610004e-03
5.726810672309686802e-03
6.969345670430516712e-03
8.177816239782163821e-03
9.357517293017564297e-03
1.050862403862389688e-02
1.167185393587737846e-02
1.288882118746776349e-02
1.418942800050690574e-02
1.559025970909138498e-02
1.704583399737196955e-02
1.846902610392825786e-02
1.977574952341690229e-02
2.085635084473497561e-02
2.137509833480719101e-02
2.124803630218427553e-02
2.095132043104201355e-02
2.082887656342167007e-02
2.094707066042840113e-02
2.113946479627201031e-02
2.134584820654558332e-02
2.175912396824574227e-02
2.248266762701819563e-02
2.347102026900087235e-02
2.460402549180332882e-02
2.574560111277940377e-02
2.677166337270226251e-02
2.788286865017118241e-02
2.921874911410881834e-02
3.076881937609238574e-02
3.251221832446729576e-02
3.444959561862501185e-02
3.641414803345197071e-02
3.786804122036688258e-02
3.877288061448876805e-02
3.972283912594735955e-02
4.097620421617322040e-02
4.249695906108664351e-02
4.427628375806683114e-02
4.632867703168562501e-02
4.864039160185426591e-02
5.101996881894113600e-02
5.281841403804354851e-02
5.365407135305074598e-02
5.443332186506429082e-02
5.563265875274706757e-02
5.730130385286936329e-02
5.936159510223454339e-02
6.174994265393195236e-02
6.443517885143798529e-02
6.736309469419943241e-02
7.041837023115947447e-02
7.355236269028450624e-02
7.671992694213820851e-02
7.988059589004521677e-02
8.303224530417499527e-02
8.615565664352169140e-02
8.925207773601319394e-02
9.236093193810238078e-02
9.553295425596862456e-02
9.879846091059354962e-02
1.021822683769480766e-01
1.056841538183517643e-01
1.093154309258766166e-01
1.131101965149871463e-01
1.170509634143183098e-01
1.211199786718390181e-01
1.252886665984352110e-01
1.295416040466489671e-01
1.338751429112910174e-01
1.382973042074668590e-01
1.428208681954838410e-01
1.474549869932057500e-01
1.522048265234081099e-01
1.570656423728886419e-01
1.620251910704403608e-01
1.670665875703878367e-01
1.721751747270204858e-01
1.773417874291539631e-01
1.825649776487651699e-01
1.878431215072819960e-01
1.931783877714854103e-01
1.985776337876958009e-01
2.040524582194702119e-01
2.096207383098515897e-01
2.152988993121094929e-01
2.210874924947132669e-01
2.269847598711207948e-01
2.329786216259078224e-01
2.390614129423313805e-01
2.452197890925975066e-01
2.514431875763979973e-01
2.577274233734214159e-01
2.640763614645130208e-01
2.704977924175461790e-01
2.770036617409829538e-01
2.836107248537421688e-01
2.903281239821723370e-01
2.971593842507791461e-01
3.040944886546554926e-01
3.111130541951567241e-01
3.181951472535466952e-01
3.253306023532612223e-01
3.325140947075393427e-01
3.397450969549697386e-01
3.470310527241139975e-01
3.543850525445298438e-01
3.618165163685272412e-01
3.693226835781488471e-01
3.769003167709338853e-01
3.845441154232804859e-01
3.922406160170265887e-01
3.999790507258948469e-01
4.077541185153410463e-01
4.155663656960023600e-01
4.234189126298981698e-01
4.313194267721385811e-01
4.392820128978440208e-01
4.473156696977621527e-01
4.554196029206273866e-01
4.635832303444333280e-01
4.717926726735950926e-01
4.800360662369030362e-01
4.883091218884538787e-01
4.966100562167476973e-01
5.049367475762512880e-01
5.132896517471199349e-01
5.216702958022866321e-01
5.300849242574150466e-01
5.385429762312099466e-01
5.470514849367403842e-01
5.556115810228823282e-01
5.642181258739442651e-01
5.728636059528673385e-01
5.815377543102071556e-01
5.902332437452449954e-01
5.989404402702618313e-01
6.076558812959452771e-01
6.163821084079883494e-01
6.251239922100463309e-01
6.338916326378880584e-01
6.426960095197286060e-01
6.515417445328649526e-01
6.604291173541549931e-01
6.693428075288246903e-01
6.782647396739904799e-01
6.871826774881484301e-01
6.960886305367330884e-01
7.049818406838707086e-01
7.138645994141772366e-01
7.227458288388786123e-01
