4.064838654143929912e-07
4.225792490593707332e-06
2.279092760204749795e-05
7.544202622801574488e-05
1.569691640930635399e-04
2.553723487195470204e-04
2.358110956400690482e-04
-3.334675788383751780e-04
-1.567640240148836066e-03
-3.004712187964274882e-03
-4.311715329833112030e-03
-5.383222272637709291e-03
-6.255199130184596959e-03
-7.074271053833153244e-03
-7.828931869698459861e-03
-8.469481246631915469e-03
-8.971466275128334167e-03
-9.341262609818075727e-03
-9.593884669588208236e-03
-9.745761218759949746e-03
-9.810894630947347012e-03
-9.803156773353041697e-03
-9.713416625713683014e-03
-9.558088518446085716e-03
-9.364074165628602855e-03
-9.134418546953567558e-03
-8.884276653437821192e-03
-8.669761964600978740e-03
-8.482320068267684698e-03
-8.293047384321097087e-03
-8.083293710227281575e-03
-7.836672866578757793e-03
-7.542970195534026874e-03
-7.337944871053978836e-03
-7.944330729090016974e-03
-1.007456205771457489e-02
-1.275289425955575609e-02
-1.539889657806413174e-02
-1.792250435664698507e-02
-2.020704747970057669e-02
-2.235703421359998277e-02
-2.448438855770554423e-02
-2.648252270757469121e-02
-2.821264652774062298e-02
-2.953144023812305508e-02
-3.040342096639404856e-02
-3.092225645466618877e-02
-3.133761779757442828e-02
-3.169752270416589107e-02
-3.194223460764605144e-02
-3.200034145875070568e-02
-3.186029055432961637e-02
-3.160021269172238328e-02
-3.157970529787563346e-02
-3.221458379599072969e-02
-3.300798546780007309e-02
-3.360835175086787641e-02
-3.392770147628030447e-02
-3.402493082138530883e-02
-3.393312867089182810e-02
-3.362755275998553783e-02
-3.312167720449481906e-02
-3.249622021320660442e-02
-3.196460345804131437e-02
-3.155557899191104021e-02
-3.108133558682134659e-02
-3.042287192475571361e-02
-2.954873614629693196e-02
-2.846169641627270194e-02
-2.718404057849518884e-02
-2.579158867391503213e-02
-2.439340391565512217e-02
-2.300358325647899882e-02
-2.157323270658732112e-02
-2.008455851231717021e-02
-1.856527811300222666e-02
-1.701311874898743526e-02
-1.539993602699619643e-02
-1.372010939473370522e-02
-1.203600405214087440e-02
-1.039374537418423158e-02
-8.748826361580374494e-03
-7.109484773334321175e-03
-5.515375673291762933e-03
-3.947091019485933494e-03
-2.354409218580850484e-03
-7.061416782974862943e-04
1.042732500670762218e-03
2.891763864022869196e-03
4.805869059512871133e-03
6.791359294559286969e-03
8.848154508109891403e-03
1.096352864965285251e-02
1.309408183087996773e-02
1.521883904825021422e-02
1.735313718307999672e-02
1.950360067135712555e-02
2.167642974582924265e-02
2.390557005512105801e-02
2.620580203378206421e-02
2.854509614501085646e-02
3.090397016136872677e-02
3.325253530609510733e-02
3.557244910873429838e-02
3.786465069132008421e-02
4.012599576367500975e-02
4.240036657682148824e-02
4.473905673087590767e-02
4.718172975217167081e-02
4.975178130462595133e-02
5.241004441946419540e-02
5.506737067626913534e-02
5.762533228939113045e-02
5.995052465794464824e-02
6.166110011069647623e-02
6.259859202096407227e-02
6.321035742095569565e-02
6.387791988824878531e-02
6.472446422091514273e-02
6.562021584610736036e-02
6.651611995871974103e-02
6.762697456998713330e-02
6.909321190882813934e-02
7.090462595477824148e-02
7.295298395869785624e-02
7.509121173049268516e-02
7.716727438046995513e-02
7.937085940004055817e-02
8.185613672017935660e-02
8.463061614671953115e-02
8.768478764167705886e-02
9.102470045286084610e-02
9.447846590951172741e-02
9.745678244320693517e-02
9.982790217402816302e-02
1.021615919353260626e-01
1.047605010436640782e-01
1.076338111248126422e-01
1.108063840113416854e-01
1.143177175698216613e-01
1.181731841662859439e-01
1.221899165251115055e-01
1.256711565883779913e-01
1.280986754586961318e-01
1.303202501025965687e-01
1.328760732573432690e-01
1.358851148049007307e-01
1.393262167939452179e-01
1.431835710658562466e-01
1.474431558002730625e-01
1.520479170939791902e-01
1.568762853696438198e-01
1.618704086518570062e-01
1.669785615592102035e-01
1.721474654048235076e-01
1.773586538252965028e-01
1.825807963151059310e-01
1.878031630281778996e-01
1.930507786573746887e-01
1.983679250071861411e-01
2.037834724446154766e-01
2.093280060990855007e-01
2.150110203677871867e-01
2.208513799183451920e-01
2.268871823128897625e-01
2.331064496897819749e-01
2.394935050279891064e-01
2.460450876920602659e-01
2.527608310036725259e-01
2.596282423276833340e-01
