-1.080916729529787963e-02
5.551800268647535605e-03
5.299629205126508286e-02
3.362654879504954619e-02
3.070091866697598898e-02
-3.609159305756076686e-02
-8.768623037134946063e-01
-1.200677687978158215e+00
-2.860214971484040802e-01
1.576441552828099224e-01
2.720733360643690091e-01
2.534677086776137012e-01
-7.715282867652618892e-02
8.357354807205209790e-03
8.877990234322773178e-02
1.311329617926722535e-01
1.226614630607114481e-01
1.079526487499058718e-01
8.850919859712547133e-02
8.426477985861191566e-02
5.533875468371491496e-02
1.007516641001580115e-01
7.893003852954071087e-02
3.064959212750665435e-02
4.170790135064665616e-02
4.916144601239490208e-02
-7.883068103849621977e-02
-4.099490300097458767e-02
7.499677367083582014e-03
2.943968663422676796e-02
5.427775446100812501e-02
7.880608096072004576e-02
6.008456378352378807e-02
-9.944457244854818523e-01
-2.942731753269141493e+00
-6.393470729950058162e-01
2.880632222695331257e-02
-5.915076423545270745e-02
2.480876922795972606e-01
7.058339971819135861e-03
-2.490288072357542126e-01
-7.762143620016301315e-03
1.699671458291672210e-01
4.387602260297557288e-01
4.893253378200270176e-01
4.399370425492125647e-01
-5.533843894885193126e-02
-4.771763579446740983e-02
6.179572877761112942e-02
2.017158523925948743e-01
2.235670203407127410e-01
1.951231906175645847e-01
-2.663850328385082289e-01
-1.376260377801542534e+00
-1.814609397312393901e-01
2.471488786596997000e-01
3.704255279311247651e-01
2.306571433122763248e-01
1.873032047608947093e-01
2.739551039640882868e-01
2.512768206136209437e-01
2.170593359204718020e-01
-2.036756195591677976e-01
-2.624005771729359671e-01
1.226358664569845852e-01
2.904462698510007490e-01
3.263283182973555352e-01
3.264193646762750256e-01
3.229941702204748299e-01
2.458155737047127420e-01
4.021872681174169101e-02
5.494692503955196650e-02
1.559860686589672196e-01
1.842979427264657688e-01
1.243792486419822013e-01
1.368916181724982861e-01
1.902488120145163220e-01
2.209264663325526401e-01
1.131452619601481802e-01
4.206393913843406440e-03
1.388039187133512931e-01
1.311635607234101220e-01
4.741676451251318480e-02
7.939099540486412032e-02
1.621413820089665503e-01
1.795009891037273597e-01
2.677774014771955313e-01
2.696024115980749647e-01
2.015463562256201713e-01
2.349726057729412676e-01
2.275040727500495241e-01
2.294246204109462728e-01
1.506225131182085675e-01
1.205789079796809465e-01
1.676323727021060694e-01
1.923962317309620973e-01
1.908624377966147700e-01
2.471384951969125554e-01
2.817060553304256976e-01
2.204950765472358798e-01
2.038822422430376369e-01
1.551480442819350991e-01
1.219823792369616189e-01
1.383593376547948006e-01
1.055599991432821377e-01
1.797178784236876381e-01
2.499301016935167041e-01
3.023247006643000057e-01
3.689519192475019804e-01
3.124535283176899103e-01
1.791338713874287003e-01
1.606220536905168805e-02
-4.773134717562692309e-02
-7.636306445212350802e-01
-1.204599838796197142e+00
-3.248681962912473020e-01
1.985173592255465025e-01
3.940935830094570713e-01
9.640102201566137785e-02
-6.552155839873324839e-02
3.677617860589580401e-01
5.806125869277471985e-01
5.641188467505952042e-01
3.997407709080441629e-01
2.558632578150357162e-01
-1.293225390946541042e-01
3.087582382494078459e-01
5.598640690713546642e-01
5.440712529471165571e-01
5.391081823854912969e-01
6.003537621933147106e-01
5.589680199955335826e-01
-6.012946407246935188e-01
-9.192407680315543006e-01
2.597457873412820084e-01
6.458614769963174629e-01
5.633006212373131705e-01
6.221818978051757432e-01
7.038082714676562324e-01
7.510854665740666070e-01
6.637172024580881846e-01
-4.537531582547642550e-01
-1.807751472013727545e+00
1.308031970934048493e-01
7.728480089827585164e-01
9.065068653494761097e-01
8.534835623528999049e-01
8.257288575541403830e-01
8.469674434810975372e-01
8.448777463085549444e-01
6.398598771577199695e-01
6.092726880868672978e-01
5.401740950726079404e-01
4.514525211282950368e-01
4.659412901181653743e-01
4.092873052333621531e-01
3.930411851758275343e-01
4.492942052650217288e-01
5.417693816117669092e-01
5.887763376166730289e-01
6.581156782100072711e-01
6.667426132731879562e-01
6.898046759455911392e-01
8.027745082038322266e-01
7.753201446445345812e-01
7.844741058441018211e-01
7.492834751319550346e-01
7.492465010249098611e-01
7.669125167037161850e-01
8.130453504966361766e-01
8.724341567327743574e-01
9.009255864558078919e-01
9.318807406068119192e-01
9.469632619198362633e-01
9.523690956688313225e-01
9.465647304478062019e-01
9.434985123902270843e-01
9.447205085999170748e-01
9.637107503529627195e-01
9.766579156798361749e-01
9.984619226611429754e-01
1.011775765508892366e+00
1.036490592156924073e+00
1.078728269202909651e+00
1.132561895449825329e+00
1.151111254804631612e+00
1.182659753412512949e+00
1.182540636586814076e+00
1.202444387252771918e+00
1.201830694985062564e+00
1.207128424369770414e+00
1.219469097751739728e+00
1.246859831039275335e+00
1.280818267107972197e+00
1.321350205001650568e+00
1.380479500798816428e+00
1.423245539672019166e+00
1.465838040459966019e+00
1.483655900000259376e+00
1.481306783375172520e+00
1.473548120011887175e+00
1.480874167875746661e+00
1.492385395674148851e+00
1.509513792243575736e+00
1.541322539801361025e+00
1.586049642327935327e+00
1.631219342444619524e+00
1.649849022710468294e+00
1.672658431628605724e+00
1.694996159478676656e+00
1.695315378928846650e+00
1.704328050107479786e+00
1.718627053619759204e+00
1.743052917152308812e+00
1.770010294205855317e+00
1.803634593241617345e+00
1.855255169961737449e+00
1.899123520429688128e+00
1.929332960453398194e+00
1.940938581729867662e+00
1.946320645462793930e+00
1.953477557616801530e+00
1.973930156715560269e+00
1.996494763544488737e+00
2.015044189363909943e+00
2.040016891724772741e+00
2.063931952092099564e+00
2.097102023426915984e+00
2.138426799707398906e+00
2.177400095478336794e+00
2.208369433455512620e+00
2.225031219846014707e+00
2.239679075530877306e+00
2.242366842044660302e+00
2.254150420774877261e+00
2.252677408566663431e+00
2.262648621028474416e+00
2.282864755151612357e+00
2.303801676524806830e+00
2.336789507009362499e+00
2.375901414575294801e+00
2.403617299702522470e+00
2.434752534139029922e+00
2.429009495610287228e+00
2.417078107417466093e+00
2.414006433132077412e+00
2.410667041376440167e+00
2.422072451649822433e+00
2.433639007025744760e+00
2.459182682370200546e+00
2.492995819518562417e+00
