1.167093022785823699e-02
1.895484172582651353e-02
5.736030509091678831e-02
3.320959752915493557e-02
3.227518015677408036e-02
-3.431966702853493645e-02
-8.043178880221091287e-01
-1.006255285575887504e+00
-6.534826409695537741e-02
3.048450348602632642e-01
3.378854004573371705e-01
2.607536688803719360e-01
-8.003295589671902133e-02
1.126129474301372502e-02
8.568128685099150876e-02
1.195169768968667723e-01
9.896356000901908312e-02
8.264023089642785758e-02
6.485714507889620006e-02
5.891693581171587868e-02
3.498135161724826026e-02
7.810268543007357900e-02
5.479945143186511214e-02
1.547022197764984230e-02
3.171711599879279558e-02
3.782763195119547700e-02
-7.778106586682824453e-02
-2.810225433965744118e-02
2.181579098131936068e-02
4.257916702292394162e-02
6.283487285985833726e-02
7.961817295634940339e-02
5.604936593823531266e-02
-9.210740741158722766e-01
-2.604831837662688443e+00
-1.927946794668645714e-01
3.510155096803618813e-01
1.540420217104789824e-01
3.779368731638739209e-01
7.630652491239259261e-02
-1.776248172292070049e-01
5.658711952022113523e-02
2.020365409008902657e-01
4.205835517664258116e-01
4.235392421510005834e-01
3.408109258593915447e-01
-1.352278223202560692e-01
-8.146985163514126882e-02
4.698983666731335745e-02
1.868012669303605044e-01
1.941329934957424508e-01
1.562112073484992758e-01
-2.740062174129763162e-01
-1.248048938051856460e+00
9.482080083803051673e-03
3.734782984749395185e-01
4.195172298567459435e-01
2.426223020671261499e-01
1.721521302801337638e-01
2.444220559530363990e-01
2.138072935027048316e-01
1.685951580287241847e-01
-2.202295245868279849e-01
-2.242070505065224262e-01
1.558558626250326484e-01
2.872135136357027996e-01
3.001086442614195882e-01
2.814866401148062303e-01
2.607393290792214824e-01
1.606546304299466266e-01
-1.104148709951219276e-02
5.119300660212017240e-03
1.196375049802238799e-01
1.620450219134703385e-01
9.485014894482921011e-02
1.103099754887547634e-01
1.639137480485255427e-01
1.938164199406816612e-01
8.575647134646657843e-02
9.973024262173724175e-04
1.313752854655741154e-01
9.796576295141046220e-02
1.334781967704204431e-02
6.223341696167261627e-02
1.570742894841872517e-01
1.705438318260578678e-01
2.533622260108746582e-01
2.428224940910779783e-01
1.518479029300522920e-01
1.968371527694310896e-01
1.955416291789770500e-01
1.955659039964362522e-01
1.229557320585015767e-01
9.929893538278805609e-02
1.446239227546397554e-01
1.442911729874678528e-01
1.419735635590287370e-01
2.121324924610888951e-01
2.451544101699547618e-01
1.651238725784832662e-01
1.677912857498707888e-01
1.214918851755129592e-01
1.025057557525188567e-01
1.283983391141750308e-01
1.007464178059884197e-01
1.854433408945216910e-01
2.563124253931196028e-01
2.971468137944072163e-01
3.330409136819099669e-01
2.682816435905771568e-01
1.489943238151215099e-01
1.469337868037629002e-02
-2.429936832595458451e-02
-6.488999357001929980e-01
-9.723762929902133312e-01
-4.979966168881284905e-02
4.054931000847864508e-01
5.132919016608293861e-01
1.719039451363689464e-01
1.137360679521989826e-02
4.355525464565667138e-01
5.838446742184815186e-01
5.323274129904445040e-01
3.452781240194176537e-01
2.005670152859900801e-01
-1.504744260277350865e-01
3.242131592700939757e-01
5.374604550496856481e-01
4.839857906016690747e-01
4.603668322076566732e-01
4.988168682338707249e-01
4.326164331554772646e-01
-6.327666911438982744e-01
-8.268361488960065397e-01
3.864757180008463466e-01
6.896607470084051839e-01
5.346354404587778664e-01
5.605081714581985342e-01
6.002546636093631927e-01
6.086783153567444371e-01
5.093079859124283182e-01
-5.031764430687918344e-01
-1.689089844798930651e+00
3.328911466356914151e-01
8.751434667521083011e-01
8.593971985018467041e-01
7.181938821840804232e-01
6.930824205542588379e-01
6.658262648307283760e-01
5.969236048827092356e-01
3.945061756730321445e-01
3.910838920018537834e-01
3.682026623310842295e-01
3.126326042553287943e-01
3.412141443109173444e-01
3.069036219762771855e-01
3.119455971339343270e-01
3.540919163325575436e-01
4.275399369278068962e-01
4.447054864525492590e-01
5.004510486513067402e-01
4.982468192725589828e-01
5.190455791968814347e-01
5.942217429448004573e-01
5.569079868634209118e-01
5.347625508353396340e-01
5.417696829162996774e-01
5.594604307132505783e-01
5.465166759695846421e-01
5.562046658522632470e-01
