1.432003805140752679e-06
1.029662192466995068e-05
3.510442201384508798e-05
8.951601487733627576e-05
1.639901903620954787e-04
2.460297739326306951e-04
2.106885683525081226e-04
-3.083619078135683479e-04
-1.322183793708497793e-03
-2.345092120970960689e-03
-3.116007638421232611e-03
-3.613744756508231390e-03
-3.932925197763978246e-03
-4.236248581477578511e-03
-4.507870416700959088e-03
-4.704046019372003055e-03
-4.810924810052939933e-03
-4.843465906452309837e-03
-4.818984180888881245e-03
-4.752223602830402648e-03
-4.653820116205324361e-03
-4.532250691533193376e-03
-4.375221146699183501e-03
-4.196610706398637425e-03
-4.015961044532097811e-03
-3.829210040022203859e-03
-3.646723071397421113e-03
-3.513183323404348891e-03
-3.407546261434517710e-03
-3.297952086128876862e-03
-3.168126376620581351e-03
-3.006540512293145225e-03
-2.809126226306060160e-03
-2.707516552967725084e-03
-3.340037618118537818e-03
-5.200229001144039513e-03
-7.208410998725083701e-03
-8.901260585791801599e-03
-1.031176540693955895e-02
-1.141802062651055272e-02
-1.238843106208638821e-02
-1.334760743601664038e-02
-1.419833220076880363e-02
-1.483468644271097522e-02
-1.516140925017770043e-02
-1.519061859572616406e-02
-1.504085112965199665e-02
-1.494047369061583981e-02
-1.489170848256225060e-02
-1.481070322455810967e-02
-1.462417808610295793e-02
-1.432832678988738007e-02
-1.400079276980727844e-02
-1.395964625179291554e-02
-1.450516616274500140e-02
-1.507806046105050583e-02
-1.538644944610008218e-02
-1.541715738460460242e-02
-1.527535632461655274e-02
-1.501433269151300313e-02
-1.462170104651480326e-02
-1.412008778215188831e-02
-1.358895072695388319e-02
-1.320935589572663597e-02
-1.296202429091607156e-02
-1.265083785235930972e-02
-1.218383627737681593e-02
-1.155713065791449945e-02
-1.079291980135561879e-02
-9.925380328371624303e-03
-9.030472795625658564e-03
-8.194808694692313697e-03
-7.409006636556481236e-03
-6.611164600986970362e-03
-5.780463853729965636e-03
-4.943554845511133507e-03
-4.093915802087205735e-03
-3.203415296887740776e-03
-2.269984518688597346e-03
-1.352845380902533128e-03
-4.830475726971872113e-04
3.891693336378553806e-04
1.250865477373699474e-03
2.067801087199705110e-03
2.868837420422369611e-03
3.704008986663437537e-03
4.595962266227860381e-03
5.577273326626844274e-03
6.633021375380940970e-03
7.721165345307725442e-03
8.850342931830269821e-03
1.002108754517789732e-02
1.122110465917976023e-02
1.241271683997750147e-02
1.358456370995703502e-02
1.475614896571581826e-02
1.593143152802958123e-02
1.711766021053397896e-02
1.834917891015153818e-02
1.963413881148697027e-02
2.093605432251807383e-02
2.224138433671905835e-02
2.352708138041422273e-02
2.478491087470414966e-02
2.602342187107965429e-02
2.724465742785556546e-02
2.849388460554657873e-02
2.981377441351669780e-02
3.122826745818635050e-02
3.274196400664621670e-02
3.430692015303062753e-02
3.584302859343018594e-02
3.727620687842168878e-02
3.850752626179928390e-02
3.923008226553979794e-02
3.939220291608418884e-02
3.947526232527982792e-02
3.979131048196443005e-02
4.037224664274470520e-02
4.103524582589983954e-02
4.172117564769411979e-02
4.262064914415464312e-02
4.381777146994905031e-02
4.525742979358500506e-02
4.681415825691123689e-02
4.835291170954893192e-02
4.976239494159365173e-02
5.125738343543227021e-02
5.296574000601275006e-02
5.486442666630447079e-02
5.692746175216863852e-02
5.914870650429002175e-02
6.135909088638424186e-02
6.305280195596495163e-02
6.422982486111776523e-02
6.549193391621757621e-02
6.706602662581538643e-02
6.889063449752913515e-02
7.094753819795304728e-02
7.323976102500587282e-02
7.574419180544805785e-02
7.827627092807024067e-02
8.022591592213326739e-02
8.125902975444106169e-02
8.230418622745934443e-02
8.379603323950514382e-02
8.572734835038793577e-02
8.799579573783214426e-02
9.054664974645101894e-02
9.333461930093400749e-02
9.628276325186413409e-02
9.928088354636441237e-02
1.023011862599689792e-01
1.053245440708646952e-01
1.083271640321716855e-01
1.113138912216410092e-01
1.142740069886746257e-01
1.172137226404745963e-01
1.201629909617885766e-01
1.231600794080974226e-01
1.262228253414749701e-01
1.293723777722548263e-01
1.326088478523746450e-01
1.359437084640363058e-01
1.394002650329048965e-01
1.429567857952752929e-01
1.465927604947461771e-01
1.503051047187106137e-01
1.540948077331268373e-01
1.579528875907210417e-01
