3.595560671038637927e-06
2.362384436137556103e-05
6.593480391707212218e-05
1.414266999125272928e-04
2.401696850743233170e-04
3.501790077315590955e-04
3.447132536149525705e-04
-1.441335659006338183e-04
-1.128647522130505482e-03
-2.123144412346756986e-03
-2.865291710795483948e-03
-3.332626914344771329e-03
-3.619594660422838228e-03
-3.889366921730634096e-03
-4.126944845128672351e-03
-4.288075270003393474e-03
-4.357628154641598681e-03
-4.350897636457508495e-03
-4.284240601735146009e-03
-4.171934033736786340e-03
-4.025635297040403189e-03
-3.853914622113588460e-03
-3.645552829145455240e-03
-3.414504160767204734e-03
-3.178850700804643908e-03
-2.934662575921139546e-03
-2.693493876944892066e-03
-2.499805664787876133e-03
-2.332542510193962113e-03
-2.159611578113123861e-03
-1.963708488354510683e-03
-1.732897773946074065e-03
-1.463495442306465963e-03
-1.287799870771764435e-03
-1.846142568959864734e-03
-3.634992663771897774e-03
-5.575702353052610673e-03
-7.202839311292176874e-03
-8.546101417823952912e-03
-9.580781844483384282e-03
-1.047575538456837867e-02
-1.135542910626417476e-02
-1.212405162034469776e-02
-1.267632821835984989e-02
-1.291599210573529319e-02
-1.285311532933401321e-02
-1.260648034290905335e-02
-1.240540318353744280e-02
-1.225176178331941097e-02
-1.206106168749894805e-02
-1.175812150299579591e-02
-1.133932297153533719e-02
-1.088343051833883315e-02
-1.070966518696637483e-02
-1.111918554625430933e-02
-1.155229025200162074e-02
-1.171491147498314282e-02
-1.159169364252126376e-02
-1.128540794438838077e-02
-1.085276205322988421e-02
-1.028187022316289639e-02
-9.594568238343485073e-03
-8.873007981664312802e-03
-8.299099838758677850e-03
-7.853894369548117954e-03
-7.345506225963523844e-03
-6.682608362542400218e-03
-5.856715055536166128e-03
-4.887710965708900838e-03
-3.812692167875023248e-03
-2.713804985413033940e-03
-1.675845211036937734e-03
-6.955848504587418008e-04
2.922700658138227808e-04
1.315618308635435954e-03
2.346489643393248614e-03
3.391141492684150282e-03
4.479613070568522724e-03
5.616406047558056454e-03
6.742532503658969431e-03
7.828113546377947485e-03
8.916869640340508926e-03
9.986346616160109158e-03
1.100024481735525396e-02
1.199353783706504431e-02
1.302428940743607239e-02
1.411922821245657420e-02
1.531421214093241744e-02
1.659311317053856552e-02
1.790762983935103442e-02
1.926994726962343377e-02
2.068394867053257105e-02
2.213694148304883383e-02
2.359024588940411213e-02
2.502960114823116200e-02
2.646892294088599301e-02
2.790325420928323891e-02
2.934121895849744338e-02
3.082588705801139750e-02
3.236843743864399603e-02
3.392881605073498619e-02
3.549775836637394932e-02
3.705200696654713244e-02
3.858442997087939419e-02
4.010429064446535685e-02
4.161407004639943591e-02
4.316334592961124095e-02
4.479905000013473942e-02
4.654473192766334783e-02
4.839967565177442227e-02
5.031582332835771859e-02
5.221533238407099348e-02
5.402418994955586473e-02
5.564153250781919691e-02
5.676205148953784169e-02
5.732968194458937933e-02
5.782547207238541292e-02
5.856284733809832138e-02
5.957556474418317094e-02
6.068169505150917964e-02
6.182272841635540889e-02
6.319272332829405092e-02
6.487484737072825303e-02
6.681679296243377142e-02
6.888945834461412954e-02
7.095067690840410612e-02
7.288495616950443901e-02
7.491206505891724599e-02
7.715975505310716798e-02
7.960419061840119659e-02
8.221942455365910396e-02
8.499605774706313344e-02
8.776063863815639077e-02
9.000673221341823349e-02
9.172579034058400693e-02
9.352299365972824297e-02
9.562956084277848823e-02
9.798673967355008008e-02
1.005809190625203131e-01
1.034142596398676534e-01
1.064616731762207530e-01
1.095421915340124980e-01
1.120479456369933291e-01
1.136244779334181915e-01
1.152014445396630643e-01
1.172220328954726304e-01
1.196733871618366057e-01
1.224561330042038820e-01
1.255323787341632302e-01
1.288486681857202998e-01
1.323092843308350530e-01
1.358022111182403957e-01
1.393075641694217215e-01
1.428200729911582312e-01
1.463206172270343774e-01
1.498127437233682246e-01
1.532878775405832616e-01
1.567519776379297514e-01
1.602263910246644052e-01
1.637404849277262486e-01
1.673063864566428638e-01
1.709482127543593133e-01
1.746690001855495944e-01
1.784832446860349642e-01
1.824082371892050414e-01
1.864231253574111513e-01
1.905028990213838980e-01
1.946445716631926004e-01
1.988515405370195888e-01
2.031189388988088873e-01
