-6.680080972737331138e-04
-8.694787402824734768e-04
2.789765304831825186e-03
7.576317035853158063e-03
1.069058274898322496e-02
9.262016557133136152e-03
-4.770202666573748751e-02
-1.665811466185350143e-01
-2.367333222379495172e-01
-2.227502610270139793e-01
-1.787461553527348868e-01
-1.337859133379586951e-01
-1.144479539748980701e-01
-1.100124284110226419e-01
-9.621254246732481585e-02
-7.650745490072924371e-02
-5.665304476297558511e-02
-3.984442937141123575e-02
-2.642290821217555680e-02
-1.539898328794876009e-02
-7.234787090710480262e-03
1.535352147287847094e-03
1.084251352442608743e-02
1.524877522814019858e-02
1.737420647678761601e-02
2.049330542605995106e-02
1.593050488720012745e-02
7.040353022601681873e-03
4.084818813527096859e-03
5.461676860223333915e-03
9.478298941370883607e-03
1.605071583846674754e-02
2.227634068659935240e-02
-3.822414271306574796e-02
-2.726195002598621464e-01
-4.529653318583064525e-01
-4.484767005628350067e-01
-4.136994761043873980e-01
-3.688020272968026148e-01
-3.262201935482174631e-01
-3.170287070892342518e-01
-3.082198429427916997e-01
-2.758906350542969510e-01
-2.199886602344487685e-01
-1.508909872902247651e-01
-8.796417476378000366e-02
-6.364631593649387742e-02
-6.824817954491152472e-02
-6.490354932623018658e-02
-4.684907610895024110e-02
-2.103023688540564193e-02
2.177753177139283430e-03
-6.539478925004187440e-03
-1.086015101844239050e-01
-1.896529240069846078e-01
-1.706232578512632270e-01
-1.221150925171473611e-01
-7.987199427824559494e-02
-5.187292212014461834e-02
-2.332405743971542600e-02
6.284422252244899892e-03
3.009573339037188364e-02
2.413122686378947265e-02
-8.174581608198182997e-03
-1.695836181476884433e-02
6.922140650333832163e-03
4.029461459177566263e-02
7.282384077067824424e-02
1.024530760786193234e-01
1.247464138117831550e-01
1.283383311648292058e-01
1.213328016366272272e-01
1.222445547415456774e-01
1.306376053495598433e-01
1.363200498041393371e-01
1.390859618267642206e-01
1.457523413328214723e-01
1.568430588879576593e-01
1.621508188815164453e-01
1.544011425975063967e-01
1.497210670451687153e-01
1.525992527450464042e-01
1.497097348974860964e-01
1.444677614411393474e-01
1.466614881282040650e-01
1.544135629717770242e-01
1.679786379439515420e-01
1.854841969923282374e-01
1.974770555716338916e-01
2.068522383216627736e-01
2.169897390039764173e-01
2.261256789866856465e-01
2.298897683953689819e-01
2.272650008498133534e-01
2.262841718384690781e-01
2.296993584869988780e-01
2.342392673398667469e-01
2.419106429852355689e-01
2.543267447398259717e-01
2.639533687224911440e-01
2.684708482628071491e-01
2.688416774929697217e-01
2.645932376316388335e-01
2.600446201700665760e-01
2.549213743312334080e-01
2.531186572794270617e-01
2.600514438025631758e-01
2.736277975320847711e-01
2.931725417077727380e-01
3.113841276947965087e-01
3.168081062241060453e-01
3.044736028718943444e-01
2.804019379801321876e-01
2.108013128436518335e-01
8.018571129320531399e-02
-9.332277587441845101e-03
-1.002108396404283175e-02
3.004042001710644644e-02
5.864636370937109655e-02
5.789598612321194410e-02
7.486566161983730650e-02
1.276142163208726921e-01
1.865997847692399680e-01
2.294985729403711538e-01
2.508804799290921816e-01
2.389304343498406813e-01
2.339754986886060650e-01
2.696824325723609639e-01
3.154994154143754281e-01
3.563920029258564881e-01
3.975786875888062122e-01
4.364437439422486076e-01
3.983659448371408285e-01
2.797484955958380870e-01
2.269683301382649510e-01
2.683898398657935669e-01
3.224329250350584930e-01
3.707683551473495709e-01
4.233783296647432026e-01
4.791609499954801454e-01
5.277128860324626913e-01
4.985939821872654165e-01
3.265772563805219297e-01
2.142956478036017187e-01
2.595495000988275458e-01
3.444954808000420532e-01
4.260035120941237929e-01
4.958342120330228586e-01
5.596843970368323706e-01
6.195211344252476993e-01
6.619270033173696444e-01
6.879517961401546700e-01
7.061641186048719376e-01
7.139816129676845868e-01
7.178192787746668913e-01
7.192029654096481206e-01
7.169030018735840226e-01
7.178443898590075589e-01
7.281231634524774066e-01
7.462100327260656751e-01
7.697052279400641295e-01
7.959250712288601370e-01
8.222668228815629421e-01
8.550860121538914616e-01
8.901192505683271916e-01
9.210965119578745641e-01
9.509178823625632493e-01
9.808888759907048449e-01
1.009132994806819061e+00
1.035239700217393199e+00
