1.874643170111753082e-03
5.228585948154817684e-03
1.058344569834239815e-02
1.591664906986306124e-02
1.964731884018843314e-02
1.872736095470064338e-02
-3.532652191014894194e-02
-1.409293716191806212e-01
-1.900774509401726431e-01
-1.603269447246525314e-01
-1.099965191828565225e-01
-6.622424507636281987e-02
-5.162488482048922800e-02
-5.109827269907581127e-02
-4.094518132066132798e-02
-2.505665221592911010e-02
-9.712636889515640151e-03
2.400523593149107848e-03
1.183730913407992670e-02
1.916807406361884653e-02
2.406060397475454082e-02
2.997603453503009871e-02
3.619533927378817267e-02
3.838138382115814651e-02
3.949931501672737655e-02
4.166563922181996255e-02
3.657089935812112003e-02
2.875381850330620270e-02
2.743134617190404537e-02
3.043940240240410738e-02
3.587591655054796214e-02
4.315225571605943444e-02
4.929951809599896623e-02
-8.948033719366116356e-03
-2.247804391736313856e-01
-3.638557938318906504e-01
-3.258838951216571633e-01
-2.728738069715922476e-01
-2.194693512589738493e-01
-1.767339797116306843e-01
-1.698741815985944925e-01
-1.626025508054949886e-01
-1.339960137312675714e-01
-8.549968508803679201e-02
-2.795507002409376024e-02
2.055177728865976994e-02
3.045019393549051184e-02
1.692995375678714443e-02
1.561420798799183912e-02
3.070087931719577001e-02
5.312254897999697800e-02
7.186146542849694563e-02
5.954595613123952330e-02
-3.789480643199674009e-02
-1.014560375552192584e-01
-6.789698914856900913e-02
-1.335737075618795289e-02
2.922550826262059614e-02
5.453493218437951984e-02
7.840406168212298021e-02
1.028850101327458411e-01
1.209376095698772163e-01
1.100355370921920622e-01
7.846995106091916861e-02
7.283171684313914651e-02
9.625531266430717436e-02
1.265653505661766820e-01
1.550686575812382506e-01
1.793419835744378688e-01
1.932426347851901594e-01
1.896032265469223821e-01
1.773738033931831770e-01
1.736563035266031341e-01
1.805684824963880442e-01
1.855598339519453632e-01
1.872582551281916363e-01
1.933708097659533609e-01
2.044961161442482023e-01
2.098525500664751020e-01
2.038765422915893022e-01
2.018728319568375562e-01
2.034730730307151292e-01
1.965059969676110907e-01
1.889112902582285314e-01
1.920594436736955957e-01
2.021933097378247890e-01
2.184355341181903887e-01
2.379786658252134868e-01
2.489269890468180091e-01
2.568477472312303833e-01
2.676450078354181694e-01
2.780077084362148065e-01
2.830762865160375008e-01
2.821815059975272266e-01
2.824958251169586987e-01
2.838289249901858047e-01
2.840345475308570511e-01
2.897806811169171826e-01
3.025038962902093509e-01
3.107113416812194995e-01
3.143918711003279576e-01
3.156117322754257715e-01
3.131322715447358296e-01
3.118738800792605903e-01
3.105389885868277133e-01
3.138226396641594085e-01
3.272034166544751654e-01
3.469133660987128165e-01
3.693587761589756657e-01
3.877177145144733439e-01
3.941831098425615520e-01
3.856425293012235578e-01
3.677624591791359143e-01
3.094998155208166790e-01
2.004132262244772145e-01
1.400201450129479885e-01
1.640567854464801967e-01
2.188012426831872359e-01
2.542749269854839844e-01
2.584625513218834492e-01
2.814324690112667282e-01
3.358869977614575286e-01
3.918304456905806199e-01
4.293929018910066508e-01
4.439577160883945717e-01
4.260142853455911038e-01
4.209007599682369483e-01
4.566056110698042958e-01
4.980318524747055497e-01
5.323215431471171044e-01
5.653635389532952749e-01
5.931951047784074227e-01
5.473211308577567991e-01
4.329051000369375513e-01
3.930224354734188630e-01
4.429875394783463483e-01
4.967365120133435674e-01
5.407526292805061585e-01
5.861992330934842066e-01
6.308800389310154078e-01
6.666673900352335647e-01
6.312834243077545260e-01
4.650660126971799535e-01
3.726849792461028321e-01
4.342523475649764930e-01
5.204429351953746563e-01
5.897307419916569815e-01
6.473981017783401182e-01
6.993106077471646920e-01
7.385354126311064471e-01
7.562734904046785056e-01
7.620534922731903027e-01
7.680302517009351959e-01
7.708331578333856848e-01
7.725292498038675015e-01
7.738495898597029798e-01
7.743355788016197394e-01
7.772648637107104630e-01
7.855981976397771183e-01
7.971536761629390844e-01
8.123583585096085802e-01
8.300483783163422613e-01
8.486205686052153974e-01
8.714472861165486473e-01
8.941148635572135905e-01
9.115233493159757838e-01
9.264616299198119576e-01
9.422014258740722958e-01
9.576995964438501652e-01
9.727500158080640835e-01
