-3.027964204211700761e+00
-3.018014461388099257e+00
-3.032485926245861663e+00
-3.024998893944592204e+00
-3.018645112385036633e+00
-3.003949560011415443e+00
-3.032639924006912402e+00
-3.025768083858225488e+00
-3.018811100184258578e+00
-3.007005210247682747e+00
-2.986915351437896327e+00
-2.952707696626772460e+00
-2.927499062122350448e+00
-2.918668858718798109e+00
-2.889870181109091440e+00
-2.828771447116071869e+00
-2.710163128700973090e+00
-2.471129072759545409e+00
-1.865883228367455349e+00
3.461091949671268431e+00
-6.404953781256867096e+00
-4.145706330342586732e+00
-3.655834717943740486e+00
-3.585609243560696768e+00
-3.576446342250860333e+00
-3.518434279485630256e+00
-3.761453085604750335e+00
-6.657310420971009890e+00
-1.238859002980505153e+02
-6.759191888695295525e+00
-4.264258080850493293e+00
-3.645041354599354300e+00
-3.454318389038796511e+00
-2.858507189196733300e+00
-2.998553980324143886e+00
-3.002110916110704686e+00
-2.989747365631898468e+00
-2.973390329646130592e+00
-2.952229183362238274e+00
-2.928081461190432222e+00
-2.917240533553926873e+00
-2.905546280497945943e+00
-2.876906201110158712e+00
-2.809936861733174140e+00
-2.627056362986063931e+00
-1.863368110128587496e+00
-1.271453326628765534e+00
-2.107177921230213968e+00
-2.186775470273879751e+00
-1.703178003374604677e+00
8.041699781415449166e+00
-5.178092957030186128e+00
3.488077613925813125e+01
-2.739970613322875614e+00
-2.848331247960439683e+00
-2.797614296671260270e+00
-2.644253182807747127e+00
-2.306640472503273642e+00
-1.636848364764141639e+00
1.160826166240444302e+01
-4.724898372326724605e+00
-3.956505755248678646e+00
-4.469900535916036866e+00
-3.640925008171165267e-01
-1.339282789598115642e+00
-8.933746683371692754e+00
-3.912786207015255258e+00
-3.524876930092513128e+00
-3.384618641719297827e+00
-3.322661500798667511e+00
-3.321104557856658257e+00
-3.346626358133573120e+00
-3.339564267879594262e+00
-3.306796095742138064e+00
-3.285813790436985293e+00
-3.272608022539788664e+00
-3.250274707180861533e+00
-3.222373919385329355e+00
-3.207446577350346217e+00
-3.212546571854866251e+00
-3.210703232859373202e+00
-3.195666451886549631e+00
-3.190427571000042484e+00
-3.188170227435461079e+00
-3.173937618811405681e+00
-3.154286665964977310e+00
-3.132300576129454228e+00
-3.111989809689475805e+00
-3.097972929472199155e+00
-3.086138279576086330e+00
-3.074661664467552846e+00
-3.064054902458561713e+00
-3.054765332012981727e+00
-3.046269634365512680e+00
-3.037449224830442329e+00
-3.028504529583265548e+00
-3.019789692964718331e+00
-3.011605275850445462e+00
-3.004247729247894405e+00
-2.996668226364589849e+00
-2.988422418229707667e+00
-2.979412558380214016e+00
-2.969253796203219498e+00
-2.959084265673645131e+00
-2.948615016287686075e+00
-2.939837667093073925e+00
-2.935398953605965033e+00
-2.933657166680108119e+00
-2.933651303383193465e+00
-2.931811197882631337e+00
-2.924151456743189215e+00
-2.908246205094708436e+00
-2.884462917021361150e+00
-2.797323591414838440e+00
8.003409924385518348e-01
-3.529436430519601764e+00
-3.772260587134569576e+00
-8.072810674577811652e-01
-2.381665476235030887e+00
-2.360027018198314508e+00
-2.546485635850992413e+00
-2.760050550590116281e+00
-2.839167857546533114e+00
-2.863296794467470985e+00
-2.863915796204709263e+00
-2.836407990505589449e+00
-2.819490529398702705e+00
-2.845984165039604719e+00
-2.868344373454061014e+00
-2.879534744528302603e+00
-2.887192209012925836e+00
-2.891373581288474881e+00
-2.858973151137497393e+00
-2.731020528971833894e+00
-2.636091382795461957e+00
-2.741686514639931627e+00
-2.801706793599383793e+00
-2.829885473225168369e+00
-2.849756476795826110e+00
-2.864030391179376522e+00
-2.870893522120702812e+00
-2.844099037485276593e+00
-2.666820377015491239e+00
-2.338530109252824118e+00
-2.600242620532723592e+00
-2.745266777132012948e+00
-2.803283188363694833e+00
-2.829641017984198204e+00
-2.844570090300592824e+00
-2.853794493415975353e+00
-2.855035804196180749e+00
-2.851183275737123601e+00
-2.845602321273906110e+00
-2.837364541921436611e+00
-2.828733057107852389e+00
-2.819892274265773935e+00
-2.810227380864587232e+00
-2.802507190806892368e+00
-2.799052439945335813e+00
-2.798518278178565133e+00
-2.799474087850054360e+00
-2.800592836734892010e+00
-2.801016939453219834e+00
-2.803219077765076062e+00
-2.805189376577348348e+00
-2.805171695162963275e+00
-2.804518469322790697e+00
-2.803740367193427119e+00
-2.802268800404273286e+00
-2.800143303895787916e+00
