-6.878926955494590184e-04
-9.647465001673533307e-04
2.759306909484847241e-03
8.013029236730081356e-03
1.181730894353905277e-02
1.106318309034233505e-02
-4.723859354273823169e-02
-1.751482749881657919e-01
-2.614938460904501771e-01
-2.623469893368030603e-01
-2.275453376259726213e-01
-1.861726547493802175e-01
-1.668160537630053730e-01
-1.617615897933300795e-01
-1.466654203882239160e-01
-1.244563083853410940e-01
-1.008701066030870674e-01
-7.950548099362633736e-02
-6.113382135322575905e-02
-4.509951267040070155e-02
-3.206292173044765492e-02
-1.870672757203766662e-02
-4.873217962086028032e-03
3.780015408178223277e-03
9.555500155531124196e-03
1.585037772976615258e-02
1.389693862411291343e-02
6.397180082386101120e-03
4.072999682742786676e-03
5.926618512482891878e-03
1.055712519353093314e-02
1.807423871104549967e-02
2.563575288489558859e-02
-3.528967136181225539e-02
-2.819614053520056451e-01
-4.932137011733443988e-01
-5.192139082810569573e-01
-5.066919512719578744e-01
-4.767592225426361408e-01
-4.421164303286226893e-01
-4.372163652976454595e-01
-4.315432892059199999e-01
-3.999007973045757280e-01
-3.408714692560202431e-01
-2.637757179964678733e-01
-1.887679816102513231e-01
-1.507111111863955188e-01
-1.438771322895014415e-01
-1.314039773351455831e-01
-1.050614006440884901e-01
-7.057878787361132611e-02
-3.827143320263513143e-02
-3.871050643413423420e-02
-1.383458610740180839e-01
-2.270807411518524499e-01
-2.159584372482351300e-01
-1.706753600530844517e-01
-1.270161881233302370e-01
-9.504263151421438183e-02
-6.102262507950545478e-02
-2.445486749377091124e-02
7.217971669850005434e-03
8.632499817969948794e-03
-1.968602992577820482e-02
-2.730585618426560959e-02
-1.589678157515962698e-03
3.579963593554957857e-02
7.436264860109598196e-02
1.114652967574424614e-01
1.420182927588481692e-01
1.534378238461343302e-01
1.523936892276412380e-01
1.578038778273301856e-01
1.702959096012671425e-01
1.799449835048640145e-01
1.861924384773920305e-01
1.960316539857217821e-01
2.104507478513817365e-01
2.192350494423093710e-01
2.141558554694426297e-01
2.108959089050967683e-01
2.149779945940031856e-01
2.131050858364600675e-01
2.082267916847981570e-01
2.105477508401393805e-01
2.188780451471661059e-01
2.337420870882538082e-01
2.536717455806685173e-01
2.688967181251635252e-01
2.816716308188575435e-01
2.953990223059448361e-01
3.082198441265442401e-01
3.155482191294346483e-01
3.157812477866161482e-01
3.168807608470859960e-01
3.220939987628573253e-01
3.284310101115419656e-01
3.380068500536707599e-01
3.528171374411602779e-01
3.653641087852296798e-01
3.727674631464346633e-01
3.756782618061829115e-01
3.732799682867881108e-01
3.697973192837337164e-01
3.651559271750985380e-01
3.633487445636019997e-01
3.704981290314178222e-01
3.851210305670564882e-01
4.068810708817376942e-01
4.285513857115050840e-01
4.377818664497653556e-01
4.282037614497393729e-01
4.047044377348878452e-01
3.321029635513034206e-01
1.902896450440922649e-01
8.141817283437537134e-02
6.180655186626601849e-02
8.858921865928724715e-02
1.097380835701343427e-01
1.039357967630660101e-01
1.170089576193622111e-01
1.697924369580097459e-01
2.336922033947487765e-01
2.849153176535595411e-01
3.156424745079057237e-01
3.117709650094706575e-01
3.119169984883372604e-01
3.532756296449765521e-01
4.073171890975843534e-01
4.584520581079975510e-01
5.112789968154551890e-01
5.629706394466365005e-01
5.360921965324605409e-01
4.190305568543883918e-01
3.591385886932473848e-01
3.952213581330070724e-01
4.493666632977504349e-01
5.019136003817703529e-01
5.621220746976243188e-01
6.285990643486460971e-01
6.902417885058647062e-01
6.732311776874102538e-01
5.024548152718696370e-01
3.764807665733338471e-01
4.093252735177460577e-01
4.902034555104423097e-01
5.755259681609912192e-01
6.547039492678148331e-01
7.316242620631682181e-01
8.071877845821719966e-01
8.667272872819927754e-01
9.092874164845911045e-01
9.429887510403356377e-01
9.645730261810314676e-01
9.798268504628503406e-01
9.907070341196726471e-01
9.958937157103132654e-01
1.002725963090760342e+00
1.018016935815706514e+00
1.041046306156942380e+00
1.070453088407631759e+00
1.103551157575273223e+00
1.137504645970985662e+00
1.178773083726867288e+00
1.223551100989281215e+00
1.265650456826651338e+00
1.304126439266923398e+00
1.338002473598192577e+00
1.369752360120271462e+00
1.401433232246842575e+00
1.435065744678729382e+00
1.470894013779645126e+00
1.508496141572002180e+00
1.546652056401261133e+00
1.583487345836880333e+00
1.617507286241232078e+00
1.648127962850407524e+00
1.675787623024669104e+00
1.701869249212610402e+00
1.727070222595838533e+00
1.751630946489245666e+00
1.776618026252885230e+00
1.803057904258433597e+00
1.832324990431841272e+00
1.865790861652298016e+00
1.901522394647757519e+00
1.937931589115798880e+00
1.973526005899164604e+00
2.007544324242989564e+00
2.039763095032362195e+00
2.069284924014239024e+00
2.096918424959707483e+00
2.124076925857583120e+00
2.152068902419483898e+00
2.181661108596148591e+00
2.214366900102649360e+00
2.250146036552452600e+00
2.287920027325341721e+00
2.325982475284508411e+00
2.361459703672553978e+00
2.392782469822677172e+00
2.420776845844363034e+00
2.446768389206118499e+00
2.471410861456493802e+00
2.496037424201222432e+00
2.522371830122769776e+00
2.551195215038462472e+00
2.580802865459818296e+00
2.609848226818154870e+00
2.638502716983943674e+00
2.665318708520413971e+00
2.689380169549780764e+00
2.711440901706927420e+00
2.732578623540542484e+00
2.753647259302355543e+00
2.775256449081342058e+00
2.798975708941329188e+00
2.825371189026338659e+00
2.853068893198484446e+00
2.880035986192138520e+00
2.904728581978144319e+00
2.926655999836882849e+00
2.946644936229049438e+00
2.965763414139049203e+00
2.984025020927041805e+00
3.001722467179397391e+00
3.019233249676554376e+00
3.037150279384816187e+00
3.056583589922972521e+00
3.077850360489314152e+00
3.100279386723717057e+00
3.122580729934302468e+00
3.143896938241099281e+00
3.163427183490331362e+00
3.181156036887695659e+00
3.196895409360412277e+00
3.210704830371681862e+00
3.224020501506117409e+00
3.237590633023585074e+00
3.252280979627929725e+00
3.269219593828672554e+00
3.287871770029442420e+00
3.307609693858959421e+00
3.326338456778243025e+00
3.341546321184211354e+00
3.353516678499424142e+00
3.362909900137247998e+00
3.370788190904673964e+00
3.378137938920002359e+00
3.385959874511421219e+00
3.395680445407280867e+00
