-1.062513191463369810e-02
5.744768805387986260e-03
5.215536468605460468e-02
3.168930312598982474e-02
2.829175234464500338e-02
-3.766602749652074589e-02
-8.625665972667223569e-01
-1.157377232782769161e+00
-2.326005158953786123e-01
1.978816867798556811e-01
2.945014671121904404e-01
2.616646271489139752e-01
-7.339252679587843220e-02
1.214399698149274537e-02
9.000156510398782395e-02
1.286269439595801312e-01
1.169881104999514060e-01
1.003461662994599018e-01
8.003408684659607530e-02
7.550216762407939430e-02
4.691457294725687871e-02
9.220607295536158154e-02
7.001645913621468154e-02
2.259559731814871769e-02
3.477151384527105149e-02
4.274809446917079286e-02
-8.279506754348685271e-02
-4.200716213613474997e-02
7.266527804247084783e-03
2.870862323731268248e-02
5.244950621712119593e-02
7.540889355706345554e-02
5.551573255187343403e-02
-9.816476556809534681e-01
-2.869144687172570762e+00
-5.330798592897478816e-01
1.147278574425064646e-01
4.039008765101465004e-03
2.908254345770867610e-01
3.470107209048008123e-02
-2.245451969344629539e-01
1.397425726935441759e-02
1.832614552031057720e-01
4.388253099172677585e-01
4.750974976946709116e-01
4.154413786347471160e-01
-7.817153535592888391e-02
-6.244365946621815988e-02
5.097369059399184388e-02
1.897810206096714747e-01
2.084535100779592032e-01
1.778647209417740516e-01
-2.769502860999727423e-01
-1.356511675906249881e+00
-1.442449004790498646e-01
2.727778678983283078e-01
3.794585232531140773e-01
2.282685367040229729e-01
1.793437489721016187e-01
2.610854528283519382e-01
2.339862370078484577e-01
1.974521531257189544e-01
-2.173276123433247053e-01
-2.647529585104074767e-01
1.227662222776906981e-01
2.840448478906013041e-01
3.121811463149134491e-01
3.061262935016280107e-01
2.982824219875513383e-01
2.192426805375055632e-01
1.687640664576885163e-02
3.660998309925887761e-02
1.393430130131308176e-01
1.669557143103829744e-01
1.071363733421907272e-01
1.203498406526401360e-01
1.731199355084733216e-01
2.020799413907181097e-01
9.443914759675892112e-02
-1.102079952876088703e-02
1.253521209898649791e-01
1.172089628180327386e-01
3.462365316908539575e-02
6.808090173380357268e-02
1.500382242501667185e-01
1.653426274518729477e-01
2.503688152159190827e-01
2.485371931658501010e-01
1.789467535907292572e-01
2.116450595528321377e-01
2.032866945357285904e-01
2.046212319680429381e-01
1.266943178829947059e-01
9.890559539189681948e-02
1.472110662891590316e-01
1.717823741470692056e-01
1.697717590984434977e-01
2.247541369834178959e-01
2.569814992844799972e-01
1.946085673804894278e-01
1.782917852272428716e-01
1.308252140817574016e-01
9.982533748561182863e-02
1.179566921501849636e-01
8.674668759903211845e-02
1.612534349868190997e-01
2.294598525976343506e-01
2.784971085935097346e-01
3.407947499401980385e-01
2.811522148806820387e-01
1.486067416759932758e-01
-9.245577022541709433e-03
-6.585581330015274903e-02
-7.634507980005087457e-01
-1.173434941848649160e+00
-2.798884670913069916e-01
2.321332511822939149e-01
4.087044357856086108e-01
9.950771511437032923e-02
-6.377442754569903616e-02
3.634502521283190513e-01
5.621136166350131358e-01
5.325614364733609607e-01
3.617172183908837768e-01
2.179115001854791400e-01
-1.586377282483407147e-01
2.837197246041254228e-01
5.274124419257371077e-01
5.029171062807351600e-01
4.919221133025377668e-01
5.477904565782799606e-01
5.023056296080381511e-01
-6.406205025372199158e-01
-9.240806495689828370e-01
2.643982120621120036e-01
6.340695787101149339e-01
5.354773238394614499e-01
5.828758225153523043e-01
6.539168746037848923e-01
6.915157681071060214e-01
5.979034536148044587e-01
-5.038669778611544192e-01
-1.807542100193908263e+00
1.538133086970738528e-01
7.739284197071469862e-01
8.802592503264132784e-01
8.063813529083866394e-01
7.646859273246409128e-01
7.758029928227077043e-01
7.660598710680770473e-01
5.584992231226357795e-01
5.296555651237199180e-01
4.594253266941114022e-01
3.769812482897940686e-01
3.965746352785211037e-01
3.433785942250529022e-01
3.330530427822186446e-01
3.898612924761467591e-01
4.854803573462712629e-01
5.303752626162577810e-01
5.904770717379759226e-01
5.996553771143876554e-01
6.163941104714062424e-01
7.278216378053778968e-01
6.923766683657338605e-01
6.922596868824364424e-01
7.027053171455885927e-01
7.232550374481439004e-01
7.048879584214058358e-01
7.133585113409615097e-01
