-2.104210500622640367e+00
-2.095805863520218804e+00
-2.108799076981769272e+00
-2.101761521150904422e+00
-2.096169811933539684e+00
-2.084650621365882195e+00
-2.109100397160802665e+00
-2.102427512014000577e+00
-2.096359959921450411e+00
-2.086802618837219736e+00
-2.071960573926108218e+00
-2.049418308156426782e+00
-2.030821506320310554e+00
-2.020220010144581302e+00
-1.998955918170222779e+00
-1.960660634662099611e+00
-1.896954874867331942e+00
-1.793417006582817885e+00
-1.614663717564491563e+00
-1.221099108223379748e+00
-8.041949713022722435e-02
-6.777863669920550116e+00
-3.116493088722963378e+00
-2.856424128316882083e+00
-2.778112199945828031e+00
-2.672602976177633316e+00
-2.879336356968713595e+00
-4.661921426011523373e+00
-1.192479598120655737e+01
-5.997498092037782946e+00
-3.573518026629002087e+00
-2.833442427190203894e+00
-2.594863200923833269e+00
-1.885682335424469169e+00
-2.069304614265598197e+00
-2.076879066670293206e+00
-2.067679012119827853e+00
-2.055295681584508927e+00
-2.039622076075948254e+00
-2.021700621205043458e+00
-2.011474494013897552e+00
-2.000927228402085589e+00
-1.979736767473227577e+00
-1.936669179509431071e+00
-1.843186106044721662e+00
-1.624416750644098961e+00
-1.441866865139013631e+00
-1.523924740593694427e+00
-1.509895000272751808e+00
-1.290744149035841781e+00
-3.682726600474646728e-01
6.862603327693489064e+02
1.286409836288278319e+00
-1.783499346019759235e+00
-1.909585175541092195e+00
-1.876297865222051886e+00
-1.772594298898000575e+00
-1.586981411857380397e+00
-1.313148748904763075e+00
-4.505290307807980899e-01
-1.681903746591268600e+01
-3.769510113402519735e+00
-4.555156643639863390e+00
2.613452417838343367e-01
-5.428495515472384625e-01
2.204681088622755425e+01
-3.381412550285099350e+00
-2.732884734476621169e+00
-2.529831736535329334e+00
-2.442476095185449836e+00
-2.427058647394739754e+00
-2.441857971526157911e+00
-2.430970121616117474e+00
-2.398534312648160860e+00
-2.376046333612785944e+00
-2.361139737395066440e+00
-2.338996784837181764e+00
-2.311727986952022640e+00
-2.295502284809793014e+00
-2.297240711371584254e+00
-2.294616054874505373e+00
-2.281129722264613413e+00
-2.275488550015071887e+00
-2.272858357532661522e+00
-2.260513571882791339e+00
-2.242675243741153235e+00
-2.221803028345047615e+00
-2.201545277312941362e+00
-2.186992680691311364e+00
-2.174797797921660170e+00
-2.163124583311776039e+00
-2.152445580792544888e+00
-2.143324564165871138e+00
-2.135378448089421788e+00
-2.127169499366496019e+00
-2.118606588273006075e+00
-2.110188364376443637e+00
-2.102033644648609645e+00
-2.094361982087584728e+00
-2.086865879937472190e+00
-2.079200800882793132e+00
-2.071178195246796250e+00
-2.062487738032606543e+00
-2.053686553714275664e+00
-2.044634479421953532e+00
-2.036473600184294241e+00
-2.031022955051194678e+00
-2.027642085317439502e+00
-2.025860330842289336e+00
-2.023304794768763237e+00
-2.016980491570818046e+00
-2.005054902028890140e+00
-1.987737380111630037e+00
-1.935615589019266114e+00
-1.570487579937698275e+00
-3.658878514097993140e+00
-4.124716783297325939e+00
-9.189127853565661752e-01
-1.536684807916378848e+00
-1.530289438320602491e+00
-1.660556550362153105e+00
-1.839113653753888356e+00
-1.916249956345809746e+00
-1.943745100267015413e+00
-1.949164237652475595e+00
-1.931792943120846262e+00
-1.920060682207269664e+00
-1.938652711248871174e+00
-1.956470141354897274e+00
-1.966573236202390440e+00
-1.973835564110538066e+00
-1.978255307155028619e+00
-1.956297430342824661e+00
-1.878238781643757127e+00
-1.817053046539658823e+00
-1.861983799004332418e+00
-1.899368857427339519e+00
-1.920649842203116409e+00
-1.937308665316112899e+00
-1.950156483127525320e+00
-1.957278313381584534e+00
-1.939429916398403231e+00
-1.834602633052017095e+00
-1.677932442223632137e+00
-1.760961696377255858e+00
-1.845948112973194499e+00
-1.890809399561935056e+00
-1.914585124690865614e+00
-1.929361370310965329e+00
-1.939143924758736315e+00
-1.942238832832553053e+00
-1.940760166867918635e+00
-1.937466961418862432e+00
-1.931799191536068827e+00
-1.925337753497227800e+00
-1.918416120950844794e+00
-1.910629210255920585e+00
-1.903930753897457029e+00
-1.900045919843871056e+00
-1.898335221646431092e+00
-1.898081392101514497e+00
-1.898272753632495036e+00
-1.898169375075484222e+00
-1.899424092837606715e+00
-1.900755572198476351e+00
-1.900881852504036962e+00
-1.899858931898368297e+00
-1.897745249645644838e+00
-1.895228768437334788e+00
-1.892782310943162072e+00
-1.890780833354939627e+00
-1.889176130105078899e+00
-1.887810507217572376e+00
-1.886399537298088402e+00
-1.884603173186070180e+00
-1.882211312214125298e+00
-1.879212270783817917e+00
-1.875765554048549166e+00
-1.872175150686985923e+00
-1.868561768302736237e+00
-1.864958832403458944e+00
-1.861548862607500965e+00
-1.858486020535047301e+00
-1.855973083418053227e+00
-1.854178577447872733e+00
-1.852632298311254200e+00
-1.851041147548362353e+00
-1.849153655870916735e+00
-1.846912288318623752e+00
-1.844326683403801015e+00
-1.841299647915577209e+00
-1.838025686666653336e+00
-1.834772274182787877e+00
-1.831747359076957293e+00
-1.829043104138322384e+00
-1.826872539394566619e+00
-1.825142643620764948e+00
-1.823619669613464778e+00
-1.821997460645464972e+00
-1.819839428262787662e+00
-1.816983753874036100e+00
-1.813664005925646583e+00
-1.810139245088493443e+00
-1.806525121964329239e+00
-1.803035964956214210e+00
-1.799923580540168322e+00
-1.797255350580288402e+00
-1.794688396609250391e+00
-1.792005864705362495e+00
-1.789255772249757959e+00
-1.786212261347360331e+00
-1.782773193100893883e+00
-1.779103320716991510e+00
-1.775395207847315193e+00
-1.771778263573450696e+00
-1.768332451588776388e+00
-1.765290389431481088e+00
-1.762686120602620310e+00
-1.760245221852458242e+00
-1.757628745714935992e+00
-1.754625202675945017e+00
-1.751210083867613010e+00
-1.747567278346535469e+00
-1.743884658767695717e+00
-1.740156741501127424e+00
-1.736429684778234783e+00
-1.732754983570558238e+00
-1.729220711482634787e+00
-1.725989523748062249e+00
-1.723075316579995464e+00
-1.720332986076636761e+00
-1.717537530193087081e+00
-1.714567216548599893e+00
-1.711315581693569676e+00
-1.707820056462611147e+00
-1.704067747474369954e+00
-1.700095400198124995e+00
-1.696155634734324957e+00
-1.692356358128320526e+00
-1.688822614536245270e+00
-1.685710072699370787e+00
-1.682876715777865240e+00
-1.680196996116349206e+00
-1.677300962624846070e+00
-1.673808746358076194e+00
-1.669841975363102859e+00
-1.665552895831103886e+00
-1.661145458569524669e+00
-1.656780756904269181e+00
-1.652616718998116685e+00
-1.648869811808735042e+00
