-2.150302170778363876e-03
-4.702269471538015472e-03
-2.554883184770776351e-03
1.260106426620014042e-03
3.375831201645493850e-03
1.060371928194762427e-03
-5.750503704574653346e-02
-1.819562745269524551e-01
-2.612633529550465461e-01
-2.553667128243276574e-01
-2.162656868893547968e-01
-1.731343814250645430e-01
-1.536718621814328889e-01
-1.487522239126414514e-01
-1.341227054196682811e-01
-1.133153436454725493e-01
-9.188384318782534532e-02
-7.320851891644300502e-02
-5.812255267963406524e-02
-4.542420698919402006e-02
-3.564515517640923226e-02
-2.536113914062864544e-02
-1.436253804815356555e-02
-8.654391813510936560e-03
-5.830858042812608888e-03
-2.056341053340867905e-03
-6.148523511346278177e-03
-1.529121376380788294e-02
-1.886379355035495281e-02
-1.830456446763749703e-02
-1.521955723343950372e-02
-9.385532801039375705e-03
-3.583759861408956048e-03
-6.526898011473636352e-02
-3.070033192089366425e-01
-5.042574361184998244e-01
-5.157325391151222904e-01
-4.921886120201963699e-01
-4.550059501194916312e-01
-4.164972135092594452e-01
-4.095616575145487048e-01
-4.025409514175753434e-01
-3.705108484434460059e-01
-3.129368052376504949e-01
-2.400990021847050626e-01
-1.717359491069582744e-01
-1.412241453639564437e-01
-1.412199887886510796e-01
-1.348848812274975884e-01
-1.147868345695829823e-01
-8.709035210720608711e-02
-6.167000280333410911e-02
-6.845899879912463459e-02
-1.717517646321284341e-01
-2.595016635036040409e-01
-2.472914661977433926e-01
-2.031136713882677192e-01
-1.633074092352317375e-01
-1.363072751161002183e-01
-1.073987734611186323e-01
-7.697472838238871018e-02
-5.171521902339384913e-02
-5.604911979636077735e-02
-8.875432827873913633e-02
-9.885170867586332011e-02
-7.479345731069779457e-02
-4.035909141865733768e-02
-6.605144901682208358e-03
2.486143300829195962e-02
5.088342120675989205e-02
5.824327685747756472e-02
5.460232220557917349e-02
5.905979620429283039e-02
6.919725908406580694e-02
7.584468438710965932e-02
7.968155576514819594e-02
8.700483005243835055e-02
9.814861621704751293e-02
1.032394091721335477e-01
9.436258248572516882e-02
8.808411732006375672e-02
9.147967316021851647e-02
9.099042875198996849e-02
8.765105946708096063e-02
8.990895225793286982e-02
9.648065272605448051e-02
1.081894660488998683e-01
1.236280199255023610e-01
1.350155503176106164e-01
1.442290772193366155e-01
1.530300934271058566e-01
1.604006956460165834e-01
1.623224916426030395e-01
1.577490732483994018e-01
1.552212323132450833e-01
1.591277995668341771e-01
1.658108955458003630e-01
1.745458212087065419e-01
1.865863307368433033e-01
1.965606304551612005e-01
2.012232435505510730e-01
2.007893667762963574e-01
1.952748849273550635e-01
1.885869180849549520e-01
1.809125294033655795e-01
1.756810483376590182e-01
1.779664492674354892e-01
1.864515302592479884e-01
2.022182555925235714e-01
2.180604433553906263e-01
2.208105114445165218e-01
2.046548050558769649e-01
1.758811519492262665e-01
9.935806113079499735e-02
-4.245862046381394805e-02
-1.467183906573594210e-01
-1.616050252081099314e-01
-1.325165539403609927e-01
-1.118628330648688690e-01
-1.193243247821294123e-01
-1.092618273709678595e-01
-6.160616761044628714e-02
-5.507526713960646247e-03
3.589237063621168733e-02
5.742769339352607472e-02
4.651026311325995310e-02
4.070139647331014882e-02
7.516998229838275924e-02
1.215773707477806886e-01
1.641728289120785444e-01
2.080444886516661096e-01
2.514808648911471822e-01
2.173055236983546523e-01
9.859228127981151113e-02
4.222040827555989528e-02
8.044029308072858653e-02
1.341169707458993443e-01
1.834670118455448418e-01
2.382369513764707181e-01
2.982558666347077669e-01
3.522080977598089913e-01
3.258246036913566290e-01
1.527231207409301128e-01
3.451852353033717236e-02
7.325774392098094445e-02
1.567427693579395709e-01
2.428497699650131181e-01
3.171098505300935511e-01
3.851312528043363548e-01
4.544154115370707681e-01
5.098560757729064807e-01
5.479535733689022692e-01
5.746194654993949102e-01
5.869752715103159213e-01
5.935801331986625407e-01
5.962896786912988967e-01
5.933700743552507983e-01
5.937193932335295132e-01
6.053547428448240453e-01
6.273101830301983650e-01
6.558207348253202174e-01
6.872311048161454661e-01
7.183712558084867084e-01
7.571494518190390322e-01
7.995662823243764317e-01
8.388221743662988006e-01
8.780759456703154386e-01
9.174548068784149635e-01
9.544611888541822964e-01
9.884273663596367943e-01
