1.488693890072292039e-06
1.097248873606351412e-05
3.816782389525023031e-05
9.909529857725116555e-05
1.862008894527585696e-04
2.870083751497304542e-04
2.701582266264792990e-04
-2.669769122597641354e-04
-1.389865458825659652e-03
-2.618979792787102037e-03
-3.647487188300947789e-03
-4.406620972373767424e-03
-4.961788618441670233e-03
-5.471661564558211004e-03
-5.927064594781400464e-03
-6.283529828568709674e-03
-6.523234170817441939e-03
-6.658580458012196626e-03
-6.707221016283767059e-03
-6.686099972804437734e-03
-6.608945458818764850e-03
-6.487772241291657818e-03
-6.312507383785025648e-03
-6.098468466332836180e-03
-5.868703764581325623e-03
-5.622636672594386736e-03
-5.373007046054295750e-03
-5.170074160003245226e-03
-4.998669273934036768e-03
-4.827219547174016814e-03
-4.636799397829847666e-03
-4.412414545426721936e-03
-4.146455046055283998e-03
-3.973299297399419776e-03
-4.578503664592307662e-03
-6.572521313329049777e-03
-8.920583188671678265e-03
-1.108086902918370767e-02
-1.301355229232034443e-02
-1.464614660144949315e-02
-1.611774134254639543e-02
-1.755272709687072039e-02
-1.885455567873271440e-02
-1.990373799001075514e-02
-2.058297301224790155e-02
-2.088309575156488407e-02
-2.091513627100194742e-02
-2.092484668849066420e-02
-2.094243994783214630e-02
-2.089713981137871282e-02
-2.071512372344369579e-02
-2.038755675078231938e-02
-1.999253709412486188e-02
-1.987132825999807922e-02
-2.038575608467662822e-02
-2.100409761134425582e-02
-2.139347243467200343e-02
-2.149637970556220884e-02
-2.139318498485864167e-02
-2.112993204999715977e-02
-2.069061027707321324e-02
-2.009527409141743243e-02
-1.942728123978615384e-02
-1.888744136774533205e-02
-1.848268310686866991e-02
-1.802038452972609325e-02
-1.739208424245812165e-02
-1.657732510703612688e-02
-1.558794612419902269e-02
-1.445395192315709378e-02
-1.325479195638223570e-02
-1.209024331981671876e-02
-1.096553522919802189e-02
-9.824021275053091903e-03
-8.643104444320382981e-03
-7.449115944787029070e-03
-6.237030328560044801e-03
-4.977275512418820672e-03
-3.664443907656990233e-03
-2.359035218000122072e-03
-1.099563936151639514e-03
1.601129083955233137e-04
1.407590174255121630e-03
2.605090660940312039e-03
3.778355667540925916e-03
4.980715956421285194e-03
6.241528877103330597e-03
7.601465861154447189e-03
9.052965044456132843e-03
1.055508710151241251e-02
1.211512108247181189e-02
1.373372280888409541e-02
1.539794156946175038e-02
1.706644686045236461e-02
1.872182612468091534e-02
2.038005817065295308e-02
2.204421933212481061e-02
2.372119967561071852e-02
2.544770948812900835e-02
2.723672957743605155e-02
2.905311572133553039e-02
3.088098258002540744e-02
3.269364936988981146e-02
3.447806086707033701e-02
3.623957675865739636e-02
3.797844013822754272e-02
3.974132988612741335e-02
4.157776965840719041e-02
4.352058100684098180e-02
4.558261888900867059e-02
4.771935498797181402e-02
4.984502751774459728e-02
5.187172205569011429e-02
5.368158155058776887e-02
5.492891559255860812e-02
5.550703563755577524e-02
5.588667714038049461e-02
5.642577210874461652e-02
5.720889722279032252e-02
5.808010199350511354e-02
5.898198324439649087e-02
6.011623327911970460e-02
6.159429950886891048e-02
6.338154931627318356e-02
6.535542093081461723e-02
6.736727939321851544e-02
6.927916111217125028e-02
7.129303157233846111e-02
7.355207025847521063e-02
7.604913428008723553e-02
7.876548424694414241e-02
8.169871367956044184e-02
8.467460384630015602e-02
8.713976931523767511e-02
8.902215184846903884e-02
9.091455564820548341e-02
9.309367527869097381e-02
9.553920961867944095e-02
9.825611170495159030e-02
1.012641869123017263e-01
1.045515618157338844e-01
1.079313951302909858e-01
1.107435885893393313e-01
1.125490900971162084e-01
1.142413851044398188e-01
1.163258119415637171e-01
1.188652979588387532e-01
1.217989885903321134e-01
1.250923748176373806e-01
1.287094179763517698e-01
1.325727967024062093e-01
1.365599829404134935e-01
1.406255251567925524e-01
1.447355761505449145e-01
1.488527289048152125e-01
1.529708629976508916e-01
1.570711599325036456e-01
1.611533304667910060e-01
1.652448964050195757e-01
1.693867698349574291e-01
1.736020591861682505e-01
1.779179871434119486e-01
1.823404023723037282e-01
1.868852428390106457e-01
1.915815395546019984e-01
1.964118999611519922e-01
2.013558441748106997e-01
2.064089337992673912e-01
2.115712353779681254e-01
2.168325572389200318e-01
