1.245000025593733309e-02
2.139989488892951597e-02
6.396629873931422572e-02
4.325227192262207088e-02
4.350091392769521448e-02
-2.671869713156895670e-02
-8.542423638902276739e-01
-1.151957904290955348e+00
-2.287119996569454139e-01
2.025170465767046901e-01
3.015662879916757855e-01
2.690916036827316615e-01
-6.593792554175624543e-02
1.780010673625301298e-02
9.647266524253453324e-02
1.395747534557855718e-01
1.261899630286648921e-01
1.129438128491353222e-01
9.538279706681548897e-02
8.829827466794507029e-02
6.164108728255697500e-02
1.044227505568542103e-01
8.159478069852638127e-02
3.878430946578501071e-02
5.153463501287219167e-02
5.637045912296659994e-02
-6.755123554445392753e-02
-2.666432517813101949e-02
2.278390193294914379e-02
4.720735327364478096e-02
7.257327311980582563e-02
9.526852116287203021e-02
7.532427293553120573e-02
-9.656060228168541482e-01
-2.859484580489729311e+00
-5.279438498145249126e-01
1.196777308954363739e-01
1.353802391195746413e-02
3.081510455126682535e-01
4.960420084788105810e-02
-2.057033857104103580e-01
2.982049981172615882e-02
1.981951978919583579e-01
4.556598546006428996e-01
4.986513978620260579e-01
4.397840150850581553e-01
-5.490835250225127584e-02
-3.603956562586609069e-02
7.842462347709935888e-02
2.241268129958129407e-01
2.435944943404144136e-01
2.124044361586662766e-01
-2.435729537740369821e-01
-1.323926955068444711e+00
-1.110058196435358413e-01
3.105979372265072480e-01
4.207184576825569455e-01
2.811240780014030993e-01
2.238884979121801566e-01
3.069713441485501515e-01
2.860238012388423012e-01
2.432846807487033802e-01
-1.720098361781833840e-01
-2.158805260621455002e-01
1.602828028376554470e-01
3.174867120640468832e-01
3.569799547038501331e-01
3.572106426233863652e-01
3.478916209889310607e-01
2.484255233659673767e-01
6.053397250534212071e-02
5.702389294619089610e-02
1.657344947007699520e-01
2.127719633882368400e-01
1.467203904591563024e-01
1.605578354138449126e-01
2.174000987975490407e-01
2.545017910801367078e-01
1.460800538513210567e-01
4.977558792264141774e-02
1.760333787178564313e-01
1.442509098667322520e-01
5.344785994419767872e-02
9.668013039279085841e-02
1.963144854853751953e-01
2.191690332006793751e-01
3.150897208442272057e-01
3.177716718211695546e-01
2.298533257088239967e-01
2.753548214834225516e-01
2.767528327758227435e-01
2.787243281222636648e-01
2.027391936215103274e-01
1.712885457263283451e-01
2.127641811744457878e-01
2.120202250123633947e-01
2.092711280045832511e-01
2.837173224392885995e-01
3.257863361936569335e-01
2.487845141673055704e-01
2.496935464726708909e-01
1.992109195924460785e-01
1.735289490815194458e-01
1.953170868929851034e-01
1.642233277372114331e-01
2.506525711856152361e-01
3.319892187517420878e-01
3.869335843973456535e-01
4.376975367072002965e-01
3.813939079498056550e-01
2.569797858864490969e-01
1.037918488617819435e-01
4.144790284305893691e-02
-6.438698544106071786e-01
-1.065916757385795277e+00
-1.706027382545255433e-01
3.434686833448330479e-01
5.250986660750511792e-01
2.203675971639257325e-01
5.796779437091115206e-02
5.007120075462087039e-01
6.946943626171977471e-01
6.808683583368616565e-01
5.061899894610828454e-01
3.511323299071342219e-01
-3.837110436300017469e-02
4.216494259003671363e-01
6.633738159754103414e-01
6.383280634369711271e-01
6.311385371723229332e-01
6.829930342482729566e-01
6.242681088298650538e-01
-5.101374570245031936e-01
-8.232119563638196080e-01
3.741976047018507057e-01
7.495885505647313929e-01
6.527406341329939909e-01
7.146739314329177972e-01
7.847953178689580644e-01
8.181073729680906625e-01
7.308071552727527509e-01
-3.455413205407847910e-01
-1.710116871890142498e+00
2.544810279599238889e-01
8.969992839217590941e-01
9.816720145961785882e-01
9.034543484570430882e-01
9.152712767421368190e-01
9.119217249214239818e-01
8.545604497940130218e-01
6.435866001308780948e-01
6.232440910346591645e-01
5.864642705899902886e-01
5.159851692090627884e-01
5.328148827118351916e-01
4.892556489775871098e-01
4.861972115854186205e-01
5.256126818491011488e-01
6.042738047358577891e-01
6.303271172576281334e-01
6.972697176865302326e-01
7.061056335821370711e-01
7.363361621300595905e-01
8.246132403528901866e-01
7.984225778546213403e-01
7.810840261107769855e-01
7.910391493778550220e-01
8.125654244806854720e-01
8.026206189615756603e-01
8.146047344728832851e-01
