7.541613047712076657e-04
2.596448274211940379e-03
7.234349050511746856e-03
1.222400314796040846e-02
1.551876403905306893e-02
1.424249181763278735e-02
-4.051453133840074439e-02
-1.488378335652960627e-01
-2.020783505161391769e-01
-1.751767849899641960e-01
-1.258101476548722508e-01
-8.161634086462246640e-02
-6.603245864255263831e-02
-6.478478595777628635e-02
-5.402589690356855018e-02
-3.767423473602239670e-02
-2.178063288070809442e-02
-9.125545623409900622e-03
5.790499295713312511e-04
8.175780302617084716e-03
1.329898977394587331e-02
1.942826058229313313e-02
2.601970664700380131e-02
2.831184879457271375e-02
2.921673503165788527e-02
3.129648622350884174e-02
2.609211237614005377e-02
1.782902243980033496e-02
1.598940715631895840e-02
1.844438331909937015e-02
2.330991688229031716e-02
3.018263954004589758e-02
3.612668223654273009e-02
-2.272692478436526275e-02
-2.423483391705540946e-01
-3.894590831866586722e-01
-3.574816478206884751e-01
-3.073732513263350841e-01
-2.553135309159216271e-01
-2.125001532717449293e-01
-2.053200811550344451e-01
-1.980532859673464208e-01
-1.689899978756456145e-01
-1.193801612732204309e-01
-6.015721570368320198e-02
-9.598116405812082141e-03
2.326343885487754115e-03
-1.035982710501682884e-02
-1.171473205649298764e-02
2.936015413189311044e-03
2.500848906925322995e-02
4.376498437785543427e-02
3.141738498330229334e-02
-6.766566988506771130e-02
-1.353547178422210562e-01
-1.051721368807767010e-01
-5.228222000237139899e-02
-1.051937692166279859e-02
1.457841794848013448e-02
3.879674385888372268e-02
6.350961705551838588e-02
8.198096269974931849e-02
7.149095410651676308e-02
3.910083296884038495e-02
3.247484143509580395e-02
5.608948385086115485e-02
8.688682350145839062e-02
1.156492916340792210e-01
1.404074912182169399e-01
1.560240258943801361e-01
1.538450162157457002e-01
1.429078860360179504e-01
1.406685262096747102e-01
1.477057447770780130e-01
1.524816079422405546e-01
1.542673244767082397e-01
1.602970999471249325e-01
1.709857686910465357e-01
1.758460436502243540e-01
1.688944519092381580e-01
1.659258466616292949e-01
1.683050295480099101e-01
1.633110884029970733e-01
1.570410507617683860e-01
1.600445916875782582e-01
1.692188468871033691e-01
1.841433892972596242e-01
2.023270649646254360e-01
2.131047611673809739e-01
2.210466494300087903e-01
2.309270680906637396e-01
2.401679122354001550e-01
2.441849146682077421e-01
2.423326438268600669e-01
2.421371973911166653e-01
2.444972120389291292e-01
2.466305472407628874e-01
2.531219864610844139e-01
2.654246041688396729e-01
2.738434315845851286e-01
2.775220544883668650e-01
2.781542738206551069e-01
2.749360199689793172e-01
2.725221905865888861e-01
2.699769992518727957e-01
2.715903891531437075e-01
2.825789178496315168e-01
2.997541015365393635e-01
3.207417687506833315e-01
3.384925203108014591e-01
3.439244843465557033e-01
3.335865836111355232e-01
3.136290302922082884e-01
2.521634493946187106e-01
1.379959154931846843e-01
7.143883654631444369e-02
9.037251832592214928e-02
1.420293018174400290e-01
1.757759014814357645e-01
1.784438834392349793e-01
1.992361542156969034e-01
2.522764780358368597e-01
3.075494022641934722e-01
3.447383323938967292e-01
3.596962374754235636e-01
3.425630459563286379e-01
3.368530961681739933e-01
3.717045715726168820e-01
4.133807264447293406e-01
4.483456106341551228e-01
4.824530997252321485e-01
5.124119000794098433e-01
4.679724771901578317e-01
3.530731331695941555e-01
3.114044066758324125e-01
3.602305388493943217e-01
4.145317011001191099e-01
4.594568348848555028e-01
5.060917682998159473e-01
5.529202118359479723e-01
5.910897430058001945e-01
5.559042581500777125e-01
3.885636530174593206e-01
2.935449502444039127e-01
3.526493460305734629e-01
4.396433312761081069e-01
5.129368884241276572e-01
5.729540957643430854e-01
6.263587870653912759e-01
6.705373248279774545e-01
6.949500770774664771e-01
7.059842793212620649e-01
7.143505616416624404e-01
7.171701935135235129e-01
7.184598211531898482e-01
7.190717911024827602e-01
7.181466841750383523e-01
7.204227502391278293e-01
7.298943399982167346e-01
7.443382199171011404e-01
7.628108452365809367e-01
7.834772282906059537e-01
8.044095266535518096e-01
8.303481109758960033e-01
8.567980147915267297e-01
8.783617495399035358e-01
8.979800747929161941e-01
9.180874654726025597e-01
9.373047344828252525e-01
9.554361393535537594e-01
