-3.366081804030372826e+00
-3.362813560976587013e+00
-3.361423719527236287e+00
-3.357380839458118604e+00
-3.351987907050860471e+00
-3.340212806799772949e+00
-3.376289943624524170e+00
-3.365657662151445351e+00
-3.358455401592724598e+00
-3.346666698588140143e+00
-3.325485225021714175e+00
-3.285313391332960187e+00
-3.256090868388918924e+00
-3.249894369629016566e+00
-3.214966224774814751e+00
-3.122788688019996872e+00
-2.857079520245334070e+00
-8.708621977718382645e-01
-4.715184422265339848e+00
-3.978148576848393958e+00
-3.813733959508101456e+00
-3.691998727608694519e+00
-3.612657060211335924e+00
-3.590652720024557265e+00
-3.578880368712635374e+00
-3.557803840089380110e+00
-3.592048391697657550e+00
-3.698938854943820687e+00
-3.721657145889094132e+00
-3.653581951775968673e+00
-3.579917830135999957e+00
-3.521818349590036590e+00
-3.488502888467216234e+00
-3.221296606118399186e+00
-3.349002835507091991e+00
-3.348451874942754092e+00
-3.336397745474658727e+00
-3.320449753898170542e+00
-3.299052964557678713e+00
-3.273833205821542691e+00
-3.263457716439176259e+00
-3.251706822341033032e+00
-3.219723661564946049e+00
-3.133028105995118828e+00
-2.764020041206090905e+00
-5.894741630551862066e+00
-4.844598914491040631e+00
9.660195292116682708e+00
1.262402041017078203e+00
-5.739720305623134067e+00
-4.080858594925202532e+00
-3.814213891087032238e+00
-4.004578130191105423e+00
-3.073841464757839148e+00
-3.207665068927136875e+00
-3.136351078132240566e+00
-2.799867355415658121e+00
-2.556411497233146690e+01
-4.320238233748415091e+00
-3.855813824128314415e+00
-3.687486671313878084e+00
-3.618208956439092461e+00
-3.655883310402447961e+00
-3.915742402090701013e+00
-4.006090229081402221e+00
-3.708367344561247059e+00
-3.578503423864793476e+00
-3.519384376044699891e+00
-3.485781598271290527e+00
-3.466752753819561050e+00
-3.460741883723167600e+00
-3.460097965104081741e+00
-3.452904050836761662e+00
-3.439837244252505144e+00
-3.428829891784035411e+00
-3.419489818376304946e+00
-3.408924348919124547e+00
-3.397861320679025354e+00
-3.388508941815473907e+00
-3.380613844460541362e+00
-3.372252232519401094e+00
-3.363689992470890289e+00
-3.354777870239468385e+00
-3.345527354635271955e+00
-3.337838757301764492e+00
-3.331629748031256888e+00
-3.326990341758821579e+00
-3.323010322141307427e+00
-3.317069779658963213e+00
-3.310664133879818394e+00
-3.305017612526107484e+00
-3.299328707134707273e+00
-3.292024486714796527e+00
-3.282770905445095977e+00
-3.274379439644717671e+00
-3.267228267409884257e+00
-3.260056476052349161e+00
-3.255235782293780744e+00
-3.253202226054740187e+00
-3.248879025010023458e+00
-3.242293501028797653e+00
-3.234235442117799231e+00
-3.224146769600308104e+00
-3.214680565135105361e+00
-3.205107058910848572e+00
-3.198645724355849040e+00
-3.198740958514867394e+00
-3.202073715788728236e+00
-3.206359532966211567e+00
-3.207505186985833756e+00
-3.201579195838423431e+00
-3.186740822777343496e+00
-3.164892433842489972e+00
-3.095244126060524792e+00
-2.762098141266561058e+00
-1.770830990740818844e+00
-2.453458483616796748e+00
-2.878757797373634908e+00
-2.980519864287406229e+00
-2.975907186850043296e+00
-3.015439384782772514e+00
-3.090698098177161235e+00
-3.136344428443781140e+00
-3.153639404416680669e+00
-3.153095952074019159e+00
-3.129903345358175493e+00
-3.117042698555748004e+00
-3.136960210913883884e+00
-3.155227359268907961e+00
-3.165192913656569296e+00
-3.172542473745020963e+00
-3.176506227096238533e+00
-3.144573552996702936e+00
-3.044709178554998452e+00
-2.991597147396703793e+00
-3.052979822524552578e+00
-3.094942365539892215e+00
-3.117408861288219590e+00
-3.134957255022813083e+00
-3.148339875897463003e+00
-3.155202294976416688e+00
-3.128881041331804003e+00
-2.986445850117319001e+00
-2.829607089883066973e+00
-2.952111889980692183e+00
-3.044993992076902245e+00
-3.089510271080674553e+00
-3.113211267765816359e+00
-3.128256197706110520e+00
-3.136634845616157019e+00
-3.136330229680279746e+00
-3.131322382856449593e+00
-3.125824518686969089e+00
-3.118524094353271714e+00
-3.111009626089235702e+00
-3.103446557116726012e+00
-3.095423114766386874e+00
-3.089022510373647279e+00
-3.085975921851045634e+00
-3.084973089031301186e+00
-3.085446922155987259e+00
-3.086412290796089586e+00
-3.087093360917839924e+00
-3.089432648406310822e+00
-3.091380574524099423e+00
-3.091123204943236225e+00
-3.090052966808428891e+00
-3.089107028294587387e+00
-3.087753867941768426e+00
-3.085984577740898516e+00
