-1.339955030182944942e-06
-7.261903747906191446e-06
-5.483680401346062151e-06
2.684887019935892230e-05
8.710939028664834566e-05
1.640961601680830293e-04
1.208229421469571871e-04
-5.026549383371948935e-04
-1.875405715658568125e-03
-3.565506004263528303e-03
-5.228438534883700882e-03
-6.730852593830196663e-03
-8.080781724781235451e-03
-9.409237618764908218e-03
-1.069717090283314916e-02
-1.188510169983770896e-02
-1.293738358329599852e-02
-1.384878843239474924e-02
-1.462609565576719790e-02
-1.527977068720721976e-02
-1.581863910033727560e-02
-1.625378150981869607e-02
-1.657278843938936666e-02
-1.678968344018503742e-02
-1.693277936151120142e-02
-1.700682264291127066e-02
-1.702777219640914594e-02
-1.705684003227211573e-02
-1.709232497217981137e-02
-1.710934819443307026e-02
-1.709144783887277252e-02
-1.702249353092195883e-02
-1.689064331276067879e-02
-1.683300714852523430e-02
-1.760852106265232975e-02
-2.003686165355017187e-02
-2.322364325318059669e-02
-2.658073315708351508e-02
-2.998931956274509397e-02
-3.329984787313690353e-02
-3.658447090665405826e-02
-3.993931238382199267e-02
-4.324248986150481394e-02
-4.632988511043465568e-02
-4.902413069772815907e-02
-5.125250670645994239e-02
-5.307656792640639415e-02
-5.473355237508008286e-02
-5.627568944482436164e-02
-5.764529379259037550e-02
-5.876756450012585870e-02
-5.962284712886118526e-02
-6.028342203650371295e-02
-6.112138671042888216e-02
-6.260452567423044345e-02
-6.427846198894422713e-02
-6.578631302286985783e-02
-6.701830781288739547e-02
-6.801494520790916931e-02
-6.879389902610702490e-02
-6.931789706707944254e-02
-6.958944618075303679e-02
-6.968032839718686644e-02
-6.981067655692374530e-02
-7.002808757975405307e-02
-7.014917675883068637e-02
-7.004539116348521000e-02
-6.967507152721617858e-02
-6.903060841189594121e-02
-6.812235997267584997e-02
-6.701573880665902261e-02
-6.582444684810979940e-02
-6.456634053694065845e-02
-6.319948861983273880e-02
-6.171326843744874557e-02
-6.013757300694323737e-02
-5.847383391560702359e-02
-5.669733694214783293e-02
-5.480462896337828793e-02
-5.286143667602392904e-02
-5.092348811146363285e-02
-4.894866113798632123e-02
-4.693983862151276942e-02
-4.493806323960558569e-02
-4.293277632560511120e-02
-4.088167721243170932e-02
-3.875616391150039225e-02
-3.651065232986396708e-02
-3.414002831730401921e-02
-3.167166637030170706e-02
-2.910013768795574954e-02
-2.642685303234786065e-02
-2.366397825254900125e-02
-2.085630982286396443e-02
-1.802733675726875609e-02
-1.516076321391710523e-02
-1.224314884132968531e-02
-9.267803311158399199e-03
-6.205460932316555003e-03
-3.040928716141411397e-03
1.980523243327227817e-04
3.487768021959108608e-03
6.794901709983789534e-03
1.009478893999655839e-02
1.338213725428355309e-02
1.664813752270870306e-02
1.992992439755821021e-02
2.327599845915832508e-02
2.673013869871106174e-02
3.032685516535031309e-02
3.403359256547279499e-02
3.775900199870638185e-02
4.139510557022853254e-02
4.479305930833358401e-02
4.753154527767718823e-02
4.939301770165632766e-02
5.078530916115541610e-02
5.209453036208102489e-02
5.346927677751611707e-02
5.480060730898659443e-02
5.604711967685719470e-02
5.743607128136578310e-02
5.913945250154853395e-02
6.117748451849171210e-02
6.346742972182001230e-02
6.587789569842475434e-02
6.825547019826742889e-02
7.078374158417682915e-02
7.363237136942359096e-02
7.682987837946514409e-02
8.038390049070871790e-02
8.431864669207089769e-02
8.847589981990769403e-02
9.224032319553068793e-02
9.542593470324403637e-02
9.857124872007827499e-02
1.019929328040686534e-01
1.057236658896318071e-01
1.098066993208274139e-01
1.143043282919477960e-01
1.192458244799659561e-01
1.244598485406836486e-01
1.292205997474195900e-01
1.329386388493077331e-01
1.364051597110883252e-01
1.401746545218208462e-01
1.444138858139994430e-01
1.491413677184162956e-01
1.543609285948956411e-01
1.600906480787815667e-01
1.663115550362689321e-01
1.729189276370926009e-01
1.798536693043154833e-01
1.870510576327440166e-01
1.944448515474943850e-01
2.020060389679601554e-01
2.096895358264093678e-01
2.174715736859433590e-01
2.253736630764527071e-01
2.334434688323002438e-01
2.417163093360707171e-01
2.502254285949038759e-01
2.589835254427221289e-01
2.680121504954745548e-01
2.773616021417180666e-01
2.870280961265473940e-01
2.970058658564558862e-01
3.072973062829434943e-01
3.179050229817142470e-01
3.288163762839351190e-01
