-1.085650313281060278e-02
5.501573055664131344e-03
5.321231664698781311e-02
3.412815945573408755e-02
3.132633761332281191e-02
-3.568206968010278340e-02
-8.805434553736334324e-01
-1.211877554016733249e+00
-2.998981567494465317e-01
1.471934797302197895e-01
2.663667473510911154e-01
2.516551094780267173e-01
-7.758186473705269703e-02
8.118204488035324351e-03
8.935724653137457063e-02
1.327997937561106179e-01
1.252498108450249004e-01
1.111174564098686701e-01
9.194738306674254957e-02
8.779906577102851439e-02
5.878488685082994269e-02
1.042081157917746914e-01
8.244870257508855882e-02
3.390448315987213551e-02
4.462152084018834730e-02
5.188118628379462943e-02
-7.680122421608115424e-02
-3.979163429655747930e-02
8.439119309862904567e-03
3.045607011940623665e-02
5.553752398191341699e-02
8.044004180471553411e-02
6.199638264069776139e-02
-9.970247320400823510e-01
-2.961031120699652242e+00
-6.662457774244389119e-01
7.141413979109278998e-03
-7.471250710398535944e-02
2.381801766584467073e-01
1.493071160086678617e-03
-2.533356341754304797e-01
-1.097704316450454076e-02
1.692690085623846930e-01
4.417821142929059253e-01
4.963134091219657540e-01
4.498054396485401396e-01
-4.573375710551261242e-02
-4.014296303707542979e-02
6.834498250348584880e-02
2.084977351522950828e-01
2.311053412395273066e-01
2.031446734733168835e-01
-2.601683214154361101e-01
-1.377965260212615339e+00
-1.878579865317198117e-01
2.436171901213979307e-01
3.711737243211941095e-01
2.344275612130399811e-01
1.925985255803395191e-01
2.805816733913600314e-01
2.590823737053827291e-01
2.254694633543344595e-01
-1.968258905676704695e-01
-2.585425831933413354e-01
1.257392808813146967e-01
2.951390420913930779e-01
3.329561361148250520e-01
3.345820312947167530e-01
3.322374701310061296e-01
2.554594195971123805e-01
4.892204223271096053e-02
6.221413481277074387e-02
1.626486939127901599e-01
1.909739627114978022e-01
1.308707419206139033e-01
1.430446651969844440e-01
1.963967120618397288e-01
2.273663055680613665e-01
1.194042693211566641e-01
9.419885186743304217e-03
1.434003927432769832e-01
1.357379056251273863e-01
5.155135810055938572e-02
8.300545844767120984e-02
1.658278422827454968e-01
1.835973434904885626e-01
2.726000731328682702e-01
2.752628373594391831e-01
2.074961787650383971e-01
2.409902247837694689e-01
2.336189664757407636e-01
2.355474531043503239e-01
1.563672363485708594e-01
1.255774616586482484e-01
1.721336485692065432e-01
1.967732631285251665e-01
1.951939630537011250e-01
2.516385202171479984e-01
2.866489142944285140e-01
2.255805325989969634e-01
2.087286294981398616e-01
1.594971683438233812e-01
1.255953073385028262e-01
1.413375151346733527e-01
1.079490197923591022e-01
1.818417967764749399e-01
2.524065485658354979e-01
3.055151112501210964e-01
3.731149363454444590e-01
3.172864630659428808e-01
1.836171936141399730e-01
1.902930704934391315e-02
-4.680968007645675000e-02
-7.676233486450402266e-01
-1.216796655237298630e+00
-3.408524585267855289e-01
1.853457265722057712e-01
3.858531302777649663e-01
9.126026171128806541e-02
-7.016051425160749200e-02
3.648060482323903786e-01
5.814310750613240764e-01
5.684173327928659925e-01
4.057853170743835891e-01
2.619030785033571451e-01
-1.255654939309807094e-01
3.112767431365118798e-01
5.641383691667178901e-01
5.504468227273155989e-01
5.468896141638212027e-01
6.093454981169196261e-01
5.688100868247262243e-01
-5.961541695731222834e-01
-9.233149323596936409e-01
2.528358905277656721e-01
6.428978852597777571e-01
5.643021906222323025e-01
6.260285677102097601e-01
7.102722099489924279e-01
7.599127733724742040e-01
6.739863748616055084e-01
-4.477428609816847538e-01
-1.815023842482619720e+00
1.172042781484786689e-01
7.645654072382441768e-01
9.051184408669831205e-01
8.574208003674063105e-01
8.332178918617368923e-01
8.569782272995324357e-01
8.567076056188431821e-01
6.519996470346176576e-01
6.206169074701182176e-01
5.503810874951680088e-01
4.600462427091036588e-01
4.729570312934492371e-01
4.148277158496989081e-01
3.971043573348951305e-01
4.523525730432975678e-01
5.446027957887440429e-01
5.918956554801653169e-01
6.618252511472695332e-01
6.710780139798007138e-01
6.946253359815490747e-01
8.084176991493330355e-01
7.817437722315641047e-01
7.912823473191192836e-01
7.528658449693341748e-01
7.433114427647118383e-01
7.444098201383935187e-01
7.667908939859713335e-01
8.005286890735483496e-01
8.276860101388709978e-01
8.549025615482870322e-01
8.635300306586282115e-01
8.603472678558257147e-01
8.443225073857001384e-01
8.299955846710727059e-01
8.193555662134772710e-01
8.252588411463319673e-01
8.251886462225366259e-01
8.331873996767380497e-01
8.493942139522818735e-01
8.735385907389674465e-01
9.119510954503091682e-01
9.594743835252503850e-01
9.696462410797090925e-01
9.909876845476852658e-01
9.793157002808521305e-01
9.866916749357006466e-01
9.725264084516171970e-01
9.636292281224840828e-01
9.613555855547741835e-01
9.739722997299189444e-01
9.925021464189196507e-01
1.017317770082015738e+00
1.060358770040274567e+00
1.086790542307339624e+00
1.113071053768581287e+00
1.113848978168000325e+00
1.093795191977612102e+00
1.067951388619543529e+00
1.059057949681656119e+00
1.053545251624253165e+00
1.053624279112830742e+00
1.068125648460960697e+00
1.095497543177727184e+00
1.123125464199704382e+00
1.124179306890062957e+00
1.129075464832198783e+00
1.133000753664008542e+00
1.114831399518511290e+00
1.102055516767287191e+00
1.094843548435378899e+00
1.098132305604431647e+00
1.104056134378023302e+00
1.116444627329823192e+00
1.147239944967728853e+00
1.170226466325035020e+00
1.179758906226483273e+00
1.170528600951630249e+00
1.154537270344161204e+00
1.136461170764081707e+00
1.132210267438953810e+00
1.130741523993888276e+00
1.125955186909203487e+00
1.127979402651776653e+00
1.128845435125972241e+00
1.139575315055961546e+00
1.158363540485506604e+00
1.174924861056532599e+00
1.183609343766212074e+00
1.179902069713790080e+00
1.174457039853925355e+00
1.157830519037769790e+00
1.150750004245282732e+00
1.130929192377675641e+00
1.122801633592024562e+00
1.125185204780122739e+00
1.128732511979816167e+00
1.144380208337365978e+00
1.166556032733076176e+00
1.174854985852707756e+00
1.186952774081563522e+00
1.163166496086454504e+00
1.133199590418588087e+00
1.112349138873057974e+00
1.091925513107245393e+00
1.086281068067552091e+00
1.081063589867134134e+00
1.090246036531348217e+00
1.108019992934003106e+00
