-2.245340299847551485e-03
-5.256906010962889009e-03
-3.571233974653527203e-03
3.087447324780999945e-04
2.839080757439055823e-03
9.447639235410137861e-04
-6.018414502198583815e-02
-1.993239658257130453e-01
-3.061461214053399216e-01
-3.285315834897009624e-01
-3.111540887944349576e-01
-2.818832758927724558e-01
-2.703663259803473773e-01
-2.715230391900190776e-01
-2.610150654130813375e-01
-2.415485235021781751e-01
-2.185665247868760486e-01
-1.959623420214461620e-01
-1.752526320936038662e-01
-1.558377057039520008e-01
-1.386451365442843975e-01
-1.206195472769045762e-01
-1.013150869366486045e-01
-8.715075406453770546e-02
-7.637809923492577813e-02
-6.513648856728858350e-02
-6.245749320296969942e-02
-6.666750042516715602e-02
-6.667876271877454242e-02
-6.310768168447666859e-02
-5.712249664535287708e-02
-4.814858511150983678e-02
-3.876721444461504740e-02
-9.957896607292321400e-02
-3.589338773816309058e-01
-6.052191128887426386e-01
-6.709274061308679871e-01
-6.936339123868513479e-01
-6.940974111808100311e-01
-6.834499610301191241e-01
-6.983612756249771847e-01
-7.104949503498548813e-01
-6.928430348665099991e-01
-6.424059069894667573e-01
-5.673007045801378156e-01
-4.878522993205311464e-01
-4.407192011347006999e-01
-4.247582195896512092e-01
-4.040043661051083701e-01
-3.694571171606197968e-01
-3.257581192862699093e-01
-2.827204184096006045e-01
-2.721939033661918139e-01
-3.664345817803286720e-01
-4.613063709827257552e-01
-4.590167858331719586e-01
-4.195988773257293136e-01
-3.783318985158400372e-01
-3.459738823046156209e-01
-3.089243344830845950e-01
-2.673647736744590997e-01
-2.287100436104259338e-01
-2.193743390361778123e-01
-2.428354096273015739e-01
-2.480231658828241370e-01
-2.183715077277384176e-01
-1.750529854431328580e-01
-1.290550536200230358e-01
-8.260335617232533734e-02
-3.958453331048154139e-02
-1.485333864582188274e-02
-3.217603218157777736e-03
1.477413562315013466e-02
3.796192863667806339e-02
5.732245874098124139e-02
7.300513865027699612e-02
9.149665492369227215e-02
1.137574429018795852e-01
1.298968983840896596e-01
1.305671193038745181e-01
1.314491049270492262e-01
1.411976665010015453e-01
1.466408544361037514e-01
1.481857659614581879e-01
1.546604860893501243e-01
1.656137537802641335e-01
1.822890318087442285e-01
2.039681123275270958e-01
2.226477700097895251e-01
2.395390130890946712e-01
2.563419616298001635e-01
2.718085285497363612e-01
2.815988979654726609e-01
2.837521933029578114e-01
2.866367576636302261e-01
2.954473279991604584e-01
3.072246999703373005e-01
3.214116914174314776e-01
3.396294330196579780e-01
3.565709247572904639e-01
3.683163270534153266e-01
3.744400684619538788e-01
3.743462049284801418e-01
3.716226017101161294e-01
3.666126686536061441e-01
3.628056568126838966e-01
3.661899420206740086e-01
3.763607268190185540e-01
3.951347736931418164e-01
4.158349490082813849e-01
4.241605366784605979e-01
4.121020342421493621e-01
3.839447008459971333e-01
3.020899647220259276e-01
1.411802714367302036e-01
2.711598605421972064e-03
-4.943929286361781195e-02
-5.197159169480214391e-02
-5.555647317993652606e-02
-8.390229012091751648e-02
-9.292746516338228069e-02
-5.820143374451298979e-02
-6.635333968493827006e-03
3.707888448486105354e-02
6.458879616631041376e-02
5.990188985097909258e-02
5.751587842151217878e-02
9.712929086217964025e-02
1.536075252221169585e-01
2.107668995381202781e-01
2.729445463351169998e-01
3.382763428501369685e-01
3.254758718152934160e-01
2.146989603115482814e-01
1.524301651796075574e-01
1.854794055472451519e-01
2.410491726662885859e-01
2.984427042712380906e-01
3.669143292161535785e-01
4.464195213264445239e-01
5.250664973455940743e-01
5.235779204083421678e-01
3.598311131646545480e-01
2.272571331474297629e-01
2.502262136960415329e-01
3.281834187207746667e-01
4.204324148466561106e-01
5.103443419589742680e-01
6.011119709403696110e-01
6.992693740431183969e-01
7.885319878334494659e-01
8.623120612054410161e-01
9.247991720507002800e-01
9.713612337426704713e-01
1.009337022614964940e+00
1.040561995950662899e+00
1.062847393755201653e+00
1.085268330181503371e+00
1.117204238035705455e+00
1.159377061422516064e+00
1.209047296493222845e+00
1.263092228812430218e+00
1.318287538838328166e+00
1.382677061920038142e+00
1.453206760020252508e+00
1.522495556304293007e+00
1.593377814912950718e+00
1.665788329568845372e+00
1.736997314854895169e+00
1.805756574279219429e+00
