-1.906687395464035095e+00
-1.899839571097005519e+00
-1.910579832886738938e+00
-1.904706544119769474e+00
-1.900112883071716885e+00
-1.890879226729093476e+00
-1.910865197661451909e+00
-1.905253489754699991e+00
-1.900276563176138689e+00
-1.892566427330384160e+00
-1.880825623691090520e+00
-1.863406786738687426e+00
-1.848808946696147482e+00
-1.839928500138073630e+00
-1.823203261443764767e+00
-1.794039619027416821e+00
-1.746887538417038588e+00
-1.672758569058201417e+00
-1.550600219392164636e+00
-1.305638604488916332e+00
-7.237438223162521167e-01
-3.003774134831389375e+01
-2.923363752801044324e+00
-2.603014700525939418e+00
-2.507582824811574795e+00
-2.402110120594397547e+00
-2.561290222908735537e+00
-3.805291769283681624e+00
-7.089231098142581899e+00
-4.695229493029772883e+00
-3.104755881833939135e+00
-2.522755872071124283e+00
-2.323674108034433861e+00
-1.708084599262845726e+00
-1.875917752847755526e+00
-1.883204802306916559e+00
-1.876007212334489749e+00
-1.866225705646889832e+00
-1.853883427881820367e+00
-1.839772726203183772e+00
-1.831412500544928434e+00
-1.822801416869388236e+00
-1.806090528596900446e+00
-1.773061487247812762e+00
-1.704175972051975130e+00
-1.554279942001924208e+00
-1.425742843388994263e+00
-1.460966486678182630e+00
-1.440363671963477366e+00
-1.277520653341880363e+00
-6.698529184263332104e-01
6.771485925321920618e+00
5.553443668464799199e-01
-1.627735238609705259e+00
-1.738274973026043835e+00
-1.712840528832201503e+00
-1.631122752937186338e+00
-1.488332272818071011e+00
-1.283196557966772566e+00
-6.924385656817504398e-01
4.102061407188318043e+01
-3.518001207446576739e+00
-4.168515555217251034e+00
1.826823685345879689e-01
-5.337483458916442158e-01
1.754668986898637684e+01
-3.022593464211678960e+00
-2.450596440680464561e+00
-2.272346910670490772e+00
-2.195317729901378634e+00
-2.179273410755227403e+00
-2.188441089249073546e+00
-2.178106037867413747e+00
-2.151335403417654391e+00
-2.132413184325838706e+00
-2.119622053300612485e+00
-2.101397475227715361e+00
-2.079183711615325336e+00
-2.065535784636653993e+00
-2.065962023254569679e+00
-2.063286906507786345e+00
-2.052352488386741225e+00
-2.047387802976575966e+00
-2.044816404983293978e+00
-2.034921570360836096e+00
-2.020705299100332475e+00
-2.003983928187224706e+00
-1.987555563745382337e+00
-1.975518928436286403e+00
-1.965372971103330091e+00
-1.955676942494034565e+00
-1.946796516436080760e+00
-1.939169251113627590e+00
-1.932498749946211181e+00
-1.925657027290946788e+00
-1.918556990562657827e+00
-1.911577187082480922e+00
-1.904811273351757706e+00
-1.898434605810172204e+00
-1.892211899035873168e+00
-1.885868134591076384e+00
-1.879250270109169563e+00
-1.872107669069812186e+00
-1.864863373938678848e+00
-1.857411303023704274e+00
-1.850627260522942796e+00
-1.845952649627858877e+00
-1.842949138647105300e+00
-1.841280317465903371e+00
-1.839085320986492356e+00
-1.833950646494658665e+00
-1.824397469481526812e+00
-1.810585877418066536e+00
-1.770507630462486270e+00
-1.531120467632947291e+00
-5.103671245929609412e+00
-5.519255201138761890e+00
-1.026611863842311623e+00
-1.436838607688691649e+00
-1.429154830962823475e+00
-1.530098572413943758e+00
-1.677581126691628288e+00
-1.743914451629775098e+00
-1.768428548398458755e+00
-1.774106959590891819e+00
-1.760890879148597765e+00
-1.751846293053856307e+00
-1.766949569399172582e+00
-1.781721773608703430e+00
-1.790353645119879378e+00
-1.796645314191130494e+00
-1.800590452094419591e+00
-1.783488521092297496e+00
-1.723338947743277449e+00
-1.675704850851727379e+00
-1.707205566468898317e+00
-1.735680033899996699e+00
-1.752613538951320216e+00
-1.766239312685087492e+00
-1.776957316780525264e+00
-1.783101002879228014e+00
-1.769301961833693815e+00
-1.689026381163377222e+00
-1.572401759824529677e+00
-1.627376351232383556e+00
-1.691261915216583311e+00
-1.727058678902672062e+00
-1.746732536180855000e+00
-1.759255863138810438e+00
-1.767704321536238465e+00
-1.770690146039657575e+00
-1.769881808291509317e+00
-1.767510401485255400e+00
-1.763157925807819382e+00
-1.758079650503831193e+00
-1.752565563007297378e+00
-1.746306808010831269e+00
-1.740837936210247294e+00
-1.737540713291722883e+00
-1.735969497973764986e+00
-1.735587686312031641e+00
-1.735614261219677879e+00
-1.735451999660268196e+00
-1.736384898185144188e+00
-1.737424510917203069e+00
-1.737536304063220571e+00
-1.736744136280734541e+00
-1.735075336058117257e+00
-1.733064453437977770e+00
-1.731085604931648758e+00
-1.729441960109026732e+00
-1.728106477055241452e+00
-1.726961299123197957e+00
-1.725785620706638435e+00
-1.724308961673653329e+00
-1.722359787858626978e+00
-1.719921492272055819e+00
-1.717114733223198630e+00
-1.714176784690596644e+00
-1.711206351496218137e+00
-1.708232752084912764e+00
-1.705402638259172932e+00
-1.702842096831542307e+00
-1.700716224372557983e+00
-1.699165231003632925e+00
-1.697828326815046696e+00
-1.696471267428583118e+00
-1.694892384622316506e+00
-1.693037132867498240e+00
-1.690908853320997052e+00
-1.688425907047685470e+00
-1.685737365468299220e+00
-1.683053214819829391e+00
-1.680540904567698224e+00
-1.678278328314244394e+00
-1.676438167381436806e+00
-1.674955340520976277e+00
-1.673648596086950491e+00
-1.672276601631081494e+00
-1.670489799940184650e+00
-1.668150576952427411e+00
-1.665433569723864027e+00
-1.662540335891690813e+00
-1.659563070857479783e+00
-1.656672730083700085e+00
-1.654072520463058638e+00
-1.651823039993838060e+00
-1.649660965625319164e+00
-1.647413719022107426e+00
-1.645115990311089682e+00
-1.642588549945769749e+00
-1.639745425621486952e+00
-1.636712000352868124e+00
-1.633638914849868229e+00
-1.630630384716359238e+00
-1.627752524684595858e+00
-1.625191951654668898e+00
-1.622982414799013506e+00
-1.620912279185939830e+00
-1.618713574523594767e+00
-1.616213658407075870e+00
-1.613386351116046447e+00
-1.610371202901065946e+00
-1.607315791678565198e+00
-1.604217712233951154e+00
-1.601114227976389248e+00
-1.598047803692184576e+00
-1.595089459411090704e+00
-1.592370420993333813e+00
-1.589906328691280901e+00
-1.587586001323695983e+00
-1.585231983667766853e+00
-1.582744612990222510e+00
-1.580036111542164168e+00
-1.577131028890270681e+00
-1.574017352922907786e+00
-1.570721163522159625e+00
-1.567441345348482562e+00
-1.564266409552285131e+00
-1.561298510114282445e+00
-1.558665566646371126e+00
-1.556261438652619455e+00
-1.553988050658897890e+00
-1.551553379232748942e+00
-1.548649720795618911e+00
-1.545363542192670137e+00
-1.541810711539138179e+00
-1.538150661973637812e+00
-1.534513217756905856e+00
-1.531026480179292548e+00
-1.527867117443507006e+00
