-1.046003034035686508e+00
-1.047637059210280608e+00
-1.051144622097575088e+00
-1.058290163497424441e+00
-1.065044776668964133e+00
-1.057535207644833664e+00
-1.047568645367185747e+00
-1.047809999406325687e+00
-1.049529147516607530e+00
-1.052446404432714422e+00
-1.056511536932160267e+00
-1.061771719114086299e+00
-1.066253427836717504e+00
-1.069617262539183322e+00
-1.074570086575833194e+00
-1.081539943085614297e+00
-1.090619952206834720e+00
-1.101637222878159683e+00
-1.114218201690071464e+00
-1.129124197255304773e+00
-1.145589430111945584e+00
-1.168927463484615625e+00
-1.206642937709188956e+00
-1.240522361119051675e+00
-1.266123295716928165e+00
-1.305523631543080931e+00
-1.282541847353802611e+00
-1.233507342847565802e+00
-1.219838069237562772e+00
-1.222296691127562340e+00
-1.234569058963257193e+00
-1.263595871304288742e+00
-1.303472789884920102e+00
-1.133086152328718788e+00
-1.070820996538949021e+00
-1.063325035198899871e+00
-1.065246182433823297e+00
-1.068461461703976489e+00
-1.072519026207162884e+00
-1.077084594951110308e+00
-1.080006899810251442e+00
-1.083023207710588576e+00
-1.088234829789159086e+00
-1.097046814303749063e+00
-1.111292328689163167e+00
-1.131901697880127955e+00
-1.147984267429618566e+00
-1.152813666898226064e+00
-1.160319643188905570e+00
-1.176374556665081617e+00
-1.202979752394019552e+00
-1.238167577089888560e+00
-1.235165266114346405e+00
-1.156823224216219526e+00
-1.128231448180660124e+00
-1.132270323395235145e+00
-1.146790385280066049e+00
-1.164176408874966873e+00
-1.180020545523132292e+00
-1.202021625506776825e+00
-1.233364670317848244e+00
-1.271113566846816978e+00
-1.269063721712954562e+00
-1.229493168980562601e+00
-1.220676139030142604e+00
-1.248999158215476912e+00
-1.308050999911053447e+00
-1.410687941269977763e+00
-1.623672190914002389e+00
-2.242785470791200719e+00
-3.099155130179602313e+00
-3.147269621769954284e+00
-5.673937877121999485e+00
4.719843107173923080e+00
1.233083326806046820e+00
5.648596829073344594e-01
6.568657949634015836e-02
-2.672200581911230444e-01
-3.685310954476179734e-01
-2.120552042348722299e-01
-2.251837752113594604e-02
-1.493784852004806929e-01
-2.006426427325418427e-01
-1.747499354183583709e-01
-2.445466510263585302e-01
-3.599340606844574353e-01
-4.977479697991229468e-01
-6.148061911991133943e-01
-6.795425216578564465e-01
-7.223872370942940879e-01
-7.531958721744149710e-01
-7.746489155828263362e-01
-7.800040377878124653e-01
-7.669227014216392080e-01
-7.589715766720054324e-01
-7.752929368880604466e-01
-8.011228284560187873e-01
-8.260092497378317411e-01
-8.506971953150223031e-01
-8.694825858075820868e-01
-8.795810282389414647e-01
-8.823685798148807047e-01
-8.783912819988529685e-01
-8.709548696992780448e-01
-8.597475443978157550e-01
-8.489397588902796166e-01
-8.487982736447623466e-01
-8.590281792476384126e-01
-8.810709766446308544e-01
-9.009128915802114834e-01
-9.044203954636960141e-01
-8.830562441795095641e-01
-8.171337948389717498e-01
-3.721402427366318211e+00
-1.154481016981436348e+00
-1.109607136155793761e+00
-1.105709649940971318e+00
-1.111626327522016178e+00
-1.116583910373105892e+00
-1.115132590537187829e+00
-1.117980332125713794e+00
-1.132074749174663664e+00
-1.156218630996385555e+00
-1.183869696696250307e+00
-1.205175393116472815e+00
-1.196390242591798714e+00
-1.192153113664513153e+00
-1.230558516735027030e+00
-1.331516527207582401e+00
-1.624364042981927048e+00
6.698314712826472395e+00
-5.616758502587064772e-01
6.937086050959706540e-02
-1.302161522712952602e+00
-1.205516098314935558e+00
-1.255154900757265324e+00
-1.425984685556049625e+00
-2.640486563954119514e+00
-4.395517321367559127e-01
-8.119561377896623577e-01
-8.994850587884269943e-01
-8.814982572345407830e-01
-1.854825215230212709e+00
-1.198970238094277274e+00
-1.243039090035825689e+00
-1.668787141927542850e+00
-5.880121571120739965e-01
-8.670121160766262047e-01
-9.338588812648725979e-01
-9.679525526809854563e-01
-9.861142200728267859e-01
-9.967066556590221671e-01
-1.003903369554078662e+00
-1.008794292655515346e+00
-1.012845581507821446e+00
-1.016413701877520559e+00
-1.019473281140887089e+00
-1.022652365963630405e+00
-1.026326016773367655e+00
-1.030257830486505766e+00
-1.034111661269390581e+00
-1.037724931212344881e+00
-1.041066766904219731e+00
-1.044208807819968499e+00
-1.047129237588024564e+00
-1.049852494946444503e+00
-1.052405644006819685e+00
-1.054817565029102955e+00
-1.057146285393284479e+00
-1.059425268735271874e+00
