-2.009067922582971188e-03
-3.945296748019845763e-03
-1.365794451119403154e-03
2.041746153928069175e-03
3.419111049429821199e-03
5.923698568552969272e-04
-5.395860351341108530e-02
-1.582680039457520782e-01
-2.051378831391318935e-01
-1.743134485314953852e-01
-1.247085008026799502e-01
-8.267418347904054166e-02
-6.987912913503456502e-02
-7.037119763985195953e-02
-6.095436455970845713e-02
-4.667226960230722727e-02
-3.313542619181585047e-02
-2.291838334408825839e-02
-1.605371465624440969e-02
-1.085976075779786915e-02
-7.759674948983360035e-03
-3.247027551351706898e-03
2.152592559564951713e-03
2.894607293659249257e-03
2.031052119744017857e-03
2.931189788114566940e-03
-3.119875551401302041e-03
-1.194713816878116737e-02
-1.422788216107296645e-02
-1.269484296038578264e-02
-9.343687526401746671e-03
-4.153711696597110758e-03
1.373114736581320175e-04
-5.899743337096298446e-02
-2.726690489676776852e-01
-4.060580502843339490e-01
-3.642804869409989044e-01
-3.106857179846816974e-01
-2.597394990162275041e-01
-2.205567309609620941e-01
-2.171257573789107109e-01
-2.126570279374231098e-01
-1.860911556437939984e-01
-1.399490026559600808e-01
-8.634347376005310770e-02
-4.257449586259593605e-02
-3.663035937265357589e-02
-5.338230969728120778e-02
-5.787519650128239435e-02
-4.691494752141008723e-02
-2.940249421669705390e-02
-1.507755434891889547e-02
-3.097459531184728471e-02
-1.306895255213400275e-01
-1.951020459118602002e-01
-1.640943253206165187e-01
-1.141479789867828609e-01
-7.872136808426682952e-02
-6.005096352586086761e-02
-4.105779802967345071e-02
-2.227253330009664259e-02
-9.115273660713742523e-03
-2.332368013727626616e-02
-5.797704598045649166e-02
-6.481944233647081444e-02
-4.069824555978612812e-02
-1.176929916510627283e-02
1.249320632033518175e-02
3.235022422744816134e-02
4.605412356587006845e-02
4.268814887075975811e-02
3.267735664309812799e-02
3.318347043717002204e-02
3.939609244998595189e-02
4.206261036507712159e-02
4.268279574808745563e-02
4.710031111562997669e-02
5.476200187725116519e-02
5.609456999925960946e-02
4.534696718083674333e-02
3.976369741925432633e-02
4.355288116093954109e-02
4.293787679777921057e-02
4.009926595403678906e-02
4.283028873221020327e-02
4.880563039929756985e-02
5.865210153950698585e-02
7.039224446920135103e-02
7.710172100089265901e-02
8.179290282132410661e-02
8.617697442933422436e-02
8.947763681410515757e-02
8.799289534466084306e-02
8.174899837299527683e-02
7.900042386066402633e-02
8.263958511500535398e-02
8.815211750950834035e-02
9.490660994522354121e-02
1.038889997169712281e-01
1.099609852307119745e-01
1.110387690149750028e-01
1.080879369799313122e-01
1.016533515501638757e-01
9.563868103386544139e-02
8.962649496979679942e-02
8.678184315444467667e-02
9.078942656304285486e-02
9.937442963228752812e-02
1.131209487411175552e-01
1.247151177107537201e-01
1.232017755505265821e-01
1.057510080432997740e-01
8.051193001226084056e-02
1.461851578384157357e-02
-1.002149719914977866e-01
-1.638270678973768046e-01
-1.444355776151085013e-01
-9.638729772381451899e-02
-6.929336742006360350e-02
-7.347180856148181893e-02
-6.066281061353533816e-02
-1.711205463646087166e-02
2.671988751413158919e-02
5.177953956459820095e-02
5.785525981676331586e-02
3.623568224810334859e-02
2.676734989164296363e-02
5.581295763128002463e-02
9.113400924752321219e-02
1.190804288005365558e-01
1.464210280807695108e-01
1.717910709907192190e-01
1.241002163090950405e-01
1.293044367497452052e-02
-2.097166186237323787e-02
3.052734240403881527e-02
8.332899538866472833e-02
1.233594514209393478e-01
1.632444982974722014e-01
2.038727058709386142e-01
2.356012553243678753e-01
1.917332660859474569e-01
2.637333935915053829e-02
-5.550801941885281920e-02
9.004200301575004950e-03
9.644508171689049336e-02
1.696615424586429277e-01
2.218719877676428587e-01
2.640300271997924053e-01
3.052842729024569102e-01
3.321074747089744483e-01
3.448062804397858949e-01
3.501303739902562051e-01
3.461055236624951403e-01
3.413220246502485233e-01
3.361880475403050683e-01
3.287255211932031407e-01
3.268074469162522422e-01
3.361368623225561292e-01
3.536956068620941140e-01
3.751302936321472825e-01
3.969403817025607961e-01
4.167878718784624459e-01
4.427886587346254177e-01
4.699556993274068284e-01
4.929124052709044079e-01
5.153536845193119609e-01
5.376296924854060411e-01
5.574754950886541272e-01
5.748884897858338450e-01
