-2.520789933065206156e+00
-2.517274520191045806e+00
-2.515713824375776397e+00
-2.511491741247211973e+00
-2.505888304074246342e+00
-2.494492855930931174e+00
-2.533878022072019842e+00
-2.520769795770864796e+00
-2.513090481729220116e+00
-2.501488680974108814e+00
-2.482452658660420752e+00
-2.450563439091328455e+00
-2.424338544359562420e+00
-2.412289495285870444e+00
-2.381190797028792439e+00
-2.313573685882143405e+00
-2.166303981488399977e+00
-1.758450929987371403e+00
3.231408740789657230e+00
-3.896496165820025226e+00
-3.250450151985967651e+00
-2.987753350209576553e+00
-2.852356024133611001e+00
-2.810344752611979580e+00
-2.787802382401049606e+00
-2.758468936077817624e+00
-2.788410523801248431e+00
-2.887809958239046182e+00
-2.917577800847609204e+00
-2.860392260754274218e+00
-2.784232411279436548e+00
-2.717326713681692318e+00
-2.676147410193370213e+00
-2.258546560988215379e+00
-2.496803389649383753e+00
-2.499258121915211461e+00
-2.487794594977398965e+00
-2.472740742488816146e+00
-2.453145288280232705e+00
-2.430097799166508032e+00
-2.417705747733566390e+00
-2.404662358286128843e+00
-2.375770411893486589e+00
-2.308648412419115115e+00
-2.112266939530420551e+00
-8.848149463571071127e-01
6.229580039410512526e+00
-4.574884067901635598e-01
-5.076639228982449126e-01
-3.775813259845832448e+01
-3.742267969633362057e+00
-3.177409953795009123e+00
-3.388245308371406139e+00
-2.106043169428915895e+00
-2.313630392396994750e+00
-2.250444364938810171e+00
-1.988430077533078100e+00
-4.013471992521858711e-01
-5.076439587773505124e+00
-3.325239164331851072e+00
-2.985561394720513739e+00
-2.865040366748702105e+00
-2.894398038434037090e+00
-3.156572387792866863e+00
-3.267597558516882827e+00
-2.961665672291087681e+00
-2.800534612362032938e+00
-2.722521006376152464e+00
-2.677623472565201723e+00
-2.651862962475690644e+00
-2.642390038643147587e+00
-2.639996766859967536e+00
-2.631503701332231326e+00
-2.616819665289225050e+00
-2.604110767768513135e+00
-2.593327620273669254e+00
-2.581199138082123312e+00
-2.568315705645886293e+00
-2.557480053696568945e+00
-2.548889159024353646e+00
-2.539745267776504001e+00
-2.530082523173350140e+00
-2.520630953835273580e+00
-2.510964750563552172e+00
-2.501976514122997930e+00
-2.494054085648666153e+00
-2.487527779468868161e+00
-2.481897432245653512e+00
-2.475057943421643536e+00
-2.467903640211278393e+00
-2.461410470989046306e+00
-2.454952128831585867e+00
-2.447215951708177961e+00
-2.437790074314742039e+00
-2.428904822518958007e+00
-2.421004805022211936e+00
-2.413117817378672036e+00
-2.407203012654760332e+00
-2.403864665028752512e+00
-2.398900925881682245e+00
-2.392003417632733608e+00
-2.383784577864679566e+00
-2.373690253198983413e+00
-2.363897476573197487e+00
-2.353938966021176249e+00
-2.346451576121487470e+00
-2.344722427110712992e+00
-2.346394460653209890e+00
-2.349518828101660795e+00
-2.350331902270071716e+00
-2.344951971292969617e+00
-2.331521159810319155e+00
-2.311580295559320763e+00
-2.254226925701024786e+00
-2.044224782662759754e+00
-1.646746121863090107e+00
-1.775774346167440898e+00
-2.016848173643673192e+00
-2.102586858658275215e+00
-2.102606438290035573e+00
-2.138392649836467818e+00
-2.210514498475408374e+00
-2.259098140000672217e+00
-2.280515084826263639e+00
-2.283677047228884760e+00
-2.265168816428967613e+00
-2.253627654061393315e+00
-2.270465075058838877e+00
-2.287760261282162588e+00
-2.298261424063753555e+00
-2.306341049540590049e+00
-2.311216865481164451e+00
-2.284294904468828769e+00
-2.203011951664826107e+00
-2.153329823642487817e+00
-2.191488637888558966e+00
-2.225255256733587927e+00
-2.246072319539077711e+00
-2.263654729297852164e+00
-2.277852230818018242e+00
-2.286055324805537303e+00
-2.264363818521646365e+00
-2.152210309580102177e+00
-2.031102094314843676e+00
-2.097086074502536590e+00
-2.169503046891704923e+00
-2.211361933138965341e+00
-2.236354498001212221e+00
-2.253367772524091706e+00
-2.263768900915402504e+00
-2.265608892464819668e+00
-2.262343288842358469e+00
-2.257964545139905965e+00
-2.251528937396011898e+00
-2.244466288225771766e+00
-2.237102466672802770e+00
-2.229126685412790909e+00
-2.222376295156203163e+00
-2.218492575944464473e+00
-2.216596944582211570e+00
-2.216226387617280746e+00
-2.216573423300832069e+00
-2.216863450316481021e+00
-2.218715510185159445e+00
-2.220445998962581324e+00
-2.220308388233669383e+00
-2.219375600502650592e+00
-2.218460731249955131e+00
-2.217146623018215301e+00
-2.215401057423118214e+00
