-3.378421901336240568e-02
-1.002406893581224423e-02
4.055864161092284648e-02
2.070640517873820544e-02
1.383659615920617564e-02
-4.809214982675080047e-02
-8.754070844196021328e-01
-1.176694808264795000e+00
-2.539909561374982805e-01
1.794763982276429970e-01
2.789295599026443973e-01
2.499668570228540110e-01
-8.389100376567376616e-02
3.300836530782412515e-03
8.105970815657952133e-02
1.163334153281916500e-01
1.074359870489526581e-01
8.804312017546105096e-02
6.531478678262961357e-02
6.351221902024178911e-02
3.298932867707887046e-02
8.094243259369986176e-02
5.963454540433905243e-02
7.456167215918458116e-03
1.882081710421939363e-02
2.989053257928776450e-02
-9.794022058941107001e-02
-5.810405993192503671e-02
-9.189079928497366836e-03
9.480487428895376795e-03
3.199204377047850517e-02
5.576938322015841110e-02
3.636877057325698520e-02
-1.002497136387207943e+00
-2.903119725499039738e+00
-5.736042201472519864e-01
7.997266169167971395e-02
-2.887839566912084321e-02
2.558389318814334734e-01
6.342110331559347447e-03
-2.563156722071250337e-01
-1.434246497096228201e-02
1.582072269895200556e-01
4.158518927948330890e-01
4.498651283727249650e-01
3.927506390430394734e-01
-1.001266857790508724e-01
-8.991557768951172203e-02
2.139715110300626638e-02
1.538394261413970066e-01
1.729249397644933572e-01
1.438535543682997464e-01
-3.116770038731092041e-01
-1.399927680215018899e+00
-1.939630854907843649e-01
2.219675255298374505e-01
3.303371085950903563e-01
1.711232837407976604e-01
1.323117898226134903e-01
2.143813048319384018e-01
1.827034801902777117e-01
1.533406621856208130e-01
-2.625519333569458769e-01
-3.169103128688807169e-01
8.133179517844707496e-02
2.489246179472792142e-01
2.683567730351759661e-01
2.582003918860568681e-01
2.535248086670107148e-01
1.958676998773269673e-01
-2.161907249880807430e-02
2.013672615673907373e-02
1.167001966452727579e-01
1.254080467917257080e-01
7.207898117009600703e-02
8.473888162398114654e-02
1.339083437492350481e-01
1.555538764725190592e-01
4.894186768332453585e-02
-6.649718748078117803e-02
7.969518810452083657e-02
9.564924860074947022e-02
2.122196718417213718e-02
4.470022691799522413e-02
1.094466477815606020e-01
1.180519907977793798e-01
1.934236857027597511e-01
1.884797043668060557e-01
1.380082358980758706e-01
1.584629660221201775e-01
1.409567125849238711e-01
1.421824774902789579e-01
6.239562854822787441e-02
3.791795092752564544e-02
9.302323999815900746e-02
1.433639366970546614e-01
1.426417734079693522e-01
1.789299097411390926e-01
2.023960543674075963e-01
1.553905367978272167e-01
1.221264654879062328e-01
7.763764896300298646e-02
4.098980968515361645e-02
5.524578462568614790e-02
2.374208309738769229e-02
8.652086471882385055e-02
1.425240751699513586e-01
1.870271233387179044e-01
2.625980105572799372e-01
2.010351272720596050e-01
6.055002620890324871e-02
-1.031980195918105053e-01
-1.559588422076747805e-01
-8.713332483807060269e-01
-1.278977338715568735e+00
-3.917107576797088653e-01
1.216408908491422164e-01
2.990016832100856892e-01
-1.109642213532329585e-02
-1.748538031323239872e-01
2.387756442396588019e-01
4.467252933161012796e-01
4.058296411096127820e-01
2.412388086067662751e-01
1.091359540107778026e-01
-2.566813745171983019e-01
1.671190690062033801e-01
4.155967998304525013e-01
3.949519637158168117e-01
3.826733479631522217e-01
4.449386120380050547e-01
4.147539242159024031e-01
-7.414367222503661647e-01
-1.005639042239371284e+00
1.712530268413505474e-01
5.407105548785314797e-01
4.458159456902505702e-01
4.827526857218444878e-01
5.585964444374800220e-01
6.041997116731923079e-01
5.070057700243267851e-01
-6.244167083230417470e-01
-1.882548840109282917e+00
6.861369398538660902e-02
6.734281897541524176e-01
8.103450629812639638e-01
7.478667428616415647e-01
6.576164411952232225e-01
6.870713571957294263e-01
7.282468621483709770e-01
5.257576145193267880e-01
4.888229688688404684e-01
3.851515565884529035e-01
2.901826760994854482e-01
3.120754120296538869e-01
2.489056304223205840e-01
2.309505088959658003e-01
3.053578321661442607e-01
4.191139782323759500e-01
4.846731150724692960e-01
5.400750702050470808e-01
5.517680530713178211e-01
5.570225572008657977e-01
6.940840070163458719e-01
6.518693114746101358e-01
6.709858820644687416e-01
6.838049920808435544e-01
7.052552053133399612e-01
6.801677972080999446e-01
6.866659953176982301e-01
