-1.214354406489251081e+00
-1.215343359371521270e+00
-1.213704300038838779e+00
-1.214630920519180091e+00
-1.215313063964812201e+00
-1.216571347915060386e+00
-1.213637207642126903e+00
-1.214548898634424612e+00
-1.215284847544382041e+00
-1.216358008579604633e+00
-1.217882662145656436e+00
-1.219969254738580755e+00
-1.221782029156452065e+00
-1.223083930136867892e+00
-1.225161562834092388e+00
-1.228417537379065783e+00
-1.233210518533911726e+00
-1.240025033734569515e+00
-1.249919126240747413e+00
-1.265856974221740705e+00
-1.292639784535387859e+00
-1.376418452008868920e+00
4.932453943996379930e-01
-1.000451655669166495e+00
-1.078630954651943696e+00
-1.118860335236209647e+00
-1.105881360459120444e+00
-1.011284698752191069e+00
-9.295794818720026775e-01
-9.909684719830418320e-01
-1.072753546689702908e+00
-1.126551377649931851e+00
-1.151453806429090010e+00
-1.262385056191746013e+00
-1.220419478593092188e+00
-1.218551164277919652e+00
-1.219386898568631805e+00
-1.220611159739853013e+00
-1.222154359698814474e+00
-1.223918217034223321e+00
-1.225070147883780658e+00
-1.226264495771575369e+00
-1.228367395906454718e+00
-1.232164825024516075e+00
-1.239160695781135857e+00
-1.251683484158143234e+00
-1.263333841018696502e+00
-1.266073376042394116e+00
-1.271957926913485526e+00
-1.289603719549668126e+00
-1.337666703299030591e+00
-1.510310223135226115e+00
-1.481925831281091899e+00
-1.265984382785874551e+00
-1.245228886781382327e+00
-1.248097614313248727e+00
-1.259251343595594541e+00
-1.278006039904269864e+00
-1.304187202545379565e+00
-1.369875704433234143e+00
-1.892016683086213735e+00
-8.533502886089536776e-01
-8.545492009883284279e-01
-1.926963003091567428e+00
-1.603527763608330270e+00
-2.737817131732782627e-01
-1.057730551702381172e+00
-1.130817424987965225e+00
-1.157354939827718532e+00
-1.169762497323714179e+00
-1.173772699327734648e+00
-1.174386660092392010e+00
-1.176683995412954875e+00
-1.180406797752924897e+00
-1.183232906289609643e+00
-1.185313617709433887e+00
-1.187821038226663406e+00
-1.190691886826655166e+00
-1.192705419912542419e+00
-1.193279437253469855e+00
-1.194047246063026702e+00
-1.195535843402385723e+00
-1.196479776874272982e+00
-1.197172797150279244e+00
-1.198471423325337959e+00
-1.200174773067095302e+00
-1.202149368277614094e+00
-1.204158749473156931e+00
-1.205782699691090976e+00
-1.207211936495456328e+00
-1.208579160547410103e+00
-1.209851789159539281e+00
-1.210999655076206771e+00
-1.212057505438834726e+00
-1.213113731337329471e+00
-1.214168646861362832e+00
-1.215200640748948846e+00
-1.216189566360063479e+00
-1.217107530332378174e+00
-1.218014938171133821e+00
-1.218954628210694446e+00
-1.219942141942846670e+00
-1.221013428124331446e+00
-1.222107981892751605e+00
-1.223238725364386603e+00
-1.224292818816219430e+00
-1.225066664148407813e+00
-1.225594134843077887e+00
-1.225903658928373607e+00
-1.226243724889459763e+00
-1.226970278997630448e+00
-1.228302716500905056e+00
-1.230220556536548271e+00
-1.235219377257964712e+00
-1.255094311197528567e+00
-1.335690654190073268e+00
-1.386630641857750978e+00
-1.312048010883632099e+00
-1.287921355355584385e+00
-1.292467850808998842e+00
-1.281997239861306870e+00
-1.259088770655505618e+00
-1.246651546753455797e+00
-1.241358200397432388e+00
-1.239539291061324100e+00
-1.240953625685209838e+00
-1.241934824140841220e+00
-1.239372731290710350e+00
-1.236749902689363800e+00
-1.235039065108600509e+00
-1.233723910388597966e+00
-1.232804108976595980e+00
-1.234912338146741728e+00
-1.242464727952075076e+00
-1.248628985970981820e+00
-1.245900011799856655e+00
-1.242561340335223141e+00
-1.240235685115032460e+00
-1.238152653654864821e+00
-1.236378754866342966e+00
-1.235226957562685746e+00
-1.236864955974694924e+00
-1.246652689538602532e+00
-1.259945238459116323e+00
-1.256299186677797053e+00
-1.249302786363526430e+00
-1.244462081642808915e+00
-1.241411530799708673e+00
-1.239275005048569245e+00
-1.237718795829768847e+00
-1.236973606719894869e+00
-1.236825866738022750e+00
-1.236960927455564185e+00
-1.237420287654978246e+00
-1.238026260949291135e+00
-1.238732019812533336e+00
-1.239571361673720284e+00
-1.240346888181132368e+00
-1.240863229599057371e+00
-1.241149158418410448e+00
-1.241276169344625036e+00
-1.241327299233855541e+00
-1.241381246828070051e+00
-1.241278461665407784e+00
-1.241139057888172470e+00
-1.241121359087414611e+00
-1.241152298773295692e+00
-1.241200657735432866e+00
-1.241306264498776235e+00
-1.241475638873957843e+00
