1.373805508612424217e-02
2.590731105693601030e-02
7.657314575491244724e-02
6.485491203751929390e-02
7.125324165004240373e-02
-7.250721778105911203e-04
-9.218911781422824969e-01
-1.410021009753620547e+00
-5.885644501849456312e-01
-1.187052749721771716e-01
6.479469487639077929e-02
1.135431105253763701e-01
-1.865528690198461625e-01
-9.369397685971268819e-02
8.987919814725492396e-03
8.524199856572330092e-02
1.040521438509888208e-01
1.169623452248338413e-01
1.197237312619689742e-01
1.284333655743487013e-01
1.124592554883068057e-01
1.667428094965447138e-01
1.557348720975921530e-01
1.169310586371520716e-01
1.306223072185451473e-01
1.379457939512935827e-01
3.844221309057611197e-03
2.846617068646127569e-02
7.224459163933683037e-02
9.865867203702818888e-02
1.306541683592012948e-01
1.639297948178378705e-01
1.534340464506562529e-01
-9.886073743931845792e-01
-3.264321940973839986e+00
-1.206379396189136699e+00
-5.217094494195090304e-01
-5.460667066049320617e-01
-1.575241352581810972e-01
-3.317404212456163126e-01
-5.617898144353767886e-01
-3.026882331212902288e-01
-7.410562766643660759e-02
2.793082612095211248e-01
4.361310400055921632e-01
4.767905311266444346e-01
1.437552555467477844e-02
1.855844133210877989e-02
1.334666066858444244e-01
3.051360882809754371e-01
3.631646026030362906e-01
3.649334495534574674e-01
-1.116983231527819698e-01
-1.364192153215620928e+00
-2.787275985825655722e-01
1.841392170649551741e-01
3.812634062271279545e-01
3.150461129413091865e-01
3.045803708731286696e-01
4.327411348477168129e-01
4.574731718381976897e-01
4.491269652836399340e-01
1.759057071619243157e-02
-8.352750351578687449e-02
2.763611848229809986e-01
4.698124692747721598e-01
5.601531762602507403e-01
6.093794507192510368e-01
6.427931400066946299e-01
5.702505968890950738e-01
3.777283567940908915e-01
3.523649133082033535e-01
4.523955452808871014e-01
5.064467750361894005e-01
4.440562563540656482e-01
4.564371847611280453e-01
5.190408571701043972e-01
5.702556620600069959e-01
4.665319566012759434e-01
3.544032262526555788e-01
4.706543086040794188e-01
4.381560187625682667e-01
3.343111785217011134e-01
3.619444287050854747e-01
4.618479619707437367e-01
4.963790773493179653e-01
6.146662594327132467e-01
6.463191711590976496e-01
5.753230896908245739e-01
6.324637950894533844e-01
6.484722352687989355e-01
6.637113169913697597e-01
5.917781257330410050e-01
5.535955875311846519e-01
5.903471112941196530e-01
5.890041153189262690e-01
5.852543620408079406e-01
6.661439446893360206e-01
7.250429941481019158e-01
6.588485318894015119e-01
6.623068818457785722e-01
6.088381349719327318e-01
5.730732126832656093e-01
5.856333550188327353e-01
5.449672117446162645e-01
6.288207749982840378e-01
7.240987447881110928e-01
8.045315457337314236e-01
8.882310445152157286e-01
8.600423195655628739e-01
7.425487120839442401e-01
5.681198000785283586e-01
4.661490223206221084e-01
-3.313092290196799627e-01
-9.602021767272853614e-01
-1.957684019859010083e-01
3.368618703123669178e-01
6.010799170204319530e-01
3.552351743685913110e-01
2.005894993760215517e-01
6.811060195677378637e-01
9.695041110115224514e-01
1.056298032236671514e+00
9.520199969919413974e-01
8.276106966353191652e-01
4.107953213852431618e-01
8.581096098144178619e-01
1.155622567988946470e+00
1.199862685210830060e+00
1.251334500631744007e+00
1.360093961710873822e+00
1.350671663455353722e+00
1.373199521340191520e-01
-3.830343556249078962e-01
7.242724107674092249e-01
1.167925902775128755e+00
1.156375331748570767e+00
1.291842195410024763e+00
1.440402134065013051e+00
1.553453238956240767e+00
1.531170088132954188e+00
3.932687078225354238e-01
-1.266534790800377008e+00
5.122102928699754365e-01
1.235622547654131154e+00
1.460214075142459933e+00
1.506488663078248136e+00
1.623337373574911036e+00
1.714311151709669856e+00
1.734701363694263865e+00
1.565803563242456953e+00
1.561279169860026350e+00
1.532674608925461257e+00
1.458547158030643498e+00
1.467108801276504337e+00
1.412930770976518868e+00
1.395800857236880965e+00
1.426180509353773385e+00
1.508267201116216372e+00
1.547035290716552325e+00
1.634382242291962495e+00
1.668227514680888923e+00
1.724448361073848801e+00
1.847554704297293071e+00
1.857565320264118469e+00
1.868043978059344745e+00
1.901958130086766507e+00
1.947695303645232245e+00
1.959986163922578850e+00
1.991813574455406854e+00
