-2.331334282021759255e-03
-4.803917448495500717e-03
-2.516960288975663654e-03
8.555489002000154705e-04
2.218985480373911363e-03
-6.629845156038904549e-04
-5.620596083330871989e-02
-1.648933339727224057e-01
-2.182611487489928281e-01
-1.916128968178515135e-01
-1.428642390850299038e-01
-9.943235098221059332e-02
-8.449846893109498602e-02
-8.354969669472567251e-02
-7.296845318567805883e-02
-5.745560119966162949e-02
-4.254274490664656377e-02
-3.096395191142818637e-02
-2.294341178135976544e-02
-1.678114809659369752e-02
-1.288926233951025700e-02
-7.746494786776425730e-03
-1.676216615547320918e-03
-4.271251928400392802e-04
-1.076639275867138056e-03
-3.140713914177276252e-05
-6.060743826055894207e-03
-1.531759418268354746e-02
-1.813218967505203505e-02
-1.700347233973520389e-02
-1.389201410136368768e-02
-8.724092414867871959e-03
-4.260507217268056160e-03
-6.412028433722935516e-02
-2.839872697905662657e-01
-4.305330559736046947e-01
-3.980518217057845698e-01
-3.481619257620748864e-01
-2.977461833441319983e-01
-2.568433770292613549e-01
-2.515152561204702097e-01
-2.459115346567845029e-01
-2.178415425991092891e-01
-1.691871873546968719e-01
-1.118060614165134470e-01
-6.358415797487587673e-02
-5.359345186340829653e-02
-6.829083363809038132e-02
-7.200315722488105641e-02
-6.051546078499983605e-02
-4.213159217400462564e-02
-2.662004025394953260e-02
-4.169997621715831881e-02
-1.433062488645213128e-01
-2.135198481406144766e-01
-1.865422337923925977e-01
-1.374748054258394525e-01
-1.009728504136309934e-01
-8.067078476180709889e-02
-5.989072532668811288e-02
-3.924807509451298804e-02
-2.428807016503869293e-02
-3.723423722073252590e-02
-7.243024902725261893e-02
-8.062411271783961886e-02
-5.670309144834080606e-02
-2.679515814764965240e-02
-9.795303261901054659e-04
2.071315902961131522e-02
3.655361904591656469e-02
3.487311521220050337e-02
2.567661782890215752e-02
2.671649926950803167e-02
3.322625274651550692e-02
3.615792895108788096e-02
3.701364147438729324e-02
4.160881351609734685e-02
4.949088780885099043e-02
5.107096585720691945e-02
4.008497970220518958e-02
3.383055310801531129e-02
3.756129477895384094e-02
3.737919959933647812e-02
3.474472840176889843e-02
3.733963003155810201e-02
4.315706328204188535e-02
5.293986852338328220e-02
6.487143320014410186e-02
7.216870736437511202e-02
7.741049927677107201e-02
8.203933221018130939e-02
8.542795498454906766e-02
8.390933464313575507e-02
7.734246814122563984e-02
7.417757753193024439e-02
7.789613050033711295e-02
8.397323180408412802e-02
9.116676290831288165e-02
1.004570637090921592e-01
1.070976836748230437e-01
1.085856533472083912e-01
1.056616906953113666e-01
9.892400463871169058e-02
9.224218821632437781e-02
8.542495345230585735e-02
8.158248005106862044e-02
8.457006838045297292e-02
9.239019869844750099e-02
1.059964534256960939e-01
1.180174493033714911e-01
1.167274362920425329e-01
9.868626776877036100e-02
7.192328218165924825e-02
3.041272410767625889e-03
-1.180346321101174295e-01
-1.900867893713998336e-01
-1.769667083692517962e-01
-1.315766728799640795e-01
-1.046944545348131583e-01
-1.088831077479703174e-01
-9.648696977676374242e-02
-5.212339350058397408e-02
-6.111853412939544095e-03
2.153125444357829529e-02
2.987106713433024252e-02
9.563902112556383478e-03
-2.313669888180745066e-04
2.892011262144695422e-02
6.572308700785492452e-02
9.580981265805692260e-02
1.255886533288129159e-01
1.538238364721095652e-01
1.078567721274791558e-01
-5.932168678216123703e-03
-4.492923979592654271e-02
4.067541242092347076e-03
5.759733785357647184e-02
9.977747919288838807e-02
1.425602318348142550e-01
1.868106988483990982e-01
2.224130830089988686e-01
1.806721733418464315e-01
1.234155733132361044e-02
-7.749277367374525494e-02
-1.780301659747977883e-02
7.004391952841385049e-02
1.473263716859307682e-01
2.042902547334602692e-01
2.510467647349537978e-01
2.977220211060214727e-01
3.302252719083465515e-01
3.474475835691701597e-01
3.557370259761609699e-01
3.531493779756372797e-01
3.488743992083049861e-01
3.437043425431446919e-01
3.356090651073269093e-01
3.330385735202128217e-01
3.424003459733174215e-01
3.609943569711029920e-01
3.841320739639409454e-01
4.080103933448377962e-01
4.299934075487796270e-01
4.584930397899156795e-01
4.887057203495195346e-01
5.148784921255115110e-01
5.406831824175777346e-01
5.662297302542234068e-01
5.891312044958820771e-01
6.092692765248625131e-01
