-1.994538114930985429e-03
-3.871129667559003798e-03
-1.261317279585512808e-03
2.090232693742353522e-03
3.392760836624641833e-03
5.277112964862029285e-04
-5.359478978753802469e-02
-1.559268799818632478e-01
-1.999318063792167310e-01
-1.674111212990417874e-01
-1.176428637909714692e-01
-7.640621716198639501e-02
-6.464907212341322595e-02
-6.577483189406585495e-02
-5.683865409445273270e-02
-4.308884650737188071e-02
-3.014952718891821676e-02
-2.052038655482871926e-02
-1.417232654968668751e-02
-9.400474407331594479e-03
-6.639579822808818962e-03
-2.390345057544102612e-03
2.737400152536652656e-03
3.254057019652648302e-03
2.270743677505842207e-03
3.095276599485798780e-03
-2.974000807720685556e-03
-1.162808561229554047e-02
-1.370240727008405213e-02
-1.204797108344362114e-02
-8.671372910895492822e-03
-3.550201323516488129e-03
5.992272963185555495e-04
-5.823533161216931653e-02
-2.690784132138506202e-01
-3.965537764543723975e-01
-3.508764497927003290e-01
-2.960022524836958269e-01
-2.451823554901211011e-01
-2.070340530460185180e-01
-2.045856858572727699e-01
-2.006658173278795809e-01
-1.747634153359379772e-01
-1.297214223614206463e-01
-7.779737573521569582e-02
-3.599118249102498113e-02
-3.176263543235818831e-02
-4.930837697349856052e-02
-5.406789746503588151e-02
-4.334421888039117349e-02
-2.628170971376274714e-02
-1.254271394029883753e-02
-2.883495456993528938e-02
-1.277036637386175788e-01
-1.895497808004958373e-01
-1.569491248443435905e-01
-1.069029448081364464e-01
-7.227512277355076231e-02
-5.455937408283799417e-02
-3.647929461541143947e-02
-1.863532011420506590e-02
-6.348781188114487051e-03
-2.112514357033654089e-02
-5.554416873424107559e-02
-6.177667901888483915e-02
-3.754026013722396027e-02
-9.091393105716535916e-03
1.436555905078901532e-02
3.331348207338521994e-02
4.613572813276519552e-02
4.211865426418114761e-02
3.190485990170331687e-02
3.237570887823494614e-02
3.847255625312799576e-02
4.097078423397285812e-02
4.147109941783064246e-02
4.576721401803500455e-02
5.322487453767040660e-02
5.432272226987724245e-02
4.353329525136578199e-02
3.813019292774146030e-02
4.200218239863352104e-02
4.138909416543800485e-02
3.860623452011057583e-02
4.137107583170756414e-02
4.726310922919870622e-02
5.691248856952856733e-02
6.830042954971837776e-02
7.460983271114998705e-02
7.896148779274105023e-02
8.303872900206704655e-02
8.607901955179762810e-02
8.440131572344244937e-02
7.812763915858525476e-02
7.545558992178294511e-02
7.911808093077933590e-02
8.453723569678286975e-02
9.111745457472301968e-02
9.983041662939828864e-02
1.055752397661939707e-01
1.063881330318772883e-01
1.032905483162500776e-01
9.685707044453276127e-02
9.096761105565841221e-02
8.513135271656099845e-02
8.248993410381195990e-02
8.659370756124024071e-02
9.510123781286647371e-02
1.085791094238495319e-01
1.197311795593815342e-01
1.178442198844191352e-01
1.003579781148339622e-01
7.553781190235683840e-02
1.067964248170014119e-02
-1.016510392298030224e-01
-1.617963746366780087e-01
-1.400556452300989740e-01
-9.133776704441143313e-02
-6.463914319059527180e-02
-6.920209432629786939e-02
-5.659931905325153029e-02
-1.379902131955665356e-02
2.867948133531711408e-02
5.224825942649417854e-02
5.714784329257401735e-02
3.494590183842598979e-02
2.558111516330068697e-02
5.441053325373360061e-02
8.890748006989679375e-02
1.157486242245109043e-01
1.418950738607908102e-01
1.660053225815574796e-01
1.176012639552410366e-01
7.804266253394823161e-03
-2.364612473965536227e-02
2.888239219290938270e-02
8.119375042772694617e-02
1.200703781773616030e-01
1.584855610839301099e-01
1.974278432605845734e-01
2.274033639541438445e-01
1.824448157519464875e-01
1.856134198698444759e-02
-5.943706963184387793e-02
7.115471876960988151e-03
9.419098759215578653e-02
1.656021564194499751e-01
2.155176290411324191e-01
2.553995339115926466e-01
2.944568274671922059e-01
3.192376019762604988e-01
3.303516669722598720e-01
3.345155157870233209e-01
3.297680340998229709e-01
3.246378994470873192e-01
3.193511551541898807e-01
3.119108407981523445e-01
3.100908419056254695e-01
3.193832981169844043e-01
3.366191510976008772e-01
3.574537089704737935e-01
3.784504897727312134e-01
3.973808036720598569e-01
4.223799706733688542e-01
4.483597799917274362e-01
4.701044981288242663e-01
4.913435364356033563e-01
5.124313300720283459e-01
5.311119510722756010e-01
5.474368125443298538e-01
