-1.137704815868908037e+00
-1.137157259290640265e+00
-1.129811762443739820e+00
-1.138875821934797195e+00
-1.137805284463197397e+00
-1.136608738452091316e+00
-1.137871266489805411e+00
-1.137412049700004424e+00
-1.136839216890149551e+00
-1.135959916576033013e+00
-1.134722937525421527e+00
-1.133071852983234873e+00
-1.131653216668450312e+00
-1.130618543209752858e+00
-1.129026212723250877e+00
-1.126649071336309538e+00
-1.123350677606601122e+00
-1.119024713252390502e+00
-1.113476115079093276e+00
-1.105961834165720470e+00
-1.096205596095096269e+00
-1.078400774862438016e+00
-1.033001781819430143e+00
-9.480913398055598185e-01
-7.628213346363030833e-01
-4.241534332815556141e+00
-2.888523571545780211e-01
-9.641369940948150141e-01
-1.002840698963719301e+00
-9.900286896316636831e-01
-9.232521300390932328e-01
-9.886929438632630074e-02
-1.494405772075068750e+00
-1.106485701981562819e+00
-1.131689243950409818e+00
-1.133555350901835013e+00
-1.132914447387175061e+00
-1.131926007094729458e+00
-1.130680820578039425e+00
-1.129270383277840351e+00
-1.128360417597480403e+00
-1.127420758036090431e+00
-1.125783714881408715e+00
-1.122923083435703573e+00
-1.117988730589830837e+00
-1.110103555465158820e+00
-1.103517648610483404e+00
-1.101815523760027116e+00
-1.098691182557337775e+00
-1.090827758427100225e+00
-1.075131211189296332e+00
-1.047959155471586357e+00
-1.050846799403455378e+00
-1.101050672666939345e+00
-1.112968013429862513e+00
-1.111235253637277154e+00
-1.104914303572113843e+00
-1.096126833528226374e+00
-1.086658252159272031e+00
-1.071000701153693946e+00
-1.039879792487174992e+00
-9.764147475447780833e-01
-9.790536345428014764e-01
-1.042007507641606434e+00
-1.051784989476263199e+00
-1.015801137906067630e+00
-8.319340906223433585e-01
-1.716241295544081780e+00
-1.289975975042983114e+00
-1.230794384562179600e+00
-1.218292445255399814e+00
-1.218165486430957678e+00
-1.211803330198637285e+00
-1.202101067889930430e+00
-1.195953237562075833e+00
-1.192043071136998478e+00
-1.187084000443386467e+00
-1.181407714925684971e+00
-1.178169941721770364e+00
-1.178941602508269737e+00
-1.179242015446202885e+00
-1.177004681292669996e+00
-1.176114354075860735e+00
-1.176058055376761224e+00
-1.174320559132431052e+00
-1.171422148367975868e+00
-1.167641219513395612e+00
-1.163703742898356763e+00
-1.160902122030097905e+00
-1.158653365817222891e+00
-1.156586072898792228e+00
-1.154784276240234053e+00
-1.153477629582170261e+00
-1.152658546178833898e+00
-1.151751832785730789e+00
-1.150532402617579608e+00
-1.149240155893165749e+00
-1.147893703306343660e+00
-1.146474297965553779e+00
-1.145211798425729732e+00
-1.144143831423076296e+00
-1.143206143915223238e+00
-1.142369846843932280e+00
-1.141548505280398640e+00
-1.140730206248272705e+00
-1.139879835620902560e+00
-1.138977564613985916e+00
-1.138081100251377986e+00
-1.137233768471919593e+00
-1.136436382393917421e+00
-1.135606957511845483e+00
-1.134623720514823964e+00
-1.133407419572605157e+00
-1.130674654389412614e+00
-1.111168367373734700e+00
-1.169491389217877542e+00
-1.159250470488172535e+00
-1.169119466963828513e+00
-1.188157970295122601e+00
-1.175638661812368868e+00
-1.187739894137734398e+00
-1.076760025897033124e+00
-1.121092975674087722e+00
-1.126567436438844494e+00
-1.127784873984807090e+00
-1.126455444904447489e+00
-1.125451792197398104e+00
-1.127349521520560227e+00
-1.128935622800364413e+00
-1.129720852596815206e+00
-1.130196959145794544e+00
-1.130429535225129234e+00
-1.128916090467977806e+00
-1.123328436042732470e+00
-1.117524209719812589e+00
-1.120357239088077383e+00
-1.123235776495124627e+00
-1.124907490173395530e+00
-1.126210593340361887e+00
-1.127198736093136144e+00
-1.127724528372029189e+00
-1.126447437394433093e+00
-1.118967611678783447e+00
-1.105304001257438884e+00
-1.109760778217013355e+00
-1.116808903314348678e+00
-1.120873899597590428e+00
-1.123037879545783602e+00
-1.124363843991789347e+00
-1.125283376886153430e+00
-1.125662038786353181e+00
-1.125633741115720898e+00
-1.125391659529807464e+00
-1.124914258761022801e+00
-1.124337423541571734e+00
-1.123690249686567277e+00
-1.122941872833693733e+00
-1.122243916959581034e+00
-1.121751555844428205e+00
-1.121449223286121066e+00
-1.121267629118017473e+00
-1.121135339831978550e+00
-1.120992604685908889e+00
-1.120966279655956521e+00
-1.120972114044544554e+00
-1.120898175730490776e+00
-1.120798600967068070e+00
-1.120684024621025676e+00
-1.120522711925898918e+00
-1.120310192119488679e+00
