-4.056177554326440005e-03
-9.050574815295864273e-03
-8.195448680137450842e-03
-5.720927828392599959e-03
-5.378788030001228730e-03
-9.144051666992406013e-03
-6.578834965293882397e-02
-1.776844620805540509e-01
-2.357483147254377798e-01
-2.124926498830815025e-01
-1.651054204155424088e-01
-1.214747514855523403e-01
-1.056239417884413667e-01
-1.039205018991326557e-01
-9.264725166816073498e-02
-7.668425452991331492e-02
-6.126961513081927158e-02
-4.921910097962109432e-02
-4.114807132403089374e-02
-3.494128208737164870e-02
-3.102617662362117806e-02
-2.585763453761458913e-02
-1.951262925361063952e-02
-1.835180131279192522e-02
-1.954938172226800691e-02
-1.886605113290271488e-02
-2.524710418661878925e-02
-3.525534299240800501e-02
-3.891129137281884587e-02
-3.873030679301276563e-02
-3.667808040217147847e-02
-3.240331588087685954e-02
-2.858421878473684299e-02
-8.944324059251561321e-02
-3.136465772475420244e-01
-4.690955705058372782e-01
-4.434160910388870724e-01
-3.970354150362375711e-01
-3.485598432092901211e-01
-3.080200352140135545e-01
-3.026836545188736904e-01
-2.973470626772523051e-01
-2.688947575934411693e-01
-2.190840751774786044e-01
-1.600309745005014661e-01
-1.098092405150190298e-01
-9.778712373411344028e-02
-1.117734579087610453e-01
-1.158487500251282609e-01
-1.053657055825309857e-01
-8.807767507375344196e-02
-7.325945030008211567e-02
-8.902914993133409505e-02
-1.930570508139812236e-01
-2.684616219759025646e-01
-2.460688794962515302e-01
-1.998482653626524330e-01
-1.655105361635631767e-01
-1.466651742223454846e-01
-1.264673379093927685e-01
-1.065825876112414250e-01
-9.208738302900425221e-02
-1.052952576692373354e-01
-1.421237336514918903e-01
-1.519631844980681157e-01
-1.280536752048491711e-01
-9.792075243256555261e-02
-7.245101377766095807e-02
-5.092934038647617401e-02
-3.340404467896429530e-02
-3.348638449032056985e-02
-4.104771645655806711e-02
-3.780132702390259086e-02
-3.111329091019032420e-02
-2.871978929941997744e-02
-2.800581393092215973e-02
-2.385705048518138929e-02
-1.708302956148444879e-02
-1.684722964147331373e-02
-2.988560417053014173e-02
-3.816054417579058111e-02
-3.379845446410433690e-02
-3.127230621472486261e-02
-3.185472902690730801e-02
-2.939634400775006234e-02
-2.520922425248604826e-02
-1.790811634737916186e-02
-8.868712523094943179e-03
-2.860815366827453889e-03
1.488011771086947786e-03
3.783881081433136066e-03
4.420470468412767036e-03
2.054811494849786285e-04
-8.864866241174253203e-03
-1.375426113501207123e-02
-9.305275773215864604e-03
-8.358822902482573175e-04
7.154134902740399288e-03
1.534298221703874789e-02
2.163745108310703019e-02
2.249153952456936501e-02
1.799218679373084176e-02
9.450874217898742186e-03
3.200704144270451884e-04
-9.083021042201128159e-03
-1.625089253729910047e-02
-1.789246433379541520e-02
-1.524120117921178713e-02
-5.445871210707817212e-03
3.989558961198695977e-03
-4.547470031568507862e-04
-2.266153817081725808e-02
-5.380919255966071235e-02
-1.284036855978571423e-01
-2.572454885775956601e-01
-3.380581240236680274e-01
-3.326171782294191637e-01
-2.927443167455659467e-01
-2.699141481035958745e-01
-2.778530739703807817e-01
-2.701206427834048629e-01
-2.296925358578912335e-01
-1.868829685208630298e-01
-1.621995995595066908e-01
-1.555028208428136660e-01
-1.763263273478196946e-01
-1.881431108715740652e-01
-1.615716393860375522e-01
-1.260285206218481058e-01
-9.670206403482684010e-02
-6.715034514523758602e-02
-3.751375220208857941e-02
-8.265572122226230722e-02
-1.972577717115335527e-01
-2.381270801157007178e-01
-1.906840058274756333e-01
-1.370225452254778264e-01
-9.461475321130072280e-02
-5.154296729374044372e-02
-5.792414277008849088e-03
3.159886588196741952e-02
-1.139170482701524351e-02
-1.817469500617818479e-01
-2.741264331487575645e-01
-2.174341819772743212e-01
-1.290279724536744221e-01
-4.701199062465412359e-02
1.198266468946750096e-02
5.902804823136538481e-02
1.111071690804308620e-01
1.521178691147565265e-01
1.763007289736827077e-01
1.874801481167437389e-01
1.840510399483484272e-01
1.780783086553867356e-01
1.706072380893142171e-01
1.590142932274590248e-01
1.539571081404483011e-01
1.635680670681836646e-01
1.852090242298140288e-01
2.121994229316086500e-01
2.395521207219678261e-01
2.640651424156350013e-01
2.960999577674975902e-01
3.308711777214077832e-01
3.621909624129415750e-01
3.940842839843592960e-01
4.253500630379229985e-01
4.529994343114361333e-01
4.768386850249506370e-01
