-2.139558892532100482e-03
-4.641672103193677026e-03
-2.450065202311929764e-03
1.347063482254758603e-03
3.410214550590228311e-03
1.048738328815005619e-03
-5.722163431565321229e-02
-1.800648905573493941e-01
-2.565260412737058182e-01
-2.479879877306538360e-01
-2.071834088317561773e-01
-1.632918382770842669e-01
-1.436792716903606271e-01
-1.387125093157178801e-01
-1.241536327514166232e-01
-1.036241877249350352e-01
-8.267934620449511607e-02
-6.463432181964112733e-02
-5.024747741261166578e-02
-3.825987531247118656e-02
-2.917375988407579224e-02
-1.954028020500367391e-02
-9.192403254841928842e-03
-4.098293125952192500e-03
-1.792537025537072753e-03
1.539747083024405657e-03
-2.907039391051444415e-03
-1.220316756981941302e-02
-1.580396143643111179e-02
-1.524902985775952909e-02
-1.219083180528352829e-02
-6.438570221473748426e-03
-7.862308821005191059e-04
-6.232426247950029891e-02
-3.018910315791701882e-01
-4.937747537851511215e-01
-4.998967109573155265e-01
-4.723551924809706870e-01
-4.323769583263218363e-01
-3.922342387141154463e-01
-3.842635529473622524e-01
-3.763842270026981907e-01
-3.438989330055409188e-01
-2.865138781683748137e-01
-2.146951841920779480e-01
-1.480509563141579887e-01
-1.195534687286728820e-01
-1.211881758920852342e-01
-1.161095127761917201e-01
-9.713128947816672409e-02
-7.062080156797988229e-02
-4.646751230321512216e-02
-5.439698675743227796e-02
-1.578468256468601449e-01
-2.440299710984976667e-01
-2.301973696189298091e-01
-1.851782640737255903e-01
-1.453102600345792528e-01
-1.186743253399305531e-01
-9.039123922878057604e-02
-6.085678802756351591e-02
-3.665120819722335332e-02
-4.197756079713628463e-02
-7.511663564304274510e-02
-8.517857707158013603e-02
-6.122172536433118095e-02
-2.728733294941555060e-02
5.608196630813119810e-03
3.596103523955421211e-02
6.071319118201715104e-02
6.683423632438288686e-02
6.224063171518869758e-02
6.594839929190716987e-02
7.537460724568310899e-02
8.132966353053265596e-02
8.454926110898799974e-02
9.130059095208307995e-02
1.018453046754269065e-01
1.063181019388358267e-01
9.696684158595286762e-02
9.043822153927622010e-02
9.361167607200134022e-02
9.289154547806717510e-02
8.938865245710986285e-02
9.150507408311259194e-02
9.786925572438755216e-02
1.092708232824509129e-01
1.242409402880887415e-01
1.350435572749046631e-01
1.436402376953796745e-01
1.517994679312168194e-01
1.585287714665053194e-01
1.598426765415082995e-01
1.547897094217547953e-01
1.519129577869576808e-01
1.554984761598902088e-01
1.618117382535372295e-01
1.701178442073306984e-01
1.816377962989688677e-01
1.910037865765693565e-01
1.950535819413529159e-01
1.940710481309761148e-01
1.881305862449134392e-01
1.811601033463825783e-01
1.733153409089954466e-01
1.680102527820603320e-01
1.702117695709274015e-01
1.785094591499421512e-01
1.939203398591868022e-01
2.092015932521264499e-01
2.113340911067403127e-01
1.947492606822368022e-01
1.659303726923948008e-01
8.998031002902340258e-02
-4.984144152620206825e-02
-1.506872770355232594e-01
-1.621941926535633016e-01
-1.306518646207401324e-01
-1.085080542294933059e-01
-1.148672392994597585e-01
-1.038765941094972056e-01
-5.593178372424281036e-02
-3.583686583101264311e-04
3.995116780238264220e-02
6.021924966923444811e-02
4.822292011172227971e-02
4.180718167968497379e-02
7.556268254133412243e-02
1.208020459975875927e-01
1.618610296149175509e-01
2.039304811734760359e-01
2.453220348100600134e-01
2.093243779485202127e-01
9.038830780441202417e-02
3.522492208471829367e-02
7.433158301533265844e-02
1.279553904199489667e-01
1.765395283926239067e-01
2.299632098974638550e-01
2.880961208797043205e-01
3.397296756090575354e-01
3.111801929963459723e-01
1.377662842244503083e-01
2.175751243683861358e-02
6.246554565330748876e-02
1.465061822161272675e-01
2.317960407886550667e-01
3.042650929032226781e-01
3.698797421632917248e-01
4.362875111298309960e-01
4.885326586606154597e-01
5.234556235160218174e-01
5.471181011941251837e-01
5.567859245186641548e-01
5.610931442485140863e-01
5.618388559539135851e-01
5.572958924794003677e-01
5.563031836246302708e-01
5.667003154305916279e-01
5.873324162587457709e-01
6.143399819336029521e-01
6.440350112595607524e-01
6.732793328737185501e-01
7.099835836631561703e-01
7.500599428360090748e-01
7.867968909308259429e-01
8.233980083130305605e-01
8.600150415736922405e-01
8.941763008014180780e-01
9.252751646298972288e-01
