-4.068485113657962261e-06
-2.437274322179584717e-05
-4.664611532845042353e-05
-4.776692042819486670e-05
-3.342926679237223972e-05
-1.718718325721511428e-05
-1.275625577281956408e-04
-7.738162155172738192e-04
-2.035592137660751852e-03
-3.437183758447537318e-03
-4.662545503232405977e-03
-5.631663366493530262e-03
-6.400289690264168718e-03
-7.122915798793456356e-03
-7.788647361084544314e-03
-8.352882914778834988e-03
-8.799164680077261810e-03
-9.137855219055112874e-03
-9.388692161309428186e-03
-9.570484990732647593e-03
-9.695327091147482035e-03
-9.775901121225238216e-03
-9.799935365000239304e-03
-9.782597147368881502e-03
-9.751633955774522897e-03
-9.707641034056916501e-03
-9.661258856020087105e-03
-9.664975445322404948e-03
-9.705709267710721511e-03
-9.752935539746218976e-03
-9.789972358993504278e-03
-9.802349873272683464e-03
-9.780724195892745790e-03
-9.858539466161359011e-03
-1.073050359576073649e-02
-1.303669704952849923e-02
-1.575747996008539098e-02
-1.833646366245789833e-02
-2.072113839541033647e-02
-2.283043398422522283e-02
-2.479212052869066846e-02
-2.672918751622580316e-02
-2.854014206225868530e-02
-3.009814437925664374e-02
-3.127987319348458917e-02
-3.207315501877035929e-02
-3.258454162922858749e-02
-3.306107449115396058e-02
-3.354159428617160127e-02
-3.396135523865712741e-02
-3.425217280794961433e-02
-3.440430796426198479e-02
-3.449353186132240318e-02
-3.486519406429165746e-02
-3.589838466956222357e-02
-3.707319289693499637e-02
-3.805252683233206756e-02
-3.877215650054444823e-02
-3.931136883354386519e-02
-3.970505998106274581e-02
-3.993333168060291677e-02
-4.001630903829669211e-02
-4.003060168003860775e-02
-4.017940457035470980e-02
-4.047633829874177497e-02
-4.071900285131730551e-02
-4.079091570109437404e-02
-4.067704292777324371e-02
-4.039198222109144365e-02
-3.995700945757241218e-02
-3.943512315146364966e-02
-3.893234451796949436e-02
-3.844133656682956202e-02
-3.791353401576053744e-02
-3.734428284326553327e-02
-3.675834548754104009e-02
-3.615126776491481980e-02
-3.549869419040561219e-02
-3.480168933303349338e-02
-3.412317154605370995e-02
-3.350827362679692500e-02
-3.289769716113970233e-02
-3.227774345474601625e-02
-3.167806532494969740e-02
-3.108684114641065144e-02
-3.047078370801062711e-02
-2.981154189678529576e-02
-2.907728700217367818e-02
-2.827301558887379204e-02
-2.742405680816362851e-02
-2.653169903560728682e-02
-2.560469321847001420e-02
-2.465652965133830615e-02
-2.372788208814892094e-02
-2.283085115966806619e-02
-2.193549156496205424e-02
-2.101340585640352338e-02
-2.005690897690464575e-02
-1.904898011140999242e-02
-1.798410903305620867e-02
-1.688875762630148367e-02
-1.579045378932054586e-02
-1.471782099144555711e-02
-1.368920450746147037e-02
-1.270338630455151822e-02
-1.176302489033348962e-02
-1.083344511886003524e-02
-9.876492068833911397e-03
-8.858416355321623720e-03
-7.751275652306758267e-03
-6.597240511367765715e-03
-5.489071517163721450e-03
-4.519586640671433356e-03
-3.807994832015050048e-03
-3.716784046429852904e-03
-4.360524694179660973e-03
-5.273082625072691640e-03
-6.087985640421282596e-03
-6.709650562459115904e-03
-7.287293439371512506e-03
-7.878218807810670118e-03
-8.285754532638541989e-03
-8.387666571537668106e-03
-8.218414968162390810e-03
-7.889491709695240287e-03
-7.533010649014111257e-03
-7.280672366381734165e-03
-6.944783415206944727e-03
-6.377144789174438860e-03
-5.577015794008259586e-03
-4.559592106565352361e-03
-3.316277421501038353e-03
-2.008891886857388370e-03
-1.201082605870271072e-03
-9.640454616469069709e-04
-7.157388007960616746e-04
-1.764141311143414522e-04
6.389761500406798342e-04
1.730658021375029070e-03
3.125327850317491558e-03
4.820486372526618622e-03
6.620853911322545533e-03
7.844544743476213056e-03
8.071129005642363116e-03
8.182042557283799450e-03
8.680766544303901780e-03
9.665733780547965809e-03
1.108511821614618226e-02
1.286898882656387945e-02
1.500262868943193911e-02
1.745980650320972175e-02
2.012638332853139422e-02
2.293597964592250862e-02
2.581442120714304289e-02
2.870334495752621673e-02
3.159184750804792940e-02
3.444951542874184064e-02
3.727095194250643062e-02
4.010276360062067086e-02
4.301084884132051755e-02
4.603850856890701754e-02
4.921150112604046056e-02
5.253221386435318052e-02
5.601098992321158071e-02
5.969461740969204955e-02
6.356705671240597821e-02
6.762116044791691150e-02
7.185457210843280984e-02
7.626260225412281879e-02
8.082443788982950073e-02
