-1.219610322821262291e-06
-5.997285925279946750e-06
-2.509834974314627119e-06
2.616405973413233596e-05
7.083525046767804657e-05
1.184033212346724865e-04
4.656967580092991358e-05
-5.068121385243460047e-04
-1.548237161843199266e-03
-2.592398904508042782e-03
-3.383251732524953769e-03
-3.904170550318225227e-03
-4.251414145590585829e-03
-4.586844266814352374e-03
-4.892799668517126832e-03
-5.126049053940433427e-03
-5.274429124652024563e-03
-5.352505913298107737e-03
-5.378622615748466541e-03
-5.367848547767194167e-03
-5.329310062429713606e-03
-5.271136537785141990e-03
-5.179591468303026448e-03
-5.068407673608355327e-03
-4.958708994812036606e-03
-4.846060665383926033e-03
-4.739259969145339507e-03
-4.682964458898256598e-03
-4.655842204791884285e-03
-4.626400755705344786e-03
-4.579854102408277561e-03
-4.505390249145859935e-03
-4.398661842001798904e-03
-4.390238804868568795e-03
-5.112933862047950445e-03
-7.049742270039122474e-03
-9.118237195696585196e-03
-1.086407183618160951e-02
-1.232908549619907666e-02
-1.349749394282235594e-02
-1.453823055407852186e-02
-1.557545555389536034e-02
-1.650966569526710059e-02
-1.723479920071497792e-02
-1.765794694369723916e-02
-1.779467514138902834e-02
-1.776318140915187152e-02
-1.778915585898762503e-02
-1.787332395524619810e-02
-1.793191881629689968e-02
-1.789417804287966179e-02
-1.775643081431323503e-02
-1.759488323578827645e-02
-1.772467870646641033e-02
-1.844131727720291214e-02
-1.918492135048293495e-02
-1.966960649567430983e-02
-1.988773321326774840e-02
-1.994860665309730260e-02
-1.990131087598076901e-02
-1.973276996699169228e-02
-1.946649489442326547e-02
-1.917818495145081834e-02
-1.904654467431692380e-02
-1.905033925283654284e-02
-1.898836427798426818e-02
-1.876923726388966471e-02
-1.839577453200896134e-02
-1.789345171236706930e-02
-1.729287706047656983e-02
-1.666207264813676647e-02
-1.608902880421268083e-02
-1.555598186582855987e-02
-1.500510985147915366e-02
-1.442447977703142405e-02
-1.383909998993542584e-02
-1.324202887538632190e-02
-1.260756706905457637e-02
-1.193678309190528142e-02
-1.128900444873878056e-02
-1.069617807405131779e-02
-1.010093854008722002e-02
-9.504785348746620094e-03
-8.939454871021382948e-03
-8.383550596760717261e-03
-7.797099228881238658e-03
-7.162748543982854453e-03
-6.452255827907288355e-03
-5.679290368728168691e-03
-4.878132674508784197e-03
-4.044359974461442936e-03
-3.181448102219143655e-03
-2.301049273830495061e-03
-1.439321509345535717e-03
-6.036982876120641078e-04
2.322805931590600287e-04
1.083336145933674714e-03
1.954794264442877901e-03
2.870069112546953360e-03
3.833403455489831167e-03
4.812715106553937944e-03
5.789432002336189140e-03
6.741083048771818326e-03
7.658407141996716357e-03
8.549275817702230856e-03
9.415281439964298671e-03
1.029630714620010171e-02
1.122944769526303468e-02
1.223872002295162131e-02
1.333485531692552017e-02
1.446992242566922521e-02
1.556151811887447958e-02
1.653642440595061783e-02
1.729922030560332447e-02
1.754329711834158242e-02
1.722537416001098873e-02
1.682700501721074923e-02
1.665492082037951099e-02
1.673534392777975208e-02
1.688306939935810616e-02
1.703857847504887391e-02
1.738789320895724883e-02
1.801486601609189261e-02
1.886010876690766280e-02
1.980295119503061238e-02
2.071824177062198818e-02
2.150148973070645578e-02
2.236191951724144505e-02
2.342637046938880405e-02
2.467178915782207785e-02
2.607185366390620679e-02
2.762435970672074206e-02
2.916606039554624913e-02
3.019494564050168375e-02
3.072559697568371870e-02
3.135515525534103565e-02
3.230137927819414639e-02
3.349691752834753344e-02
3.491687697316181449e-02
3.656480859925107657e-02
3.841977697384652002e-02
4.029339788951023793e-02
4.157645628854056419e-02
4.196619549183434883e-02
4.239070924106400767e-02
4.326852650097525593e-02
4.459483807890252116e-02
4.626151540688213520e-02
4.819272654509020037e-02
5.035350666571650202e-02
5.269038947589985145e-02
5.509624544775821448e-02
5.753472392624206511e-02
5.997072012052715589e-02
6.237573407667491160e-02
6.475693276251008601e-02
6.710141078864755027e-02
6.941603471634244515e-02
7.174131462392115133e-02
7.412598606137071888e-02
7.659426092021028032e-02
7.916308334936998647e-02
8.182862064109945599e-02
8.459847441298466719e-02
8.750308550797993024e-02
9.051942878691310312e-02
9.363260418242279337e-02
9.683950158178795953e-02
1.001382518374305253e-01
1.035149897901523341e-01
