-9.641155192008661334e-01
-9.631824638831423258e-01
-9.627388628971974560e-01
-9.616844888394286972e-01
-9.603161082712046159e-01
-9.578837099623676021e-01
-9.694373474548122482e-01
-9.644202970860693558e-01
-9.623677404222293896e-01
-9.597603797879893373e-01
-9.561668520625751233e-01
-9.513067858290197298e-01
-9.470209101589774914e-01
-9.438655109747708938e-01
-9.389367586679246980e-01
-9.311673266434048468e-01
-9.195063859198919776e-01
-9.021852482192358469e-01
-8.744093459413255776e-01
-8.220558521626892823e-01
-6.996599926602267150e-01
8.654584612723326131e-01
-1.327666275245027006e+00
-1.162129609564583221e+00
-1.109791368445976145e+00
-1.077056142728921362e+00
-1.075097584643140980e+00
-1.092486777744041682e+00
-1.093532398846393194e+00
-1.078319195627714500e+00
-1.057933268828292528e+00
-1.037964103726355169e+00
-1.023792595480578438e+00
3.255476688630370763e+00
-9.505200911916042994e-01
-9.551450551497366881e-01
-9.532359870443076755e-01
-9.504551660164870519e-01
-9.469506830733149805e-01
-9.429337896132891084e-01
-9.402204367477844382e-01
-9.373953893065876120e-01
-9.325641297336149105e-01
-9.239506360306919408e-01
-9.080289871471149965e-01
-8.788241930451687889e-01
-8.484518350694009170e-01
-8.365144083688229593e-01
-8.145703486376418834e-01
-7.488893262936936468e-01
-4.877411080688628386e-01
-4.479281476124045369e+00
-2.894443903308157040e+00
-7.940164314595123951e-01
-8.770424718653933027e-01
-8.677863739126495668e-01
-8.247831926482035447e-01
-7.231122145330998174e-01
-4.364239821586388124e-01
-3.190225368153193575e+00
-1.296031550461592019e+00
-1.151143059765224796e+00
-1.136108106494571945e+00
-1.195404385406394043e+00
-1.209661202601031160e+00
-1.130587145286579887e+00
-1.076445262815188819e+00
-1.046127202590914962e+00
-1.027641738795665560e+00
-1.016399287998921430e+00
-1.010855790767786644e+00
-1.007950992860891404e+00
-1.004264890550315981e+00
-9.995412376624062123e-01
-9.953775119484580269e-01
-9.918158462632213901e-01
-9.880857003728769072e-01
-9.842055766166789565e-01
-9.808443532999950865e-01
-9.781952445298449650e-01
-9.755143341555633230e-01
-9.727004895784533423e-01
-9.700904650887522962e-01
-9.675192058867290168e-01
-9.648895140121843683e-01
-9.623212082537353496e-01
-9.599286075559703146e-01
-9.577424310552331566e-01
-9.555589672540200086e-01
-9.534087807051707664e-01
-9.513963968927450221e-01
-9.494446543282158979e-01
-9.473667974489971000e-01
-9.450623987834199102e-01
-9.427971798456706853e-01
-9.406516428993502155e-01
-9.385099240790610864e-01
-9.366364087740319810e-01
-9.351821488482030542e-01
-9.336011790273600619e-01
-9.317668821020610448e-01
-9.297371715807125625e-01
-9.274000168653178111e-01
-9.250360211193322524e-01
-9.226062264539145463e-01
-9.204602702895394728e-01
-9.191585944301960964e-01
-9.185310165293220086e-01
-9.183623624500115712e-01
-9.180610776419251273e-01
-9.168747387152720307e-01
-9.143818974960348234e-01
-9.107524918662704971e-01
-9.022341908865714188e-01
-8.807226902227416332e-01
-8.527752417305722865e-01
-8.453026627207878008e-01
-8.536768257752753719e-01
-8.592510128068440167e-01
-8.571143946764487875e-01
-8.603383393902815923e-01
-8.719049726677681189e-01
-8.824248453245846502e-01
-8.887105904827213854e-01
-8.912562939793831074e-01
-8.893618791556843206e-01
-8.879636536675179492e-01
-8.912209879139783020e-01
-8.950479238040847108e-01
-8.979059446707371439e-01
-9.003397527742524886e-01
-9.021529023001215730e-01
-8.983714619934750623e-01
-8.864600035858878346e-01
-8.779315276325009298e-01
-8.800363538800584084e-01
-8.836860050599012473e-01
-8.867075167214903963e-01
-8.899191863184928719e-01
-8.930045409366758058e-01
-8.952543980539904300e-01
-8.923590818681711445e-01
-8.766523543777912097e-01
-8.600871787989881057e-01
-8.622632049045741987e-01
-8.695591623173648532e-01
-8.757659507727366677e-01
-8.806150231240542636e-01
-8.846357467171519495e-01
-8.876516081660890123e-01
-8.890767995492161457e-01
-8.893544731387585944e-01
-8.891930631383727635e-01
-8.884751182041090711e-01
-8.874426279731546519e-01
-8.861973708849466558e-01
-8.847072294576042717e-01
-8.832776025309163614e-01
-8.822127635052359196e-01
-8.814631661578480326e-01
-8.809937796517811615e-01
-8.807171632297960961e-01
-8.805039440868585032e-01
-8.805986843218931437e-01
-8.807718406119898757e-01
-8.807012584683988621e-01
-8.805048875223748794e-01
-8.802984599326733051e-01
-8.800203720993247103e-01
-8.796531736841488591e-01
