-1.942161435329774033e+00
-1.939999849894912698e+00
-1.938875771545797155e+00
-1.936550651644587395e+00
-1.933508241436078912e+00
-1.927734442788457958e+00
-1.952028813501970994e+00
-1.942654572925420986e+00
-1.938242379770810597e+00
-1.932083911557461509e+00
-1.922575135148122172e+00
-1.907726412808546046e+00
-1.894808420180550845e+00
-1.887199726078963469e+00
-1.871651034646450107e+00
-1.840952738372683806e+00
-1.780503657483028412e+00
-1.642018286729205467e+00
-1.037207280630978223e+00
-3.375669001922232848e+00
-2.427601185232001857e+00
-2.222478272610462380e+00
-2.133618802984394769e+00
-2.102791612860370751e+00
-2.085279313733275242e+00
-2.067332150772058785e+00
-2.074288280770226756e+00
-2.103542559132653533e+00
-2.109834577557617497e+00
-2.090776630634587629e+00
-2.063265461904663312e+00
-2.036306338789896309e+00
-2.017550944505785537e+00
-1.595541997066356021e+00
-1.927344857786462029e+00
-1.929804031296326938e+00
-1.924030328722631911e+00
-1.916465243659424278e+00
-1.906772692743117226e+00
-1.895375267544693987e+00
-1.888368386661104292e+00
-1.881056273728019423e+00
-1.866591317903479208e+00
-1.835673203151532817e+00
-1.757006932272991762e+00
-1.461212678920456476e+00
-7.904374392469915023e-01
-1.048839459901436122e+00
-8.599085805198115606e-01
-1.825685041428192790e+01
-2.620685062356647776e+00
-2.302094778868715608e+00
-2.354337746741942183e+00
-1.610515641439242085e+00
-1.801896499895015102e+00
-1.767267090172147892e+00
-1.604585578448210370e+00
-4.013919303408003403e-01
-3.055865708571257056e+00
-2.349213042889033876e+00
-2.183002320569547905e+00
-2.119484976978211144e+00
-2.121467043081779025e+00
-2.191940398006272162e+00
-2.214263090289271929e+00
-2.132906721404527861e+00
-2.074288383232802513e+00
-2.040279990434999746e+00
-2.018803125100548268e+00
-2.005462597326879148e+00
-1.998948286832867183e+00
-1.995437071432083709e+00
-1.990100411837961936e+00
-1.982730854064501003e+00
-1.976021773955539462e+00
-1.970029927497596756e+00
-1.963735811527712372e+00
-1.957331681076165397e+00
-1.951521897998118815e+00
-1.946164946538115448e+00
-1.940776180520450422e+00
-1.935447436166509050e+00
-1.929812199060723543e+00
-1.923959574636246561e+00
-1.918931011191293168e+00
-1.914794452597275320e+00
-1.911641173504103897e+00
-1.909098719442662517e+00
-1.905698068454174665e+00
-1.902015478076222621e+00
-1.898725215826138069e+00
-1.895433261949118098e+00
-1.891398769580402650e+00
-1.886378069975143346e+00
-1.881545643330613693e+00
-1.877113445663108227e+00
-1.872613559058705412e+00
-1.869164926824016693e+00
-1.867178201604808407e+00
-1.864440568436919854e+00
-1.860718105197064709e+00
-1.856329106282153418e+00
-1.850941717426008548e+00
-1.845640865085014015e+00
-1.840224116575738922e+00
-1.835982462752350663e+00
-1.834665927048158451e+00
-1.835257413210980459e+00
-1.836753020822880833e+00
-1.837253675992009505e+00
-1.834730067407906784e+00
-1.828175798097943838e+00
-1.818310559358946144e+00
-1.791827937073529942e+00
-1.711365289290643688e+00
-1.593801766656808283e+00
-1.603562225554978404e+00
-1.671415647497696888e+00
-1.704020408808887943e+00
-1.704070796983086833e+00
-1.719660822291021685e+00
-1.754146919329754528e+00
-1.780139586919414096e+00
-1.793170831081478456e+00
-1.796549702996813602e+00
-1.788722126543005775e+00
-1.783511554691398437e+00
-1.791623749175225822e+00
-1.800549154221260828e+00
-1.806455282256210992e+00
-1.811189036925241691e+00
-1.814264139668102072e+00
-1.801723510826270580e+00
-1.764508936735555089e+00
-1.740174402854572699e+00
-1.753006559335347436e+00
-1.767197580255393197e+00
-1.777063505695238410e+00
-1.786138550218692167e+00
-1.793916060817019709e+00
-1.798846201507878551e+00
-1.788971016130582736e+00
-1.738168163459995696e+00
-1.684470538195784073e+00
-1.704549220481931027e+00
-1.734688023713795602e+00
-1.754846844434188480e+00
-1.768305164224081460e+00
-1.778207981073979482e+00
-1.784605252508604245e+00
-1.786409059303286195e+00
-1.785358747263158685e+00
-1.783580081492710301e+00
-1.780653375333854038e+00
-1.777219591951006983e+00
-1.773500214861494673e+00
-1.769384629403716325e+00
-1.765724495313295339e+00
-1.763326291269432744e+00
-1.761866101364215176e+00
-1.761217758702400271e+00
-1.761058122176268004e+00
-1.760996911046349034e+00
-1.761755376805956619e+00
-1.762541528061920548e+00
-1.762437035220500992e+00
-1.761902780648586297e+00
-1.761368437715209900e+00
-1.760650796935331552e+00
-1.759720967613214393e+00
