-1.264467242498140811e-06
-6.422395929946656376e-06
-3.415828978901239939e-06
2.668488538813275127e-05
7.654050614134592597e-05
1.329971654635959640e-04
6.789749788238982041e-05
-5.134879593594675979e-04
-1.665656995773564901e-03
-2.906385297180896256e-03
-3.936172986756872327e-03
-4.695213111940013846e-03
-5.254554389903005537e-03
-5.773986020602358410e-03
-6.243007798830374315e-03
-6.618267412391944104e-03
-6.884550145909372823e-03
-7.054666010118504360e-03
-7.147763090129232756e-03
-7.181389112105707358e-03
-7.167722027490231948e-03
-7.118125844167412508e-03
-7.020761722250519303e-03
-6.890440425795181512e-03
-6.751406186767787594e-03
-6.602381401631897059e-03
-6.454123695039473869e-03
-6.356090802273312891e-03
-6.292007381998945131e-03
-6.230293665863841958e-03
-6.153597896658848966e-03
-6.048026271863212247e-03
-5.906140214340942392e-03
-5.861192749438868914e-03
-6.588911428645856903e-03
-8.676761619947497700e-03
-1.107869235928192995e-02
-1.326465913633241046e-02
-1.520972853142592979e-02
-1.685398181504349849e-02
-1.834230009316290336e-02
-1.980109220439513901e-02
-2.113306418298421807e-02
-2.222070646673975081e-02
-2.295209821474769596e-02
-2.332498222888271244e-02
-2.345253847154054119e-02
-2.357759769642835818e-02
-2.372682620899550093e-02
-2.382805718498641478e-02
-2.380973703309565218e-02
-2.366360566009413982e-02
-2.346635027334589493e-02
-2.355415757778409752e-02
-2.427760231588409548e-02
-2.509971436885459137e-02
-2.569523431044370629e-02
-2.601618011623261020e-02
-2.615071802499930806e-02
-2.614284891992025087e-02
-2.597706931850650436e-02
-2.567534256432477818e-02
-2.531745003086430246e-02
-2.510003121980223725e-02
-2.502514992125766044e-02
-2.489343589629094619e-02
-2.459708612134712050e-02
-2.412363992085475931e-02
-2.348996400148882155e-02
-2.272367447526330367e-02
-2.189592037308209574e-02
-2.110629879055946068e-02
-2.034951959628005999e-02
-1.957128150545507997e-02
-1.875794087736796026e-02
-1.793460313890711533e-02
-1.709575623001361247e-02
-1.621453680472549619e-02
-1.528945569983264537e-02
-1.438159035039924226e-02
-1.353014787041342815e-02
-1.268092455318675649e-02
-1.183359561042142405e-02
-1.102136390976345311e-02
-1.022470131508093800e-02
-9.400923930788975674e-03
-8.527668411560031247e-03
-7.570725020789841574e-03
-6.538435191018467964e-03
-5.464597286057992255e-03
-4.346175573682848486e-03
-3.187216560482568004e-03
-2.000630169406225796e-03
-8.262229213729609372e-04
3.231833333366782458e-04
1.471625315294590626e-03
2.634693126360973352e-03
3.819156665881093954e-03
5.050998939139276014e-03
6.338176628422906647e-03
7.649405093580868495e-03
8.963624687972779337e-03
1.025450894759584626e-02
1.150813549810770532e-02
1.272923880357529694e-02
1.391765847577741688e-02
1.511421622503916415e-02
1.636133776527513850e-02
1.769003408464606131e-02
1.911802233279364174e-02
2.060033019745831709e-02
2.204899704307477365e-02
2.337789489438251225e-02
2.447464880573039722e-02
2.499805284042488571e-02
2.485649598744852154e-02
2.452487106534478184e-02
2.435392837860077264e-02
2.441797184695453093e-02
2.455487925370675867e-02
2.470510944557635299e-02
2.506334219159902718e-02
2.573688624834136185e-02
2.668317430746575472e-02
2.778236999918518718e-02
2.889640366747165887e-02
2.989737278697665590e-02
3.098394731785763384e-02
3.229753969935281188e-02
3.382971290584757540e-02
3.556044273278032020e-02
3.749070285948370024e-02
3.945280839740887557e-02
4.090207035984257111e-02
4.178985655992548814e-02
4.270902257689566939e-02
4.392483615748522113e-02
4.540719208664665413e-02
4.715060104124845636e-02
4.917187170365244775e-02
5.145873941452190625e-02
5.381921953766004296e-02
5.559692049629528371e-02
5.639526412322767163e-02
5.711576570234153799e-02
5.824487766661252952e-02
5.984200274491609933e-02
6.183574492231625613e-02
6.416536917658442751e-02
6.680073168389154270e-02
6.968751338861603473e-02
7.270864747648864146e-02
7.581272223332180538e-02
7.895191809597734700e-02
8.208309039779793093e-02
8.520190267589465571e-02
8.828745063633017254e-02
9.133960533928096870e-02
9.439719639057801703e-02
9.751133458980931756e-02
1.007132299688773824e-01
1.040287084241276055e-01
1.074583788437150633e-01
1.110140822961098866e-01
1.147306294095247758e-01
1.185910796882331392e-01
1.225776025004268466e-01
1.266611035727305545e-01
1.308253320227321936e-01
1.350658515796667181e-01
1.393901099407117150e-01
1.438106053969090414e-01
1.483364033272709936e-01
1.529726478915638122e-01
1.577145018674637744e-01
1.625494303193832091e-01
1.674600266884293254e-01
1.724309438505123304e-01
1.774522874563654318e-01
1.825219776823722162e-01
1.876378916571304345e-01
1.928018117130707310e-01
1.980203652544994253e-01
2.033051014415843405e-01
2.086740588193166102e-01
2.141440170164163326e-01
2.197158398025750581e-01
2.253878944827167330e-01
2.311480011901975440e-01
2.369881883801401301e-01
2.428946735854680128e-01
2.488563279102626591e-01
2.548684065870752136e-01
2.609343453291698145e-01
2.670616966002494208e-01
2.732623535542186843e-01
2.795532276045156750e-01
2.859437266283313406e-01
2.924375923898792085e-01
2.990248371140482031e-01
3.056847673116206976e-01
3.123968312995193397e-01
3.191501435395020514e-01
3.259387261673584724e-01
3.327615179192970341e-01
3.396256206608950778e-01
3.465440340404271069e-01
3.535262769963788965e-01
3.605696649867614623e-01
3.676709080820144693e-01
3.748245697978058733e-01
3.820168980012458304e-01
3.892366843324790437e-01
3.964781706738612632e-01
4.037415342085624581e-01
4.110296577203418900e-01
4.183501115523610703e-01
4.257170987855942168e-01
4.331398608224213409e-01
4.406178044712059094e-01
4.481403523311472403e-01
4.556933894575218580e-01
4.632646498468659946e-01
4.708494199524778656e-01
4.784455726219601912e-01
4.860507077616665339e-01
4.936650690448200485e-01
5.012900498428036755e-01
5.089318593961607018e-01
5.166000409360271828e-01
5.243018289173959623e-01
5.320385451130695831e-01
5.398051273402052486e-01
5.475939924842807560e-01
5.553946636958324579e-01
5.631995179052946554e-01
5.709985779144084450e-01
5.787880327603608377e-01
5.865701924181473403e-01
5.943498390194066339e-01
6.021371403852650017e-01
6.099433096748561045e-01
6.177732540176023024e-01
6.256274867952952290e-01
6.334907188200776806e-01
6.413445987290942174e-01
6.491764596541914623e-01
6.569778668080070716e-01
6.647477086152305814e-01
6.724880747643962042e-01
6.802078645229645559e-01
