-1.065437584887832766e-02
5.716137477050260013e-03
5.229199663872758502e-02
3.199030155403159020e-02
2.865155002162649706e-02
-3.745662390981311513e-02
-8.648846347088359199e-01
-1.164139292995898467e+00
-2.405806438944178005e-01
1.923691810083328901e-01
2.920221295233408343e-01
2.614887793853583609e-01
-7.292370348223536913e-02
1.255253034347136344e-02
9.077591875177459801e-02
1.299413545448637741e-01
1.187352193072459677e-01
1.023192733205616906e-01
8.206313188685550319e-02
7.750092918947799892e-02
4.879114356888649556e-02
9.404509634974640708e-02
7.185864319660567601e-02
2.424815377854298501e-02
3.620609003550167432e-02
4.406868710533091288e-02
-8.189090894642948870e-02
-4.157377368158152869e-02
7.592074201499069037e-03
2.912720059851792512e-02
5.304657190704401004e-02
7.624666936846388743e-02
5.651669361304231115e-02
-9.834362831954638340e-01
-2.880427079209312069e+00
-5.488275220508319618e-01
1.029839041025246982e-01
-3.609054563861568976e-03
2.866947241223671283e-01
3.305158429438281170e-02
-2.256983687397954852e-01
1.326853080743397445e-02
1.838956721126398242e-01
4.415041958678255773e-01
4.798957993619583640e-01
4.216373494160010060e-01
-7.251212834401904450e-02
-5.826518358475810816e-02
5.442777677845946072e-02
1.933426559760329511e-01
2.124383327358736473e-01
1.820868641760719220e-01
-2.739036323298207898e-01
-1.358308971488130235e+00
-1.485499866156932136e-01
2.706146944432026302e-01
3.800761092690088105e-01
2.306902976596123533e-01
1.825633631053793504e-01
2.649721920328242386e-01
2.384363360013346533e-01
2.021160016490340383e-01
-2.137626928512111335e-01
-2.630509415917075544e-01
1.241017988658856819e-01
2.864353281242013605e-01
3.157508776225012026e-01
3.105600238506503463e-01
3.032672026090416084e-01
2.243514327591992485e-01
2.130458141130235628e-02
4.012487678325886431e-02
1.425145738970118869e-01
1.701707041137522913e-01
1.102586376546697139e-01
1.232871487525659254e-01
1.760811240483985685e-01
2.052360738443210764e-01
9.747999551597742729e-02
-8.616564099493663476e-03
1.274248466090537324e-01
1.193156468735328962e-01
3.649272624604327220e-02
6.967293723590603505e-02
1.517218673308110555e-01
1.673041977428983140e-01
2.527798198639990557e-01
2.514333014953477052e-01
1.819668809204205151e-01
2.146603730593076853e-01
2.063224965491398111e-01
2.076289153073741789e-01
1.294426288502361355e-01
1.011913629800433589e-01
1.492154871924389337e-01
1.737417135141365310e-01
1.717269144826220340e-01
2.268306550049610792e-01
2.593326670172699799e-01
1.970288028137219538e-01
1.805477830972312681e-01
1.327700224243191229e-01
1.013316877626305873e-01
1.191094542437014930e-01
8.758318034337174429e-02
1.619820466201428721e-01
2.304495733123724244e-01
2.799403395858849342e-01
3.428172746861568587e-01
2.835323460084303027e-01
1.507084110881280747e-01
-8.106109382965395738e-03
-6.593517796954370680e-02
-7.664582601194597222e-01
-1.181212149022208058e+00
-2.894688772668985721e-01
2.247550749630038147e-01
4.045724883026610152e-01
9.724582903671334655e-02
-6.584931868404521327e-02
3.623204784600483341e-01
5.631600179460292122e-01
5.354974789717760197e-01
3.654213381980438990e-01
2.213371368706243125e-01
-1.568117617134309472e-01
2.847500595403588131e-01
5.295203385896530834e-01
5.062372193674550269e-01
4.959728733935764855e-01
5.524376996714899235e-01
5.073197811603699092e-01
-6.386553601915475609e-01
-9.276711738507792404e-01
2.595028959682474934e-01
6.319569970787212165e-01
5.358939053732059143e-01
5.849688711712591749e-01
6.574611246425261513e-01
6.963000537536665480e-01
6.033303696994909426e-01
-5.012982246419671606e-01
-1.813120366808682604e+00
1.449303570706983180e-01
7.688634800899948329e-01
8.796033590335209373e-01
8.088663387865744347e-01
7.690691718000165489e-01
7.814042648218014753e-01
7.724467135397015127e-01
5.652308216783782369e-01
5.358128906884246367e-01
4.688169440607512506e-01
3.836325684191821961e-01
4.014779709525334028e-01
3.478344895737275344e-01
3.346272565187855541e-01
3.924231252610671516e-01
4.839563990578704678e-01
5.284112518737466013e-01
5.942380435143248540e-01
5.992423310887173837e-01
6.191175659298364664e-01
7.277548387634378280e-01
6.960501461084018793e-01
7.021701467558688625e-01
6.618376292062779775e-01
6.516748713852167363e-01
6.524688484984252357e-01
6.742044147770852591e-01
7.065040610283128686e-01
7.315905912108313647e-01
7.563771211231197222e-01
7.626581228179784011e-01
7.577004522231591821e-01
7.407413031519307633e-01
7.262619084435834038e-01
7.159442644457565397e-01
7.221504069209332410e-01
7.222214902631242106e-01
7.301868206036659092e-01
7.459539232934516706e-01
7.690863793958990779e-01
8.056802252227036609e-01
8.504043196522211856e-01
8.576154968951750224e-01
8.762546184353620093e-01
8.625090229933456420e-01
8.684312243339805670e-01
8.533675620603704548e-01
8.442155019292427731e-01
8.419504629540304208e-01
8.543870965255987437e-01
8.722565142733460508e-01
8.958521488355988271e-01
9.368277988693344271e-01
9.606025670708320252e-01
9.840574172072793502e-01
9.823641922457376774e-01
9.608843468002825627e-01
9.348098432544842407e-01
9.263320220127075899e-01
9.213781918839363261e-01
9.219634883566713013e-01
9.365767956670760785e-01
9.633081044812706883e-01
9.895409860695556503e-01
9.891406763113079759e-01
9.928834813882128074e-01
9.958328220252594676e-01
9.772434555267638379e-01
9.646977289148588319e-01
9.580019493407148090e-01
9.617328644812581651e-01
9.678316335587935360e-01
9.800386699813428137e-01
1.009948972087372443e+00
1.031395368628063025e+00
1.039282769265034601e+00
1.028890673253268551e+00
1.012509030495559070e+00
9.947495046636053440e-01
9.911056013681429633e-01
9.901876131989253427e-01
9.859292169413583773e-01
9.883896911923102380e-01
9.895401840316727649e-01
1.000278244444357867e+00
1.018569015992841553e+00
1.034179813662154501e+00
1.041765003515913834e+00
1.037203872413372974e+00
1.031309971043973261e+00
1.014765154227270649e+00
1.008150095792368584e+00
9.891624149274084177e-01
9.821172851971299300e-01
9.853864194724338832e-01
9.894896980182580348e-01
1.005209514742613219e+00
1.026794033465073364e+00
1.034174404167771399e+00
1.045261223040782061e+00
1.021005416216972606e+00
9.916395649700452397e-01
9.720973669324546318e-01
9.533469313936582257e-01
9.493596530608642281e-01
9.455485119608938449e-01
9.556794671411370512e-01
9.736830233204549767e-01
