1.279018562292049549e-02
2.252898218957625348e-02
6.706236203910745375e-02
4.825099102779539101e-02
4.946736600583558074e-02
-2.194416550635369320e-02
-8.746142318398802962e-01
-1.218586033025368165e+00
-3.120328546152817961e-01
1.396883812205200470e-01
2.671492343675183623e-01
2.578240855782066854e-01
-6.941886785270924565e-02
1.486522091251836486e-02
9.804125606805096094e-02
1.475633930916752656e-01
1.396817048899343938e-01
1.299306310728756964e-01
1.142090362783870494e-01
1.078833236663630790e-01
8.086435209401227064e-02
1.238782829628677362e-01
1.015364718171936492e-01
5.735113881590699764e-02
6.837031588718828212e-02
7.226751807328458954e-02
-5.568627593289287442e-02
-1.963301759820807943e-02
2.840257184869730486e-02
5.353826507595643713e-02
8.068542526474373200e-02
1.059205507767506521e-01
8.786095083096764902e-02
-9.805665382801236341e-01
-2.971022177220202121e+00
-6.925918257537633238e-01
-1.375970879383570621e-02
-8.375269867443069227e-02
2.443124927312500250e-01
1.116225684568344402e-02
-2.375748995845446132e-01
3.634581116366622511e-03
1.864431488103933388e-01
4.658643749249367638e-01
5.326732501300844858e-01
4.912668367382251877e-01
-5.107774140705554668e-03
1.510372494695953315e-03
1.101059293429028918e-01
2.578697994115994874e-01
2.827072353003575178e-01
2.551101768164977246e-01
-2.114100000928538503e-01
-1.339872300789688220e+00
-1.552455339840606297e-01
2.842955639934712231e-01
4.208682528770072429e-01
3.001684383900757869e-01
2.525283757899997594e-01
3.438155424187069320e-01
3.303683914721173287e-01
2.915867749339908777e-01
-1.331435571020831987e-01
-1.950437472245193371e-01
1.765945409088669760e-01
3.432454593402129994e-01
3.945667928119239720e-01
4.046314481591365975e-01
4.024353079257663168e-01
3.053218027186581085e-01
1.116516341927618894e-01
9.918551206558588740e-02
2.038421267672218262e-01
2.514654943241677043e-01
1.850284402220669644e-01
1.973256553451258610e-01
2.547605218772870384e-01
2.945267374926863746e-01
1.859112972329481084e-01
8.422251308401632053e-02
2.075121534155884295e-01
1.754042450207482784e-01
8.104848428902954038e-02
1.205835171249250298e-01
2.210394799491421647e-01
2.473554647872187040e-01
3.489731720103378398e-01
3.581705197304069777e-01
2.727556989907628515e-01
3.192588665627841271e-01
3.223687558768692507e-01
3.255905509330018210e-01
2.483822763190383087e-01
2.132513870314161897e-01
2.521979292163239461e-01
2.503297259271645148e-01
2.465051493499105795e-01
3.219782725208156227e-01
3.675615329493975292e-01
2.919624999165096879e-01
2.920537239772669214e-01
2.394464769534101478e-01
2.101456750303605236e-01
2.290513615859564589e-01
1.952888262900867034e-01
2.812153540615278668e-01
3.662611627372233669e-01
4.272766391987247170e-01
4.851743249002037905e-01
4.337721434863749947e-01
3.082226008981536758e-01
1.469478282994661211e-01
7.305952000501292343e-02
-6.413437971724603726e-01
-1.112884253194619699e+00
-2.404443142001334854e-01
2.909504949348195035e-01
5.026652650084825202e-01
2.167417671451408179e-01
5.721876023610386608e-02
5.104894804998609814e-01
7.279020024582867343e-01
7.358874179543574146e-01
5.725570190264853698e-01
4.176786396229681952e-01
1.388146366646347135e-02
4.664395720490749908e-01
7.194748041805542060e-01
7.077176128691032853e-01
7.096471876303074300e-01
7.694380716708225654e-01
7.160581620246533330e-01
-4.469269518915098272e-01
-8.166315292831585193e-01
3.630523604808760241e-01
7.626572851007435982e-01
6.901495316875202457e-01
7.699439367170115567e-01
8.568061993281020916e-01
9.051391733488501901e-01
8.273637668373118315e-01
-2.734740645561574146e-01
-1.718997439081134671e+00
2.061768157088774978e-01
8.813738666770775110e-01
1.008001969048905266e+00
9.614333585176131347e-01
9.956718003896921632e-01
1.009297780338727968e+00
9.628862642748615697e-01
7.527970068115170665e-01
7.273405158334039777e-01
6.848132680810248285e-01
6.068183632826227303e-01
6.164136131440834943e-01
5.662067921039664053e-01
5.566837548988599060e-01
5.918802956343468535e-01
6.700918108185008881e-01
6.980321799414470618e-01
7.685449082716894198e-01
7.815732938274677633e-01
8.157068046132923689e-01
9.097302037558743226e-01
8.888780579464508058e-01
8.741624468045688934e-01
8.856089299099727530e-01
9.086996459231401202e-01
8.997733848755611330e-01
9.122302636442773949e-01
