-2.093776993754986604e-03
-4.390418548802078533e-03
-2.036709617854192550e-03
1.651360051913217802e-03
3.475998728760692526e-03
9.282959026745483781e-04
-5.606501678056673155e-02
-1.722314166964129256e-01
-2.374419233392568440e-01
-2.194404924398768719e-01
-1.737022057225481864e-01
-1.289451378793272651e-01
-1.107829536945923316e-01
-1.073227203040336836e-01
-9.447432530147419072e-02
-7.626859202600562437e-02
-5.825634711282483280e-02
-4.347014597376195472e-02
-3.236951041850182065e-02
-2.349181282991483211e-02
-1.726060560975176822e-02
-1.016763925164303542e-02
-2.263959598260100597e-03
6.263708638641046073e-04
1.192547443938058588e-03
3.120927327795028003e-03
-2.361854505220522572e-03
-1.187456883722010428e-02
-1.525577880451652740e-02
-1.448428090098346360e-02
-1.138330036014463358e-02
-5.866052707776180618e-03
-7.437672913850864112e-04
-6.152638320880658013e-02
-2.919132420846137221e-01
-4.620759830112810551e-01
-4.484533202518652950e-01
-4.081877275775580571e-01
-3.610638293268783050e-01
-3.186611767771972414e-01
-3.105632415900744792e-01
-3.028538811634480243e-01
-2.718750741173002194e-01
-2.182993465933576183e-01
-1.532437697164602541e-01
-9.559528536009287425e-02
-7.654027318919129352e-02
-8.534010157514687611e-02
-8.543707115824709930e-02
-7.088876086154231870e-02
-4.897631883868899805e-02
-2.962608555487031628e-02
-4.166502514249498246e-02
-1.449860703274087892e-01
-2.241218762200008485e-01
-2.038903660627638947e-01
-1.563663677374848016e-01
-1.174245857256046299e-01
-9.334295897064763536e-02
-6.844959009097596747e-02
-4.312231835897685495e-02
-2.349131919358200468e-02
-3.281849031578420312e-02
-6.739587490977369533e-02
-7.698036791749077179e-02
-5.331786282010332612e-02
-2.142008693059913732e-02
8.041139883158292256e-03
3.410580204391201742e-02
5.418046812943143331e-02
5.602544717964060700e-02
4.855616260688939284e-02
5.029063969487387875e-02
5.788842670818807046e-02
6.208765450984640721e-02
6.386658761047415978e-02
6.934876608970989842e-02
7.849168740578239822e-02
8.149344394297297622e-02
7.129856202432294232e-02
6.483290452935144832e-02
6.808440859758928265e-02
6.733268695840372020e-02
6.403271781101081694e-02
6.638312092197085068e-02
7.265452053733326143e-02
8.353474198632496184e-02
9.733881993577650493e-02
1.065749222035081989e-01
1.135806287887784899e-01
1.201402290266379569e-01
1.253584338479153126e-01
1.253724914499388943e-01
1.196046000578450258e-01
1.165502443358653606e-01
1.200238940739510596e-01
1.259799226575484821e-01
1.336734966407728264e-01
1.442147052683176445e-01
1.522872091240970172e-01
1.551010455147701361e-01
1.532132275483853168e-01
1.469083592361120350e-01
1.401523972816806907e-01
1.329267651103053782e-01
1.285585245118312236e-01
1.315524873273030415e-01
1.401391680583407573e-01
1.551188608360562493e-01
1.691631305045064870e-01
1.699416535643119841e-01
1.529042446251665521e-01
1.252530601999532478e-01
5.294231043747942012e-02
-7.759463486061306259e-02
-1.640184524458194182e-01
-1.624007023432187391e-01
-1.224521281593005106e-01
-9.623850084609075761e-02
-1.000554829978651111e-01
-8.709592159158034697e-02
-3.971403650187056711e-02
1.222329306383298370e-02
4.707340341303650061e-02
6.174454548740137411e-02
4.545630374556759723e-02
3.703200026141977713e-02
6.838368472385414343e-02
1.094198152696808923e-01
1.449969262942153170e-01
1.808126972174673441e-01
2.153026013527284122e-01
1.737475454272394138e-01
5.619994405676632943e-02
7.968910351462916986e-03
5.181003749649881751e-02
1.057727673264856894e-01
1.517163954829262307e-01
2.003244799603519921e-01
2.517861645240103696e-01
2.954486587663063268e-01
2.601492434642844187e-01
8.816490343313959643e-02
-1.635046910306052481e-02
3.362293107190875846e-02
1.202207524910979541e-01
2.022540671039730620e-01
2.678317976459818617e-01
3.246529332462210204e-01
3.810305188021193556e-01
4.226466783185356957e-01
4.477203253603639910e-01
4.627833244738132623e-01
4.655436454901829557e-01
4.647713587037995975e-01
4.618712344439538375e-01
4.550473777391184083e-01
4.528071272339312392e-01
4.622028195243136350e-01
4.813209764549329917e-01
5.059971631587968366e-01
5.325055866350744127e-01
5.579265596515303738e-01
5.902283657304177034e-01
6.249938543182446127e-01
6.559474547452491811e-01
6.864935250401497102e-01
7.168850500388849190e-01
7.447515093907318695e-01
7.697283765291768054e-01
