-1.952228928170565148e+00
-1.949936231917567042e+00
-1.953519165013804182e+00
-1.951564404966895871e+00
-1.950029033033854775e+00
-1.946921960295629139e+00
-1.953610821602617564e+00
-1.951746988284493556e+00
-1.950083110039496859e+00
-1.947492759328802281e+00
-1.943520996035746018e+00
-1.937568977117998248e+00
-1.932562351686048396e+00
-1.929540137397027122e+00
-1.923744790100052171e+00
-1.913456579149656944e+00
-1.896391147080321860e+00
-1.868471385488467140e+00
-1.819315594169293560e+00
-1.706703437489431652e+00
-1.329421318108715333e+00
-2.885962822282947648e+00
-2.204170089473973970e+00
-2.139185880983919485e+00
-2.117669149139647988e+00
-2.092257861309723133e+00
-2.130458792065908824e+00
-2.354003701040277452e+00
-2.640465489029029111e+00
-2.456889557314555272e+00
-2.239095161137667045e+00
-2.119512841639891843e+00
-2.070787036348536780e+00
-1.886081150315100707e+00
-1.942426397414847683e+00
-1.944675179507387774e+00
-1.942237270196822685e+00
-1.938934866411384794e+00
-1.934751780371945173e+00
-1.929942983431411463e+00
-1.927091711032012933e+00
-1.924144827301918603e+00
-1.918364571325914980e+00
-1.906735784812384038e+00
-1.881608306391169272e+00
-1.822526987799029330e+00
-1.767464148236064014e+00
-1.784683356693043343e+00
-1.776574455172549971e+00
-1.701381677465274578e+00
-1.314196444071910053e+00
-3.661494906434153762e+00
9.347258810384826422e-01
-1.855732280045566895e+00
-1.895909649161574784e+00
-1.886756234978514746e+00
-1.856495366661672364e+00
-1.799565155056298327e+00
-1.707394075618583251e+00
-1.340130953644239398e+00
-3.080911967346579239e+00
-2.294957828862383309e+00
-2.379775817281069905e+00
-2.987609584571879751e-01
-1.239198692318723261e+00
-3.255515193683935493e+00
-2.214802728864944115e+00
-2.098363083240401217e+00
-2.054849336472556853e+00
-2.034681758261372320e+00
-2.030217314718876676e+00
-2.032407732271943157e+00
-2.029387538562538396e+00
-2.021959419113898981e+00
-2.016584236876728387e+00
-2.012835553335646566e+00
-2.007601259020328044e+00
-2.001260045547203603e+00
-1.997229233262460824e+00
-1.997012136296072882e+00
-1.995937508507690028e+00
-1.992635813029133507e+00
-1.990925681338531206e+00
-1.989839416379041603e+00
-1.986821404223308773e+00
-1.982681854033609969e+00
-1.977909585152016980e+00
-1.973233252085866862e+00
-1.969693277225964767e+00
-1.966645141462266100e+00
-1.963726124309668419e+00
-1.961020582640737864e+00
-1.958599044305410430e+00
-1.956359971523990549e+00
-1.954093675503009830e+00
-1.951825612855081493e+00
-1.949611221938803540e+00
-1.947515056563125624e+00
-1.945610451193283241e+00
-1.943690398825124621e+00
-1.941643446886540447e+00
-1.939440534723684273e+00
-1.936991026734800059e+00
-1.934498076259463017e+00
-1.931919665756948179e+00
-1.929617179742378674e+00
-1.928167983750801895e+00
-1.927370563768448619e+00
-1.927075019912151355e+00
-1.926546425723787648e+00
-1.924861280619180270e+00
-1.921469915221107438e+00
-1.916439533206371504e+00
-1.901168956209896344e+00
-1.799681312354986851e+00
-2.519797053967212541e+00
-2.574067948988925991e+00
-1.539860694937717156e+00
-1.762094735442066407e+00
-1.759166208155304556e+00
-1.805089935717775651e+00
-1.866730423103718284e+00
-1.892762858561966688e+00
-1.902193481041238643e+00
-1.904450531579080508e+00
-1.899609182589186318e+00
-1.896345369898817301e+00
-1.902188873855615636e+00
-1.907815851932012752e+00
-1.911110369374216855e+00
-1.913517219803633207e+00
-1.915050382785276284e+00
-1.908910150731325528e+00
-1.886576000847347334e+00
-1.868449232459838738e+00
-1.880924499582214082e+00
-1.891848603332794365e+00
-1.898246507657434190e+00
-1.903330094274028772e+00
-1.907293682469114460e+00
-1.909570886243748600e+00
-1.904645910094055594e+00
-1.874827326544446171e+00
-1.828766118600470891e+00
-1.851504820243643268e+00
-1.876418536452682639e+00
-1.889861023009701713e+00
-1.897108811943755136e+00
-1.901675602957761502e+00
-1.904739857030179007e+00
-1.905836161730003031e+00
-1.905579749081045771e+00
-1.904769667550103573e+00
-1.903254750725693167e+00
-1.901482707026691532e+00
-1.899555033574721108e+00
-1.897358830762582382e+00
-1.895447771285555749e+00
-1.894323016092159140e+00
-1.893821846173127543e+00
-1.893748119188945367e+00
-1.893817342840253826e+00
-1.893814069039997161e+00
-1.894203078912089167e+00
-1.894625113540916228e+00
-1.894709114618148504e+00
-1.894465900477088738e+00
-1.893906984930958881e+00
-1.893225458855087417e+00
-1.892556098558173971e+00
-1.892007860514605344e+00
-1.891570415978944819e+00
-1.891200874635251772e+00
-1.890819357352875763e+00
-1.890328438984236303e+00
-1.889666551856900689e+00
-1.888828007477350468e+00
-1.887856473544254676e+00
-1.886837752135747781e+00
-1.885807327971462888e+00
-1.884775670931543967e+00
-1.883795946585971715e+00
-1.882913914070783346e+00
-1.882189598810160902e+00
-1.881673845224758335e+00
-1.881234615657495501e+00
-1.880786698054112582e+00
-1.880256712061805890e+00
-1.879625284517125738e+00
-1.878893787742162091e+00
-1.878032562132018413e+00
-1.877096177557633139e+00
-1.876161480482732902e+00
-1.875289711146341576e+00
-1.874509306395902186e+00
-1.873883590513542474e+00
-1.873388273652585978e+00
-1.872956566907394427e+00
-1.872499681719509645e+00
-1.871889293379943364e+00
-1.871075177440527870e+00
-1.870121948116780342e+00
-1.869103863585924952e+00
-1.868054797245692678e+00
-1.867037872010746113e+00
-1.866128262056378606e+00
-1.865348268515048646e+00
-1.864599883748858877e+00
-1.863819092935276034e+00
-1.863018920850446847e+00
-1.862132615282543036e+00
-1.861128240325603977e+00
-1.860052568434661602e+00
-1.858961812798711311e+00
-1.857894848142272792e+00
-1.856876382107473189e+00
-1.855976474962233613e+00
-1.855207668901374340e+00
-1.854490260962409653e+00
-1.853723429331014971e+00
-1.852842338015728174e+00
-1.851837244520986969e+00
-1.850760889069336113e+00
-1.849668961600015038e+00
-1.848560389694023254e+00
-1.847449227681644990e+00
-1.846351507203240594e+00
-1.845294240841533817e+00
-1.844327434297937884e+00
-1.843457018175808537e+00
-1.842640504364049470e+00
-1.841810083933016262e+00
-1.840927761035758614e+00
-1.839959961299067803e+00
-1.838916184269593579e+00
-1.837791669193393984e+00
-1.836596368212816799e+00
-1.835406807830993081e+00
-1.834257031884056754e+00
-1.833186542243738115e+00
-1.832244885637088982e+00
-1.831390837455853182e+00
-1.830586425827747110e+00
-1.829718146265613354e+00
-1.828666490727499205e+00
-1.827465176219780885e+00
-1.826159153918551548e+00
-1.824810505125501248e+00
-1.823469816186263692e+00
-1.822187298925797672e+00
-1.821032439256491831e+00
