7.940936352201955102e-04
2.869828918075223965e-03
8.127134314368348461e-03
1.440577667537055670e-02
1.926291282531417473e-02
1.942655500348920705e-02
-3.744033878058731363e-02
-1.605340517412806034e-01
-2.387140568497108650e-01
-2.317930087943513018e-01
-1.915624555514837957e-01
-1.472984495185027110e-01
-1.268645654291939429e-01
-1.212980525654228092e-01
-1.061907245363016283e-01
-8.433401304318351166e-02
-6.166848771757083014e-02
-4.164551094063183301e-02
-2.456694055881984695e-02
-9.990792514067202076e-03
1.507159835959422448e-03
1.330643525847871947e-02
2.533509243941306499e-02
3.249774749738312818e-02
3.730713114271405617e-02
4.263838411527550581e-02
3.987199655047586611e-02
3.221209709794285031e-02
3.010189656449041226e-02
3.244093581684257682e-02
3.775255778476757640e-02
4.583449767063062924e-02
5.370353544094301490e-02
-6.312146713745782345e-03
-2.468759752373193561e-01
-4.434688425261496536e-01
-4.545531476939159710e-01
-4.303239167271771803e-01
-3.912549014201809894e-01
-3.505336020222743487e-01
-3.413377014675804677e-01
-3.320716097850028303e-01
-2.984122326825214278e-01
-2.393393503794518096e-01
-1.642572784595495716e-01
-9.311534314751182539e-02
-6.009235599460932553e-02
-5.738494326435703008e-02
-4.789780681626201742e-02
-2.379941224812955058e-02
8.558127904153799148e-03
3.836055086367012174e-02
3.554223185465834461e-02
-6.385723185642086519e-02
-1.475251722640673613e-01
-1.306658274932265551e-01
-8.132318623345857755e-02
-3.496873325920665104e-02
-1.587632676499077522e-03
3.246454946334234593e-02
6.856586470254261156e-02
9.902603577655387512e-02
9.881583149850935166e-02
7.048949601428626532e-02
6.358051707050196844e-02
8.870661058521131515e-02
1.248709250637949630e-01
1.621824236686048859e-01
1.974402127360388448e-01
2.241858513629454430e-01
2.315779540269893855e-01
2.266589158822858441e-01
2.278865851924397889e-01
2.380142229791966380e-01
2.461203722135634209e-01
2.507224669556464280e-01
2.593579290584605013e-01
2.732431377939270600e-01
2.818091916501127003e-01
2.773727397335877809e-01
2.751720937932325417e-01
2.782626504208959850e-01
2.735602238369903016e-01
2.663476066336420423e-01
2.682236062551991984e-01
2.774588659239889399e-01
2.940020265785063813e-01
3.159203119066622545e-01
3.316980414406334732e-01
3.445301112910233443e-01
3.594509429926604493e-01
3.738535231880548149e-01
3.827878568362007017e-01
3.846443304980975419e-01
3.869042283372030600e-01
3.912439149753779710e-01
3.950790851659409797e-01
4.032591424500541200e-01
4.181678967897019539e-01
4.301258519247904699e-01
4.371103457562712236e-01
4.405047087157089036e-01
4.389919839066951934e-01
4.372292889572044206e-01
4.347215771010571883e-01
4.359476022558755326e-01
4.474388496417287531e-01
4.669664550049602569e-01
4.924229081803493391e-01
5.164415338925542054e-01
5.282700761840987136e-01
5.222723800874112809e-01
5.030341929651954702e-01
4.366769201683535218e-01
3.048833878302312783e-01
2.093710261333573963e-01
2.033057711172711612e-01
2.413887330320737545e-01
2.714746988646180026e-01
2.734843585729290760e-01
2.945247617402809159e-01
3.536496457610690536e-01
4.218256323012439246e-01
4.758272244618581004e-01
5.073284765342134239e-01
5.028611853451135927e-01
5.038038145392881306e-01
5.463218655769142007e-01
5.998209987819231870e-01
6.492960410072642352e-01
6.993864535474176858e-01
7.463317368145911956e-01
7.149979826657969495e-01
5.965444409482529853e-01
5.383317959661811924e-01
5.764161320588503390e-01
6.305235812777815196e-01
6.820508012218076122e-01
7.402733001606092156e-01
8.027368323694721308e-01
8.591167937325474568e-01
8.390978168182308128e-01
6.679944655964276112e-01
5.455586060588565323e-01
5.834446110695215015e-01
6.655394200089232992e-01
7.467596135297351889e-01
8.222355288349026958e-01
8.956484587003168407e-01
9.622142504374197047e-01
1.008795771865796498e+00
1.038855177287914877e+00
1.062997470801666289e+00
1.078467863342823518e+00
1.089285079437484205e+00
1.097072760597011420e+00
1.101167799037402473e+00
1.106935280050103776e+00
1.119503216700820980e+00
1.137762649726411945e+00
1.161112102704307647e+00
1.188075204849079913e+00
1.216440142697279958e+00
1.251037467487640553e+00
1.287739156988071842e+00
1.320228799779886053e+00
1.350765928237451341e+00
1.381704808368671600e+00
1.411704357809748567e+00
1.440336336700020370e+00
