-4.089335013984434209e-06
-2.461482597969295904e-05
-4.745735854478422484e-05
-4.923292381567821729e-05
-3.528163831684732598e-05
-1.905971622185662146e-05
-1.299017168063455914e-04
-7.825557692941925757e-04
-2.065968357292700258e-03
-3.507799432865751736e-03
-4.787260030176490426e-03
-5.817632328638293326e-03
-6.649347410205831005e-03
-7.434789407723583002e-03
-8.162748147387561409e-03
-8.787637506084224059e-03
-9.291695836421578689e-03
-9.684222211582096604e-03
-9.984378636348862843e-03
-1.021083793533727850e-02
-1.037580864839164965e-02
-1.049226852991269263e-02
-1.054813710361885738e-02
-1.055868295193815309e-02
-1.055214194857054776e-02
-1.052972212605555666e-02
-1.050253009459505699e-02
-1.052401881939542608e-02
-1.058225103684269121e-02
-1.064711581083610872e-02
-1.070185695593975014e-02
-1.073170226769572071e-02
-1.072685052719758551e-02
-1.082102965898354419e-02
-1.171593235537988706e-02
-1.407072516371125383e-02
-1.687697402856216597e-02
-1.957135573930301325e-02
-2.209217476409659070e-02
-2.435034445669425479e-02
-2.646764084112683546e-02
-2.856501620694279486e-02
-3.053950135187130654e-02
-3.226092926719822257e-02
-3.360120272620367721e-02
-3.454317988542188883e-02
-3.519023514529230623e-02
-3.579013131185495439e-02
-3.638484899318743943e-02
-3.691152662611983659e-02
-3.730218304907077786e-02
-3.754652260449598683e-02
-3.772029794385833162e-02
-3.817217136492579571e-02
-3.929112022730281428e-02
-4.056359737069661908e-02
-4.164894322595338871e-02
-4.247718836017556898e-02
-4.312352909187251726e-02
-4.362080739930170731e-02
-4.394749659614752973e-02
-4.412236537651607893e-02
-4.422165602407018836e-02
-4.445077952618475825e-02
-4.482725230523758320e-02
-4.514976921275136446e-02
-4.529972005825343845e-02
-4.525943139941353971e-02
-4.504150560860186586e-02
-4.466592653735674406e-02
-4.419529519676517609e-02
-4.373685786835326134e-02
-4.328511979914084068e-02
-4.279226912268512678e-02
-4.225372704555051262e-02
-4.169455105479633744e-02
-4.111071643651086766e-02
-4.047789415713370920e-02
-3.979689172470271541e-02
-3.913097847958490333e-02
-3.852663889558435167e-02
-3.792543091572943975e-02
-3.731353505473675863e-02
-3.672076778088453203e-02
-3.613564357806887950e-02
-3.552467540832872361e-02
-3.486893038125461058e-02
-3.413569448442418247e-02
-3.332899240112096456e-02
-3.247371868732497335e-02
-3.157103737925445047e-02
-3.062964379219214328e-02
-2.966314683347772221e-02
-2.871277629390694974e-02
-2.779157461683983560e-02
-2.687013411295786566e-02
-2.591991783844019293e-02
-2.493284859237324819e-02
-2.389140781099955563e-02
-2.278945223798872419e-02
-2.165313700531864075e-02
-2.051022942054449641e-02
-1.938999944422140423e-02
-1.831171224514510296e-02
-1.727498234505365354e-02
-1.628314551244855815e-02
-1.530180532283654735e-02
-1.429235946364093394e-02
-1.322012617496077722e-02
-1.205586495521955223e-02
-1.084081195702855591e-02
-9.668202966025774003e-03
-8.632873635661664907e-03
-7.857133417400749900e-03
-7.710091387528855006e-03
-8.316417391039188436e-03
-9.214528966917663599e-03
-1.003376528110225957e-02
-1.067153756126662870e-02
-1.127240778254696117e-02
-1.189231584284123830e-02
-1.233214670919177344e-02
-1.246467450576902933e-02
-1.231981034039182805e-02
-1.200686237567465293e-02
-1.165822371211097837e-02
-1.140831303739211870e-02
-1.107104248546421019e-02
-1.049607272898252751e-02
-9.679845830660378445e-03
-8.635625103752327114e-03
-7.353262825262579794e-03
-5.994122726041379960e-03
-5.128076363411692741e-03
-4.837629653228097890e-03
-4.544302765548209957e-03
-3.962982562479283079e-03
-3.102798283854238219e-03
-1.959365326150227724e-03
-5.023924445151234375e-04
1.268752375831756068e-03
3.160005167646344308e-03
4.482963695907396344e-03
4.800972764548534430e-03
4.987443190471372439e-03
5.553076190458257344e-03
6.606201297606603337e-03
8.102827110549956288e-03
9.977984808995610591e-03
1.222017158487620665e-02
1.480556301322286453e-02
1.762071665241105381e-02
2.059826514661334054e-02
2.366224485140253422e-02
2.675176428563268843e-02
2.985346939307452485e-02
3.293476851901318281e-02
3.598821185892248781e-02
3.905919063438884758e-02
4.221369223182278030e-02
4.549604145564133117e-02
4.893338349537213611e-02
5.252944151795297528e-02
5.629566037078245766e-02
6.028028557353121847e-02
6.446874818092587778e-02
6.885480528522917865e-02
7.343680844324362855e-02
7.821062986434441922e-02
8.315572173484034324e-02
