-3.935262373909594828e-06
-2.292593669189036415e-05
-4.198608141263362060e-05
-3.976601396523100180e-05
-2.401204550595499156e-05
-8.541356557301687657e-06
-1.165451344348302008e-04
-7.249506950255521151e-04
-1.862671732349249808e-03
-3.044189013682277629e-03
-3.991208488735372914e-03
-4.666590800272113308e-03
-5.155014513775608292e-03
-5.618081578609842794e-03
-6.041741369855691858e-03
-6.383736532466617770e-03
-6.632219192389349205e-03
-6.800735772991001529e-03
-6.909470409420122826e-03
-6.975525204191567949e-03
-7.008387910517156066e-03
-7.017668270054264884e-03
-6.989141272990993456e-03
-6.936827734958597898e-03
-6.885154500369536704e-03
-6.831044786224997958e-03
-6.782666576585392841e-03
-6.787244639991660798e-03
-6.825854116553825741e-03
-6.866966552124077749e-03
-6.895580142449610379e-03
-6.899777970125022149e-03
-6.873202142635957863e-03
-6.947157825335783035e-03
-7.774334038640829184e-03
-9.887077829197458284e-03
-1.221729315963485107e-02
-1.427086518265132872e-02
-1.605904632763776110e-02
-1.754835576828662688e-02
-1.889686819172758936e-02
-2.023214883116534676e-02
-2.145525370748413430e-02
-2.245407786446097786e-02
-2.312781710464469412e-02
-2.348629806245311480e-02
-2.364594916228153140e-02
-2.384097912952574255e-02
-2.408609551086352690e-02
-2.430377522541465191e-02
-2.442459773670108136e-02
-2.444195167495931062e-02
-2.443079784068952903e-02
-2.471569215660230148e-02
-2.561891807514854111e-02
-2.659125442505360856e-02
-2.732738032393454419e-02
-2.780139577140191068e-02
-2.811563249048341928e-02
-2.831346716620190135e-02
-2.838069827580654014e-02
-2.834157050600922059e-02
-2.827097883430775699e-02
-2.835594849381774599e-02
-2.858651637363616299e-02
-2.875629248500446988e-02
-2.876381647634776439e-02
-2.860962217929342508e-02
-2.831807045270574516e-02
-2.791514111205760026e-02
-2.746306212011336706e-02
-2.705804421375499966e-02
-2.668085080162162573e-02
-2.627901165129603936e-02
-2.584817805896290344e-02
-2.541178573242947394e-02
-2.496324157148237938e-02
-2.447854579909354913e-02
-2.396053413581433755e-02
-2.346990742770423480e-02
-2.304391498686008885e-02
-2.261921126074618177e-02
-2.218409629788254886e-02
-2.176797370146260971e-02
-2.135763501058673963e-02
-2.092164393193874858e-02
-2.044541513457165047e-02
-1.990213511887403697e-02
-1.930173820391128600e-02
-1.867083053012174448e-02
-1.801019757214423686e-02
-1.732795145286510075e-02
-1.663609105310913383e-02
-1.597148337746070318e-02
-1.534065535672273980e-02
-1.471114340496598380e-02
-1.405618333601781240e-02
-1.337082795308512477e-02
-1.264097314785402049e-02
-1.186444114018003586e-02
-1.106872058883156228e-02
-1.027910304138800884e-02
-9.519956950803931672e-03
-8.804323339999730810e-03
-8.126780122048935309e-03
-7.487076861229977585e-03
-6.850129727207171157e-03
-6.181512534643938614e-03
-5.453431477883735959e-03
-4.645239208444451595e-03
-3.803393114037724974e-03
-3.016236855770003736e-03
-2.363867382833185257e-03
-1.947865639774428977e-03
-2.094184399372968092e-03
-2.864496050971737044e-03
-3.778200012580428240e-03
-4.505901313259918529e-03
-4.998900199899432642e-03
-5.432846205198871639e-03
-5.869432028033092288e-03
-6.123372109453689358e-03
-6.098377085601622456e-03
-5.849745284885268098e-03
-5.494418676309370531e-03
-5.156048802893056608e-03
-4.945863246824399456e-03
-4.665584497978960549e-03
-4.180084369947378864e-03
-3.503776523348283226e-03
-2.660039209179188621e-03
-1.645679077110057857e-03
-6.209844294207257469e-04
-1.092128342521323523e-04
-1.167512480620590335e-04
-5.035825042309153264e-05
3.286121869066706324e-04
9.685079561058767238e-04
1.847620631399070519e-03
2.976130419689051315e-03
4.338947215537425697e-03
5.740400146143737406e-03
6.543279694760171204e-03
6.422338014285554168e-03
6.293937154970693712e-03
6.603973002248255363e-03
7.387823579178089996e-03
8.551360454493098576e-03
1.000363389054341294e-02
1.172018699148886373e-02
1.366938741205298187e-02
1.574102228415819038e-02
1.788093389334726585e-02
2.002951511216992386e-02
2.214516204631760549e-02
2.423123282613646318e-02
2.626857561370216781e-02
2.826152703423085583e-02
3.026092882600249848e-02
3.232940548476735676e-02
3.450252316425095334e-02
3.679756665678586558e-02
3.920995913742347794e-02
4.174522474716771403e-02
4.444363521948278134e-02
4.728308730961460621e-02
5.025416752262021336e-02
5.335327605732782114e-02
5.657516719386471854e-02
5.990000325820676180e-02
