-3.992125738436337428e-06
-2.352413877297042727e-05
-4.387673456294624103e-05
-4.293168776605098546e-05
-2.760484683873539171e-05
-1.167024145418305855e-05
-1.206138489098988568e-04
-7.446304617897979471e-04
-1.932674723731409114e-03
-3.201396912286370161e-03
-4.255339698934946721e-03
-5.039462043391167156e-03
-5.627366801294270485e-03
-6.178971668422283785e-03
-6.682565723706946487e-03
-7.095569405474172822e-03
-7.404761785675935924e-03
-7.622874063657362337e-03
-7.770348384905744268e-03
-7.865327857374546441e-03
-7.918589801580855694e-03
-7.941113604616287236e-03
-7.919498365042942564e-03
-7.868220068278466636e-03
-7.813049458014181131e-03
-7.752338047547869399e-03
-7.695141411668584598e-03
-7.690706661686660603e-03
-7.722295409589909412e-03
-7.758494682962999850e-03
-7.783379016842928086e-03
-7.783856809953901279e-03
-7.752314669948527810e-03
-7.821052865207185623e-03
-8.660195296178551175e-03
-1.084540323158557883e-02
-1.332518774587009881e-02
-1.557609423277295235e-02
-1.758200578689813123e-02
-1.929052335686953432e-02
-2.084877809009032593e-02
-2.238421861252423012e-02
-2.379817545272787382e-02
-2.497343906133540209e-02
-2.580098096522542850e-02
-2.628286272467432461e-02
-2.653294639927780002e-02
-2.679205019732846041e-02
-2.708549545846223455e-02
-2.734093809351012538e-02
-2.748914588128466285e-02
-2.752199986659083566e-02
-2.751477190170987380e-02
-2.780062895978533191e-02
-2.872473185846009802e-02
-2.974821746509857118e-02
-3.055069098728505073e-02
-3.108986771826066642e-02
-3.145906266833292664e-02
-3.169902723265850819e-02
-3.179402272619690634e-02
-3.176731427924454898e-02
-3.169515489574644546e-02
-3.177166626079246797e-02
-3.199652678651764004e-02
-3.216437152838177993e-02
-3.216702471490885673e-02
-3.199861463144475227e-02
-3.167986496576451205e-02
-3.123533408273141895e-02
-3.072807123143482186e-02
-3.025868171840811333e-02
-2.981286538483899837e-02
-2.933951201845599877e-02
-2.883389998553570130e-02
-2.831985890397001326e-02
-2.779154463066482728e-02
-2.722467118491541868e-02
-2.662126845010861359e-02
-2.604295269063837751e-02
-2.553016779601584643e-02
-2.502101391516498366e-02
-2.450271538902774188e-02
-2.400465409621532764e-02
-2.351409611589477811e-02
-2.299873637544106245e-02
-2.244240224508541395e-02
-2.181628197601898772e-02
-2.112844474769418751e-02
-2.040521173782100517e-02
-1.964778274649287004e-02
-1.886467106272175440e-02
-1.806858645828938667e-02
-1.729800363966799148e-02
-1.656168797239702950e-02
-1.582803991575624028e-02
-1.506944280185831125e-02
-1.427973498605781058e-02
-1.344361689060081730e-02
-1.255761497012490048e-02
-1.164893385101833413e-02
-1.074391696753934991e-02
-9.868729390558559147e-03
-9.038530077746747757e-03
-8.249459662364014984e-03
-7.502241894135708820e-03
-6.761731779601950695e-03
-5.991787296987717559e-03
-5.162117167307377075e-03
-4.249181989147120427e-03
-3.297932614499142923e-03
-2.398830786600603029e-03
-1.637322881130662006e-03
-1.122067430799567490e-03
-1.193523805966952619e-03
-1.933844890982859208e-03
-2.866135818958843572e-03
-3.643712760618438799e-03
-4.198020236081665725e-03
-4.694510443744853191e-03
-5.194122390062691150e-03
-5.507680866137954802e-03
-5.529023074965882557e-03
-5.306077971685024298e-03
-4.954914807950745737e-03
-4.603805384504876599e-03
-4.372999396893528269e-03
-4.068528361626904712e-03
-3.549594642111813039e-03
-2.824516045054239859e-03
-1.913786735016893489e-03
-8.125467266163544696e-04
3.176684597311408599e-04
9.365330136753585071e-04
1.011644745587608925e-03
1.133693052373157314e-03
1.559995363811989650e-03
2.254236410996225941e-03
3.203037165051405861e-03
4.422377736929390679e-03
5.901234974697120751e-03
7.442917382684810339e-03
8.390876402945841861e-03
8.381144148483855513e-03
8.318322120458387578e-03
8.674810307927513162e-03
9.512487059249306875e-03
1.075354023721554995e-02
1.231390705285788194e-02
1.417138661701954939e-02
1.629506011067392499e-02
1.857185673276771226e-02
2.094173918266480083e-02
2.333874676540827545e-02
2.571442055102688556e-02
2.806663238911647623e-02
3.037217446457544240e-02
3.263202920917651628e-02
3.489597883401591993e-02
3.722857394688967869e-02
3.966889077414587073e-02
4.223774020133388291e-02
4.493322981288097595e-02
4.776256866556483072e-02
5.076836696767238893e-02
5.393060584396938001e-02
5.724033983495327438e-02
6.069407778864433639e-02
6.428645763771040356e-02
6.799695349243123355e-02
