1.531498650236458825e-06
1.153207635374650217e-05
4.080462041003418954e-05
1.076313509669740026e-04
2.067262796065271531e-04
3.264686954625282836e-04
3.310822843562512860e-04
-2.129757084490565395e-04
-1.423539384886444688e-03
-2.840349168525708838e-03
-4.130344245987302779e-03
-5.187124568466618818e-03
-6.045888997005134831e-03
-6.853022269997544567e-03
-7.597225177261813719e-03
-8.228290065812830095e-03
-8.720662424209820601e-03
-9.080342230582766350e-03
-9.321369041736329158e-03
-9.459404023197561309e-03
-9.508534109300418452e-03
-9.482401982981321018e-03
-9.372200334342212572e-03
-9.194268044774947871e-03
-8.974642597106776906e-03
-8.716241243302500982e-03
-8.434735390686915607e-03
-8.186228323894989209e-03
-7.962303155827216150e-03
-7.734034432342379653e-03
-7.482225173973165201e-03
-7.190116390365481128e-03
-6.847485610967807973e-03
-6.590351442695025104e-03
-7.143495930136562963e-03
-9.224430193317421575e-03
-1.186167378275661266e-02
-1.447523022959949085e-02
-1.697354455974041387e-02
-1.923783914694356806e-02
-2.137185828559387199e-02
-2.348679435353835665e-02
-2.547626637830859020e-02
-2.720113813876668188e-02
-2.851653966138619628e-02
-2.938446558359551763e-02
-2.989710937492221290e-02
-3.030362221780073459e-02
-3.065140862948913594e-02
-3.087999729592394091e-02
-3.091638044138560540e-02
-3.074826093119678583e-02
-3.045366670598883413e-02
-3.039275561050156296e-02
-3.098312779957896126e-02
-3.172915904244208440e-02
-3.227835004102178051e-02
-3.254090033259267323e-02
-3.257339444393825972e-02
-3.240966169080958248e-02
-3.202459001439190989e-02
-3.143055545474911922e-02
-3.070908318166007747e-02
-3.007413224188860632e-02
-2.955513155268124290e-02
-2.896690198081029385e-02
-2.819115244405117834e-02
-2.719398354359390049e-02
-2.597627191116147136e-02
-2.456101367281077197e-02
-2.302703214797171410e-02
-2.148286627989011086e-02
-1.994626819865800982e-02
-1.836747649934089913e-02
-1.672510363859048763e-02
-1.504707528150067523e-02
-1.333108269605481726e-02
-1.154776629870884162e-02
-9.689753365778088975e-03
-7.818739077177110086e-03
-5.979889191471974945e-03
-4.131561277873752394e-03
-2.287432914535639759e-03
-4.895596954141796710e-04
1.283510358438415310e-03
3.086037656830899374e-03
4.952047497234394503e-03
6.929342794911452427e-03
9.018125755994454637e-03
1.118079998586380373e-02
1.342566079749777860e-02
1.575498467698253913e-02
1.815659873649585337e-02
2.058708805392125279e-02
2.302416818210955771e-02
2.548008964194269782e-02
2.795603678031541653e-02
3.045753115739220640e-02
3.302236833777174446e-02
3.566728869744342778e-02
3.835880056885374728e-02
4.107971043732747130e-02
4.380042475032430715e-02
4.650337523641052268e-02
4.919012327415419467e-02
5.185795456223204342e-02
5.455328991153477608e-02
5.733046976502780695e-02
6.023013113621160375e-02
6.327381311437149658e-02
6.642261998095065623e-02
6.958884496024678179e-02
7.267428690865526675e-02
7.554430554179540624e-02
7.781681788061549365e-02
7.932912717124422641e-02
8.052628036153569591e-02
8.178960710429802883e-02
8.324335588053059787e-02
8.475864392354696963e-02
8.628697551005137800e-02
8.804552591925396410e-02
9.017554348147131804e-02
9.266969732883717503e-02
9.541931784260385130e-02
9.827418555645409115e-02
1.010794402236484812e-01
1.040266408259320208e-01
1.072702545131848373e-01
1.108179076936757212e-01
1.146606663862876768e-01
1.188034730510876547e-01
1.230722744314062811e-01
1.268763366432332507e-01
1.300770359202650939e-01
1.332433767555259996e-01
1.366796710705497353e-01
1.403969116186352950e-01
1.444232622258954102e-01
1.487991863721531693e-01
1.535302780741115702e-01
1.584365020970333326e-01
1.628226417884412469e-01
1.661578247138707498e-01
1.692866219006667061e-01
1.727526522073004056e-01
1.766726691370452407e-01
1.810274864743257606e-01
1.858114610486556462e-01
1.910090837220660698e-01
1.965546252361477508e-01
2.023248134381345209e-01
2.082652999607027544e-01
2.143319863149713289e-01
2.204755270743905538e-01
2.266781551633651470e-01
2.329106006646228522e-01
2.391629344575628979e-01
2.454562383231344014e-01
2.518297538141204828e-01
2.583083033242774551e-01
2.649228983196839637e-01
2.716841090477658538e-01
2.786124575185273122e-01
2.857432279021866472e-01
2.930647908427433945e-01
3.005591415724545024e-01
3.082227169656575061e-01
3.160562881096015686e-01
3.240497574907845735e-01
