-6.869378044728390248e-04
-9.600761322003227658e-04
2.761141897108260884e-03
7.992236407516437047e-03
1.176172037236940769e-02
1.097194027396763277e-02
-4.726970911285194310e-02
-1.747415766762370759e-01
-2.602752998409105234e-01
-2.603434353750354591e-01
-2.250073489043210306e-01
-1.833728641614534305e-01
-1.639465570241795123e-01
-1.588750565295274364e-01
-1.438145177875011782e-01
-1.217174359690728069e-01
-9.832030910770700460e-02
-7.720168481198398658e-02
-5.911026166704574925e-02
-4.337144649427517040e-02
-3.063282653804231398e-02
-1.756675147822495120e-02
-4.023686294787146359e-03
4.350924073607978157e-03
9.876996615475412689e-03
1.594811110163307094e-02
1.380227326845227462e-02
6.174564937712162700e-03
3.767502077604184194e-03
5.554524951704151170e-03
1.011927854891683104e-02
1.756030222557598483e-02
2.503049314523481811e-02
-3.589967168104413187e-02
-2.819962450365064432e-01
-4.917284937586795524e-01
-5.161460088801580470e-01
-5.023861731731092961e-01
-4.715534738704681983e-01
-4.363622843557747877e-01
-4.311212642819782226e-01
-4.251978850259219289e-01
-3.934549990626583504e-01
-3.345427240250285483e-01
-2.578370949429152903e-01
-1.834600527386719970e-01
-1.461583393119389451e-01
-1.400048847297418464e-01
-1.281204771737858295e-01
-1.023339252412254347e-01
-6.842849530779010481e-02
-3.672164554191213737e-02
-3.772317090567809533e-02
-1.376353034838662948e-01
-2.261351469424269234e-01
-2.147208749548480400e-01
-1.693394370165107465e-01
-1.257949368978729943e-01
-9.406339239686190012e-02
-6.036666655774122064e-02
-2.420457692468586108e-02
7.007485279054894572e-03
7.974084298359728623e-03
-2.063328597248991619e-02
-2.839781841335445312e-02
-2.845040466270373075e-03
3.428375794390142728e-02
7.248959939074628434e-02
1.091615119500117526e-01
1.392398394914076964e-01
1.502001371880890002e-01
1.487858045056504874e-01
1.539023809056624670e-01
1.661295154176678224e-01
1.755291738898628606e-01
1.815591004971553457e-01
1.912046194969621582e-01
2.054309691041839026e-01
2.140220739355424284e-01
2.087943098087216010e-01
2.054540546636509091e-01
2.094763025375022680e-01
2.075611144932375807e-01
2.026798287890188011e-01
2.050174946182217739e-01
2.133497777846768417e-01
2.281852991120826846e-01
2.480335039579606715e-01
2.631361331260442804e-01
2.757775593891419463e-01
2.893600251464974460e-01
3.020295357134680780e-01
3.092113142184088614e-01
3.093320749186368457e-01
3.103597737485619401e-01
3.155196620879658909e-01
3.218081609905453222e-01
3.313344161869991034e-01
3.460746724583861900e-01
3.585275524394021529e-01
3.658386218509622756e-01
3.686746885315528299e-01
3.662371735718480403e-01
3.627573609252859876e-01
3.581527503146775260e-01
3.564121958568587378e-01
3.636239095253464004e-01
3.782732475365166436e-01
4.000042102975647773e-01
4.215829150977724593e-01
4.306999821717158450e-01
4.210551640722667299e-01
3.975954191319066022e-01
3.252130893493143660e-01
1.840313686764848689e-01
7.622277876784663841e-02
5.770198759116616782e-02
8.533424761787572477e-02
1.070566593964446256e-01
1.016983073218660355e-01
1.151424023157751886e-01
1.680886600118614849e-01
2.318882705869942384e-01
2.828112095181976038e-01
3.131527208619626634e-01
3.089269689325606083e-01
3.088450154250825253e-01
3.499442468981785459e-01
4.035960807674382478e-01
4.542325645026002445e-01
5.064808216814994379e-01
5.575242039974126484e-01
5.300645124517859852e-01
4.128871278834568281e-01
3.533291966812335816e-01
3.897067112935206357e-01
4.439115197224189346e-01
4.963256640932267039e-01
5.562320401405729253e-01
6.222443334044617247e-01
6.832889517000634294e-01
6.657085718067041746e-01
4.948788449011309876e-01
3.696031313374938398e-01
4.031470922104858912e-01
4.843606433615616491e-01
5.696430055005858861e-01
6.484961114096914336e-01
7.248839870001179131e-01
7.997563074497368030e-01
8.585087367809517422e-01
9.002883005729871435e-01
9.332580432855718255e-01
9.541941139805873995e-01
9.689088208242752076e-01
9.793521210819801093e-01
9.842091131004204740e-01
9.908068491272357114e-01
1.005918312685126992e+00
1.028777983369550286e+00
1.057999216965991085e+00
1.090877439832744766e+00
1.124579507597784245e+00
1.165559441931353968e+00
1.209990753756134518e+00
1.251704948346260338e+00
1.289775978880726814e+00
1.323252476766833663e+00
1.354621172018684039e+00
1.385941788151386689e+00
1.419228198172118649e+00
1.454714510109612391e+00
1.491972295759412592e+00
1.529778566861869304e+00
1.566263762874359422e+00
1.599943259731545941e+00
1.630245768724623012e+00
1.657619201511492779e+00
1.683450947522542540e+00
1.708436348210045086e+00
1.732813803766502181e+00
1.757645068721908066e+00
1.783948573660413039e+00
1.813087885533491983e+00
1.846420139573046848e+00
1.882000461614564690e+00
1.918242315609733906e+00
1.953656712443943899e+00
1.987493389927404097e+00
2.019535795816830070e+00
2.048897001186732680e+00
2.076392894332455441e+00
2.103438421485463561e+00
2.131337278940383051e+00
2.160848760522059209e+00
2.193476244181393753e+00
2.229166922022021158e+00
2.266836736785159179e+00
2.304778718474892241e+00
2.340129059172911585e+00
2.371335375278294411e+00
2.399238676788089109e+00
2.425170595686564123e+00
2.449786471979263247e+00
2.474416976910756460e+00
2.500777391669125826e+00
2.529636815198516686e+00
2.559282390123339024e+00
2.588369372416666092e+00
2.617071356130066029e+00
2.643944392629015816e+00
2.668081909960292819e+00
2.690244243309684702e+00
2.711510827160320325e+00
2.732732605307038654e+00
2.754514433907878868e+00
2.778417988291525642e+00
2.804997529197394979e+00
2.832872209670031616e+00
2.860010507561999038e+00
2.884877256370072640e+00
2.906992285677019616e+00
2.927190300517651167e+00
2.946540809146330986e+00
2.965056695171509382e+00
2.983030097851618656e+00
3.000835953716972870e+00
3.019063958466095432e+00
3.038817667860738592e+00
3.060406033132098358e+00
3.083152285071226739e+00
3.105766014534045993e+00
3.127394194880626088e+00
3.147241931595405440e+00
3.165301257425288561e+00
3.181388630366662529e+00
3.195569281298428876e+00
3.209279800472383926e+00
3.223264101795737524e+00
3.238382148335491095e+00
3.255752777026119205e+00
3.274832332290812609e+00
3.294989747680944880e+00
3.314130655430798988e+00
3.329755630450813353e+00
3.342161364327781659e+00
3.352015882463436292e+00
3.360384937062331101e+00
3.368252485259249696e+00
3.376614528265756920e+00
3.386888120400026736e+00
