1.174841954648129898e-02
1.918764482440518324e-02
5.798252102181601642e-02
3.410809026953719875e-02
3.322157303204347628e-02
-3.379211289151715092e-02
-8.095008250979993658e-01
-1.020216301444948348e+00
-7.961893204157116655e-02
2.975312190693779613e-01
3.370778238294150353e-01
2.637472780365797131e-01
-7.726844643339125795e-02
1.279216211942550696e-02
8.736829001801582617e-02
1.218924845597093853e-01
1.018029878340627192e-01
8.555799465604377319e-02
6.761846547246443129e-02
6.144394449117000084e-02
3.716414238497488254e-02
8.022823941974710493e-02
5.694170752307394640e-02
1.724101801380725080e-02
3.315968327696737494e-02
3.917818535727411039e-02
-7.723007440474061180e-02
-2.830474607802107787e-02
2.171097933579489714e-02
4.292190146444277432e-02
6.369925981206202292e-02
8.102446719263539654e-02
5.772389559167194484e-02
-9.258373712962771895e-01
-2.629701728622531043e+00
-2.227327233602797718e-01
3.334787551578711207e-01
1.458419943756736892e-01
3.762228561361726231e-01
7.783824187209714696e-02
-1.772060536285610666e-01
5.659491381172468416e-02
2.039088645101951036e-01
4.258116639273770709e-01
4.319949483244738264e-01
3.507676221438846831e-01
-1.279103677273739081e-01
-7.785288420538671872e-02
4.935825434437973724e-02
1.899323948269572571e-01
1.984832544372980845e-01
1.611119335601438607e-01
-2.718114349224131643e-01
-1.256181044515362943e+00
-1.681866532441428363e-03
3.690542510095691231e-01
4.215092616264271563e-01
2.477527124159779048e-01
1.779263671700351268e-01
2.507228557099677735e-01
2.205818580325608069e-01
1.752022481231036988e-01
-2.165519589939496337e-01
-2.243573697385778110e-01
1.557701873654959157e-01
2.899230538438932747e-01
3.053286360256897702e-01
2.882331161399376285e-01
2.682108075089292276e-01
1.678009177006165309e-01
-5.757190098532288802e-03
8.459799858230809821e-03
1.225701727972193511e-01
1.655579940198951550e-01
9.848697842424461446e-02
1.137856033714655657e-01
1.677092691876982955e-01
1.982690109405831347e-01
9.004588712290712005e-02
4.072900095047488067e-03
1.341143695530613855e-01
1.009058386779810024e-01
1.568014998035138774e-02
6.407704853312334858e-02
1.594723566567679274e-01
1.738468997397845939e-01
2.578489148836304867e-01
2.483905735181358432e-01
1.574330522364291995e-01
2.022654444596066747e-01
2.010682578011648847e-01
2.011328260118873945e-01
1.280500323506482130e-01
1.035603669793939974e-01
1.485253686433159748e-01
1.481732620860948535e-01
1.458142138964510504e-01
2.163890680423419810e-01
2.502294336062514946e-01
1.703371858695128527e-01
1.726983813450091998e-01
1.258944305391355711e-01
1.062175834863991475e-01
1.317357614724818937e-01
1.037786407828112933e-01
1.886961439477555236e-01
2.605846076221497998e-01
3.026768462213054178e-01
3.397958557720038852e-01
2.755443595397785161e-01
1.554459692663978099e-01
1.912582370351995076e-02
-2.209233061969678724e-02
-6.524601741125393151e-01
-9.848452321881724369e-01
-6.339169560013696580e-02
3.988090460861943298e-01
5.139959790205876899e-01
1.755798779889618244e-01
1.417584637964575123e-02
4.398097542048502451e-01
5.920996727054428366e-01
5.434977798744577981e-01
3.567770001398070101e-01
2.103547278943347365e-01
-1.448538606713178911e-01
3.285733654106705592e-01
5.447678686261268055e-01
4.938491434250462664e-01
4.714076604106567370e-01
5.107131172137793218e-01
4.447727479408174478e-01
-6.278827940064570790e-01
-8.331671572856693686e-01
3.801045033547897356e-01
6.912958161856073147e-01
5.418364937556201522e-01
5.706376912881664376e-01
6.126110932525580255e-01
6.226690164040753483e-01
5.236798472813462002e-01
-4.958196166939842775e-01
-1.699114953788576354e+00
3.193636609412139893e-01
8.730242256009319579e-01
8.671297859842386213e-01
7.311646379345237978e-01
7.084862052189018211e-01
6.824287658736803985e-01
6.136474600362764598e-01
4.095714521693358812e-01
4.040206138875434005e-01
3.795725932198205088e-01
3.224844430829779673e-01
3.499797476662238616e-01
3.148599884744001098e-01
3.192212780658792992e-01
3.612116999054375555e-01
4.352301029890852657e-01
4.532085427278569334e-01
5.098967892402896940e-01
5.085214926646715039e-01
5.299401553353257910e-01
6.060760420724815578e-01
5.694581110528916801e-01
5.473820926479986415e-01
5.543276190167333306e-01
5.720884338530294322e-01
5.591477468687665597e-01
5.687944922923320323e-01
