-4.025702201299747271e-06
-2.389593601830808980e-05
-4.508942942587630231e-05
-4.505035878426405516e-05
-3.016495874815500861e-05
-1.411653570067212380e-05
-1.237240502583019383e-04
-7.575250878658684392e-04
-1.977901716300211644e-03
-3.304890447852214946e-03
-4.434201530896545070e-03
-5.300192809974509783e-03
-5.969025953773813599e-03
-6.598558869347235720e-03
-7.177652518821325822e-03
-7.662959208394829608e-03
-8.039896519621808624e-03
-8.320164249463090494e-03
-8.523855028203342760e-03
-8.669320597829724417e-03
-8.767798682993498821e-03
-8.830876605899876802e-03
-8.845499400767311421e-03
-8.826294692745331738e-03
-8.799750398766431614e-03
-8.765055521633853194e-03
-8.731823452262041721e-03
-8.750597321294972114e-03
-8.806131878714163960e-03
-8.867314066969301037e-03
-8.917826254558173377e-03
-8.943936222092290292e-03
-8.937250572452898334e-03
-9.030558743791475620e-03
-9.904736992922075212e-03
-1.216361507198446615e-02
-1.476967237328464903e-02
-1.718528960898269009e-02
-1.937900927324730585e-02
-2.128660034492909151e-02
-2.304739984529103822e-02
-2.478746865542123465e-02
-2.640731027721797061e-02
-2.778577895073605641e-02
-2.880777689716781248e-02
-2.946922584204644466e-02
-2.988076945350373256e-02
-3.028580019960006031e-02
-3.071528694852113106e-02
-3.109986472985462255e-02
-3.137040897381727228e-02
-3.151776561665223936e-02
-3.161712445124850029e-02
-3.200669787723798426e-02
-3.304620761094959058e-02
-3.420483023284290325e-02
-3.515472448811258338e-02
-3.584405079060159344e-02
-3.636011166813934992e-02
-3.674120418934730126e-02
-3.696981362363347540e-02
-3.706781087604241881e-02
-3.711152934504199918e-02
-3.729893149487627929e-02
-3.763562674150335019e-02
-3.791736942829077028e-02
-3.803221460041066038e-02
-3.797019950285477480e-02
-3.774929609644420148e-02
-3.739253203345526549e-02
-3.696280355024639253e-02
-3.656291670684418127e-02
-3.618141975234926561e-02
-3.576810973065085164e-02
-3.531810927363358138e-02
-3.485549614997111162e-02
-3.437489191412006206e-02
-3.385185206908948585e-02
-3.328787253200621993e-02
-3.274504061262235866e-02
-3.226575801638441321e-02
-3.178917469362350229e-02
-3.130204047119153343e-02
-3.083381111272889136e-02
-3.037212153308479698e-02
-2.988421593239935434e-02
-2.935295831843342737e-02
-2.874821316345798489e-02
-2.807669883567598737e-02
-2.736428581125437132e-02
-2.661217782501105675e-02
-2.582893965473380404e-02
-2.502755916521867338e-02
-2.424740181994070390e-02
-2.349861750676927874e-02
-2.275025836498506884e-02
-2.197430733022348939e-02
-2.116389404369916488e-02
-2.030293389751661182e-02
-1.938703250128629221e-02
-1.844303666861786886e-02
-1.749776663006256602e-02
-1.657841147355430117e-02
-1.570146857751157643e-02
-1.486418304029623466e-02
-1.406808663286712897e-02
-1.327822001029088303e-02
-1.245755929225420867e-02
-1.157431593668042588e-02
-1.060304699050568060e-02
-9.587504512638709425e-03
-8.619157237589292544e-03
-7.786653986329595406e-03
-7.203236866822865236e-03
-7.218983624620656410e-03
-7.930248237138023612e-03
-8.864943037616274807e-03
-9.667988552743110586e-03
-1.025944956506461003e-02
-1.079819084563625464e-02
-1.134403597336416068e-02
-1.170491164623769023e-02
-1.176792693571048279e-02
-1.157535372589623378e-02
-1.124139438823057793e-02
-1.089601917365011323e-02
-1.066439730366337303e-02
-1.035514900372530925e-02
-9.824064549115420208e-03
-9.075348458162282861e-03
-8.127021625893040419e-03
-6.972398349334271023e-03
-5.772910140144383966e-03
-5.078816456731661926e-03
-4.939184777156321177e-03
-4.766823256568554490e-03
-4.294464999572718440e-03
-3.549114135392311426e-03
-2.538279666623508186e-03
-1.241332740409782686e-03
3.344654907379970496e-04
1.993154141878985576e-03
3.067296230337118040e-03
3.168502058511452751e-03
3.191521015869728823e-03
3.622470459318751033e-03
4.539079083865331897e-03
5.874678699792171624e-03
7.551227700899321854e-03
9.549772092899855985e-03
1.184155981959047338e-02
1.431329509536493835e-02
1.690251317580834800e-02
1.954008494150733313e-02
2.217367774898645200e-02
2.479778325189954669e-02
2.738646889191829678e-02
2.993830136237318404e-02
3.250198934438346815e-02
3.514292485609980116e-02
3.790222524987920533e-02
4.080301815445396690e-02
4.384541968880485002e-02
4.703815059381098035e-02
5.042580598052515128e-02
5.399028722667277569e-02
5.772364072760288733e-02
6.162311108754672112e-02
6.568389898012085004e-02
6.988564584901603427e-02
