1.208688072096552116e-02
2.023553307787162581e-02
6.080438103114955972e-02
3.833310501488311484e-02
3.786638466705509465e-02
-3.079657299052608946e-02
-8.314704517734234912e-01
-1.082747034123894947e+00
-1.478097854250924881e-01
2.570562596986621373e-01
3.250931020268778004e-01
2.701008183145976460e-01
-6.973323460564848086e-02
1.617376125574826462e-02
9.205899052460268794e-02
1.301549831172319760e-01
1.127387407969523830e-01
9.745152526020978145e-02
7.932861401519025746e-02
7.248603896917324430e-02
4.694271104781358450e-02
8.986718537998286682e-02
6.680016791401413578e-02
2.561728356693095121e-02
4.011601305574446358e-02
4.570547870918170719e-02
-7.419883630738405289e-02
-2.884955557609561114e-02
2.123503247861818766e-02
4.421671218153872679e-02
6.728700120782471483e-02
8.716138438146181500e-02
6.534583229213625222e-02
-9.460266661220555484e-01
-2.740044753051593673e+00
-3.639523288862485106e-01
2.402159231079533108e-01
9.229343975688447665e-02
3.523225822041121114e-01
7.081018831099072930e-02
-1.866194129807361990e-01
4.659026017992118351e-02
2.029294713618780555e-01
4.407217618528591618e-01
4.630037810761894468e-01
3.907444546714542444e-01
-9.724246561966401470e-02
-6.270280686166079809e-02
5.866232403447708271e-02
2.021286168149817042e-01
2.160837007686817468e-01
1.815985552224640975e-01
-2.625807548486450704e-01
-1.292652283994295992e+00
-5.544220000951766147e-02
3.418529722326985043e-01
4.222717813120511199e-01
2.639236520236329375e-01
1.988720262995029020e-01
2.755617887709145286e-01
2.489249656703570457e-01
2.040613480907337018e-01
-1.995497107236905154e-01
-2.244008113479382116e-01
1.547830711782159363e-01
3.006102660091352630e-01
3.275080726290037214e-01
3.182320131037614797e-01
3.027157408818083595e-01
2.021628506181027407e-01
2.136652423453672123e-02
2.722627318397341512e-02
1.392416550328788860e-01
1.846094050442291246e-01
1.182495091516617136e-01
1.330371504071191091e-01
1.885525240502051170e-01
2.223403798443381318e-01
1.139611833090882764e-01
2.305654186497352320e-02
1.515855450242364899e-01
1.193147066004946466e-01
3.158375354540415847e-02
7.779210718511264666e-02
1.755372215708048689e-01
1.941009446801442717e-01
2.837717465798864636e-01
2.798713394058586212e-01
1.899826572854738105e-01
2.348967936530387823e-01
2.347966438183100579e-01
2.356710758604457223e-01
1.611226915798139592e-01
1.333699261206303666e-01
1.769077280234669924e-01
1.766264045981529307e-01
1.743021038371154741e-01
2.469428764163796863e-01
2.848156278743816938e-01
2.062248750890810500e-01
2.078511036337490903e-01
1.593220505391133579e-01
1.369212390204769259e-01
1.609257939821923111e-01
1.317477952576036060e-01
2.177040225963170483e-01
2.943236440114341823e-01
3.425509377688270019e-01
3.859804015676310263e-01
3.251451207306949032e-01
2.026160396253207097e-01
5.812568122033168194e-02
7.144953164655298838e-03
-6.489650679488738749e-01
-1.022676969365234001e+00
-1.106306546138741409e-01
3.787602705185659779e-01
5.261729867622009227e-01
2.027464493387114708e-01
3.952386211049532805e-02
4.726218562288742597e-01
6.439663083033283497e-01
6.105738218161351760e-01
4.280087973826138259e-01
2.762362916384060174e-01
-9.599622460248397049e-02
3.715565677684044554e-01
6.005537610151996386e-01
5.619010047833600252e-01
5.462659230511165420e-01
5.910514085722415878e-01
5.280333448954864783e-01
-5.747973800850378900e-01
-8.305164630934811498e-01
3.784112631666493587e-01
7.225238913444993472e-01
5.983695528974879441e-01
6.421916917591683482e-01
6.964965492674365377e-01
7.164411409778616013e-01
6.218300317109428654e-01
-4.260161877569110800e-01
-1.706022177414240781e+00
2.909958102589071394e-01
8.906209991251112790e-01
9.284886862139870578e-01
8.186929559570312875e-01
8.105215720542893187e-01
7.934089835447220018e-01
7.284620737184198669e-01
5.198645053222357149e-01
5.067385498837646551e-01
4.764641800205193789e-01
4.133738420363048949e-01
4.364383146315002904e-01
3.980326953548447566e-01
3.996295327424350674e-01
4.411675448607217387e-01
5.180811128333515647e-01
5.403619197190094869e-01
6.021990658436016108e-01
6.057556984352767682e-01
6.313334831511554501e-01
7.131896805534037043e-01
6.813484053076455105e-01
6.613210929928736714e-01
6.696016718568653658e-01
6.891651581800066761e-01
6.777074865275660720e-01
6.885867067751449966e-01
