-6.720983640656567329e-04
-8.886645295464267293e-04
2.785109713352988247e-03
7.666944185495402214e-03
1.091601088612009253e-02
9.612071183588932061e-03
-4.764508524137466006e-02
-1.683645209354382166e-01
-2.417009726144880855e-01
-2.304566612304625173e-01
-1.879425300210264549e-01
-1.433221570864092465e-01
-1.236515620028722229e-01
-1.188474262467059950e-01
-1.046097088187709773e-01
-8.428108299528694336e-02
-6.361303517986570399e-02
-4.588230480552558943e-02
-3.151222311358183731e-02
-1.957202310105474186e-02
-1.055351231555080004e-02
-1.010691697622651680e-03
9.042986249113720357e-03
1.412872627623740565e-02
1.680826551277881525e-02
2.038947348043928381e-02
1.618186370633590068e-02
7.412153321830877370e-03
4.447890281032007911e-03
5.811949385491914713e-03
9.865673996073642121e-03
1.655733586107634159e-02
2.298883291124262720e-02
-3.766770704862912322e-02
-2.746183962198364137e-01
-4.611421497746159837e-01
-4.623930526023801724e-01
-4.314426752136041876e-01
-3.888102160127724360e-01
-3.470902728705090867e-01
-3.381225826217215125e-01
-3.294189811098998666e-01
-2.967953452854833474e-01
-2.399265869004307827e-01
-1.689946680936563195e-01
-1.035540306351772771e-01
-7.654731064703455823e-02
-7.906774506652480827e-02
-7.418372950209996264e-02
-5.478823907131802340e-02
-2.756368651739019363e-02
-2.875507816736903172e-03
-1.029690716648890350e-02
-1.122600982804542458e-01
-1.951956691262855537e-01
-1.779155215630786879e-01
-1.300774763882441010e-01
-8.752351489739110257e-02
-5.871968304175409492e-02
-2.910911940814093699e-02
1.811211320587414325e-03
2.706075407720905449e-02
2.238184648217868972e-02
-9.362491124583663393e-03
-1.814026873104136392e-02
5.929974397981527257e-03
3.996009977998569301e-02
7.354903422500284893e-02
1.045013865717151075e-01
1.282391052865960723e-01
1.331490881046150654e-01
1.270595613050271022e-01
1.285967344487455033e-01
1.375560020215748636e-01
1.437978853888797759e-01
1.470413079036457793e-01
1.541414181087314150e-01
1.657153825005375225e-01
1.715473291274205170e-01
1.641639176339752537e-01
1.596113924552547692e-01
1.625999505874923812e-01
1.598038749467855235e-01
1.545409883063623147e-01
1.566880965961627847e-01
1.645044607026562022e-01
1.782892920314707030e-01
1.962415728172063056e-01
2.088301910059055522e-01
2.188148133585807731e-01
2.295837915211483837e-01
2.393557131625647649e-01
2.437188996772456095e-01
2.415417751192903140e-01
2.408537934675772652e-01
2.445162042010456671e-01
2.493148545423465312e-01
2.572757092238117660e-01
2.700864725055152626e-01
2.802126144008760811e-01
2.852147818805300661e-01
2.859949245147730967e-01
2.820158820040340464e-01
2.775860018300090881e-01
2.724784887528807209e-01
2.706114175959172807e-01
2.775449789439385362e-01
2.913029730118086857e-01
3.112662040225234183e-01
3.301343579951954155e-01
3.362593009166114921e-01
3.243885759134769731e-01
3.003320841609844472e-01
2.300401762630584490e-01
9.712230360984189237e-02
3.789912482267496219e-03
-4.181503884811274205e-04
3.741452096654841047e-02
6.501122095592190564e-02
6.369840091084116862e-02
8.028562406964290243e-02
1.333980675302076369e-01
1.936504983591346707e-01
2.383841524657475675e-01
2.616751813885613287e-01
2.512650807301740064e-01
2.471793672757406080e-01
2.838566206017004157e-01
3.311486080383701514e-01
3.738811954096474821e-01
4.171357374870725554e-01
4.582516589243872396e-01
4.220314690980147554e-01
3.032837096101170249e-01
2.487168975532148274e-01
2.888939981353664255e-01
3.429039347174850372e-01
3.920551407113843090e-01
4.461335193154858936e-01
5.039478836588927591e-01
5.549328107442647040e-01
5.279503093918953560e-01
3.557956788402242276e-01
2.404362961162013201e-01
2.831283677073852534e-01
3.673681743164001756e-01
4.497906231795584242e-01
5.215825082585455741e-01
5.880294179932255005e-01
6.508697309925399743e-01
6.964573090705394875e-01
7.254553071744491710e-01
7.465594524532283005e-01
7.569610046482552201e-01
7.627586279763071131e-01
7.657019628183288074e-01
7.644921359112931691e-01
7.662244934947735064e-01
7.770316932687744149e-01
7.954690799207975171e-01
8.197999492254431919e-01
8.470863575522129540e-01
8.745864980553540446e-01
9.087005558281046058e-01
9.453045400825029754e-01
9.785680127844766929e-01
1.007876705496624004e+00
1.032565864582413617e+00
1.054946259003703313e+00
1.076539111197668541e+00
1.099178360433585189e+00
1.124293506043646307e+00
1.152152991308158292e+00
1.181115550261111702e+00
1.209051935881290785e+00
1.234350750385537543e+00
1.256492616478211310e+00
1.275959579968970914e+00
1.294095349483977975e+00
1.311466604449790685e+00
1.328246024684343274e+00
1.344543316390796939e+00
1.360630435506227309e+00
1.378038195981050595e+00
1.398198200305574401e+00
1.419198043098029549e+00
1.439637142393894953e+00
1.458217691224616086e+00
1.474444765146504466e+00
1.488286119473354319e+00
1.499075725619191779e+00
1.507219531832600490e+00
1.513811403143919376e+00
1.520358957055866433e+00
1.527768703118063565e+00
1.537585207142548649e+00
1.549705299071472364e+00
1.563060699208307369e+00
1.576032285293045065e+00
1.585992066945777434e+00
1.591673693924253508e+00
1.594379565265285015e+00
1.595706437889102380e+00
1.596265241743327623e+00
1.597301885925354492e+00
1.600379949121909062e+00
1.606075985449707533e+00
1.612533200345315665e+00
1.618415045422662901e+00
1.623934094338607359e+00
1.627691306888925604e+00
1.628851170863138575e+00
1.628233179728186597e+00
1.626943146901649762e+00
1.625781946267423450e+00
1.625309137504124868e+00
1.626973953979121257e+00
1.631152601232766397e+00
1.636370323735308885e+00
1.640615344335970560e+00
1.642497694759165849e+00
1.641653123552906379e+00
1.638999573001537868e+00
1.635657681881137471e+00
1.631645383251145054e+00
1.627246999081780165e+00
1.622829495315163628e+00
1.618941393051015254e+00
1.616584485663848492e+00
1.615966228329693166e+00
1.616322080701235064e+00
1.616368321369243688e+00
1.615359036254186309e+00
1.612643864362482082e+00
1.608398043559587487e+00
1.602550378117709506e+00
1.595268506012609500e+00
1.588000385359550570e+00
1.581429615087645457e+00
1.576335900127121548e+00
1.573707471860026574e+00
1.573154677233800980e+00
1.574217103485673341e+00
1.574725235409040636e+00
1.572296288031633349e+00
1.567365531878302631e+00
1.560645711332427021e+00
1.553219852204641871e+00
1.546006830812594490e+00
1.539892268103303152e+00
1.536131266359448633e+00
