-7.581081304119032778e-06
-4.488996084863519756e-05
-9.164265013536866450e-05
-1.227438553277780870e-04
-1.463891214405187440e-04
-1.772451682796347214e-04
-3.322567544312837870e-04
-9.686435976916719145e-04
-2.088939707110848767e-03
-3.208255421709971765e-03
-4.075183881882836305e-03
-4.677451390574879735e-03
-5.111963174261897197e-03
-5.538996763626534425e-03
-5.938192390930037597e-03
-6.267829156804009816e-03
-6.519481255278750109e-03
-6.706614542542661470e-03
-6.850301175656268657e-03
-6.966801662366825347e-03
-7.062098037745468369e-03
-7.144018573804539717e-03
-7.195664179946366888e-03
-7.230639740426316256e-03
-7.274349495567129266e-03
-7.321835752175209766e-03
-7.378369641165252908e-03
-7.489277069852972278e-03
-7.633218838069221433e-03
-7.779433110900756121e-03
-7.916194853808017004e-03
-8.033839110298052893e-03
-8.126850610079994902e-03
-8.323763406418230315e-03
-9.250897977211389178e-03
-1.138148112833530998e-02
-1.363029363680501142e-02
-1.555103346834564582e-02
-1.719623994977195064e-02
-1.855856825734386595e-02
-1.980535781843811849e-02
-2.106095993279298931e-02
-2.222129292333543601e-02
-2.317862311634399236e-02
-2.384325374008632037e-02
-2.423682797020290311e-02
-2.447654186368086043e-02
-2.478484517571339502e-02
-2.516305555900312518e-02
-2.552913408753045704e-02
-2.581787779966705776e-02
-2.602495160951177888e-02
-2.622316428941139088e-02
-2.672398296078351901e-02
-2.781969088032757234e-02
-2.895160092620936015e-02
-2.984109307697158445e-02
-3.048738907031741524e-02
-3.100675277177124961e-02
-3.143784795062680437e-02
-3.176617061847136769e-02
-3.201753719552534461e-02
-3.225959995746955494e-02
-3.266851046802936309e-02
-3.322190627030544019e-02
-3.370638059104980044e-02
-3.402945887951639575e-02
-3.420790740860837204e-02
-3.427381733238822614e-02
-3.424891105066523583e-02
-3.418310128369086293e-02
-3.416999503810701916e-02
-3.417376683110385366e-02
-3.414716384483929001e-02
-3.409904502269448662e-02
-3.405003125090022564e-02
-3.399224312087497507e-02
-3.390549756740479648e-02
-3.379779529241655478e-02
-3.372879783523021618e-02
-3.373355559485419208e-02
-3.373674107414616902e-02
-3.371243978474892239e-02
-3.368734385685927951e-02
-3.365864381979888353e-02
-3.360983034440536560e-02
-3.353491092362793219e-02
-3.341463170277250705e-02
-3.325847443082891042e-02
-3.308209907276051659e-02
-3.289176410365411002e-02
-3.270056390749660757e-02
-3.251862275793417079e-02
-3.237895021917192723e-02
-3.228038936115779078e-02
-3.218030163382986503e-02
-3.203849017841003260e-02
-3.185477704669648774e-02
-3.163178941412567863e-02
-3.137373912227740813e-02
-3.110184342728903109e-02
-3.084717838497506512e-02
-3.063116748206713702e-02
-3.046608286195401707e-02
-3.034590690676723657e-02
-3.027016848325562309e-02
-3.021151060031980126e-02
-3.014495481077506672e-02
-3.004482367639700266e-02
-2.988460721389685215e-02
-2.971217031190725652e-02
-2.961653584026487443e-02
-2.967079744590992579e-02
-2.996444325822093802e-02
-3.080842122524149809e-02
-3.223253225209141842e-02
-3.375479537268684382e-02
-3.507358834187969399e-02
-3.616887732342681516e-02
-3.722856973167836675e-02
-3.831374017472518462e-02
-3.924834651880387132e-02
-3.994570947077515088e-02
-4.047342318779060394e-02
-4.094103350155378629e-02
-4.145266460832284366e-02
-4.210080780700752728e-02
-4.269141149357834342e-02
-4.309754290307595687e-02
-4.334016936158920086e-02
-4.344580989153054573e-02
-4.340711810479715854e-02
-4.337468015500977464e-02
-4.384849244229885312e-02
-4.478851105694852536e-02
-4.560870834194720447e-02
-4.610507878536125592e-02
-4.635328842718958869e-02
-4.639155650859552726e-02
-4.621328694330197745e-02
-4.583339231524118096e-02
-4.545060849985235740e-02
-4.567942597551179901e-02
-4.676138823957156493e-02
-4.777308565297560400e-02
-4.832294658244818547e-02
-4.839997863399477657e-02
-4.812178950121578230e-02
-4.761334525501098591e-02
-4.688406604497991764e-02
-4.593226208019404039e-02
-4.486094140579164474e-02
-4.373022233533752079e-02
-4.261543705387943470e-02
-4.155739552269410719e-02
-4.054403621266586266e-02
-3.959400884804831211e-02
-3.869914885757722717e-02
-3.779350775316429878e-02
-3.680294215520193285e-02
-3.568766741178625024e-02
-3.444054728102927121e-02
-3.307437942581226142e-02
-3.159039047349988111e-02
-2.994034305635775647e-02
-2.815021896804742463e-02
-2.622179228879681703e-02
-2.415887428079670912e-02
-2.197057059740205320e-02
-1.968268849327072662e-02
