1.371264238427977525e-02
2.581264140883273578e-02
7.630182999907859920e-02
6.435924597925496426e-02
7.056716656264355736e-02
-1.458210534038445125e-03
-9.208352366295657898e-01
-1.404851801168066183e+00
-5.804024064618128476e-01
-1.102010831609985947e-01
7.243348917766778694e-02
1.199967664952826946e-01
-1.806856664372570309e-01
-8.799404883405609334e-02
1.418362265306985504e-02
8.966582103392019276e-02
1.076192755857511840e-01
1.197097328941448269e-01
1.217136866351935659e-01
1.297284177900945856e-01
1.131504436396297830e-01
1.668247466371504950e-01
1.552001726670562687e-01
1.159396949132545651e-01
1.292684300270299236e-01
1.362326374161888509e-01
2.047613363844704576e-03
2.678650127787881446e-02
7.054520629434837820e-02
9.681654621582302944e-02
1.285802502256158941e-01
1.615328448155678165e-01
1.507118209125215824e-01
-9.894865912185432100e-01
-3.257343904319299099e+00
-1.192223966229829735e+00
-5.060681854640668442e-01
-5.302706761883217990e-01
-1.422726460616821342e-01
-3.173402315770318394e-01
-5.474197929063335799e-01
-2.884252057841536487e-01
-6.082200789460240342e-02
2.906603051664979898e-01
4.448500729827211120e-01
4.828149747294393501e-01
1.878668458544778541e-02
2.233994885095880178e-02
1.364671192328472671e-01
3.069215985743767861e-01
3.634602205385873419e-01
3.637994732279634658e-01
-1.132238101414193565e-01
-1.362909515410470673e+00
-2.747540225098800137e-01
1.877367115263096353e-01
3.833462229165671697e-01
3.155576362754583530e-01
3.038311074411177426e-01
4.306530125143824272e-01
4.539247503822660401e-01
4.442540571320102716e-01
1.235541489124717535e-02
-8.813622880701389717e-02
2.718231843942421899e-01
4.643480587633923573e-01
5.533601117777853240e-01
6.011582411014677607e-01
6.331575154042411446e-01
5.594371357108036680e-01
3.663561384223613104e-01
3.408862357587600367e-01
4.406863592514057570e-01
4.942613551215572221e-01
4.314727000135709645e-01
4.435916158943022380e-01
5.058298977761748194e-01
5.565202846496222211e-01
4.524376796797532907e-01
3.403854444733442897e-01
4.566922688873269465e-01
4.241045920333186836e-01
3.204351129358400385e-01
3.483612653258594261e-01
4.482970338314952730e-01
4.826224813482020704e-01
6.004527325971755758e-01
6.314384820362181072e-01
5.599309710146985752e-01
6.166424287411869098e-01
6.321454649383626556e-01
6.468854524691695085e-01
5.746215763565345469e-01
5.363490955647978176e-01
5.730266705522555348e-01
5.715625945060495150e-01
5.677213991877592125e-01
6.483935843801338361e-01
7.068551424971655228e-01
6.402978474430958133e-01
6.435511089666622331e-01
5.900002998878985938e-01
5.543300955998924362e-01
5.670214872124454963e-01
5.265324410787550757e-01
6.104670895764428007e-01
7.055005666529250430e-01
7.854069817085098659e-01
8.683498524426234155e-01
8.394013986674941918e-01
7.215076626734561183e-01
5.472608114243981969e-01
4.459555704603329063e-01
-3.492486988035918838e-01
-9.735650027009397078e-01
-2.053661362733607276e-01
3.282838151041640451e-01
5.919855751892196816e-01
3.456754677527331676e-01
1.913385910297290826e-01
6.715164218664493312e-01
9.582383694050704559e-01
1.042879124608423691e+00
9.367329843847999049e-01
8.110830734435903189e-01
3.941615595092106128e-01
8.412939864017234814e-01
1.137314576194692783e+00
1.179630302478549941e+00
1.229226775671679039e+00
1.336036528514895405e+00
1.324717016941149073e+00
1.119504589065601352e-01
-4.047764494238400013e-01
7.046298715288805692e-01
1.147388112975169738e+00
1.134290779748948541e+00
1.268161425571297407e+00
1.414798933795170521e+00
1.525681098905375732e+00
1.501323599847731005e+00
3.637345403930245524e-01
-1.290707385680373243e+00
4.924421782829367933e-01
1.215308825727303921e+00
1.437735205901173430e+00
1.481613667911160448e+00
1.596045108081320940e+00
1.684507467745134379e+00
1.702479668461944318e+00
1.531722154602038755e+00
1.525863935689669493e+00
1.496148782611609329e+00
1.421236146008458157e+00
1.429229246034872114e+00
1.374646001776442805e+00
1.357298043701861356e+00
1.387473012726168076e+00
1.469187738593801029e+00
1.507424495827757394e+00
1.594085046385004478e+00
1.627119870500989052e+00
1.682473086288593045e+00
1.804498227530226817e+00
1.813329784521222843e+00
1.822740998771083198e+00
1.855643148367471351e+00
1.900354886185116055e+00
1.911649843058808251e+00
1.942530696401980395e+00
