7.751720769150331238e-04
2.738090721847446282e-03
7.690530472493878333e-03
1.332434876659765663e-02
1.736822987770511584e-02
1.674062288035173957e-02
-3.925300720519878800e-02
-1.553087871893604477e-01
-2.210379544447609312e-01
-2.033096223701364724e-01
-1.571361431349433957e-01
-1.114626012064783289e-01
-9.229871964385526206e-02
-8.817375313104498791e-02
-7.479808203262076904e-02
-5.543380144831323852e-02
-3.606085903961907257e-02
-1.980105815102001579e-02
-6.644215828121777939e-03
4.083681024418030561e-03
1.194899136301211251e-02
2.041698196924865427e-02
2.921912829613761836e-02
3.342378386534566870e-02
3.575304736363756758e-02
3.895822253571540328e-02
3.450121387216140145e-02
2.608944098591146205e-02
2.375292669773421822e-02
2.589396456326403112e-02
3.080483704009016541e-02
3.814905478534465211e-02
4.493129900668992038e-02
-1.473866743370875337e-02
-2.454296100887681520e-01
-4.176820137519235976e-01
-4.059329069117338928e-01
-3.662779604606931083e-01
-3.179184925602272505e-01
-2.735039750786810719e-01
-2.632116039213701075e-01
-2.534040658488577180e-01
-2.208416241515641087e-01
-1.655758240348207400e-01
-9.780844670239939587e-02
-3.678891516632738085e-02
-1.469791851567777211e-02
-2.061128924279202745e-02
-1.767042016397912807e-02
6.110045002809781634e-04
2.682571683689170469e-02
5.013483964553409888e-02
4.152158062304570768e-02
-5.894289304600127538e-02
-1.357910585559551353e-01
-1.125648783094438110e-01
-6.108986198620968561e-02
-1.651093045690939926e-02
1.305564621758025304e-02
4.224354801427588485e-02
7.246139376916993502e-02
9.649287839389171506e-02
9.045631150665857378e-02
5.918210576554262803e-02
5.155780823699443460e-02
7.535334326140198657e-02
1.084380642695499525e-01
1.410828039163961878e-01
1.705866514976156212e-01
1.910976687958418352e-01
1.928453299452171921e-01
1.839232811094418940e-01
1.824464306174834460e-01
1.901828471848259483e-01
1.958814655033877250e-01
1.983827185892385048e-01
2.050804211890336903e-01
2.167937243437640105e-01
2.229533820145038758e-01
2.166678340654915880e-01
2.134908695502727161e-01
2.157148662844561027e-01
2.104006566905389231e-01
2.032228996080914785e-01
2.053071912040806968e-01
2.142454751148411829e-01
2.297502793526993714e-01
2.495670923327625579e-01
2.625262302548954096e-01
2.724716484663835536e-01
2.843512135435296018e-01
2.955850233240557290e-01
3.014095303447162366e-01
3.006988118757211725e-01
3.010067973653161588e-01
3.036721530068778874e-01
3.060136568017444714e-01
3.127496937899829077e-01
3.258050644758700432e-01
3.354481997041435237e-01
3.401868111810420481e-01
3.415732893704038209e-01
3.385585727923129395e-01
3.358344166234850658e-01
3.327179785136591961e-01
3.336012754536940017e-01
3.443833887250254411e-01
3.623257418504919336e-01
3.851263010176961821e-01
4.055122539425006778e-01
4.134995459540121709e-01
4.045344009654477380e-01
3.840532647973010638e-01
3.192448675688744908e-01
1.953627413601180529e-01
1.138459171605740311e-01
1.207428326216204023e-01
1.667747319240430737e-01
2.000047217064111482e-01
2.033616289105225350e-01
2.249872545115810252e-01
2.816404310922791532e-01
3.436771395820973907e-01
3.891425277668794092e-01
4.117270870330138055e-01
3.998375267689049384e-01
3.961143217509139336e-01
4.335932699359618114e-01
4.800797127266890341e-01
5.211176264175619854e-01
5.618756093315351308e-01
5.988139232630288467e-01
5.591308513178555595e-01
4.402954588450334605e-01
3.885236362936437260e-01
4.311231329157883541e-01
4.850632302845800936e-01
5.330848994795649443e-01
5.851401335951890159e-01
6.391325935719147644e-01
6.854026838106284103e-01
6.563303552696568843e-01
4.850393290789122291e-01
3.743105097509969448e-01
4.221481392093091034e-01
5.069610627699812078e-01
5.846279668487228687e-01
6.524378132464566660e-01
7.153984650489708663e-01
7.697786692623637128e-01
8.037614487830446741e-01
8.223554495628195848e-01
8.364192372814521770e-01
8.432802852092573520e-01
8.470589437803873745e-01
8.490841352293485578e-01
8.486268438832530459e-01
8.507701244561182152e-01
8.600910444156939505e-01
8.749019371659773059e-01
8.943690919873013012e-01
9.167846369266369200e-01
9.400169711755325119e-01
9.688250612489845981e-01
9.988771999813459423e-01
1.024263778225017019e+00
1.047581225924459680e+00
1.071250686548887554e+00
1.093933833182768156e+00
1.115328063213881782e+00
