-1.358709494695468405e-06
-7.496151357954410420e-06
-6.122381720376312810e-06
2.668461819689178996e-05
8.984070805800734765e-05
1.732049799281116273e-04
1.380894593365603637e-04
-4.935048015190257077e-04
-1.926879690855224205e-03
-3.755320561700892755e-03
-5.634936595255012060e-03
-7.420929480487547907e-03
-9.107442489658789525e-03
-1.081705044584752549e-02
-1.252626701688953730e-02
-1.416873514249728828e-02
-1.569985841333890880e-02
-1.710507821320789504e-02
-1.838262751835472580e-02
-1.953552876720281162e-02
-2.056618217644231444e-02
-2.148032354950810130e-02
-2.226049640367325916e-02
-2.291594102206692338e-02
-2.347184463655522038e-02
-2.393096832544980637e-02
-2.430768996038918869e-02
-2.466404067016553930e-02
-2.500087333334407441e-02
-2.529470087695730174e-02
-2.552926895921008715e-02
-2.568783864574524303e-02
-2.575721486327304730e-02
-2.587498126675022089e-02
-2.682266305045700669e-02
-2.949013714754702628e-02
-3.304507184095981098e-02
-3.691036661510720129e-02
-4.096194256516788590e-02
-4.503861464777297874e-02
-4.919904186107564026e-02
-5.353277542528706023e-02
-5.791105452686156480e-02
-6.215523568022460893e-02
-6.606528307025955060e-02
-6.954059991616480529e-02
-7.261625070688389194e-02
-7.551363240326677828e-02
-7.827870631181774175e-02
-8.084712073586022840e-02
-8.313410390630723845e-02
-8.510817650233605536e-02
-8.683157971741033154e-02
-8.867784491016525439e-02
-9.114219958178530756e-02
-9.379593856001572361e-02
-9.628076892601750147e-02
-9.847416769290351368e-02
-1.004036160296436359e-01
-1.020768571882577774e-01
-1.034466122993209503e-01
-1.045050098803777111e-01
-1.053157671259375844e-01
-1.060997654344293800e-01
-1.069135938149690240e-01
-1.075778069474309095e-01
-1.079584899864964032e-01
-1.080048637438769527e-01
-1.076998057400953279e-01
-1.070449105736564210e-01
-1.060993031880214099e-01
-1.049760303382412524e-01
-1.036961578044654081e-01
-1.022197000254689431e-01
-1.005362404811883104e-01
-9.867662922453039609e-02
-9.664424530987766881e-02
-9.441547005545555815e-02
-9.198690034034662233e-02
-8.942601121477318504e-02
-8.679394827204613139e-02
-8.405379829584415374e-02
-8.121179483014641376e-02
-7.831366017647176103e-02
-7.535419877533371114e-02
-7.229445565636910542e-02
-6.910713310783464514e-02
-6.574591496176732108e-02
-6.220349707594292898e-02
-5.850612014150992357e-02
-5.464795616004422540e-02
-5.062983075304175462e-02
-4.646369429132207046e-02
-4.219572242680735136e-02
-3.785273913121621481e-02
-3.342165031431258010e-02
-2.889107527347436338e-02
-2.425585310895797195e-02
-1.948722948028291588e-02
-1.456911542490851169e-02
-9.528874403933362131e-03
-4.391341201977077419e-03
8.076561976631604911e-04
6.039460754961573259e-03
1.129437020293595079e-02
1.655901394864525353e-02
2.186695057338877007e-02
2.726577912487815336e-02
3.280081338842046751e-02
3.851017481153757444e-02
4.436482728659554842e-02
5.027328105290206767e-02
5.612192740539533736e-02
6.175090425636054620e-02
6.671350461110324426e-02
7.074895179568208015e-02
7.423093901925094384e-02
7.753725134155894927e-02
8.082300359605942841e-02
8.398567628896204396e-02
8.698426897420283299e-02
9.005183486815435123e-02
9.337746854480886982e-02
9.700218998566301210e-02
1.008605423571468929e-01
1.048316952707905869e-01
1.087633746790733630e-01
1.128409166091764171e-01
1.172465046950240675e-01
1.220251497586163220e-01
1.272002031247556342e-01
1.328114210111717985e-01
1.387132533634488352e-01
1.442804317665784264e-01
1.492928047396691049e-01
1.542688747692490536e-01
1.595321289767605288e-01
1.651292881068971707e-01
1.711178376236473231e-01
1.775762696547417696e-01
1.845514714374034693e-01
1.918861796918659990e-01
1.988442997190091321e-01
2.047858818297239591e-01
2.104620995743509138e-01
2.164313590242358254e-01
2.228812389696828156e-01
2.298535731846380881e-01
2.373740065099980978e-01
2.454814526716423417e-01
2.541766275067471326e-01
2.633696801058181269e-01
2.730111548336711103e-01
2.830435782452481730e-01
2.934017852235359380e-01
3.040550530403365870e-01
3.149550530964723705e-01
3.260722401340200305e-01
3.374232457488267056e-01
3.490512118198386138e-01
3.609907964016476623e-01
3.732785339794659207e-01
3.859284882278121165e-01
3.989655550166034681e-01
4.124439696073882722e-01
4.263675853364599644e-01
4.407325215129948570e-01
4.555165708072627662e-01
4.707034754528462428e-01
4.862861650722666296e-01
5.022700306468265152e-01
5.186684702977287786e-01
5.354942674587266360e-01
5.527579253088701350e-01
5.704596630668347101e-01
5.885892564421860707e-01
6.071273622844199913e-01
6.260523632250932780e-01
6.453450815807072471e-01
6.649932657865800234e-01
6.849848033702138350e-01
7.053119870878400421e-01
7.259736931513681713e-01
7.469765816830926664e-01
7.683380079978862076e-01
7.900790314579064777e-01
8.122067507768093719e-01
8.347251279866617635e-01
8.576252913396965605e-01
8.808995636545084995e-01
9.045316580182093391e-01
9.285045907739027937e-01
9.528060018848336643e-01
9.774320610355778927e-01
1.002385051222288270e+00
1.027674412242306712e+00
1.053318703778023169e+00
1.079332433093675991e+00
1.105725820116354896e+00
1.132494177905636112e+00
1.159617499724870049e+00
1.187070141497336584e+00
1.214832268730503984e+00
1.242887433759007676e+00
1.271223803621294612e+00
1.299839183552550459e+00
1.328740654497559737e+00
1.357935432832158451e+00
1.387419506290373805e+00
1.417187325914373686e+00
1.447230363015921339e+00
1.477529375949095725e+00
1.508064525707959458e+00
1.538819747849631714e+00
1.569784903383338204e+00
1.600953691426215908e+00
1.632326383650301915e+00
1.663913348324020269e+00
1.695723550081984277e+00
1.727757299741051522e+00
1.760003292995838464e+00
1.792443332740968787e+00
1.825057724991441033e+00
1.857832573528413578e+00
1.890756425755132142e+00
1.923817557761178687e+00
1.957007215600322647e+00
1.990318602830901673e+00
2.023751232301734149e+00
2.057310573731335079e+00
2.091002378159281250e+00
2.124827756186596694e+00
2.158780884700348679e+00
2.192851776139032705e+00
2.227025250343916518e+00
2.261286922992368886e+00
2.295618192686474934e+00
2.330005233203400472e+00
2.364440924917665221e+00
2.398922200305713126e+00
2.433453851982320337e+00
2.468045091582497630e+00
2.502701092103778890e+00
2.537423452314722994e+00
2.572195992773559148e+00
2.606994749883171814e+00
2.641797717483620911e+00
2.676584972628784698e+00
2.711343464700809669e+00
2.746064319019092093e+00
2.780747625113674015e+00
