-6.391633985799928964e-04
-7.398529445468451883e-04
2.800403156225828201e-03
6.928990294729984664e-03
9.195374771266841274e-03
7.074289287292707951e-03
-4.760679651170192372e-02
-1.538070510314327177e-01
-2.036008689914401704e-01
-1.744772393149506828e-01
-1.248265858061796407e-01
-8.165697729369372770e-02
-6.748517151746967480e-02
-6.713846862630137857e-02
-5.708424553297399701e-02
-4.181559486439007101e-02
-2.717124984716767083e-02
-1.581914691420457930e-02
-7.629547368105513497e-03
-1.335116280398227114e-03
2.679972718712795091e-03
7.910261164076604762e-03
1.382181431978029423e-02
1.526171440000696246e-02
1.520782747338315227e-02
1.662678279387382746e-02
1.093948869756229333e-02
2.353737271621296478e-03
2.649778719571258684e-04
2.230098197641820681e-03
6.298385509930179774e-03
1.227518178381853745e-02
1.732679400626808280e-02
-4.170501507012538966e-02
-2.581820107781329643e-01
-3.979160132389571447e-01
-3.604791903455225599e-01
-3.082038332868988206e-01
-2.564290815031245452e-01
-2.153113359499690682e-01
-2.099656587297736021e-01
-2.040824254479032263e-01
-1.762798791057214876e-01
-1.284650297063126001e-01
-7.218886464789556201e-02
-2.524018147612195478e-02
-1.655340572705722713e-02
-3.147821222605756003e-02
-3.456364652406423293e-02
-2.190495934897253305e-02
-2.278339394578002969e-03
1.407751491865414512e-02
-2.218507717955831710e-04
-9.970111145738361214e-02
-1.656554150098722145e-01
-1.349470393814099500e-01
-8.350895442883296549e-02
-4.500393205608840125e-02
-2.328988129691078254e-02
-1.884321163731057791e-03
1.963950379716897579e-02
3.520935843225343753e-02
2.263512905188441726e-02
-1.104377952623392112e-02
-1.787479983148559937e-02
5.916163148442288300e-03
3.568232664632318973e-02
6.204557824967221746e-02
8.415424269020532755e-02
9.860079208756247771e-02
9.565129973714903144e-02
8.504077880725086080e-02
8.410219212202962868e-02
9.066714229708011663e-02
9.429547073008293090e-02
9.539681429349528008e-02
1.005127403241244388e-01
1.095587821083200686e-01
1.124971316737832100e-01
1.034830271507890254e-01
9.904477922647918209e-02
1.019910816782813590e-01
9.911187980362748395e-02
9.454017931096131422e-02
9.739179398876296467e-02
1.049005315824330098e-01
1.171587021786401478e-01
1.319249536075909890e-01
1.404332992083206777e-01
1.465262479683145658e-01
1.534211734589943921e-01
1.594289872245120143e-01
1.604203048846405133e-01
1.561043900568245268e-01
1.543893545876017515e-01
1.571870406324760994e-01
1.608756898870154217e-01
1.673954669852517063e-01
1.779017007398057126e-01
1.849709831688569617e-01
1.871709076587840803e-01
1.858141786330449463e-01
1.807875757214748580e-01
1.763707495617685694e-01
1.718853993779053679e-01
1.710587424817530677e-01
1.783103701612336611e-01
1.908863130597863167e-01
2.079024454667623700e-01
2.222111364702328007e-01
2.238034889408443695e-01
2.095492661201263096e-01
1.866218853053367432e-01
1.226798160618229466e-01
8.049909372715338685e-03
-5.699950106839593578e-02
-3.778473688341969783e-02
1.202469607778962335e-02
4.228483115764099243e-02
4.130876943088395564e-02
5.785757240537690166e-02
1.058159211090252266e-01
1.549407181089300645e-01
1.855579195218743094e-01
1.955567543659843810e-01
1.757267108538694833e-01
1.677845043888289422e-01
1.993807506220195147e-01
2.374870777080689555e-01
2.685161972532520980e-01
2.987867644202173434e-01
3.259910566260203479e-01
2.795203229874780870e-01
1.662613361092480924e-01
1.284651942466524810e-01
1.786162787219044146e-01
2.320478977154682987e-01
2.743013037893478612e-01
3.172310792726048545e-01
3.605507085988075566e-01
3.950430189840014594e-01
3.550497934094686281e-01
1.883891960665843857e-01
9.998217616691508491e-02
1.618838861827441578e-01
2.490398289870446591e-01
3.221068873541170774e-01
3.779194561922171181e-01
4.252382374358110728e-01
4.674337029434537660e-01
4.925961004425166712e-01
5.040814177530045237e-01
5.105685213274785417e-01
5.095679112142684763e-01
5.073905004266626717e-01
5.046904798069058451e-01
5.000476972402873033e-01
4.997757764763677835e-01
5.087606974778786650e-01
5.243991980413441611e-01
5.440394776461999760e-01
5.649684804335920463e-01
5.850309973089343751e-01
6.106397460600939686e-01
6.370841751717039037e-01
6.589714012342741123e-01
6.796466079291495488e-01
7.004925083240751693e-01
7.196696520578497180e-01
7.370621578800333751e-01
