-2.175949441145165041e-03
-4.848363430779437794e-03
-2.811893623043436059e-03
1.039186346971697136e-03
3.277906980937670637e-03
1.075050476316529759e-03
-5.818975729058846469e-02
-1.865147493988450478e-01
-2.727934693808046207e-01
-2.735626090679215694e-01
-2.389854747386625511e-01
-1.981158390237066080e-01
-1.793731631108858304e-01
-1.748191931304176883e-01
-1.601827228694078231e-01
-1.387897829831592211e-01
-1.161917683515741040e-01
-9.592768023575423686e-02
-7.901843461671706481e-02
-6.441243533542437283e-02
-5.272655898752334064e-02
-4.060963040731667417e-02
-2.776236234098685557e-02
-2.028437220882921624e-02
-1.592138462390789086e-02
-1.079909816826137708e-02
-1.376977422439263320e-02
-2.229598659376512762e-02
-2.558835817624626266e-02
-2.484445973069057678e-02
-2.155285966013819818e-02
-1.540438808696168935e-02
-9.140826093804649277e-03
-7.107942066760722377e-02
-3.179386263041552585e-01
-5.281985963708882847e-01
-5.530285758038078203e-01
-5.398455417584898663e-01
-5.102180557919119286e-01
-4.764331432349673268e-01
-4.726498374288971016e-01
-4.682050929295651920e-01
-4.376466955568916184e-01
-3.798555643662382408e-01
-3.046440088261447299e-01
-2.320355280379710061e-01
-1.963687233308212265e-01
-1.919416320232547046e-01
-1.820102422915676477e-01
-1.586081104831064126e-01
-1.274359478547184010e-01
-9.833544603334021250e-02
-1.017392059814342109e-01
-2.040142469858826080e-01
-2.949824557552403470e-01
-2.863379283341071502e-01
-2.440062185605689216e-01
-2.042300304402939748e-01
-1.762212344144306608e-01
-1.456356433419508656e-01
-1.128507058564457571e-01
-8.477980213127021825e-02
-8.639675130597576636e-02
-1.176953892944239966e-01
-1.275406105167671555e-01
-1.029605640086848906e-01
-6.708052005977985233e-02
-3.101682522291909772e-02
3.398882669448377580e-03
3.278027152935132638e-02
4.346004152584907049e-02
4.246997755973986460e-02
4.907626465679509886e-02
6.123977888911179973e-02
6.983853332913693424e-02
7.541822183256331746e-02
8.434372838900666691e-02
9.712380539535250823e-02
1.038721898996555620e-01
9.628832462667850922e-02
9.073339460509452503e-02
9.474164532725259935e-02
9.485061296100807948e-02
9.191929499768396183e-02
9.450328994474671562e-02
1.015352225306187101e-01
1.139293833639317688e-01
1.304362864243281683e-01
1.431806753138634147e-01
1.538416112912433797e-01
1.641610944396430238e-01
1.730578645154708939e-01
1.764307492821921564e-01
1.729996953093880518e-01
1.712877183797005820e-01
1.759219225161012257e-01
1.834308118015585964e-01
1.931214339156398507e-01
2.063322144243594503e-01
2.176893899466965654e-01
2.237525629785940828e-01
2.245689491036601537e-01
2.200064969126365733e-01
2.139122095059236839e-01
2.065397249592094142e-01
2.013512908863461792e-01
2.036762737623187269e-01
2.124292642136598463e-01
2.288610502336839714e-01
2.458685938138264471e-01
2.499420749649637064e-01
2.346774159544221527e-01
2.058720746759291620e-01
1.278045906990976088e-01
-1.903852966340752184e-02
-1.318986996184578486e-01
-1.555335239511055345e-01
-1.331249450443807991e-01
-1.168695065572369074e-01
-1.277402255467498804e-01
-1.205921189877326855e-01
-7.423815607248970827e-02
-1.736691580618490022e-02
2.632122329231166569e-02
5.073491391741247192e-02
4.238328422573620080e-02
3.809437877202827283e-02
7.436519733486514350e-02
1.236990543325525160e-01
1.701636216092909937e-01
2.186099372216503411e-01
2.672702429309935512e-01
2.378532330821804264e-01
1.200841881976185826e-01
6.109848798193596303e-02
9.727476316649988353e-02
1.510453669128802856e-01
2.021832059193091891e-01
2.601713890098998339e-01
3.247741766076017167e-01
3.844402578798923886e-01
3.635057324340428830e-01
1.914636826845670659e-01
6.817611660604303014e-02
1.020896028426530322e-01
1.839605968461641705e-01
2.717248925592722353e-01
3.500665148844325225e-01
4.237840713923719527e-01
5.000379043009507418e-01
5.633569443771015983e-01
6.094076086085631339e-01
6.436994336082187962e-01
6.629648636845915100e-01
6.755384332419326343e-01
6.833727814697954095e-01
6.846938900491367219e-01
6.885226645846797000e-01
7.032937899434202889e-01
7.285037343776078478e-01
7.606361928190956689e-01
7.961380939043258831e-01
8.317832831123916915e-01
8.754864073273519454e-01
9.234702956512976790e-01
9.687380831571451578e-01
1.014343350417204359e+00
1.060352776323747692e+00
1.104203275091195868e+00
1.145075254697742739e+00
