-1.338972450037641957e-06
-7.249187666125318446e-06
-5.447850104467412496e-06
2.686207506675366687e-05
8.696657696861792282e-05
1.635957444674772973e-04
1.198381355051455837e-04
-5.032811515489491253e-04
-1.872789971419735805e-03
-3.555167023079901407e-03
-5.205532048387279988e-03
-6.690831660853648229e-03
-8.019581371650867652e-03
-9.323036879059914961e-03
-1.058220869409051343e-02
-1.173782690397678213e-02
-1.275459684324572150e-02
-1.362770028479502217e-02
-1.436432243189732054e-02
-1.497530940031059805e-02
-1.546984235151007206e-02
-1.585932450213626416e-02
-1.613167416993297604e-02
-1.630124889590384499e-02
-1.639662461937383894e-02
-1.642276085099503291e-02
-1.639581552495670072e-02
-1.637707520046805323e-02
-1.636481427121167648e-02
-1.633418128340819592e-02
-1.626880033657215896e-02
-1.615267051997545944e-02
-1.597412246939316702e-02
-1.587034878243956393e-02
-1.659917089381860583e-02
-1.897645639309623530e-02
-2.210414558859707945e-02
-2.539295269244284947e-02
-2.872376575292463069e-02
-3.194710271009434943e-02
-3.513534235017560375e-02
-3.838451455501886572e-02
-4.157268479696345220e-02
-4.453612655675567855e-02
-4.709836862882492425e-02
-4.918796646796062128e-02
-5.086779295520091337e-02
-5.237593436547142989e-02
-5.376500936526461272e-02
-5.497776567817007354e-02
-5.594004167982100789e-02
-5.663296418507580976e-02
-5.712954770637426044e-02
-5.780204447118085509e-02
-5.911696658383408520e-02
-6.061863685692780307e-02
-6.195023847182243998e-02
-6.300269554227380664e-02
-6.381727189518106302e-02
-6.441229201446202479e-02
-6.475117880011520277e-02
-6.483719595553077975e-02
-6.474280088923101140e-02
-6.468835577687119531e-02
-6.472123160915765894e-02
-6.465805204782217042e-02
-6.437076302539537775e-02
-6.381843288347004151e-02
-6.299423984396960996e-02
-6.190932881319164555e-02
-6.062980150324197293e-02
-5.926976831880860497e-02
-5.784728496145116056e-02
-5.632067384104161994e-02
-5.467965319149149100e-02
-5.295441588620979079e-02
-5.114663541867252305e-02
-4.923187772339943091e-02
-4.720702317212820132e-02
-4.513804063890466955e-02
-4.308069327341044336e-02
-4.099288248992923045e-02
-3.887759524427686353e-02
-3.677589324343916860e-02
-3.467718030267312457e-02
-3.253920620235159489e-02
-3.033351755810111822e-02
-2.801478540525452129e-02
-2.557823461443121948e-02
-2.305153145022171765e-02
-2.042950409235778919e-02
-1.771383264357719381e-02
-1.491693563624223694e-02
-1.208377717455540179e-02
-9.237901935032048067e-03
-6.363063194757972302e-03
-3.445919258847313354e-03
-4.798994995500213516e-04
2.564092448972474670e-03
5.701004721755849498e-03
8.902874791560124595e-03
1.214584621957218516e-02
1.539653990649998867e-02
1.863031968959819040e-02
2.184196030409894101e-02
2.502274603282290608e-02
2.820987002179739175e-02
3.145176007532977935e-02
3.479199263016705818e-02
3.826475454758943018e-02
4.183715574218424549e-02
4.541769576181906021e-02
4.889854432582808885e-02
5.213131974065506741e-02
5.469599203034659213e-02
5.637738471645978994e-02
5.758539105613764975e-02
5.870691783042386591e-02
5.989057565286129425e-02
6.102741146158811858e-02
6.207631228471984647e-02
6.326453166590566279e-02
6.476341505811349097e-02
6.659226308795404559e-02
6.866752100020354077e-02
7.085727241513659069e-02
7.300805274767492581e-02
7.530336430565838512e-02
7.791218961899193385e-02
8.086209848756230334e-02
8.415975362726420272e-02
8.782833344222781835e-02
9.170867889525266548e-02
9.518568685499126381e-02
9.807497839859587174e-02
1.009160518690855879e-01
1.040251789176790120e-01
1.074342153384811177e-01
1.111855195465093343e-01
1.153403281400403740e-01
1.199267090847914302e-01
1.247722345566252555e-01
1.291512774309778178e-01
1.324768135734927521e-01
1.355421056024560811e-01
1.389014884100208680e-01
1.427206207054760312e-01
1.470166859785152214e-01
1.517921659138028456e-01
1.570637563472457587e-01
1.628111393365708204e-01
1.689286283162785840e-01
1.753568201932741710e-01
1.820320477262014625e-01
1.888872053707478238e-01
1.958923625404343782e-01
2.030019158358941089e-01
2.101910421580102939e-01
2.174808800349792293e-01
2.249167574164145922e-01
2.325331489485295555e-01
2.403644959584370910e-01
2.484216487250752725e-01
2.567258641166628719e-01
2.653258106534120975e-01
2.742187929879629782e-01
2.833953116721241727e-01
2.928289015722467803e-01
3.025006835836444585e-01
3.124018972374379977e-01
3.225364956145101436e-01
3.329160667379096883e-01
3.435510830384340131e-01
3.544493726029171454e-01
3.656084963768978513e-01
3.770161714676486531e-01
3.886520622345312481e-01
4.004948094132268488e-01
4.125265882061065481e-01
4.247371752676172285e-01
4.371168929512099788e-01
4.496607407320267202e-01
4.623702234636914432e-01
4.752541845602976101e-01
4.883312660725353527e-01
5.016225552439081969e-01
5.151344274551635793e-01
5.288699239135529195e-01
5.428195110842100046e-01
5.569753980380670599e-01
5.713218256688633589e-01
5.858432194758136369e-01
6.005292704632511080e-01
6.153783955443540288e-01
6.303948917816353248e-01
6.455896834243094462e-01
6.609818561566861428e-01
6.765854687288441749e-01
6.924096734383187179e-01
7.084486670676650721e-01
7.246821589957369580e-01
7.410855459316602056e-01
7.576411525107344946e-01
7.743353961054143531e-01
7.911597506884671116e-01
8.081153290150666635e-01
8.252119783818503418e-01
8.424589124793711026e-01
8.598538031947183802e-01
8.773928877035258589e-01
8.950695542555004991e-01
9.128670110351320144e-01
9.307686759811019117e-01
9.487623319140060518e-01
9.668419341205229944e-01
9.850052292538867826e-01
1.003256246260068263e+00
1.021608360431730755e+00
1.040072620805202464e+00
1.058650912516155396e+00
1.077333628007881572e+00
1.096104887737470168e+00
1.114948093502980075e+00
1.133852990689560469e+00
1.152811993176136696e+00
1.171817416052717942e+00
1.190864621127422751e+00
1.209950863883157757e+00
1.229079440363064935e+00
1.248259003700732395e+00
1.267497785988127790e+00
1.286798886013131193e+00
1.306158370694168624e+00
1.325568346708843270e+00
1.345016174627658323e+00
1.364490502903009883e+00
1.383976293344030273e+00
1.403463768589079397e+00
1.422949924421913703e+00
1.442435596745449855e+00
1.461928980701309833e+00
1.481441870201845479e+00
1.500981323154434000e+00
1.520550384011101652e+00
1.540134523422014956e+00
1.559712380989815017e+00
1.579265490329678112e+00
1.598778182958633387e+00
1.618242043301032496e+00
1.637652869010145285e+00
1.657015115234051983e+00
