3.587615858612776525e-03
9.423508409990294030e-03
1.626842368071895750e-02
2.278688899954115291e-02
2.789189821513839151e-02
2.812688785305262479e-02
-2.585794181730841079e-02
-1.337254360911471207e-01
-1.866434451833087205e-01
-1.592877526810259348e-01
-1.091609663275649456e-01
-6.411296412855144178e-02
-4.780817939138912176e-02
-4.617046277076656408e-02
-3.514487784353968053e-02
-1.793647380750483869e-02
-1.068668474469916529e-03
1.263427583159140721e-02
2.393564054183549422e-02
3.289641839060190864e-02
3.918973850111824586e-02
4.625891596073239409e-02
5.335234196439805898e-02
5.661558263854702538e-02
5.896197668505503281e-02
6.200804783869416636e-02
5.757509987313124550e-02
5.024475896386242091e-02
4.932619751193102753e-02
5.302564558849708065e-02
5.953014110258297853e-02
6.799728348371295028e-02
7.532641803351486365e-02
1.743644241019298713e-02
-2.018076208090258949e-01
-3.490804663830167076e-01
-3.171539034246553812e-01
-2.664587688325596448e-01
-2.125312139943446588e-01
-1.676357852972598927e-01
-1.584455527882138726e-01
-1.493411011288884593e-01
-1.190738480797071258e-01
-6.833576773513183600e-02
-7.228020022626548136e-03
4.561979621662703294e-02
5.942644738006941374e-02
4.868926343708723098e-02
4.960572574975311705e-02
6.726351256103503540e-02
9.281761065171109659e-02
1.146365244789944587e-01
1.048735261569236216e-01
8.222501908106402690e-03
-5.693712051337490587e-02
-2.357805991596312323e-02
3.303215224226615371e-02
7.980355387124843380e-02
1.094717636884573325e-01
1.369923601058059548e-01
1.655573896957511226e-01
1.873482935901198965e-01
1.791919304424469950e-01
1.494669738236075462e-01
1.443898024844582628e-01
1.678100796660753624e-01
1.994658062211990823e-01
2.309481921000132443e-01
2.585216504452654274e-01
2.739167271814586524e-01
2.712259828863529121e-01
2.586338805183800993e-01
2.533034568915070728e-01
2.607231311087803149e-01
2.671040619560048346e-01
2.696655709172250392e-01
2.769359032808330623e-01
2.901256470186448500e-01
2.979306949394954218e-01
2.946288916414731562e-01
2.946472867511625293e-01
2.957543070914379624e-01
2.862720601645591390e-01
2.765539815577802707e-01
2.798101575302482935e-01
2.919611139879732531e-01
3.115243993250141341e-01
3.353875816351394312e-01
3.493156698828275841e-01
3.596747508658969528e-01
3.743076453236662826e-01
3.888624183655191024e-01
3.979098567707752276e-01
4.003418468507549122e-01
4.028283720754641806e-01
4.038807205619986407e-01
4.022820303185831170e-01
4.079730099961703660e-01
4.228806343902737352e-01
4.327859444889582408e-01
4.383228457900640307e-01
4.420791694337505295e-01
4.419649315627497965e-01
4.433579341693706377e-01
4.446397163983938361e-01
4.511786880422441470e-01
4.694461788341786068e-01
4.951663368410643695e-01
5.229012546386483384e-01
5.458646464667765708e-01
5.574034736262966083e-01
5.540814889652002639e-01
5.403418635838570516e-01
4.856869340721137185e-01
3.779613173521239600e-01
3.166496643971895009e-01
3.411518605385217562e-01
3.987731858893245884e-01
4.390026173864995385e-01
4.481406713520487139e-01
4.768171556562611491e-01
5.379867805457319019e-01
6.018837126011737926e-01
6.479300701085533021e-01
6.690361693317666836e-01
6.548640574074522380e-01
6.529300861600150219e-01
6.930209664949862347e-01
7.391418975019803383e-01
7.785151012930203729e-01
8.164910581940847401e-01
8.478842714196601626e-01
8.046626558105465232e-01
6.886216010183277003e-01
6.444251719106972587e-01
6.929984325152702684e-01
7.478696070520173267e-01
7.951399874239235555e-01
8.451156757164425271e-01
8.940846058027016596e-01
9.343395648792093278e-01
9.048885149246590487e-01
7.382932709882992217e-01
6.384553855317294246e-01
6.969361392562725133e-01
7.830101381436269659e-01
8.524168977966045668e-01
9.149221576335905270e-01
9.741117787800547267e-01
1.015659814041786735e+00
1.032206332954600070e+00
1.037034344428144017e+00
1.044906381997121381e+00
1.052154695101439330e+00
1.058069920140054965e+00
1.063538480581182277e+00
1.068775265364927618e+00
1.075110530688027755e+00
1.084282409013151316e+00
1.094466170613188183e+00
1.108133125463639068e+00
1.125275444390896329e+00
1.144632202387538822e+00
1.167595120961216759e+00
1.189918395996857337e+00
1.206542352533330753e+00
1.219724837912164128e+00
1.234037308663475718e+00
1.249038184586956257e+00
1.264480317089034855e+00
