1.490691778528029123e-06
1.099808350109983889e-05
3.828749316935337185e-05
9.948017645125447608e-05
1.871204595703716508e-04
2.887646111581675329e-04
2.728450329568493475e-04
-2.646676805794528258e-04
-1.391564612368065626e-03
-2.629070144217789465e-03
-3.669062985283935881e-03
-4.441077914773522428e-03
-5.009248387099508697e-03
-5.531821086493082795e-03
-5.999643078884031068e-03
-6.368070917501512246e-03
-6.618998769845600531e-03
-6.764596193321155415e-03
-6.822396086480875949e-03
-6.809312478350711996e-03
-6.739101018384941952e-03
-6.623845870054741528e-03
-6.453513963881825181e-03
-6.243443243617510276e-03
-6.016786759613645084e-03
-5.773088825280474172e-03
-5.525180369385574407e-03
-5.323542775418582326e-03
-5.153266028060403924e-03
-4.982845927786152228e-03
-4.793300296443526315e-03
-4.569521574067808914e-03
-4.303758567597164991e-03
-4.130454518350932039e-03
-4.736943875965409986e-03
-6.738466212334513067e-03
-9.102900287746924085e-03
-1.128645697335778873e-02
-1.324693178058161495e-02
-1.490986008908018294e-02
-1.641293030561739516e-02
-1.788016341049631502e-02
-1.921476138888123311e-02
-2.029650425715041201e-02
-2.100699083859364560e-02
-2.133589749035594979e-02
-2.139354479150934810e-02
-2.142595234448894242e-02
-2.146415957331354596e-02
-2.143783007643053698e-02
-2.127311680462997540e-02
-2.096096171895071164e-02
-2.057940039647697048e-02
-2.047049553903786123e-02
-2.099850767299376100e-02
-2.163317264629846526e-02
-2.204052462244909458e-02
-2.216151033131170262e-02
-2.207541892867452213e-02
-2.182778107637008136e-02
-2.140221391454378772e-02
-2.081845511891301445e-02
-2.015980171287875405e-02
-1.962766218403830254e-02
-1.922994681351651580e-02
-1.877428817321879703e-02
-1.815169787360969983e-02
-1.734106364078200416e-02
-1.635370973480400336e-02
-1.521931706454303715e-02
-1.401729969978010581e-02
-1.284781124781639305e-02
-1.171660124587514847e-02
-1.056726421560248708e-02
-9.377184297830114951e-03
-8.172702045921607233e-03
-6.948859557539509291e-03
-5.676041903640740086e-03
-4.348708304420384474e-03
-3.027379080622834978e-03
-1.750837970740737673e-03
-4.731053995948679685e-04
7.933967084475749415e-04
2.010730025187203521e-03
3.204474130961009089e-03
4.428033807832626803e-03
5.710998837758611731e-03
7.094370116838073954e-03
8.570930802585261313e-03
1.009987753585382675e-02
1.168853335805605798e-02
1.333762462852036007e-02
1.503423734348972342e-02
1.673695323857389561e-02
1.842815455476273789e-02
2.012367769630971429e-02
2.182654414508914190e-02
2.354361146248048695e-02
2.531166646152011035e-02
2.714388126021867464e-02
2.900519811678803697e-02
3.087968158876483113e-02
3.274053259754373252e-02
3.457451019647495710e-02
3.638682636644623852e-02
3.817761639294550008e-02
3.999357221937501622e-02
4.188445472543426279e-02
4.388344517237882658e-02
4.600378396578700541e-02
4.820118065833496612e-02
5.038976824350382272e-02
5.248116413122735219e-02
5.435677027618612822e-02
5.566928883427711694e-02
5.630958120301658015e-02
5.674736790650757035e-02
5.734176785169054630e-02
5.817916446115806162e-02
5.910473812382075615e-02
6.006135452436622835e-02
6.125128773767845453e-02
6.278721904615319760e-02
6.463561488249972009e-02
6.667440339387707693e-02
6.875476774844659078e-02
7.073792413662848000e-02
7.282537787803829155e-02
7.516086603406552102e-02
7.773794074229008200e-02
8.053831637700194224e-02
8.355993130819552861e-02
8.662858982560335541e-02
8.918924522827222090e-02
9.116693256201757745e-02
9.315359081960312981e-02
9.542735909278546313e-02
9.796942759487213548e-02
1.007857936216754735e-01
1.038971592212854650e-01
1.072923902726408141e-01
1.107848992585823283e-01
1.137129578918867207e-01
1.156334075638156128e-01
1.174377304411331341e-01
1.196332360531242173e-01
1.222853583231347935e-01
1.253350675384216351e-01
1.287490448691837597e-01
1.324920603940537012e-01
1.364872157246475037e-01
1.406118824554748736e-01
1.448201895361229952e-01
1.490778599252103043e-01
1.533470157228773167e-01
1.576211037707422324e-01
1.618809410079357358e-01
1.661259141548586393e-01
1.703833645574524547e-01
1.746942301808407927e-01
1.790817814121406504e-01
1.835734775667177687e-01
1.881754295761167428e-01
1.929038188766184214e-01
1.977879882947993773e-01
2.028108280809870212e-01
2.079519893879973880e-01
2.132070984175735984e-01
2.185762863252634358e-01
2.240494044097299520e-01
