-6.377107738228075806e-04
-7.335640473936933794e-04
2.799992511749532786e-03
6.896116047437642234e-03
9.124311720801032977e-03
6.975997586192427338e-03
-4.758191449783042565e-02
-1.531580180074605946e-01
-2.020178732107694997e-01
-1.723045150056022878e-01
-1.225542311057948031e-01
-7.961387892838936442e-02
-6.577421854449058691e-02
-6.564933139917189520e-02
-5.577220954496187044e-02
-4.069847159739264225e-02
-2.627284276618026965e-02
-1.513828533025636351e-02
-7.145535208823806939e-03
-1.018377115183449581e-03
2.858423967873029679e-03
7.977569445085624933e-03
1.377992363665537373e-02
1.512825988128555302e-02
1.501701713279788609e-02
1.639490887652795062e-02
1.068828231673031939e-02
2.146577030024158714e-03
1.166993613774991619e-04
2.116151370587512209e-03
6.187180488900757142e-03
1.213436674536130452e-02
1.713108328802494945e-02
-4.181717371193566929e-02
-2.574015139101534233e-01
-3.952214674436888009e-01
-3.564441519351709275e-01
-3.036571480140463630e-01
-2.518536939070041836e-01
-2.110389695346502059e-01
-2.060177344638174368e-01
-2.003431014193421400e-01
-1.727909567944594937e-01
-1.253695578050796344e-01
-6.968072850666814921e-02
-2.342391060310477363e-02
-1.536185552306365554e-02
-3.061989745733906948e-02
-3.385904239698862145e-02
-2.133122636264952326e-02
-1.897211668724686079e-03
1.422442328640718262e-02
-2.474983984617692978e-04
-9.950052456673350032e-02
-1.646613480386800998e-01
-1.334338715390658847e-01
-8.194900982774636078e-02
-4.370376327445577025e-02
-2.232593781256779139e-02
-1.256247250942654076e-03
1.991621567424649644e-02
3.515201579106674856e-02
2.234177124477439852e-02
-1.131191368333256397e-02
-1.798271899178073216e-02
5.831252856039588484e-03
3.543704123097922432e-02
6.152651107228170047e-02
8.331594341905124157e-02
9.744770560960390460e-02
9.426297425013686893e-02
8.356444922225282623e-02
8.260907341435337614e-02
8.913965708160102863e-02
9.271146114534288551e-02
9.376989566456231384e-02
9.884238739849712796e-02
1.078161059754529916e-01
1.106664456973252136e-01
1.016212932475262787e-01
9.722109596276448662e-02
1.001850191631449838e-01
9.731525290383655213e-02
9.278238187158811823e-02
9.566597322431913408e-02
1.031584989088687315e-01
1.153506024774611505e-01
1.299872426988188390e-01
1.383418425727666323e-01
1.443027329246935331e-01
1.510733693258492771e-01
1.569662406523594511e-01
1.578620315012860820e-01
1.535034592579272716e-01
1.517864325067159736e-01
1.545785466370653283e-01
1.582439448721868480e-01
1.647229914067751544e-01
1.751507788949438760e-01
1.821138992198502449e-01
1.842257874978860399e-01
1.828125411569136438e-01
1.777747640682774133e-01
1.733854795281997985e-01
1.689439361448157872e-01
1.681696511387427984e-01
1.754338959995111746e-01
1.879564719164155406e-01
2.048503056594986049e-01
2.189812489691930764e-01
2.204150477937253660e-01
2.061062046547686433e-01
1.832709524305480564e-01
1.196261069798385951e-01
5.770069258075091745e-03
-5.816773250478150803e-02
-3.816592799648460543e-02
1.189607071665853971e-02
4.204481532120941945e-02
4.093029897155689434e-02
5.737871314095206038e-02
1.050501296931674600e-01
1.536816088527315771e-01
1.837415204392710000e-01
1.932750066985300108e-01
1.731777234078936689e-01
1.652056871302911012e-01
1.966852997135075110e-01
2.344864922555615072e-01
2.651175771916304269e-01
2.949571518533540271e-01
3.217109856658400546e-01
2.749692737077926719e-01
1.621138891843669216e-01
1.251119305521199154e-01
1.756422681810906883e-01
2.289660636981740438e-01
2.708755583371246223e-01
3.133321364457025693e-01
3.560902422492746577e-01
3.899880757392212849e-01
3.495979397891957330e-01
1.833541679360569665e-01
9.619026628777399557e-02
1.588159393859548407e-01
2.459318994668893144e-01
3.184793425047198201e-01
3.735813483131212309e-01
4.201465720062378950e-01
4.615973152987640216e-01
4.860810051135155407e-01
4.970483444427830078e-01
5.031583187353979580e-01
5.019108914320963288e-01
4.996012438772601816e-01
4.968344484026778196e-01
4.921822666122935286e-01
4.919292000588683655e-01
5.009054820591282153e-01
5.164641564688227104e-01
5.359526227547889432e-01
5.566647476947887974e-01
5.764729671552866197e-01
6.017933916374029746e-01
6.278938626806048751e-01
6.494280650995073456e-01
6.697595707612443716e-01
6.902706070462354404e-01
7.091206239168938996e-01
7.262062709459587984e-01
