1.577350190295624743e-06
1.218066264368677878e-05
4.397314477918060852e-05
1.182169150434185675e-04
2.330567418027744658e-04
3.790595078598042907e-04
4.167615906766450502e-04
-1.233737156555621273e-04
-1.427481334822567000e-03
-3.075095456559427329e-03
-4.721303332673934018e-03
-6.226504241301667776e-03
-7.592243302720870328e-03
-8.946003803015141476e-03
-1.026760113293207974e-02
-1.149398323603973912e-02
-1.258374429274476160e-02
-1.352762880619361868e-02
-1.432714964130565871e-02
-1.498829145764326611e-02
-1.551796947834607754e-02
-1.592503131103465558e-02
-1.619647298532967544e-02
-1.634498883725979748e-02
-1.639601429206416494e-02
-1.635353976216966793e-02
-1.623466769264812065e-02
-1.610122395281043256e-02
-1.595297782630726580e-02
-1.576578222472928628e-02
-1.552215168292686229e-02
-1.520502024326308987e-02
-1.480231653708825000e-02
-1.445219005342747269e-02
-1.492561905900764881e-02
-1.707572306003024565e-02
-2.003693025197657990e-02
-2.322521177560630742e-02
-2.651585969333638756e-02
-2.974949308593019884e-02
-3.299107970391764594e-02
-3.633160298291421286e-02
-3.964634989740219162e-02
-4.276498264065596577e-02
-4.549864554915579451e-02
-4.775914209113105852e-02
-4.959567847147140773e-02
-5.123894032999681131e-02
-5.273732090399947670e-02
-5.402895067841167326e-02
-5.503168473489065265e-02
-5.572016390329712077e-02
-5.616336851405144548e-02
-5.673537137906772831e-02
-5.791666085838903522e-02
-5.926358372671896441e-02
-6.041646327460733351e-02
-6.125704480177114608e-02
-6.181573427609443616e-02
-6.210883809901469876e-02
-6.209531047933445486e-02
-6.177196658499457815e-02
-6.121062295730161223e-02
-6.063369255022867804e-02
-6.009383128989308903e-02
-5.941653010550580066e-02
-5.847508371459182036e-02
-5.722042578141804670e-02
-5.563834892135809118e-02
-5.373941623198224410e-02
-5.159654592809034823e-02
-4.932396247483080559e-02
-4.695201352349012008e-02
-4.443982425601702285e-02
-4.176953902843372896e-02
-3.897312271698721159e-02
-3.605382282745982908e-02
-3.298529719011792510e-02
-2.976038083462256498e-02
-2.644404736016122207e-02
-2.309136224353936298e-02
-1.966930363465289183e-02
-1.619697162343687949e-02
-1.272527910677229840e-02
-9.242249193089470752e-03
-5.697433752253334288e-03
-2.055542569194035701e-03
1.736808258955407306e-03
5.687931838603371010e-03
9.764805567182493345e-03
1.397810791710609596e-02
1.833324811362532780e-02
2.282041312067143932e-02
2.739515336716962998e-02
3.203021440932194569e-02
3.673307657053717645e-02
4.150155957333256929e-02
4.633812135486704148e-02
5.128021247906770774e-02
5.634779007529589628e-02
6.150899006674034886e-02
6.674510661985563753e-02
7.202280986583406430e-02
7.731828716850210059e-02
8.262682499210842468e-02
8.793976523565197323e-02
9.330036823190904216e-02
9.876601426408512796e-02
1.043851966563311418e-01
1.101901264162687827e-01
1.161507670527614777e-01
1.221802831207901702e-01
1.281707058373395269e-01
1.339677452620959552e-01
1.391430767951533642e-01
1.434569119342593291e-01
1.473021286342519609e-01
1.510628517227857182e-01
1.548933397565219194e-01
1.586900218391217032e-01
1.624143584156702014e-01
1.663029592404056123e-01
1.705365771661409013e-01
1.751504434673513966e-01
1.800673107590083366e-01
1.851515257257438096e-01
1.902424115824238038e-01
1.955282480042005167e-01
2.011827560149526961e-01
2.072388744710851605e-01
2.137093847872854890e-01
2.206189858681572857e-01
2.278056529478610648e-01
2.346452057580041273e-01
2.409215001570503001e-01
2.471620961019551366e-01
2.536872489252659513e-01
2.605361251677283385e-01
2.677628833462617486e-01
2.754357805127189973e-01
2.835883492565673403e-01
2.920591177123763593e-01
3.001226284478911155e-01
3.071412923380578697e-01
3.138836891280794017e-01
3.209121476968004316e-01
3.283920470759010279e-01
3.363512681328292286e-01
3.448248531868901012e-01
3.538333303841458832e-01
3.633394960170303611e-01
3.732348263814518896e-01
3.834682231383871320e-01
3.939938726041472550e-01
4.047554565828015982e-01
4.157253072958344564e-01
4.268627709809914017e-01
4.381451455547241136e-01
4.495825487672769905e-01
4.612078287833308865e-01
4.730434462418280361e-01
4.851212554720242820e-01
4.974548515956843664e-01
5.100687644875970816e-01
5.230052853033310134e-01
5.362604915026069063e-01
5.498212353085201176e-01
5.636871245678637399e-01
5.778617765408269324e-01
5.923370760793336132e-01
