-2.654204847090591457e+00
-2.651133309309398278e+00
-2.649778478112358115e+00
-2.646071400790653616e+00
-2.641145183547036535e+00
-2.631010168337477140e+00
-2.665300147561798561e+00
-2.654119671905242228e+00
-2.647403432337632090e+00
-2.637118449538100151e+00
-2.619985480791037880e+00
-2.590688672051851604e+00
-2.566884133167798510e+00
-2.556745743777295132e+00
-2.528440817069906199e+00
-2.464782910589698339e+00
-2.319272983968040158e+00
-1.864616635194864536e+00
-4.403519338110891113e+01
-3.611870579223258382e+00
-3.220100168009442321e+00
-3.031220893345323297e+00
-2.927032347759826791e+00
-2.894704283606691853e+00
-2.877243724056754992e+00
-2.853405328377446537e+00
-2.879726396037796565e+00
-2.965529347979278363e+00
-2.990057911481258213e+00
-2.939874124936565636e+00
-2.874845177612797897e+00
-2.818420908334690722e+00
-2.783937750134348299e+00
-2.445961698572260090e+00
-2.634405193851157456e+00
-2.635960886265475089e+00
-2.625725683144909173e+00
-2.612277516969896407e+00
-2.594673060485304994e+00
-2.573913298997712484e+00
-2.563102618590629156e+00
-2.551647431385061893e+00
-2.525479690047580217e+00
-2.462964748366181844e+00
-2.268326036511127963e+00
-5.011416406099749032e-01
-1.737079138809747292e+01
-2.593367121183656199e-01
-4.614548391681496664e-01
-9.022362378866258581e+00
-3.574068546638232924e+00
-3.177298891644455558e+00
-3.347280423491241663e+00
-2.304495132767788945e+00
-2.479093406191199556e+00
-2.421315880591330405e+00
-2.175149994211146076e+00
-2.084806652097117574e-01
-4.305198578474636051e+00
-3.276576001644949443e+00
-3.027887934578170182e+00
-2.935186918567568970e+00
-2.961383687097082884e+00
-3.179091858861507358e+00
-3.267956125059800154e+00
-3.015982979454403079e+00
-2.884299518176265842e+00
-2.820504486235984043e+00
-2.783655426170846603e+00
-2.762446633996228584e+00
-2.754683907733976422e+00
-2.752713481178616028e+00
-2.745450774960252804e+00
-2.732932842527480588e+00
-2.722099854329130597e+00
-2.712865539905095158e+00
-2.702511737437955031e+00
-2.691571950075610342e+00
-2.682307203370359439e+00
-2.674770179420066007e+00
-2.666789322855497524e+00
-2.658454003833014667e+00
-2.650134895649249422e+00
-2.641579152283719978e+00
-2.633860417438039114e+00
-2.627222750216158254e+00
-2.621900359037805828e+00
-2.617347911141951755e+00
-2.611535043721990412e+00
-2.605385394270617105e+00
-2.599838665530322501e+00
-2.594298971503468998e+00
-2.587541170529538803e+00
-2.579206017752087021e+00
-2.571397116020936124e+00
-2.564511788518937241e+00
-2.557631553709338590e+00
-2.552581472254303652e+00
-2.549885770215242431e+00
-2.545630591920468699e+00
-2.539579018852927916e+00
-2.532310053495732127e+00
-2.523323444715309449e+00
-2.514645865905844158e+00
-2.505824776301617707e+00
-2.499315421370282841e+00
-2.498110954065937861e+00
-2.499953451345439337e+00
-2.503029840768157044e+00
-2.503901494089951996e+00
-2.499070981892083321e+00
-2.486870205548457058e+00
-2.468721457116211937e+00
-2.415408307248713804e+00
-2.210289016834239728e+00
-1.789950282116984148e+00
-1.952267781200779595e+00
-2.200807213554036856e+00
-2.282838925125175500e+00
-2.282639992983780175e+00
-2.316131502397910769e+00
-2.382331346307869691e+00
-2.425922686749125923e+00
-2.444663377800390336e+00
-2.446996600866163440e+00
-2.429704766019994189e+00
-2.419110740870307197e+00
-2.434698080146722621e+00
-2.450418818195953641e+00
-2.459805909205760255e+00
-2.466975125453866990e+00
-2.471235686419039901e+00
-2.446417167915018176e+00
-2.370773629756304679e+00
-2.325158917357683652e+00
-2.362804302608829232e+00
-2.394632002361982259e+00
-2.413774229241916203e+00
-2.429686511890197131e+00
-2.442384509583244601e+00
-2.449588714171935244e+00
-2.429499470696113050e+00
-2.324435595667508014e+00
-2.209441224215576316e+00
-2.276566243088060659e+00
-2.345467443647573091e+00
-2.383915810423864912e+00
-2.406375367635018581e+00
-2.421451622436199713e+00
-2.430526462886666295e+00
-2.431879531266631034e+00
-2.428699060149908551e+00
-2.424604249838520520e+00
-2.418700124650889460e+00
-2.412291140373275411e+00
-2.405650096625586709e+00
-2.398482334378162051e+00
-2.392474986141114979e+00
-2.389121830444430383e+00
-2.387574857370543313e+00
-2.387398992234553319e+00
-2.387839777606500125e+00
-2.388195611599463142e+00
-2.389967844886588644e+00
-2.391590712599724444e+00
-2.391480812538834932e+00
-2.390648425509267483e+00
-2.389844373633471797e+00
-2.388679111779051567e+00
-2.387126916648071528e+00
