-3.977632496124686723e-01
-3.997534313902881831e-01
-3.961908577336557546e-01
-3.982859739202838090e-01
-3.997022922969387659e-01
-4.020559810595808470e-01
-3.959582663042916506e-01
-3.981084206339732812e-01
-3.996332153750256633e-01
-4.016877523321560894e-01
-4.043581609368543384e-01
-4.076536430866651850e-01
-4.105051147305689430e-01
-4.127523842477245353e-01
-4.158440634692262550e-01
-4.200647639855028537e-01
-4.254801393899987905e-01
-4.321138565947142962e-01
-4.401839280607564575e-01
-4.503383964561847308e-01
-4.628720870000429533e-01
-4.816719375983936624e-01
-5.143346474931251855e-01
-5.598100780958715772e-01
-6.294963617406450496e-01
-8.046279394232365156e-01
-9.163148701390122497e-01
-8.116833652133192967e-01
-8.411047384003111915e-01
-1.053943128358798997e+00
-2.987193135988213566e+00
4.210340625890278687e-01
-5.353637349213069552e-02
-5.559168968322885096e-01
-4.196451124825960055e-01
-4.112729513635454692e-01
-4.119337079256374379e-01
-4.136512043204631506e-01
-4.159696602155598111e-01
-4.186370574404305600e-01
-4.203852576344517811e-01
-4.222241503969285104e-01
-4.253035138055956121e-01
-4.303302404216683419e-01
-4.381945056907377567e-01
-4.492951597681759668e-01
-4.590953600136401525e-01
-4.645998960325724569e-01
-4.718836099544419516e-01
-4.847959049802518239e-01
-5.064125483213259837e-01
-5.390617373573651783e-01
-5.527496715546045269e-01
-4.946327402302340692e-01
-4.694730568178790975e-01
-4.729232089372545911e-01
-4.868484676041490711e-01
-5.065696077133425845e-01
-5.291477065532065316e-01
-5.659547786868137642e-01
-6.382707146911992258e-01
-7.930751143474020770e-01
-8.849927088998446045e-01
-7.537638506397199567e-01
-7.449755803299809021e-01
-9.935880233637492953e-01
2.651880401587258262e+01
1.304221985987930044e-01
-1.347784890120671264e-01
-2.182976030460682670e-01
-2.477152649550802277e-01
-2.597756272557866231e-01
-2.739358890503945654e-01
-2.895222803815441504e-01
-3.011045658749143539e-01
-3.096755377103520557e-01
-3.182954327613167211e-01
-3.270581999622242386e-01
-3.335448459994118098e-01
-3.366665139166603038e-01
-3.397882098340129775e-01
-3.440194606076923955e-01
-3.470683559135980256e-01
-3.494693549909502761e-01
-3.527744927098561689e-01
-3.567422132828220183e-01
-3.612297574918263976e-01
-3.658923679468542023e-01
-3.698571888414141084e-01
-3.734052189064522853e-01
-3.768017716845613596e-01
-3.799659034633532384e-01
-3.827868477292943883e-01
-3.852982468317749931e-01
-3.877604357785635614e-01
-3.902363527167228008e-01
-3.926590158022120192e-01
-3.950316465863489834e-01
-3.973361284203951183e-01
-3.995550864170158700e-01
-4.017245509082599808e-01
-4.038844323136450698e-01
-4.060836982368447035e-01
-4.082947290143831842e-01
-4.105356841063904083e-01
-4.127144380957935010e-01
-4.146302286515181068e-01
-4.162690636556435342e-01
-4.176141084418523719e-01
-4.188974107489573662e-01
-4.205443849130645062e-01
-4.228560081070665833e-01
-4.258300167179923656e-01
-4.317430007941363557e-01
-4.464584309023642006e-01
-4.699236624993416434e-01
-4.835829642410450768e-01
-4.827140247603612377e-01
-4.823339933796347845e-01
-4.901518631268754200e-01
-4.910380015639931872e-01
-4.784038885254616735e-01
-4.661507010847802390e-01
-4.589325601650851016e-01
-4.557798223567575135e-01
-4.573560602875188508e-01
-4.585707118482948985e-01
-4.547003261026097420e-01
-4.502074353927674188e-01
-4.468155002947860610e-01
-4.439550549993580564e-01
-4.417162106296363411e-01
-4.443523782450832238e-01
-4.543068753390177572e-01
-4.621010604593925875e-01
-4.603440819153674646e-01
-4.569528395483167249e-01
-4.540828476456945095e-01
-4.510533606384772298e-01
-4.481120514555284595e-01
-4.459014492467788804e-01
-4.478796960124009630e-01
-4.601751096988828116e-01
-4.744614450163388009e-01
-4.736422169334497112e-01
-4.678199603750173852e-01
-4.623929716711576154e-01
-4.581834846155679042e-01
-4.547269995468020687e-01
-4.518621352227746302e-01
-4.501367310561565360e-01
-4.493714714096810892e-01
-4.491055245085847081e-01
-4.494089739595085731e-01
-4.500316334605711233e-01
-4.508834014144945113e-01
-4.520081133312499611e-01
-4.531284446815088129e-01
-4.539733942525420174e-01
-4.545538261603568886e-01
-4.549178670074977004e-01
-4.551646835079800613e-01
-4.553996696671841482e-01
-4.554092539880116308e-01
-4.553293899126792388e-01
-4.553668764381473277e-01
-4.555465270477448980e-01
-4.558942557702483356e-01
-4.563326015890330489e-01
-4.567992344059862431e-01
-4.572343459384020092e-01
-4.576297457193161944e-01
-4.579968518946244127e-01
-4.583683245663021100e-01
-4.587933966357530258e-01
-4.593098281814052553e-01
-4.599315213540736136e-01
-4.606463163008003292e-01
-4.614183775113356312e-01
-4.622282152379191822e-01
-4.630680702568722440e-01
-4.639093587105687089e-01
-4.647239974220425118e-01
-4.654751809976739874e-01
-4.661263004013921907e-01
-4.667220672941029269e-01
-4.673015780293598986e-01
-4.679008870094103489e-01
-4.685399713197739291e-01
-4.692247769426156623e-01
-4.699776462070980876e-01
-4.707810078589942937e-01
-4.716024570046046249e-01
-4.724105949566566043e-01
-4.731858588669143884e-01
-4.738915579495187047e-01
-4.745259564204680203e-01
-4.751126572093350431e-01
-4.756899249836064603e-01
-4.763231230290384532e-01
-4.770497015536166452e-01
-4.778547138740247835e-01
-4.787106662989834560e-01
-4.796036608516319188e-01
-4.805040930748020189e-01
-4.813722193595018073e-01
-4.821876247973518881e-01
-4.829845254289397705e-01
-4.837920766764833846e-01
-4.846069355028578829e-01
-4.854608217632286338e-01
-4.863757926131833109e-01
-4.873376332068841688e-01
-4.883238719774965486e-01
-4.893153035183260280e-01
-4.902972200528414315e-01
-4.912330886577515598e-01
-4.921066446625229629e-01
-4.929451220032786130e-01
-4.937925164293706648e-01
-4.946845827144802366e-01
-4.956351553671778376e-01
-4.966291249446054268e-01
-4.976441383334733737e-01
-4.986799112613706231e-01
-4.997300628007808054e-01
-5.007855942791805681e-01
-5.018323469803005477e-01
-5.028433811593564506e-01
-5.038084328995966477e-01
-5.047400480504853348e-01
-5.056664074818411070e-01
-5.066079262349547641e-01
-5.075845384456150189e-01
-5.085993981439569378e-01
-5.096587903584997026e-01
-5.107640100152268658e-01
-5.118832788655097721e-01
-5.129982857438001309e-01
-5.140870017268452941e-01
-5.151196245656792794e-01
-5.161045607325258633e-01
-5.170545597377416147e-01
-5.180181807305437314e-01
-5.190586269582115886e-01
-5.201750621449371392e-01
-5.213561079716608759e-01
-5.225792652277154726e-01
-5.238210805483594079e-01
-5.250561063520372551e-01
-5.262458739821485043e-01
