-1.523763281334904240e+00
-1.523344665518533425e+00
-1.521626764961351519e+00
-1.528624114301055048e+00
-1.525286791703675870e+00
-1.526245217501806417e+00
-1.523719160137816608e+00
-1.523462696723997034e+00
-1.523006447382795780e+00
-1.522260925865567271e+00
-1.521172274916220424e+00
-1.519665454559444129e+00
-1.518393179894561795e+00
-1.517522422541295324e+00
-1.516089321516100652e+00
-1.513865265253850678e+00
-1.510692105237534166e+00
-1.506461888190445464e+00
-1.501064787175785842e+00
-1.493755166747968932e+00
-1.484579569602225479e+00
-1.467023705726791194e+00
-1.417381641668842063e+00
-1.336842188990529534e+00
-1.236824513010109206e+00
-3.097579162893637772e-01
-1.288825871874446527e+00
-1.437161386785855255e+00
-1.454016663053149694e+00
-1.451562967228292589e+00
-1.436227116974067464e+00
-1.379491263057692985e+00
-1.127908217028347648e+00
-1.503986572700439561e+00
-1.519390252930975516e+00
-1.520598265600000776e+00
-1.519967661566335781e+00
-1.519056536197089580e+00
-1.517917549103537045e+00
-1.516631446255580329e+00
-1.515836758605947576e+00
-1.515020545848176248e+00
-1.513532576455155931e+00
-1.510823907791848830e+00
-1.505924221383380557e+00
-1.497629494686548046e+00
-1.491229951300145240e+00
-1.491067780872350701e+00
-1.489179483888407596e+00
-1.482435613800418661e+00
-1.468162683212806741e+00
-1.443543634908959206e+00
-1.453065135509572281e+00
-1.496639939662562035e+00
-1.505464200244304607e+00
-1.503823983461777036e+00
-1.498590532844182421e+00
-1.491542338201398366e+00
-1.484346819091002301e+00
-1.472767041097474250e+00
-1.451185058088205304e+00
-1.413499098493865791e+00
-1.424238493321924093e+00
-1.462548979257858095e+00
-1.468666225096701750e+00
-1.449834221253188726e+00
-1.382983636677014294e+00
-4.094913580556341914e-01
-1.728502196943481728e+00
-1.626664874002264671e+00
-1.613900811826087134e+00
-1.619930799230975493e+00
-1.612128195447562806e+00
-1.598289176967395253e+00
-1.590917128700396033e+00
-1.586852046308256270e+00
-1.580600913401057239e+00
-1.573176904926140596e+00
-1.569873087489605412e+00
-1.573513325159749288e+00
-1.576281408845233045e+00
-1.573306381030767032e+00
-1.572639936035880037e+00
-1.573617692608964669e+00
-1.571346660930306616e+00
-1.567054749894179588e+00
-1.561350186938833096e+00
-1.555716467797342961e+00
-1.552169551243307799e+00
-1.549538426263227908e+00
-1.547253312826075922e+00
-1.545383741284541479e+00
-1.544344964240029983e+00
-1.544162921162280711e+00
-1.543705871474247093e+00
-1.542416048589198896e+00
-1.540870990337156909e+00
-1.539236947915633813e+00
-1.537476722678230878e+00
-1.536030844344927315e+00
-1.535000895103918905e+00
-1.534276739170562287e+00
-1.533819369394583410e+00
-1.533419352273563518e+00
-1.533067139950661684e+00
-1.532586925020092083e+00
-1.531728246373304847e+00
-1.530638529028209849e+00
-1.529400885245383757e+00
-1.528296831469255990e+00
-1.527524891722543465e+00
-1.527065038387071416e+00
-1.526811754765984297e+00
-1.528085771232071455e+00
-1.516829123103346610e+00
-1.521168257895689546e+00
-1.520703220248159404e+00
-1.519167925065296965e+00
-1.517505386370944898e+00
-1.517242587414355803e+00
-1.515845846658728346e+00
-1.508285764315078437e+00
-1.217652242040941468e+00
-1.548537146062756165e+00
-1.539159628959882786e+00
-1.542036740968204978e+00
-1.544050484326257688e+00
-1.534285999205696971e+00
-1.529766218999037752e+00
-1.527648405196403880e+00
-1.526246640916309572e+00
-1.525213170562303100e+00
-1.524613980533119584e+00
-1.524234574900117600e+00
-1.523599490233481735e+00
-1.523325952642897274e+00
-1.523050744112335986e+00
-1.522714985909967345e+00
-1.522405004140883422e+00
-1.522108736561851305e+00
-1.521760457518654519e+00
-1.520823385980793141e+00
-1.515814174716080265e+00
-1.477453459999874763e+00
-1.505514645827279674e+00
-1.515406997013544643e+00
-1.517985505126783652e+00
-1.518817372458511228e+00
-1.519123477878815853e+00
-1.519245280752085092e+00
-1.519117696344884916e+00
-1.518800074378557241e+00
-1.518376560845396739e+00
-1.517822435243883827e+00
-1.517220667953172564e+00
-1.516581856780897963e+00
-1.515876730900848957e+00
-1.515223688420978432e+00
-1.514751888542839708e+00
-1.514446937476030763e+00
-1.514239202233507386e+00
-1.514062575106250419e+00
-1.513868602538643415e+00
-1.513769279699606507e+00
-1.513692002548540305e+00
-1.513550464909602766e+00
-1.513392776745051904e+00
-1.513223028960607897e+00
-1.513013870533587601e+00
-1.512763507523337214e+00
