-1.757644463514864253e+00
-1.757181168913739766e+00
-1.756866513740231284e+00
-1.756408073040433893e+00
-1.755838467762097510e+00
-1.754831651732506215e+00
-1.760667239123941741e+00
-1.757937513438382782e+00
-1.757031862037350178e+00
-1.755868912732598153e+00
-1.754102440564264898e+00
-1.751341112860399063e+00
-1.748851553631024291e+00
-1.747301888705335093e+00
-1.744194163895516736e+00
-1.737824434001979723e+00
-1.724017737826512242e+00
-1.683005900170119862e+00
5.158236543349671521e+00
-1.849139289828717114e+00
-1.808267734248877767e+00
-1.791534839984852079e+00
-1.782442140827813493e+00
-1.778443757915833201e+00
-1.775821499838456496e+00
-1.773335550357962198e+00
-1.773131209764639449e+00
-1.774454746498524527e+00
-1.773994453701029039e+00
-1.771956233100471678e+00
-1.769362956575544432e+00
-1.766775197440912715e+00
-1.764736806020561932e+00
-1.800407960871273971e+00
-1.755771632668977844e+00
-1.755898729746868225e+00
-1.754828031918580056e+00
-1.753462316754202721e+00
-1.751715654101577258e+00
-1.749636498340038981e+00
-1.748275330578756837e+00
-1.746842219947147390e+00
-1.744079748588452272e+00
-1.738080844714986695e+00
-1.721506807212379808e+00
-1.630635934509622853e+00
-1.414360971683438706e+01
6.983852333040014848e-01
-2.429051246895222782e+00
-1.883118286849226886e+00
-1.815895031120803305e+00
-1.796080582860893005e+00
-1.797206724650404652e+00
-1.605833772544815741e+00
-1.726529791385912560e+00
-1.716328464483525718e+00
-1.622523425541525954e+00
-1.890578882350494982e+00
-1.812409986161487963e+00
-1.791558865241444920e+00
-1.781246349602039869e+00
-1.775893884058406647e+00
-1.775003258415442264e+00
-1.777731389641789006e+00
-1.777690771814917525e+00
-1.773224450450972212e+00
-1.769188778697435849e+00
-1.766281075690239843e+00
-1.764141052906002649e+00
-1.762574621340458503e+00
-1.761441693093127370e+00
-1.760467140246486650e+00
-1.759427592546916053e+00
-1.758348252181381133e+00
-1.757302404779764293e+00
-1.756276291752626229e+00
-1.755303436240242654e+00
-1.754418425001121884e+00
-1.753498847382034098e+00
-1.752409156967233983e+00
-1.751370032120302067e+00
-1.750410120707402761e+00
-1.749214212986818451e+00
-1.747935175683312137e+00
-1.747014841976613830e+00
-1.746415190186146438e+00
-1.746110199244815142e+00
-1.745966779382640555e+00
-1.745531615689177807e+00
-1.744987294427063906e+00
-1.744548705625759588e+00
-1.744099050794030825e+00
-1.743461486426782336e+00
-1.742585242180670013e+00
-1.741724107783230835e+00
-1.740891678784601160e+00
-1.740001884581786840e+00
-1.739354986992024843e+00
-1.739052665479232207e+00
-1.738588160692662754e+00
-1.737925500449290395e+00
-1.737144537247751419e+00
-1.736164060521740549e+00
-1.735208391486498414e+00
-1.734232331570152441e+00
-1.733493485778639709e+00
-1.733341103830308816e+00
-1.733571109141178734e+00
-1.733951457086347459e+00
-1.734132760330778344e+00
-1.733762367894662981e+00
-1.732659333171927774e+00
-1.730955247591667412e+00
-1.726498184537956559e+00
-1.714532997950172888e+00
-1.700188310282585658e+00
-1.700512040702315764e+00
-1.708074426507396604e+00
-1.712292161801297397e+00
-1.712311024415788197e+00
-1.714546093693750883e+00
-1.719742514959736290e+00
-1.724016587884500407e+00
-1.726349729441820413e+00
-1.727040985315795751e+00
-1.725789802327977185e+00
-1.724937886927443875e+00
-1.726276830725323785e+00
-1.727797620768530829e+00
-1.728847966159409832e+00
-1.729709332765496432e+00
-1.730266426280851810e+00
-1.728078442005893223e+00
-1.721791960712254044e+00
-1.717649075591232810e+00
-1.719344641464385148e+00
-1.721485421274405070e+00
-1.723082408258028941e+00
-1.724646982890829072e+00
-1.726033921512111657e+00
-1.726950413639537940e+00
-1.725249754553961345e+00
-1.716588214744765084e+00
-1.707761748734139662e+00
-1.710351514444297560e+00
-1.714982529490599594e+00
-1.718285488687647300e+00
-1.720693334580686962e+00
-1.722585347159549585e+00
-1.723781153254146270e+00
-1.724084314556370456e+00
-1.723858452746120040e+00
-1.723536515297940719e+00
-1.723037177425189137e+00
-1.722435989719410365e+00
-1.721776598805568437e+00
-1.721050614311072646e+00
-1.720382361375796032e+00
-1.719896301515182246e+00
-1.719540285998760076e+00
-1.719329394481482032e+00
-1.719229210681038289e+00
-1.719174736830292316e+00
-1.719270777475797374e+00
-1.719372300699329115e+00
-1.719304794065271480e+00
-1.719143664265000648e+00
-1.718989818754382171e+00
-1.718817120168041557e+00
-1.718618978924041141e+00
