-1.095189115767413422e-02
5.394184434537986107e-03
5.363804747601504802e-02
3.515882362865961619e-02
3.265755932480714219e-02
-3.472738590895988603e-02
-8.878081382572575730e-01
-1.234788872075165189e+00
-3.294217624328388272e-01
1.233365964119295111e-01
2.513058623841857298e-01
2.441704280941670857e-01
-8.220445445476845525e-02
3.983203860758011139e-03
8.695815266587424153e-02
1.327385123220387320e-01
1.272606570171254670e-01
1.145533837330896115e-01
9.621389111404832217e-02
9.253000275167877486e-02
6.359151333082867230e-02
1.092559930019633974e-01
8.783674659251426708e-02
3.896786600772333964e-02
4.916399309595771705e-02
5.616666833149055321e-02
-7.378889761765700106e-02
-3.840859167770863808e-02
9.263455403849903472e-03
3.140494928570725097e-02
5.696962667306089412e-02
8.265490026760946574e-02
6.484411326758562910e-02
-1.003129377299145863e+00
-2.999308389762480154e+00
-7.240944680431894431e-01
-4.268172018455851369e-02
-1.139837033645358932e-01
2.091997278462072174e-01
-1.924909147228481832e-02
-2.717264462364636923e-01
-2.734369486653664971e-02
1.578744932528151068e-01
4.379878330816682763e-01
5.009380345370264553e-01
4.609561642978317053e-01
-3.422715187730696051e-02
-3.204009949631700382e-02
7.481068008310250150e-02
2.157474724516225129e-01
2.402206169612803588e-01
2.136338847512324335e-01
-2.528916062912042184e-01
-1.386485744898353412e+00
-2.065834694835149143e-01
2.297388146290268440e-01
3.654168498479201110e-01
2.347194490472146733e-01
1.961785251452678458e-01
2.871684998367367014e-01
2.684755112117317433e-01
2.365832919084419339e-01
-1.883379663786066416e-01
-2.558090044412411057e-01
1.269286057325572925e-01
2.995171221263340788e-01
3.414150508438571485e-01
3.465048999951327868e-01
3.468402228756296002e-01
2.714518417756587310e-01
6.360430730408667133e-02
7.444818930292620984e-02
1.739740842496981521e-01
2.026058382376325073e-01
1.424301188181673894e-01
1.542066658623572062e-01
2.078159139185726534e-01
2.396634197822408718e-01
1.316710600616837756e-01
1.988818957241517138e-02
1.528281883756285597e-01
1.453056316285174510e-01
6.043374932955603018e-02
9.100242984166306837e-02
1.741067302380493453e-01
1.928779240706230969e-01
2.835759470700137119e-01
2.882500386343987975e-01
2.214708860782221844e-01
2.555187836642038857e-01
2.487696077098122127e-01
2.511470257065046563e-01
1.716391924110174383e-01
1.397341530510884389e-01
1.856087064621498306e-01
2.102925035488032446e-01
2.089240667335543478e-01
2.660209008912161610e-01
3.022745924658198358e-01
2.419020795600903551e-01
2.249868023484800639e-01
1.751524881469317951e-01
1.401203407489017838e-01
1.548749374680805091e-01
1.205513170722863903e-01
1.941216287068611157e-01
2.656174407386049929e-01
3.204499112617918977e-01
3.903842140023888740e-01
3.363887628474867553e-01
2.025508241517096630e-01
3.538550369191706402e-02
-3.426309154756190800e-02
-7.648530237565168699e-01
-1.230976645760735622e+00
-3.638566746775775407e-01
1.667199554810547268e-01
3.763371827246155266e-01
8.771847657760217798e-02
-7.271504040462101193e-02
3.656199149139965909e-01
5.900344300634202677e-01
5.845748720924355268e-01
4.262728309916052893e-01
2.832621987513500028e-01
-1.080121887410159243e-01
3.268068272940325980e-01
5.836198250911053265e-01
5.747806600760929641e-01
5.748561665141356247e-01
6.406577795934462749e-01
6.028395512704717296e-01
-5.705489516573811759e-01
-9.158786967936878298e-01
2.540691814611062971e-01
6.516150790168467877e-01
5.810668629885444858e-01
6.489819968546449713e-01
7.392322539713507279e-01
7.946063054994770836e-01
7.127521698623352497e-01
-4.163123587448937513e-01
-1.809729923773782723e+00
1.089282574491888256e-01
7.660205692127762811e-01
9.202227950649427557e-01
8.837417488702057344e-01
8.676635701972527093e-01
8.977553464718777132e-01
9.025797996370901188e-01
7.000338488645256874e-01
6.685244069083118301e-01
5.973535578025994663e-01
5.049877273322955773e-01
5.157734048083255640e-01
4.555989036919618762e-01
4.357110925115230682e-01
4.896471362443366449e-01
5.821196963232080357e-01
6.307073067888064877e-01
7.026228969005114955e-01
7.140352291874980661e-01
7.395457342453088945e-01
8.560504764781289300e-01
8.321160400504579169e-01
8.436758450132082476e-01
8.065764289343102522e-01
7.976863536720546488e-01
7.992546650688756582e-01
8.222224332409715508e-01
8.568976260432232817e-01
8.852920007744236042e-01
9.139290201342864517e-01
9.239565848076565224e-01
9.219147313757103390e-01
9.066286223971822267e-01
8.926470887697228740e-01
8.820930429282975993e-01
8.880543935209894713e-01
8.880927325354797119e-01
8.962649084625469165e-01
9.128282700161189922e-01
9.376026470155940373e-01
9.770422632179367461e-01
1.026088100419018101e+00
1.037907210411894710e+00
1.060809718218425068e+00
1.050426623047927333e+00
1.058799644738686929e+00
1.045359887329001314e+00
1.036862010433871273e+00
1.034832909489216579e+00
1.047754987101849444e+00
1.066801444581317426e+00
1.092397157594040102e+00
1.136629998920867912e+00
1.164564274707080571e+00
1.192461895502638036e+00
1.194720983696253569e+00
1.175668304232742933e+00
1.150246171945040086e+00
1.141430903623341209e+00
1.135887613215313063e+00
1.135926245608091634e+00
1.150548315389862797e+00
1.178387349610736656e+00
1.206850023128045013e+00
1.208791990997367449e+00
1.214451344612522021e+00
1.219063637649130616e+00
1.201320950317203540e+00
1.188651008155953370e+00
1.181385972334620504e+00
1.184632515970867495e+00
1.190624651721224669e+00
1.203243597015922095e+00
1.234605347953668719e+00
1.258488713056836961e+00
1.268997086721535439e+00
1.260537987166101992e+00
1.244958661783972520e+00
1.226947092718341903e+00
1.222597215141077776e+00
1.221031282924576633e+00
1.216140771828225553e+00
1.218090060500213401e+00
1.218944790906927977e+00
1.229790446845703489e+00
1.248937914520863224e+00
1.266088218870522919e+00
1.275453745612949330e+00
1.272330725066622481e+00
1.267286428113615138e+00
1.250807169962571130e+00
1.243677124451474825e+00
1.223614180569610799e+00
1.215101812987198215e+00
1.217170234964888298e+00
1.220545517524272316e+00
1.236246936407887631e+00
1.258799767209203502e+00
1.267653418280759947e+00
1.280372444940196974e+00
1.256972398371332122e+00
1.226885022623010801e+00
1.205554970040596086e+00
1.184445690825291830e+00
1.178088659424640028e+00
1.172252439225613063e+00
1.181018205984250002e+00
1.198715702266968552e+00
