-1.249087727180353945e-06
-6.270788522164904434e-06
-3.081442552613203609e-06
2.653192153600843922e-05
7.452740516448712479e-05
1.276947087141087759e-04
5.987109758155523232e-05
-5.119828235060539488e-04
-1.624448886136280580e-03
-2.792597471716176932e-03
-3.731241273095534192e-03
-4.396135036992809657e-03
-4.868366700282968605e-03
-5.309688699251612250e-03
-5.707921104610621729e-03
-6.020178817719373278e-03
-6.232640691830712738e-03
-6.359025851616407522e-03
-6.418433221974947402e-03
-6.427676031114607641e-03
-6.397899968050919234e-03
-6.339290267508918691e-03
-6.239254360246057445e-03
-6.112130632431523290e-03
-5.980973251964724798e-03
-5.843262674898722087e-03
-5.708919334570241103e-03
-5.625550557530615420e-03
-5.574884241467768092e-03
-5.525125816744204908e-03
-5.459675464673818292e-03
-5.365683603251246263e-03
-5.236844075368246414e-03
-5.205599339282700883e-03
-5.932490288084001431e-03
-7.966705033697982913e-03
-1.024630539696956208e-02
-1.226535556501225609e-02
-1.402248195623087557e-02
-1.547476936234625997e-02
-1.677743493319584431e-02
-1.805777761823247965e-02
-1.921879975516744415e-02
-2.014774101860958636e-02
-2.074018450322984847e-02
-2.100114299498861622e-02
-2.104663642839242968e-02
-2.111420040008858343e-02
-2.122145513003008757e-02
-2.129166727688945604e-02
-2.125304791684125283e-02
-2.109865691331747756e-02
-2.090493265685755900e-02
-2.100054872104286166e-02
-2.171588853272185191e-02
-2.250427686641124150e-02
-2.305289037970926699e-02
-2.332796115109804849e-02
-2.342593687515670889e-02
-2.339357634419655246e-02
-2.321698681075033688e-02
-2.291924514779507260e-02
-2.257912882465698545e-02
-2.238709764536595329e-02
-2.233666103387505972e-02
-2.222711881073467788e-02
-2.195602786106243959e-02
-2.151641226180910083e-02
-2.092856584147602395e-02
-2.022160442619847648e-02
-1.946593343372151827e-02
-1.875719691618227269e-02
-1.808553724394858925e-02
-1.739504838150987900e-02
-1.667239556727344307e-02
-1.594248763071035371e-02
-1.519919167573618828e-02
-1.441595114483457639e-02
-1.359214946289583580e-02
-1.278827434634832727e-02
-1.204092301404433712e-02
-1.129459725751045564e-02
-1.054944014126264762e-02
-9.838051142615539604e-03
-9.140145788581631112e-03
-8.413901486601317939e-03
-7.638724276722439616e-03
-6.782633930129974495e-03
-5.856070665072965996e-03
-4.893254884838034099e-03
-3.890840518844198084e-03
-2.852764272678260001e-03
-1.791549933007923227e-03
-7.457202723856243189e-04
2.738895273358609925e-04
1.292340728165971642e-03
2.325072951721217102e-03
3.378430355158557920e-03
4.477508042724017735e-03
5.628898731900039074e-03
6.800924961675153431e-03
7.973317424931429184e-03
9.121113477597407940e-03
1.023212743571090544e-02
1.131236043250463327e-02
1.236245088390260614e-02
1.342304087558015939e-02
1.453474500934097066e-02
1.572602715796274711e-02
1.701192061693316757e-02
1.834611096028141222e-02
1.964235077517063194e-02
2.081905301930857266e-02
2.177008428174398089e-02
2.216707660535842395e-02
2.193678998163203081e-02
2.155833509340026460e-02
2.136819903108364699e-02
2.142352390575277474e-02
2.155292362665098271e-02
2.169570840841469200e-02
2.204270756117691563e-02
2.269216889627162850e-02
2.359451823422730604e-02
2.462856121055308906e-02
2.566007147180062939e-02
2.656928625999873880e-02
2.755898333914939130e-02
2.876584474215241813e-02
3.017619463573422561e-02
3.176741973838492078e-02
3.353898535672169418e-02
3.532439398056613084e-02
3.659401012100328698e-02
3.732259373598449670e-02
3.810648980078990694e-02
3.919545673844355982e-02
4.054601427952980730e-02
4.214489591255737855e-02
4.400320232134900117e-02
4.610461649719387045e-02
4.825752718555719606e-02
4.982177120828432115e-02
5.043496349025815978e-02
5.101060006624447835e-02
5.201326449306983152e-02
5.347949834913127282e-02
5.532346057733428940e-02
5.747734756798572597e-02
5.990783185695430779e-02
6.255979773437168878e-02
6.531903846966408134e-02
6.813937761438193519e-02
7.097812678149571786e-02
7.379743501434091191e-02
7.659736768271789564e-02
7.936038161515338030e-02
8.208915277207348704e-02
8.482364364863548278e-02
8.761393711208879942e-02
9.048902518212713353e-02
9.347220354696926525e-02
9.656189046792210129e-02
9.976836706455408099e-02
1.031243831273371409e-01
1.066112382821726157e-01
1.102107095264899944e-01
1.138942931955723298e-01
1.176470430505720255e-01
1.214657638426028946e-01
1.253586822729151617e-01
1.293384284764057257e-01
1.334137579842656629e-01
1.375893501693808696e-01
1.418600553139227338e-01
1.462134758559351655e-01
1.506328779704936838e-01
1.551039977858376662e-01
1.596181515955185370e-01
1.641742889219370005e-01
1.687710513561639647e-01
1.734107617518931554e-01
1.781002552206897849e-01
1.828508887967194851e-01
1.876800235594326405e-01
1.926032975856671603e-01
1.976204947364018638e-01
2.027292968890700431e-01
2.079173302210019225e-01
2.131768916931716662e-01
2.184947705735727497e-01
2.238607210952481830e-01
2.292708932826840185e-01
2.347293469527345633e-01
2.402438420834495936e-01
2.458260636065114912e-01
2.514922316890739196e-01
2.572507905369513792e-01
2.631046004736740662e-01
2.690431931433714396e-01
2.750461584957897831e-01
2.810939419859549981e-01
2.871769180150458567e-01
2.932902539278713916e-01
2.994338005667194769e-01
3.056151661201244596e-01
3.118473030348012931e-01
3.181392521562458886e-01
3.244878968407294839e-01
3.308898031507647164e-01
3.373395791007102185e-01
3.438238714075436131e-01
3.503322350446324562e-01
3.568597391890348525e-01
3.634072151286624197e-01
3.699779228419534660e-01
3.765795050470402971e-01
3.832257944235002989e-01
3.899253212915918532e-01
3.966768579234203340e-01
4.034696257279553055e-01
4.102898554392041541e-01
4.171260199496423238e-01
4.239742175166963944e-01
4.308329736197543114e-01
4.377004159173799591e-01
4.445771863037512595e-01
4.514649153987430052e-01
4.583698369962015962e-01
4.653012032176780388e-01
4.722657278644307732e-01
4.792642211298789867e-01
4.862913580923416412e-01
4.933396197912942593e-01
5.003989172640571637e-01
5.074622243334914184e-01
5.145202894831580887e-01
5.215700657100821314e-01
5.286143861912252495e-01
5.356582490996645296e-01
5.427116913080279881e-01
5.497854143628637669e-01
5.568836814948814329e-01
5.640064623832664603e-01
5.711383736288779822e-01
5.782616749720462801e-01
5.853646846126043801e-01
5.924400161334816284e-01
5.994874336881146348e-01
6.065095878470148083e-01
6.135155527695256295e-01
