-1.066647329053985876e-02
5.702796627343301866e-03
5.234614013330775306e-02
3.211949948303325503e-02
2.881763032279377468e-02
-3.733797712497584353e-02
-8.658046693809261507e-01
-1.167016594916789662e+00
-2.442602546451049239e-01
1.893972619454943329e-01
2.900968151521152727e-01
2.604222365536875694e-01
-7.373524043980603238e-02
1.171401021866382008e-02
9.008588029226451133e-02
1.294872800465656504e-01
1.184936682101828953e-01
1.022202675635885266e-01
8.204429299366754191e-02
7.752835426683898912e-02
4.882616100911259943e-02
9.411788890619895986e-02
7.198724013085877615e-02
2.435312404388501745e-02
3.626788407391024621e-02
4.412362334328902985e-02
-8.197092921467240278e-02
-4.183061158422971687e-02
7.293081542314584602e-03
2.886746287216794202e-02
5.286616215011380460e-02
7.617929704920328726e-02
5.654058806771949941e-02
-9.845367433076228636e-01
-2.885568370578999620e+00
-5.563582793339700849e-01
9.648017609237130587e-02
-8.880147418265510462e-03
2.825594232151253937e-01
2.975930702833719244e-02
-2.288909034454040536e-01
1.015950680957421193e-02
1.812606405648313768e-01
4.396877875053568085e-01
4.790127525428455879e-01
4.214688893737159048e-01
-7.271572433000557389e-02
-5.893193228412858808e-02
5.355719401402792706e-02
1.925909258488296971e-01
2.119468602055456230e-01
1.817971802622574407e-01
-2.745661692126794007e-01
-1.360920922671549516e+00
-1.523659046871266298e-01
2.674682642372641084e-01
3.779581113180194851e-01
2.293039576375378585e-01
1.815538212671395923e-01
2.643133145141952078e-01
2.381136543482215429e-01
2.020060296558622015e-01
-2.141948064054502998e-01
-2.641761564591747491e-01
1.228322083031903045e-01
2.856110028463174078e-01
3.154699540122324897e-01
3.107387705879952611e-01
3.038101204604432004e-01
2.251044335341255975e-01
2.193915391805555809e-02
4.051447617498243198e-02
1.428641084205101719e-01
1.706336816244788668e-01
1.107839386047465985e-01
1.238334165512641333e-01
1.767307023914033159e-01
2.060649506375769047e-01
9.837063457189326732e-02
-7.885709693016371147e-03
1.280966289266015634e-01
1.200742874231630342e-01
3.722893210480474058e-02
7.036037728062552454e-02
1.525056828274197196e-01
1.682696702323075444e-01
2.540106503049211484e-01
2.529661257471226277e-01
1.836725501389919746e-01
2.164899539766286241e-01
2.082899302326144952e-01
2.097171633597661455e-01
1.315577572628718328e-01
1.032395026664263138e-01
1.512559521265831597e-01
1.758661377239157664e-01
1.739540541480632252e-01
2.292148018674548537e-01
2.619464201800145164e-01
1.998013106822514595e-01
1.833856099133870377e-01
1.356084511846828433e-01
1.041074761729473414e-01
1.218428648472383996e-01
9.027968335598898775e-02
1.647173079359097181e-01
2.333772931637701775e-01
2.831547627328237504e-01
3.463916896071994600e-01
2.874017209427025543e-01
1.546237261362741200e-01
-4.440014412915430086e-03
-6.266345017131806638e-02
-7.643331516677887016e-01
-1.181129374304564106e+00
-2.903953684259986123e-01
2.244399960577899977e-01
4.053999089019394986e-01
9.877244297682580276e-02
-6.426302592346995468e-02
3.642793282119254350e-01
5.660507425897740585e-01
5.392902886551895758e-01
3.697228910356218368e-01
2.257387863334802680e-01
-1.528698248804966631e-01
2.884936741592999954e-01
5.338297652639711899e-01
5.112206960521391563e-01
5.014793197328610841e-01
5.584426788878857906e-01
5.137573921766263041e-01
-6.331809280378214444e-01
-9.243485908966797560e-01
2.622166324856175512e-01
6.357500504935679198e-01
5.407815157941209261e-01
5.906917670196765169e-01
6.639934715611529592e-01
7.036150544341488455e-01
6.112332071283703705e-01
-4.942298130036525405e-01
-1.809216901663917243e+00
1.473216352668334506e-01
7.726391054891021959e-01
8.851751982713927935e-01
8.158806205658111210e-01
7.771293314326093160e-01
7.903021135617980253e-01
7.820542376717511956e-01
5.752086762610127968e-01
5.459089701332345834e-01
4.789606271605816867e-01
3.937087845183658841e-01
4.114919583460170394e-01
3.578039669949935053e-01
3.445394893970356032e-01
4.023840382200915000e-01
4.941530981416600854e-01
5.389691658941586638e-01
6.052362204307065729e-01
6.106970872072569056e-01
6.310032750310439198e-01
7.401693109675282489e-01
7.089994031926389884e-01
7.155705738061406418e-01
6.756100057065367315e-01
6.657481513947713925e-01
6.668291758495863419e-01
6.888751630231249035e-01
7.215357497569212519e-01
7.470253968110616150e-01
7.722419956244619410e-01
7.789544043930567430e-01
7.744001850889223881e-01
7.577993467083876666e-01
7.436347682893000854e-01
7.336049444277511489e-01
7.401000645471838002e-01
7.404694318902682593e-01
7.487430037213518297e-01
7.648423505865900029e-01
7.883417550046810662e-01
8.253525455249138831e-01
8.705559458589660071e-01
8.782622285857750732e-01
8.973877549039435131e-01
8.840978285657316027e-01
8.904442409365440625e-01
8.757761436687689915e-01
8.669842082227413593e-01
8.650650316304628884e-01
8.778593867240039872e-01
8.961159102741356186e-01
9.201335161215398184e-01
9.615842459443706414e-01
9.858740196062035777e-01
1.009859908983185672e+00
1.008683272816090382e+00
9.876637170519226849e-01
9.619821377246040583e-01
9.538601011848246713e-01
9.492533265094484918e-01
9.501877771455279342e-01
9.651724214420397407e-01
9.923192421945885577e-01
1.019013396669342875e+00
1.019080156334437159e+00
1.023274535001111207e+00
1.026667077768328884e+00
1.008489638533958788e+00
9.963176418626131792e-01
9.899777821585911131e-01
9.940674929259044612e-01
1.000539384200791249e+00
1.013139525245823069e+00
1.043484374278525584e+00
1.065405487284405650e+00
1.073776346303030760e+00
1.063841765491088776e+00
1.047873668808287917e+00
1.030486096186006062e+00
1.027195866457832896e+00
1.026633190259654160e+00
1.022729494127685879e+00
1.025547937857930636e+00
1.027063329940748559e+00
1.038180861373579011e+00
1.056880021453578067e+00
1.072926132279203415e+00
1.080956452321966799e+00
1.076827220374542815e+00
1.071342126873006562e+00
1.055174825387287241e+00
1.048913576615562615e+00
1.030256083493262587e+00
1.023523469562409138e+00
1.027113436237637512e+00
1.031553964306625604e+00
1.047637173192426108e+00
1.069623028692748612e+00
1.077424091029950626e+00
1.088937758448672799e+00
1.065077604772651343e+00
1.036043437343649121e+00
1.016788573721384203e+00
9.982999542918739033e-01
9.945705728347196128e-01
9.910271481257530990e-01
1.001448187501761566e+00
1.019780697297808292e+00
