5.225328436002202282e-06
3.375752715750815209e-05
8.969506366865957888e-05
1.820666648338757653e-04
3.007618184540121128e-04
4.341335820409814505e-04
4.535242808967251678e-04
-1.313403181100016373e-05
-9.832348192245102085e-04
-1.971042236587476713e-03
-2.709136025923106553e-03
-3.170270102425658005e-03
-3.446741958402901873e-03
-3.702190638356461609e-03
-3.923119599093938606e-03
-4.065002005809540200e-03
-4.111525547346010952e-03
-4.078108255377333423e-03
-3.980494833854046795e-03
-3.832820678458237745e-03
-3.647767655021301198e-03
-3.434264503515843409e-03
-3.182061444450645909e-03
-2.905281565470315980e-03
-2.621178486490198436e-03
-2.326143734816796954e-03
-2.032766668849001444e-03
-1.785764354568922197e-03
-1.564485414450118546e-03
-1.336598295576985236e-03
-1.083743908921203352e-03
-7.933572481812667301e-04
-4.617500166904707037e-04
-2.219976771319265481e-04
-7.198475772474959185e-04
-2.463169779379746367e-03
-4.376732401236084653e-03
-5.986096232746110357e-03
-7.312454089100127799e-03
-8.325274921423892610e-03
-9.191970287524473676e-03
-1.003736494842537470e-02
-1.076723564540290994e-02
-1.127590781262083862e-02
-1.146484364529705424e-02
-1.134116629406787050e-02
-1.102357991985974256e-02
-1.074382399990138348e-02
-1.050588127436870994e-02
-1.022567602647332999e-02
-9.826344687569991271e-03
-9.303844701634294417e-03
-8.737782946268530040e-03
-8.450151952715478920e-03
-8.747617166604370123e-03
-9.071872019009722538e-03
-9.123269341080819661e-03
-8.881108309308273843e-03
-8.444550379649013935e-03
-7.872573471280360988e-03
-7.153679682939737342e-03
-6.309122424308416001e-03
-5.423567853782867119e-03
-4.681306986295459896e-03
-4.065719963266573034e-03
-3.388175460002812098e-03
-2.556399603398466606e-03
-1.557168848594568363e-03
-4.078602332228615027e-04
8.524768330478800418e-04
2.136580288156281291e-03
3.359763295753122932e-03
4.519438582502930193e-03
5.683013953491204175e-03
6.883988193297613765e-03
8.093607108222749397e-03
9.317881536097730524e-03
1.058846730618262337e-02
1.191203729673980319e-02
1.322973107277286391e-02
1.451199617766630277e-02
1.579781785751452339e-02
1.705758303246022664e-02
1.825294850189267126e-02
1.942311836614927373e-02
2.063254966567826948e-02
2.191176214326767679e-02
2.329987025394722466e-02
2.478051846720055046e-02
2.630073299134621026e-02
2.787510917455277015e-02
2.951006401476713448e-02
3.119259782372308526e-02
3.288299817170253769e-02
3.456434589264899965e-02
3.624606259621080545e-02
3.791631341170246389e-02
3.958451301368495767e-02
4.130041673582363765e-02
4.307797727326802273e-02
4.487461592722988973e-02
4.668405886652220171e-02
4.848267604205713094e-02
5.026383639913304530e-02
5.203718254811247335e-02
5.380547647882581719e-02
5.562174488943277817e-02
5.753682240063168890e-02
5.957479996665702993e-02
6.173160854950722476e-02
6.395920382498591905e-02
6.618085624944781975e-02
6.832147724370631059e-02
7.027727867042064813e-02
7.174115142016258828e-02
7.264967116753703880e-02
7.348338166538685712e-02
7.456097439016978745e-02
7.592188715287574718e-02
7.738669922712773652e-02
7.889710820575128458e-02
8.065042722002094266e-02
8.273116799746008110e-02
8.509045737970233336e-02
8.759636692840173933e-02
9.009993235415975077e-02
9.248008653225853193e-02
9.495929527917876256e-02
9.766665901206074418e-02
1.005790115373462329e-01
1.036708737457791296e-01
1.069305439747654241e-01
1.101806248201181587e-01
1.129101605301971872e-01
1.150985363452216997e-01
1.173532989584538944e-01
1.199134829940997765e-01
1.227257465596680863e-01
1.257815981681585094e-01
1.290836828427357752e-01
1.326060294457560573e-01
1.361698444902423033e-01
1.391647209235078730e-01
1.412126361052997714e-01
1.432417845952115854e-01
1.457083029227312365e-01
1.486008773759092128e-01
1.518251383200791005e-01
1.553569434328456178e-01
1.591372353265216588e-01
1.630556877909178914e-01
1.669972890150232259e-01
1.709463590031365388e-01
1.749069541184817833e-01
1.788627798634238597e-01
1.828159278950627076e-01
1.867590967752184028e-01
1.906978395517078539e-01
1.946470535912999400e-01
1.986296112974594297e-01
2.026535812765143107e-01
2.067455624046021512e-01
2.109111236110879084e-01
2.151673307594456352e-01
2.195273683605472037e-01
2.239712153156302732e-01
2.284703438571240031e-01
2.330215523456868887e-01
2.376298829221909492e-01
2.422934621984209891e-01
