-2.377969768892393532e+00
-2.368614005620126139e+00
-2.382803095535816595e+00
-2.375220120477950836e+00
-2.369067896335904422e+00
-2.355952600909555272e+00
-2.383071713322927554e+00
-2.375954565324501999e+00
-2.369263091797371157e+00
-2.358480520493654975e+00
-2.341270678366960123e+00
-2.314241092659923282e+00
-2.292502952899242885e+00
-2.281365577011521317e+00
-2.256549694018670671e+00
-2.209680806532196229e+00
-2.128214933520399477e+00
-1.988221686953519862e+00
-1.724883022044457093e+00
-1.020267937799064439e+00
2.765080549554512768e+00
-4.670830061571072278e+00
-3.255086503470460357e+00
-3.083573469531554867e+00
-3.035279883777398879e+00
-2.946614551752998246e+00
-3.177698053819029589e+00
-5.337863395208213291e+00
-1.835372421975409196e+01
-6.641357441589214261e+00
-3.876439759259950879e+00
-3.115527906933129643e+00
-2.876733546692236132e+00
-2.165677888336797974e+00
-2.343088170157552774e+00
-2.349677548259279547e+00
-2.338945371779926674e+00
-2.324626864872726628e+00
-2.306397994979085375e+00
-2.285543681941283545e+00
-2.274321072677211841e+00
-2.262677886659023141e+00
-2.238010474058371280e+00
-2.185764994365963165e+00
-2.064986460502789889e+00
-1.743319018566314771e+00
-1.481484556581837086e+00
-1.668554320181572237e+00
-1.673814715731387626e+00
-1.382199198212848312e+00
1.980037934737300942e-01
-9.206928518426261476e+00
2.881853469378130583e+00
-2.049299803751568838e+00
-2.177560773724684928e+00
-2.137111744394869284e+00
-2.014008721777466704e+00
-1.782109966063196715e+00
-1.416735731917856178e+00
2.550500059598870273e-02
-6.974221748087515493e+00
-3.788426443604164362e+00
-4.493556565895708843e+00
2.294535808303788116e-01
-6.971963410157988594e-01
-7.435297760191554062e+01
-3.580621708151816129e+00
-2.996388928527634388e+00
-2.804540056941807524e+00
-2.721261301617802886e+00
-2.710082824352855191e+00
-2.729930874751193670e+00
-2.720183650056538838e+00
-2.685884331588872520e+00
-2.662632407758207975e+00
-2.647498648006470390e+00
-2.623953471294328210e+00
-2.594707949251098711e+00
-2.577895088024379611e+00
-2.581022370479768124e+00
-2.578693551584711141e+00
-2.563911762370188363e+00
-2.558151135803798049e+00
-2.555635055835085989e+00
-2.541912934745937047e+00
-2.522237745892160099e+00
-2.499497228142438132e+00
-2.477775781761841323e+00
-2.462430632072597270e+00
-2.449585018034250439e+00
-2.437246766480682503e+00
-2.425937691425081422e+00
-2.416244090570001113e+00
-2.407714442448163794e+00
-2.398859149086952858e+00
-2.389656413942946145e+00
-2.380627149657666308e+00
-2.371941795538876629e+00
-2.363859957981790494e+00
-2.355877751800344644e+00
-2.347591031832328312e+00
-2.338815874096610514e+00
-2.329199967262710391e+00
-2.319482578443038179e+00
-2.309482480821657191e+00
-2.300635663831749778e+00
-2.295112153182879311e+00
-2.291979974083592886e+00
-2.290599212926954564e+00
-2.288111149108246867e+00
-2.281050217361942245e+00
-2.267308607151697686e+00
-2.247153651506139660e+00
-2.182879399986030755e+00
-1.583747096679068544e+00
-3.319325032808940534e+00
-3.671064395136261371e+00
-8.214702141840307670e-01
-1.746204761301157760e+00
-1.739828753893734925e+00
-1.897473588137231104e+00
-2.098129498206117827e+00
-2.180277620782582915e+00
-2.208184893976373964e+00
-2.212375578467805859e+00
-2.191065366050566787e+00
-2.177012100225717006e+00
-2.198648609962160272e+00
-2.218695312874454650e+00
-2.229636036500584950e+00
-2.237372530137051285e+00
-2.241921786484232015e+00
-2.215715222939377060e+00
-2.120136276837984113e+00
-2.046147072050079174e+00
-2.108432154932389224e+00
-2.154654001563171661e+00
-2.179442913567435358e+00
-2.198168941462212089e+00
-2.212256031612558793e+00
-2.219735974977297577e+00
-2.198282224860081513e+00
-2.068862132972304924e+00
-1.864782457113145053e+00
-1.989723049687580403e+00
-2.096778737052068742e+00
-2.148691729173487275e+00
-2.174882970546592631e+00
-2.190664029776251631e+00
-2.200868819472448834e+00
-2.203582760944569507e+00
-2.201282697888556683e+00
-2.197100534389306858e+00
-2.190328230191131098e+00
-2.182807695134949988e+00
-2.174874516914189648e+00
-2.166030721347802057e+00
-2.158586754953367048e+00
-2.154528068071110081e+00
-2.152985261328276057e+00
-2.153063085308070779e+00
-2.153545194751504077e+00
-2.153595670300161302e+00
-2.155198545518449471e+00
-2.156803217327285971e+00
-2.156952831604212140e+00
-2.155752688392655436e+00
-2.153307060283537133e+00
-2.150437516016713069e+00
-2.147694975419111252e+00
-2.145503730030367429e+00
-2.143784737416538189e+00
-2.142340271540712049e+00
-2.140829923833940107e+00
-2.138859575392199286e+00
-2.136194276054224517e+00
-2.132834726673514592e+00
-2.128977771941194419e+00
-2.124984801866478090e+00
-2.120989871117862080e+00
-2.117026185577183917e+00
-2.113303196841906040e+00
-2.109993741858119609e+00
-2.107326968250342603e+00
-2.105487733634317848e+00
-2.103903560765266079e+00
-2.102237274098827768e+00
-2.100199988915717242e+00
-2.097742521091174428e+00
-2.094883862834936217e+00
-2.091518628198406837e+00
-2.087883600967132658e+00
-2.084295028742399580e+00
-2.080990562627838880e+00
-2.078068452677579891e+00
-2.075771169622584900e+00
-2.073973076682953831e+00
-2.072393408073347931e+00
-2.070671546123719509e+00
-2.068303263299221761e+00
-2.065117271500669371e+00
-2.061407363390225456e+00
-2.057483425644114128e+00
-2.053478925497930874e+00
-2.049642656207891100e+00
-2.046262886821275551e+00
-2.043404762613603154e+00
-2.040649452674112574e+00
-2.037744743141169046e+00
-2.034754314771275663e+00
-2.031413084472741382e+00
-2.027610834204019774e+00
-2.023551034218283640e+00
-2.019463442583200763e+00
-2.015496516707495189e+00
-2.011738846014088367e+00
-2.008460247359819206e+00
-2.005687825046068795e+00
-2.003087457490258405e+00
-2.000259253026759332e+00
-1.996964378520475369e+00
-1.993187074251752344e+00
-1.989155805810548960e+00
-1.985093889437095749e+00
-1.980990271056331631e+00
-1.976897816908982364e+00
-1.972873914616570801e+00
-1.969020380032044049e+00
-1.965525194753514393e+00
-1.962396087690814195e+00
-1.959454570441992116e+00
-1.956433437804981024e+00
-1.953195445759840387e+00
-1.949621210480442679e+00
-1.945764858946650744e+00
-1.941613810495064651e+00
-1.937216977700406018e+00
-1.932875747899531538e+00
-1.928711673580781438e+00
-1.924867155348173542e+00
-1.921518346567139268e+00
-1.918484592384184895e+00
-1.915615053779296861e+00
-1.912468505676989672e+00
-1.908607187666889748e+00
-1.904194796921270916e+00
-1.899420507878054609e+00
-1.894530089021053465e+00
-1.889709982101077212e+00
-1.885142125574743366e+00
-1.881074436457597310e+00
