-2.464470852930708989e-03
-5.533150049687882849e-03
-3.743339086223963774e-03
-1.811347779095188147e-04
1.674686331362231590e-03
-8.768090945454533758e-04
-5.980813745027020734e-02
-1.854142290944562066e-01
-2.666553483162392713e-01
-2.626029925800640319e-01
-2.248082577011297212e-01
-1.824094053050226427e-01
-1.632779452134168752e-01
-1.585787195550031059e-01
-1.440673013476948261e-01
-1.232971599562326243e-01
-1.017793038827034535e-01
-8.292554158583946566e-02
-6.767108464302402926e-02
-5.477177133628878536e-02
-4.477438245895733887e-02
-3.426718007394202042e-02
-2.298617116836686874e-02
-1.705485354226042582e-02
-1.411754187955475449e-02
-1.022781854303562998e-02
-1.423250531761828183e-02
-2.342842108046472305e-02
-2.713267321525660719e-02
-2.675698608915866999e-02
-2.389162752344676371e-02
-1.824768382907498987e-02
-1.257572170494167252e-02
-7.453250261243604680e-02
-3.177496533628929587e-01
-5.184764245628311619e-01
-5.334823078553685427e-01
-5.127319610497547142e-01
-4.777619343982474343e-01
-4.407937153344956283e-01
-4.350268943607324967e-01
-4.290532701393542925e-01
-3.977445985661745009e-01
-3.404618014439684814e-01
-2.674517646079259126e-01
-1.985017301361156061e-01
-1.671492378847937998e-01
-1.665186078618385856e-01
-1.598158331302135804e-01
-1.395073956909017032e-01
-1.116158520559852457e-01
-8.590788611310981593e-02
-9.243124233235600062e-02
-1.960524339175030994e-01
-2.852361230323794961e-01
-2.745935200152004874e-01
-2.315817566998901733e-01
-1.926119907297997036e-01
-1.661628281008587504e-01
-1.375035450508080848e-01
-1.072063222441763802e-01
-8.190539338689933890e-02
-8.610610893617001715e-02
-1.190389812573438844e-01
-1.295312978357501810e-01
-1.055667467249913061e-01
-7.104651361407593457e-02
-3.716686905577239186e-02
-5.427794413061085010e-03
2.129968758139509644e-02
2.943646828862609560e-02
2.654577310845288723e-02
3.184025626592616731e-02
4.246025384724052415e-02
4.942822701919876577e-02
5.361408875229434906e-02
6.120284942248398197e-02
7.248095685319955184e-02
7.764272581016770647e-02
6.864858785529356910e-02
6.214929714865096572e-02
6.576014999774042191e-02
6.589935990274456423e-02
6.311256329490876060e-02
6.554419932354861589e-02
7.201024825186085054e-02
8.344683922874296389e-02
9.854103612262431200e-02
1.098769935733005382e-01
1.191450262246171454e-01
1.277600794619892788e-01
1.348530805755347728e-01
1.364819531667232910e-01
1.315990782707430196e-01
1.288523653266681335e-01
1.329768950395781857e-01
1.402532756297959482e-01
1.493829369852318345e-01
1.615208772252683944e-01
1.717426166714448310e-01
1.766255339697472282e-01
1.762185126180786932e-01
1.706383108323454023e-01
1.636981636623984770e-01
1.556732678616857546e-01
1.498915880188533001e-01
1.513398106592249159e-01
1.588540683358955763e-01
1.738921810031817672e-01
1.892927245229229227e-01
1.915475170222120105e-01
1.746710375772445867e-01
1.450020832226996959e-01
6.712628219761800075e-02
-7.693262069437174777e-02
-1.842290621000768902e-01
-2.022005330404293977e-01
-1.756881831596209809e-01
-1.570820393585095620e-01
-1.663609775556694759e-01
-1.581672228126733970e-01
-1.120347873762682078e-01
-5.700492760069866133e-02
-1.635446894105313520e-02
4.844676673327150129e-03
-6.131544640126612364e-03
-1.230425055652175498e-02
2.173927287440762662e-02
6.811538871684078011e-02
1.109494192601248874e-01
1.553164638154591604e-01
1.997072754159673891e-01
1.664462094684186211e-01
4.793918750460680889e-02
-8.911950897959534934e-03
2.881725342095216996e-02
8.250963196676076861e-02
1.321373918935925817e-01
1.874248024684077862e-01
2.484228147199444847e-01
3.036535332005991794e-01
2.780748763668995371e-01
1.051009482592357991e-01
-1.390393446683783896e-02
2.376948486544069178e-02
1.070868869614556018e-01
1.942418332531222480e-01
2.695407325586420821e-01
3.385787363545048612e-01
4.100552407425160362e-01
4.685736925680321074e-01
5.096972075788147594e-01
5.387462699030352020e-01
5.527284131345404639e-01
5.606193865486587269e-01
5.643264253722437562e-01
5.619935170274894531e-01
5.629186415500221363e-01
5.755297987798858594e-01
5.989966388076547466e-01
6.292883884880133838e-01
6.625464517013213150e-01
6.954842173693630558e-01
7.363310240293776676e-01
7.811602405460392751e-01
8.230704994408684083e-01
8.652890310768613924e-01
9.076960933436299950e-01
9.476568641788857272e-01
9.844390538408844815e-01
