1.029601823481930646e-03
3.194598936894847176e-03
7.862735302950531885e-03
1.264368105300283512e-02
1.572531048431550366e-02
1.427794626126353481e-02
-3.966134092668889555e-02
-1.436647603695792308e-01
-1.903328196149738361e-01
-1.591221996521947346e-01
-1.087863562042880317e-01
-6.593440904848310580e-02
-5.247958306417931096e-02
-5.267470609916905661e-02
-4.307572460696821454e-02
-2.796521370204613915e-02
-1.349956145928165284e-02
-2.281603835690260151e-03
6.153599438324308321e-03
1.263375399607875350e-02
1.681370908738574407e-02
2.215944971237770317e-02
2.794443314021085797e-02
2.960415183738678707e-02
3.014764035916500662e-02
3.192439076896738670e-02
2.655788198648088155e-02
1.859530820042193389e-02
1.716857396452132339e-02
1.990476567486706982e-02
2.486225331979175640e-02
3.158323045649406163e-02
3.716942064710529459e-02
-2.112479819926366825e-02
-2.345792591672721250e-01
-3.683058143952750441e-01
-3.266693142398092164e-01
-2.724985628804355020e-01
-2.196371219852019940e-01
-1.784026302962468391e-01
-1.730507596711907681e-01
-1.668944271037640925e-01
-1.393212580437062365e-01
-9.222557526211289103e-02
-3.683782740545468726e-02
9.111741146746343833e-03
1.677201306070073838e-02
1.808595367236431883e-03
-5.567841198348029430e-04
1.331157233746857807e-02
3.419206340407101447e-02
5.139692573033778633e-02
3.786299736442979430e-02
-5.964181731773613576e-02
-1.217344148672287740e-01
-8.769432496135326494e-02
-3.415677963284784874e-02
6.198274462733022183e-03
2.921500886984200115e-02
5.118787067270214042e-02
7.357519643055451808e-02
8.974786568300158196e-02
7.753909284193664930e-02
4.529416778573837343e-02
3.967556683209172430e-02
6.325128700201894383e-02
9.288970605758825605e-02
1.198520738477804048e-01
1.424335921014545092e-01
1.555698596847066850e-01
1.514830332616123321e-01
1.395567516191304758e-01
1.367685672042917022e-01
1.435147084588688227e-01
1.479027763544068785e-01
1.492806486756553808e-01
1.549300885414078011e-01
1.651324275089534610e-01
1.693877547814255924e-01
1.622583840599336746e-01
1.594890223760773440e-01
1.615421919330863876e-01
1.559764236467706955e-01
1.495589004308235659e-01
1.527535299032072025e-01
1.619759230994710364e-01
1.766652691286351717e-01
1.941648064784704253e-01
2.037622840681862502e-01
2.106208890058203220e-01
2.196803503998810969e-01
2.281617439448513085e-01
2.314879365793808264e-01
2.292218394937949599e-01
2.287584179382837479e-01
2.305007189543712420e-01
2.318002559970824827e-01
2.377173311063141559e-01
2.494816902601471875e-01
2.569835132462087723e-01
2.599000196372523996e-01
2.600618291853724617e-01
2.566546012837933599e-01
2.543627160629087780e-01
2.520303863406626044e-01
2.540098133678827530e-01
2.652675682007785696e-01
2.822893033313618738e-01
3.023952649201593901e-01
3.187295468540645160e-01
3.229644784134731439e-01
3.122131560350989710e-01
2.927673893024031471e-01
2.333284440170833862e-01
1.244907591595622726e-01
6.562327753627027194e-02
9.016257050446427335e-02
1.438041021853628254e-01
1.770264217778053928e-01
1.789155435033651653e-01
1.992849039896860963e-01
2.505525364944227174e-01
3.026007625695507075e-01
3.360344483416482508e-01
3.475512024498303987e-01
3.280751588013472442e-01
3.218471772266323638e-01
3.557450706597785617e-01
3.950744553901744949e-01
4.270254293489516573e-01
4.578046432179996295e-01
4.840546216159365978e-01
4.371716476984597866e-01
3.243255233106869806e-01
2.874913430743830656e-01
3.386392458107509440e-01
3.919651653640728317e-01
4.343829852869430797e-01
4.775857394903205155e-01
5.201495225388643728e-01
5.537581065506529399e-01
5.156601796498729851e-01
3.504792092167501316e-01
2.630793020127553117e-01
3.268844664798420396e-01
4.132652815747195896e-01
4.823225025289217260e-01
5.373501590152210960e-01
5.855263533076916493e-01
6.235725510410304873e-01
6.419063270672497046e-01
6.482425514999008431e-01
6.534495475736306069e-01
6.543499532474356117e-01
6.543828657492309908e-01
6.541396080670085489e-01
6.528202132809286518e-01
6.546442888828004625e-01
6.631022615063183467e-01
6.757778908079119518e-01
6.920762869323779931e-01
7.102995595633643244e-01
7.287191282012597249e-01
7.517158076179624171e-01
7.747481916892230425e-01
7.927423338681538478e-01
8.087443102399101136e-01
8.253810913211728773e-01
8.413221879305567974e-01
8.564085327892996258e-01
