-3.494545523399127607e+00
-3.490662832875204735e+00
-3.489023169386373358e+00
-3.484200091842862612e+00
-3.477765657092731555e+00
-3.463571717664717386e+00
-3.506388972257788339e+00
-3.493979631919924778e+00
-3.485408247403675386e+00
-3.471223642806282150e+00
-3.445416644284222230e+00
-3.395634247391295268e+00
-3.360505678849731837e+00
-3.354626991147585002e+00
-3.312580683539012583e+00
-3.199029147621683666e+00
-2.861680704162895328e+00
1.639338717221698882e-01
-4.975263835929359502e+00
-4.201279642124720937e+00
-4.019054357871473471e+00
-3.878102841044382298e+00
-3.785311256250232681e+00
-3.760508278882711775e+00
-3.747356497841805911e+00
-3.722443525675539266e+00
-3.765752690400831160e+00
-3.901169148616914217e+00
-3.928124342962454829e+00
-3.840674067544877612e+00
-3.749629505178751376e+00
-3.679370756274242815e+00
-3.639705070356121119e+00
-3.332400976800149461e+00
-3.474697298755287989e+00
-3.473744180465222264e+00
-3.459179244199639403e+00
-3.439888504419919002e+00
-3.413929178073129123e+00
-3.383426776627582733e+00
-3.371565633209101076e+00
-3.357848962037107921e+00
-3.319270776776009235e+00
-3.212893983776620388e+00
-2.739447984085318755e+00
-5.961842216675679040e+00
-5.149142507693451165e+00
1.069034935036199485e+01
1.523020242457162166e+00
-6.383944313344747101e+00
-4.341947462897527643e+00
-4.025501224315076065e+00
-4.268987817970820942e+00
-3.162944142234402456e+00
-3.310945730875827664e+00
-3.224980343304997721e+00
-2.816775279920139319e+00
-1.874578329903468443e+01
-4.600262841967713179e+00
-4.070181981074003197e+00
-3.874153345108682256e+00
-3.793428206163455219e+00
-3.842129275282266665e+00
-4.177007116167755107e+00
-4.290516569254647194e+00
-3.906007898926438848e+00
-3.747475123798031493e+00
-3.676773134333733317e+00
-3.636905994825101018e+00
-3.614523748814735260e+00
-3.607860147101699777e+00
-3.607642279966029264e+00
-3.599173413648797393e+00
-3.583419344873260748e+00
-3.570283960800057166e+00
-3.559208174246568213e+00
-3.546587208250942869e+00
-3.533342708243254915e+00
-3.522242680383545377e+00
-3.512989593431193214e+00
-3.503116284261043489e+00
-3.492953969667017766e+00
-3.482433566936798730e+00
-3.471526220258676965e+00
-3.462441037462555382e+00
-3.455076893232654101e+00
-3.449546266993184229e+00
-3.444764121138294222e+00
-3.437646741082753366e+00
-3.430001084512869003e+00
-3.423271266124547019e+00
-3.416495683197199984e+00
-3.407789198440742240e+00
-3.396772934431676827e+00
-3.386834742513640251e+00
-3.378396657576853812e+00
-3.369929831276053278e+00
-3.364290838085084889e+00
-3.361955992498533607e+00
-3.356815093637428138e+00
-3.348971543358445491e+00
-3.339380561239811751e+00
-3.327387736412366959e+00
-3.316196284988857101e+00
-3.304892256165714581e+00
-3.297363119930752262e+00
-3.297662829572999499e+00
-3.301724728850986779e+00
-3.306824909078927455e+00
-3.308098362909364543e+00
-3.300907769324142649e+00
-3.283093807204460646e+00
-3.256992337284623673e+00
-3.173028076306618317e+00
-2.761325555718666003e+00
-1.500130381989857042e+00
-2.419763000596053537e+00
-2.928536417662327196e+00
-3.046341489910860290e+00
-3.039563514770859953e+00
-3.085530087948372469e+00
-3.173319683429804972e+00
-3.226128544759957251e+00
-3.245695008245894186e+00
-3.244388336090187064e+00
-3.216249175225152968e+00
-3.200952146932747766e+00
-3.224913677002683166e+00
-3.246532123542731796e+00
-3.258134015535143924e+00
-3.266644058142510243e+00
-3.271138468038580882e+00
-3.232500253155845549e+00
-3.111785194935186905e+00
-3.049738746321474459e+00
-3.125588077621870742e+00
-3.175820311026681164e+00
-3.202249349733789607e+00
-3.222745650048747468e+00
-3.238295912665699383e+00
-3.246116775970789181e+00
-3.214196376773489128e+00
-3.041500079643423504e+00
-2.854095556256291299e+00
-3.006819425762672804e+00
-3.117848440921768383e+00
-3.170029333122772464e+00
-3.197470098398691896e+00
-3.214769071656703225e+00
-3.224273663106156818e+00
-3.223534174367899130e+00
-3.217328408237468018e+00
-3.210660482764343016e+00
-3.201909891638091921e+00
-3.192981086075796338e+00
-3.184035053572437768e+00
-3.174571376097580444e+00
-3.167083527548247623e+00
-3.163614606322278533e+00
-3.162542688585958217e+00
-3.163190351646657295e+00
-3.164372597338785731e+00
-3.165184215091691566e+00
-3.167968005639011153e+00
-3.170246692513657649e+00
-3.169879124288347949e+00
-3.168559799285277201e+00
-3.167409714293049294e+00
-3.165780110791929225e+00
-3.163665030847157666e+00
