1.231037726372192706e-02
2.094502693214230632e-02
6.272509021420791253e-02
4.128600013214232117e-02
4.119964182159467636e-02
-2.847938731751586267e-02
-8.456927862739145318e-01
-1.125051912343989713e+00
-1.962257117428669040e-01
2.257261563866523879e-01
3.131045072848038791e-01
2.717549435398816660e-01
-6.556419163957159790e-02
1.868110463758188011e-02
9.606269154853612491e-02
1.370300122921392361e-01
1.218632502727725470e-01
1.076024734053351029e-01
8.962086041761890831e-02
8.246223194077005603e-02
5.610184297965582767e-02
9.884802729890836137e-02
7.584312398046980097e-02
3.358269806566742399e-02
4.696550297297714255e-02
5.207129921543947326e-02
-7.032219558076459320e-02
-2.766573816475917033e-02
2.211460732207975663e-02
4.604430423377133680e-02
7.054446500484952420e-02
9.212720894715316355e-02
7.139432859241993945e-02
-9.582517335244764567e-01
-2.813213969022987815e+00
-4.624328842565074149e-01
1.703576113250120927e-01
4.893981819958082013e-02
3.303688277534432838e-01
6.261880138754966074e-02
-1.940056938342578641e-01
4.030608052143838660e-02
2.037728726196017248e-01
4.532939378403571529e-01
4.877372326173906592e-01
4.229882494805252136e-01
-6.986451136736700207e-02
-4.537254249226165687e-02
7.163211604098511376e-02
2.164442361188823050e-01
2.336936795227762820e-01
2.010613658929587544e-01
-2.505755036004246317e-01
-1.311527005895150033e+00
-8.835190620544111639e-02
3.247339403984403905e-01
4.236688996011543917e-01
2.766251246856185619e-01
2.159733559593395025e-01
2.961860533661332950e-01
2.726272057538178251e-01
2.286591622232651555e-01
-1.824987554734193718e-01
-2.191184718468807413e-01
1.584084713880049844e-01
3.113536249640821429e-01
3.458932098536857680e-01
3.421869387345540803e-01
3.301187745265773410e-01
2.298466605448611089e-01
4.435998417737294086e-02
4.430442825332156498e-02
1.542716356525078436e-01
2.006542393401977431e-01
1.344153829669390288e-01
1.485456594048465140e-01
2.048070367114020462e-01
2.405270044373796490e-01
1.319616614682966871e-01
3.760390438461996832e-02
1.647009122792778280e-01
1.326897715057274718e-01
4.301134012131352380e-02
8.737960512173240102e-02
1.862936676033574990e-01
2.074399823228579576e-01
3.008298583415015548e-01
3.007598157391618843e-01
2.118003642546712473e-01
2.568211355876939272e-01
2.574043640827257118e-01
2.587204692529921357e-01
1.830619200214552711e-01
1.528601415577987011e-01
1.950195729564236369e-01
1.943587444473273140e-01
1.916749064015828563e-01
2.653267936422230577e-01
3.056371697124613540e-01
2.278168327135291493e-01
2.288015509217861121e-01
1.788936426575502003e-01
1.543402981637317928e-01
1.768953939986544488e-01
1.464676616832306655e-01
2.326615927685029006e-01
3.120924619499515495e-01
3.642749229324497851e-01
4.119487271560928754e-01
3.535529860303675553e-01
2.295067207094819151e-01
7.939800348702463761e-02
2.132661297582494342e-02
-6.527053366648669641e-01
-1.055638147695999729e+00
-1.527661748323133895e-01
3.527528931941153467e-01
5.215248312530107455e-01
2.093431554766715108e-01
4.622877044212025943e-02
4.849787761362196470e-01
6.698277884629243450e-01
6.477937015080657002e-01
4.692697361147498691e-01
3.147414217281384596e-01
-6.865219781065318161e-02
3.941170782537536943e-01
6.308153475375120056e-01
6.001728307591409628e-01
5.892235471244527956e-01
6.377984379735734954e-01
5.768273201714966270e-01
-5.460071636655676741e-01
-8.369017658234370050e-01
3.658221400206762008e-01
7.297784011742534105e-01
6.223550826693522442e-01
6.768738915383820665e-01
7.402721962040772485e-01
7.676791684053756448e-01
6.767386708540181761e-01
-3.894339288728779769e-01
-1.721583135661606700e+00
2.567511205292969390e-01
8.838260319539295029e-01
9.505780890740526123e-01
8.595931545804607055e-01
8.627930127855925058e-01
8.531183602584961889e-01
7.918043176535514149e-01
5.807876503942531743e-01
5.624778186286031323e-01
5.276496513129077526e-01
4.595989148749285436e-01
4.785356487629752742e-01
4.367321384921315497e-01
4.352848433138458706e-01
4.753629902787233075e-01
5.531790881163137774e-01
5.775360869435727240e-01
6.421963772486832811e-01
6.486015620243688051e-01
6.765859810140736341e-01
7.618969840512027636e-01
7.329686580227631199e-01
7.140059467607335897e-01
7.227434472632823237e-01
7.429602090394165081e-01
7.318847361227508452e-01
7.429087303360313310e-01
