1.209511295499119017e-02
2.026116420517164868e-02
6.087335218334702369e-02
3.843664857156407072e-02
3.797977786105027204e-02
-3.072463352517734031e-02
-8.320086843089120610e-01
-1.084284651579619396e+00
-1.494970510130625985e-01
2.560574358590248512e-01
3.248238395235823472e-01
2.703194353884952328e-01
-6.945126049120775580e-02
1.637409150220839327e-02
9.230160092806927175e-02
1.304909636217386482e-01
1.131433746570112142e-01
9.787961614111624631e-02
7.974899975908598948e-02
7.288413281206766736e-02
4.730218546159719456e-02
9.021410112794958636e-02
6.714343689369736690e-02
2.591533990912955887e-02
4.036977302728952943e-02
4.593945348075025026e-02
-7.405841319608273687e-02
-2.880533055843086457e-02
2.127329664513275681e-02
4.429322723528603817e-02
6.741651970862813648e-02
8.735114541714032732e-02
6.557003181961905403e-02
-9.464817118781500005e-01
-2.742708616361511087e+00
-3.674015274205199022e-01
2.379501093332966888e-01
9.105736045774776022e-02
3.518831208336107852e-01
7.085401349302622442e-02
-1.865768619290068542e-01
4.665584197121119825e-02
2.032429979919179452e-01
4.414455387789041896e-01
4.641390302051967565e-01
3.921092941803461795e-01
-9.610477417834817349e-02
-6.196023859619854968e-02
5.923838253884505106e-02
2.027530143771227034e-01
2.168226137987038227e-01
1.823930606940032950e-01
-2.620753125182990195e-01
-1.293280323981894187e+00
-5.652437399231322046e-02
3.414082373358570122e-01
4.225233954718982665e-01
2.645737717009200018e-01
1.996553184101164113e-01
2.764465261708839439e-01
2.498941343118275538e-01
2.050353346474809157e-01
-1.988781778581494297e-01
-2.241670401414131431e-01
1.549693904256330135e-01
3.010656610396431621e-01
3.282358383728282147e-01
3.191440191579293928e-01
3.037280980355929749e-01
2.031574324122195629e-01
2.216468500131452135e-02
2.779489990165728841e-02
1.397321579812366987e-01
1.851343072499893050e-01
1.187717880465647413e-01
1.335278446632963134e-01
1.890634457823704428e-01
2.229126490615548906e-01
1.145131621374955166e-01
2.347010843894870025e-02
1.519418244281579011e-01
1.196754284620364928e-01
3.186651780240845611e-02
7.800429125672170283e-02
1.757906680163832114e-01
1.944432400010242534e-01
2.842400298198843878e-01
2.804633140290865856e-01
1.905872380375492336e-01
2.354857613774853919e-01
2.353922875835707251e-01
2.362647208804936061e-01
1.616575597034408673e-01
1.338002414418014152e-01
1.772771922898188635e-01
1.769726067945202042e-01
1.746254193266152943e-01
2.472935844793565097e-01
2.852430863530718841e-01
2.066633363507590082e-01
2.082491499121412737e-01
1.596541587449584743e-01
1.371618957099430269e-01
1.611041427240454404e-01
1.318721208949879542e-01
2.178302720820762262e-01
2.945438854642136728e-01
3.429012675612554961e-01
3.864652332040653948e-01
3.256925144365691582e-01
2.030798121177236348e-01
5.836114269100334262e-02
7.109442255292197643e-03
-6.496602099914217110e-01
-1.024415008508857916e+00
-1.126319807950125623e-01
3.774140671455814555e-01
5.256304184416440428e-01
2.025970425431543875e-01
3.934932140596050787e-02
4.726351433933743129e-01
6.444468156458997843e-01
6.114247638519051398e-01
4.289517542258363680e-01
2.770262910077324059e-01
-9.565514220447490779e-02
3.717096839531326413e-01
6.009787287208611106e-01
5.625922996113382757e-01
5.470905443743602214e-01
5.919727453514586069e-01
5.289846001768488959e-01
-5.746269193639372830e-01
-8.316372290152993507e-01
3.771185392571127504e-01
7.219969748040355739e-01
5.984472614622572406e-01
6.426265600870350037e-01
6.972170899063192540e-01
7.173792073855115303e-01
6.228417170615745402e-01
-4.257380012720531903e-01
-1.707674968361249768e+00
2.887387925694177571e-01
8.894416418079411635e-01
9.283717160383549993e-01
8.192195594117585022e-01
8.113977352376852137e-01
7.944835832035960221e-01
7.295949984138969668e-01
5.208381433586527498e-01
5.074654416120127909e-01
4.769800564234635276e-01
4.136723480209406612e-01
4.365578373593993478e-01
3.980039301497184656e-01
3.994683327571014742e-01
4.409337499130654425e-01
5.178602316614300261e-01
5.401921086458556509e-01
6.021028382213564623e-01
6.057284531884374879e-01
6.313551771382801547e-01
7.132962184984716902e-01
6.815151046254486200e-01
6.614780834255558073e-01
6.697276120528139476e-01
6.892683872130045408e-01
6.777781598214893677e-01
6.886167629474377883e-01
