-3.284724685225305033e-03
-7.426784102140322752e-03
-6.234289354126985178e-03
-3.327096135176761584e-03
-2.341936310899268327e-03
-5.634844705239741569e-03
-6.363428706100474064e-02
-1.827757949469900611e-01
-2.526435749275962594e-01
-2.385758818212613264e-01
-1.951017534873399906e-01
-1.510977958097304008e-01
-1.327977612100270377e-01
-1.291106317237699086e-01
-1.159375035848882740e-01
-9.743115371706267958e-02
-7.896430507929728948e-02
-6.364670081250120570e-02
-5.225137284556536504e-02
-4.307493236333366504e-02
-3.656002401769671561e-02
-2.920044320794937601e-02
-2.085751674989640841e-02
-1.778006033095211325e-02
-1.739152266444528305e-02
-1.556714652065996178e-02
-2.118778052495172773e-02
-3.120231650746572993e-02
-3.522796285182948350e-02
-3.521213840105960613e-02
-3.295952910693350502e-02
-2.817211558714170783e-02
-2.358167305418463686e-02
-8.523179107864634063e-02
-3.195555599522828527e-01
-4.982996934857276683e-01
-4.923716455474240750e-01
-4.572590088564605360e-01
-4.137066484351803464e-01
-3.732040582145765839e-01
-3.662987688431952882e-01
-3.597365145363466965e-01
-3.292037587974739887e-01
-2.751901150609573632e-01
-2.088966770538575601e-01
-1.493737310104478744e-01
-1.281606511544924332e-01
-1.357445655680636909e-01
-1.355258013949468821e-01
-1.212246766230564987e-01
-9.967631858019704305e-02
-8.042407019550740221e-02
-9.260804792597353285e-02
-1.976394546614915204e-01
-2.811854147333563980e-01
-2.652740895364192886e-01
-2.207307061539412751e-01
-1.839832040543711855e-01
-1.613733228927760610e-01
-1.371393213671988076e-01
-1.123826450542088212e-01
-9.298130488870012811e-02
-1.023368985791042324e-01
-1.380449115420004924e-01
-1.490075312954299291e-01
-1.255935962095887926e-01
-9.358396962345646997e-02
-6.421213060065081302e-02
-3.797713885957700042e-02
-1.633946146682388120e-02
-1.286498814677205886e-02
-1.873382196411994480e-02
-1.502143411872363353e-02
-6.824756225072862656e-03
-2.588988746147763767e-03
-5.715971155181086109e-04
4.897168628499228710e-03
1.354986686168119757e-02
1.585983769523297005e-02
4.401557337350281776e-03
-3.460275570362766201e-03
1.693965180856187198e-04
1.321501830355058466e-03
-4.174345502154530076e-04
2.030521031349849775e-03
7.344016435560506151e-03
1.663941335458757331e-02
2.854955180832346312e-02
3.697526351489829194e-02
4.349762888323578658e-02
4.860425386931781916e-02
5.203865206347713795e-02
5.025684729406033197e-02
4.274824439469993020e-02
3.842351860710451622e-02
4.232182131774224476e-02
4.999294359051142944e-02
5.846308435118804242e-02
6.853246695605666461e-02
7.664747400567942237e-02
7.933838183838183566e-02
7.663174914066986365e-02
6.926842466704163925e-02
6.090457646112511919e-02
5.186809746568891988e-02
4.508977870447995751e-02
4.469715827784890433e-02
4.945746199711464203e-02
6.152475091885157427e-02
7.359604311607285954e-02
7.208689586699240648e-02
5.200639798048009577e-02
2.097338745816462735e-02
-5.591515725788499813e-02
-1.931196601841857485e-01
-2.876797620978925329e-01
-2.937381771996045443e-01
-2.597577112564241619e-01
-2.380838942656633705e-01
-2.459444100951991841e-01
-2.374797041515190610e-01
-1.938264219972601066e-01
-1.447056486638423622e-01
-1.121791735945421725e-01
-9.873520604091798325e-02
-1.154064446987591724e-01
-1.253088563031811431e-01
-9.581553998799445526e-02
-5.556195132385876451e-02
-2.020726501838752964e-02
1.594050782553210754e-02
5.207846934583570953e-02
1.185678335039258569e-02
-1.060358158385388133e-01
-1.559824187362746639e-01
-1.137249508684065047e-01
-5.989465918696362107e-02
-1.365922451317588826e-02
3.558879911949355823e-02
8.883318665668082925e-02
1.347889719208010817e-01
9.976261768323274604e-02
-7.324538279868317292e-02
-1.802234660911011810e-01
-1.332520636824340299e-01
-4.684329481183872879e-02
3.855663196220818212e-02
1.063396617785159898e-01
1.645102476559357485e-01
2.260333538586452029e-01
2.753661046798456802e-01
3.073919174128125764e-01
3.266839392311164381e-01
3.308992277404336213e-01
3.306466554238798317e-01
3.275488882188979378e-01
3.194039418714693657e-01
3.162554348928295900e-01
3.265186312466236696e-01
3.485244320118895955e-01
3.768818119905995578e-01
4.070376868811447224e-01
4.356404956195742972e-01
4.719278116181196414e-01
5.116051377726599236e-01
5.480539277866229853e-01
5.849338019791845422e-01
6.215750989732160559e-01
6.551412224448164290e-01
6.851316730678902456e-01
