-2.406682471205776608e+00
-2.404151823939255639e+00
-2.403022076588927192e+00
-2.399994855665159577e+00
-2.395980319985981488e+00
-2.387890030654001627e+00
-2.416342748713684152e+00
-2.406714186208202655e+00
-2.401189815689330764e+00
-2.392934047352193616e+00
-2.379539444046453234e+00
-2.357404775707083289e+00
-2.338924626816670127e+00
-2.329880908449068144e+00
-2.307837044966754458e+00
-2.260783664222363321e+00
-2.160008339111184839e+00
-1.889793594521972153e+00
6.489269088980169631e-01
-3.458970618603497638e+00
-2.940520340605623062e+00
-2.744580519343716496e+00
-2.645656149004468105e+00
-2.614134872120427389e+00
-2.597052363975177691e+00
-2.575834023077810730e+00
-2.594945167484790094e+00
-2.659305683687267940e+00
-2.678500503541735966e+00
-2.641836655610917184e+00
-2.591296284428023178e+00
-2.545632712372723372e+00
-2.516862202235199852e+00
-2.198993046944176299e+00
-2.389067167057278063e+00
-2.391089972164945898e+00
-2.383004077571392987e+00
-2.372385405631847632e+00
-2.358596642465080606e+00
-2.342353482989190550e+00
-2.333336280979558808e+00
-2.323870329375851362e+00
-2.303383196339307659e+00
-2.256446609577365425e+00
-2.122109343380664814e+00
-1.356879692825311512e+00
2.363545484632222138e+00
-8.977282172341479738e-01
-8.687393765790553113e-01
-1.450991984762061904e+01
-3.255510881558904668e+00
-2.869201158279014674e+00
-2.998148645738768270e+00
-2.087953640356275287e+00
-2.252490790002378063e+00
-2.207255185885281801e+00
-2.015416145601866660e+00
-8.109268124279701562e-01
-4.141403188444087391e+00
-2.972222126766888017e+00
-2.735348596400773769e+00
-2.649992376975808916e+00
-2.667126529981605820e+00
-2.831566465086956086e+00
-2.898864236950775553e+00
-2.709203640107678446e+00
-2.602096233629659139e+00
-2.548413381626860374e+00
-2.516991108645734165e+00
-2.498685917368870690e+00
-2.491551249282371039e+00
-2.489284733695432905e+00
-2.483053416732370344e+00
-2.472756602561166694e+00
-2.463753309629137078e+00
-2.456035046786599452e+00
-2.447459226506099483e+00
-2.438408348777389989e+00
-2.430683042018793039e+00
-2.424371918094316847e+00
-2.417735997086120747e+00
-2.410813393485678802e+00
-2.403930924170061267e+00
-2.396866891414376699e+00
-2.390406603879598357e+00
-2.384785027609693575e+00
-2.380217822696605978e+00
-2.376317127970627219e+00
-2.371491037824850601e+00
-2.366407684472668471e+00
-2.361799739247617325e+00
-2.357206881889481132e+00
-2.351673705264155423e+00
-2.344894755652606300e+00
-2.338482461632944709e+00
-2.332769851954742180e+00
-2.327060986643850082e+00
-2.322766920568509086e+00
-2.320346425808513580e+00
-2.316782456163616111e+00
-2.311821225188950280e+00
-2.305897372094060760e+00
-2.298601966106222694e+00
-2.291491317487034607e+00
-2.284243636348855855e+00
-2.278748077402819483e+00
-2.277410549564012676e+00
-2.278584810810053263e+00
-2.280871072673124722e+00
-2.281538633657821169e+00
-2.277746142763691140e+00
-2.268118946359053645e+00
-2.253729061390558730e+00
-2.212488422623335893e+00
-2.062889637224999184e+00
-1.777705622197201407e+00
-1.857637604407675891e+00
-2.031459419388367493e+00
-2.095101665198622065e+00
-2.095466664950436986e+00
-2.122312304412164785e+00
-2.176378827990677500e+00
-2.213015802565561518e+00
-2.229456249840519710e+00
-2.232332271610784513e+00
-2.219285321067838268e+00
-2.211047862363057614e+00
-2.223338251398939036e+00
-2.236085430368757176e+00
-2.243945247206506899e+00
-2.250029961126044142e+00
-2.253774399951611773e+00
-2.234620927281381064e+00
-2.176327538934466066e+00
-2.139750548401896157e+00
-2.166269663159579473e+00
-2.190523802091593808e+00
-2.205741665587252154e+00
-2.218723061688485210e+00
-2.229280732436792700e+00
-2.235488290985097493e+00
-2.220105090973865991e+00
-2.139670261096549453e+00
-2.051240587146531347e+00
-2.096876460658851471e+00
-2.149177999908441716e+00
-2.179957664723346955e+00
-2.198565246317887745e+00
-2.211337812492198296e+00
-2.219245911142484484e+00
-2.220884835176476280e+00
-2.218742865388986907e+00
-2.215719009521880167e+00
-2.211153190872461316e+00
-2.206077029598404238e+00
-2.200742800332065485e+00
-2.194932010299641689e+00
-2.189973880532807726e+00
-2.187071968797201116e+00
-2.185623327685787487e+00
-2.185300894921091697e+00
-2.185528323309800403e+00
-2.185737296304280708e+00
-2.187089607984061601e+00
-2.188378485116093675e+00
-2.188326833805193772e+00
-2.187693863064937627e+00
-2.187064567204221266e+00
-2.186141624117416526e+00
-2.184899002881789176e+00
