-2.158926233567922195e-03
-4.751222625114504688e-03
-2.640498130263063594e-03
1.187364446334090128e-03
3.344637689152596231e-03
1.066562180435223252e-03
-5.773476493670558901e-02
-1.834844848567218356e-01
-2.651148004010131509e-01
-2.614179328933175506e-01
-2.237877884179601540e-01
-1.813721493713204846e-01
-1.621217467216217734e-01
-1.573126228454523601e-01
-1.426831926064864309e-01
-1.216947283033205512e-01
-9.989940702276511875e-02
-8.072983068120880012e-02
-6.508048352297383932e-02
-5.179776027251566800e-02
-4.143952584626581226e-02
-3.060379732159698024e-02
-1.904888759975593981e-02
-1.281048295228578646e-02
-9.532273350285136795e-03
-5.364132607247810818e-03
-9.134566971514542638e-03
-1.812015413794998420e-02
-2.164206183940299566e-02
-2.105769089801715066e-02
-1.793460925532026906e-02
-1.202192830633205464e-02
-6.088922240562003561e-03
-6.788134600647700856e-02
-3.113540362891410451e-01
-5.129674795495769990e-01
-5.288732361827870321e-01
-5.087284771984247334e-01
-4.740009874042280802e-01
-4.370109933044931672e-01
-4.310919409801215463e-01
-4.249213999601400005e-01
-3.933952555059850864e-01
-3.357828382201206718e-01
-2.622089067247567185e-01
-1.925096582237122433e-01
-1.603837630115200752e-01
-1.590329275515267315e-01
-1.516391805571567497e-01
-1.305832472095589114e-01
-1.018703699001126672e-01
-7.536309066817405145e-02
-8.116152287612603267e-02
-1.842532412041653633e-01
-2.732074732838123410e-01
-2.622885920205764165e-01
-2.188039463410790531e-01
-1.790735204182254126e-01
-1.518019077719256482e-01
-1.224019260067094744e-01
-9.126200771294419589e-02
-6.514092389155358431e-02
-6.864959060913410072e-02
-1.009707338644054153e-01
-1.110655027067303929e-01
-8.690453007232686045e-02
-5.205119542145324185e-02
-1.758663383965691079e-02
1.480417456041583507e-02
4.188633727642910448e-02
5.029185915208555374e-02
4.747327974695502578e-02
5.259013076902159523e-02
6.335322023919814916e-02
7.060846658344527293e-02
7.499024471005456827e-02
8.281863543679887640e-02
9.448612668741122878e-02
1.001139403615320528e-01
9.165731274362470815e-02
8.561470313466497395e-02
8.921695031037146784e-02
8.893629447703067792e-02
8.574731184110648274e-02
8.813351537913316491e-02
9.488314502930778049e-02
1.068485843784315326e-01
1.226740467634784837e-01
1.345454459419243021e-01
1.442728141527307439e-01
1.536115331895685776e-01
1.615228253466305386e-01
1.639610794409182282e-01
1.598022590245217200e-01
1.575827105188168376e-01
1.617721918115615498e-01
1.687749629397730378e-01
1.778759887737336176e-01
1.903566388750592142e-01
2.008435177599212917e-01
2.060251779873727151e-01
2.060608962058798621e-01
2.009178656546801722e-01
1.944842602413471844e-01
1.869704369487554529e-01
1.818170871651949017e-01
1.841838672414140565e-01
1.928301599948658018e-01
2.088928395019703788e-01
2.251984169285451143e-01
2.284627897341360847e-01
2.126745625410800256e-01
1.839596879167015864e-01
1.069919538376480767e-01
-3.642914241923393692e-02
-1.434727686678692049e-01
-1.611669687619534663e-01
-1.341772941933136454e-01
-1.148583921737160729e-01
-1.233361575180132452e-01
-1.141396155271781065e-01
-6.682457007316139341e-02
-1.039088403743929773e-02
3.182820655326379367e-02
5.435666006310006793e-02
4.430783333142714053e-02
3.900450157081034736e-02
7.406941006704148567e-02
1.214464320656064023e-01
1.653213579026308611e-01
2.107023997962660655e-01
2.558601607053688776e-01
2.232447744499479747e-01
1.048123780520656551e-01
4.754641407001323344e-02
8.509161313165292118e-02
1.388275444272772108e-01
1.888089674198789036e-01
2.446872037796762878e-01
3.062659000544631915e-01
3.621483228369012375e-01
3.375969304303512164e-01
1.648512238322797641e-01
4.496019204739346020e-02
8.213763013691524617e-02
1.651620419723948685e-01
2.519093060690964503e-01
3.276125965400478735e-01
3.976029070849509961e-01
4.692670563578584808e-01
5.273780422351967978e-01
5.681598239454345167e-01
5.973954252310033075e-01
6.120820634019404904e-01
6.207097368041387675e-01
6.251717775511839159e-01
6.237239231142392981e-01
6.253076537157715720e-01
6.380808915113715951e-01
6.612313099714225428e-01
6.910742600154943238e-01
7.239855079301288354e-01
7.567734913467959457e-01
7.973470729677881730e-01
8.417802448012474681e-01
8.832056634531416650e-01
9.247468377935812445e-01
9.665111922256099941e-01
1.005979937706869665e+00
1.042435371150668866e+00
