-4.106935579195092028e-06
-2.481680827040987232e-05
-4.812747951473879697e-05
-5.042546078848024048e-05
-3.675105552491460964e-05
-2.048440576998532630e-05
-1.316529829045922230e-04
-7.895766917229243322e-04
-2.090791433639095816e-03
-3.565309776957735141e-03
-4.887779640618943391e-03
-5.965351253048723282e-03
-6.843636538893772651e-03
-7.673041979423656130e-03
-8.441971086363945012e-03
-9.103947859146647309e-03
-9.640119256910426038e-03
-1.005896252193660273e-02
-1.037928535027497594e-02
-1.061981688445237833e-02
-1.079306005304154006e-02
-1.091245183805271586e-02
-1.096628851763397500e-02
-1.097014240711466360e-02
-1.095287576404063365e-02
-1.091641337224270522e-02
-1.087243719110494826e-02
-1.087537185241456428e-02
-1.091436537380439942e-02
-1.095973982561582183e-02
-1.099473833592778081e-02
-1.100438526486435115e-02
-1.097854414259693059e-02
-1.105123769927866297e-02
-1.193004138392970807e-02
-1.428987786323519457e-02
-1.713092430037228137e-02
-1.988293078606136882e-02
-2.247544408773813340e-02
-2.481177108746290480e-02
-2.700798509214127549e-02
-2.918283865418794254e-02
-3.123175090913849275e-02
-3.302150553658980692e-02
-3.441989926561433294e-02
-3.540571884734119296e-02
-3.607997165053986044e-02
-3.669146965955923795e-02
-3.728531091758698762e-02
-3.780066937657260845e-02
-3.817016832546708122e-02
-3.838348176795580713e-02
-3.851679759559149818e-02
-3.892199730520168321e-02
-3.999665525199420923e-02
-4.123258342217875350e-02
-4.228596749124934745e-02
-4.308189075532516121e-02
-4.369208752198804752e-02
-4.414773993412544895e-02
-4.442608975129237053e-02
-4.454497011795423289e-02
-4.458057795814036189e-02
-4.474046853514070804e-02
-4.504565758246865254e-02
-4.529589892042234361e-02
-4.537090847874304667e-02
-4.525095036676270166e-02
-4.494716716881948237e-02
-4.447873168584783737e-02
-4.390823141947426678e-02
-4.334427901534573108e-02
-4.278323852830152180e-02
-4.217820127362507943e-02
-4.152489746644277835e-02
-4.084886224110158975e-02
-4.014664045102634554e-02
-3.939411346917819079e-02
-3.859205128240029981e-02
-3.780419039292925304e-02
-3.707829817734425992e-02
-3.635675657918253922e-02
-3.562571975087946985e-02
-3.491520291928705555e-02
-3.421404604071751759e-02
-3.348862164531531127e-02
-3.271953395882800514e-02
-3.187336265120900569e-02
-3.095337677964817708e-02
-2.998419237209992011e-02
-2.896697197174898097e-02
-2.791047717043707369e-02
-2.682853584617607770e-02
-2.576296219092276754e-02
-2.472769034540890296e-02
-2.369383896262136982e-02
-2.263281168242734301e-02
-2.153625666123560808e-02
-2.038629698834807866e-02
-1.917632931685237657e-02
-1.793233829403347718e-02
-1.668238725361252672e-02
-1.545637834396639335e-02
-1.427441975170556585e-02
-1.313686802218839988e-02
-1.204764108082434330e-02
-1.097256325673407786e-02
-9.872628812003113666e-03
-8.712350342621447488e-03
-7.461397554398879056e-03
-6.160257701879053721e-03
-4.902626317403329520e-03
-3.785081435307032643e-03
-2.932531419032938062e-03
-2.719530933599314561e-03
-3.278884276230766264e-03
-4.152188169987549443e-03
-4.964468312103691508e-03
-5.606507852765850279e-03
-6.218352964854370786e-03
-6.854300547293218360e-03
-7.312762120870975116e-03
-7.462018962515899398e-03
-7.328039488463015429e-03
-7.018344153034009221e-03
-6.665721032129933582e-03
-6.407069152883929954e-03
-6.057821484573867703e-03
-5.466015528379922564e-03
-4.625972061573517882e-03
-3.549660691972426028e-03
-2.226033493471085700e-03
-8.165430184260064669e-04
1.032406461580293120e-04
4.410381403015432660e-04
7.723474188566929787e-04
1.386903379260207101e-03
2.280506447954760377e-03
3.460956247401427745e-03
4.961368978093219119e-03
6.784689119835573753e-03
8.737437137496816691e-03
1.012526463642481923e-02
1.049763588116673155e-02
1.072137924615972591e-02
1.131361928588452657e-02
1.239124612834689373e-02
1.391688555263323988e-02
1.582956190466352012e-02
1.812012019075783659e-02
2.076625575498932536e-02
2.365448873011793615e-02
2.671593259789941527e-02
2.987241773678847578e-02
3.306025428981870101e-02
3.626341722012304397e-02
3.944694915805638247e-02
4.260122386834090669e-02
4.577024430698788809e-02
4.901976800588286887e-02
5.239470366647573651e-02
5.592308419279291842e-02
5.960945852101316028e-02
6.346587501682941779e-02
6.754145009526592303e-02
7.182245312139620697e-02
7.630295966596452317e-02
8.098144001856324992e-02
8.585373241157424895e-02
9.089898297479873102e-02
