-6.817387475599361382e-04
-9.345803818505411635e-04
2.771433253077644574e-03
7.879408952888326476e-03
1.145849632629408928e-02
1.047160162505758954e-02
-4.744827187852800054e-02
-1.725390325186887397e-01
-2.536336489392241877e-01
-2.493638774735855990e-01
-2.109951253467940158e-01
-1.677514562716744262e-01
-1.477077606822135847e-01
-1.422612032758177603e-01
-1.270765152884436866e-01
-1.052439514639426227e-01
-8.251285059897563168e-02
-6.236191247573824592e-02
-4.542552293770919097e-02
-3.093392168236930306e-02
-1.947193524043565327e-02
-7.661015196542617436e-03
4.599745508513355258e-03
1.172774892286660917e-02
1.613550787282962487e-02
2.119646781388294723e-02
1.817985095876808663e-02
1.000226788287910361e-02
7.263804187346055777e-03
8.784727626098125589e-03
1.306760553857165899e-02
2.015231028398496022e-02
2.716633729058446148e-02
-3.376495030827346422e-02
-2.767148537184996315e-01
-4.781336200702211436e-01
-4.938250187509721778e-01
-4.731108934953922041e-01
-4.370439530917266113e-01
-3.984127306328196783e-01
-3.907507478321611827e-01
-3.828017036599490330e-01
-3.497632536262597069e-01
-2.906681436460608059e-01
-2.152147910345548198e-01
-1.433723944313542442e-01
-1.092816366500117820e-01
-1.059537307081465096e-01
-9.643037300367399145e-02
-7.287064150177249844e-02
-4.135795574121854667e-02
-1.222807332981658626e-02
-1.566253871767874992e-02
-1.165172546463898312e-01
-2.032261716409933250e-01
-1.897414436574318408e-01
-1.433583508819366581e-01
-9.998219681852121843e-02
-6.912503874492960387e-02
-3.676320145924536625e-02
-2.409254801188726036e-03
2.666218073362530694e-02
2.551806007802864124e-02
-4.377924184109770883e-03
-1.268776517420429524e-02
1.218165002834310263e-02
4.806404991880768029e-02
8.446091225377430622e-02
1.188823557030901645e-01
1.464242336320011328e-01
1.548797245555693647e-01
1.513898633891829215e-01
1.547929729925952569e-01
1.654103872452668544e-01
1.732342703972074571e-01
1.778139414169264687e-01
1.860935983291123752e-01
1.989165185777056200e-01
2.060607729691903423e-01
1.995898262871466655e-01
1.953419314374805482e-01
1.985361690013640878e-01
1.958604592256272536e-01
1.904080949163449443e-01
1.922615444274540508e-01
2.000125281953274436e-01
2.140856721546258168e-01
2.328685848976335404e-01
2.466670048309726193e-01
2.579250156999507992e-01
2.700411736182077860e-01
2.811870028089116791e-01
2.868463677120255406e-01
2.856062008988501377e-01
2.854682661335646299e-01
2.895395436657481891e-01
2.947437226673100819e-01
3.031589593912155656e-01
3.166566760282426007e-01
3.277154677078153999e-01
3.336208459606642140e-01
3.351248677533677500e-01
3.315270852242087618e-01
3.270959626713847990e-01
3.217072802190826808e-01
3.193305709403835291e-01
3.258711375679835820e-01
3.396441332388182022e-01
3.601867003307076542e-01
3.802246926808569571e-01
3.876670625552812166e-01
3.765837813371499254e-01
3.522463666805911164e-01
2.799499538488913197e-01
1.410968089203678832e-01
3.798600421028332230e-02
2.436589070768320486e-02
5.565662903943682793e-02
7.961253434934817408e-02
7.585770003572196718e-02
9.057931254883545835e-02
1.437348277142480313e-01
2.063644811006233315e-01
2.550625015419439867e-01
2.827281498478562693e-01
2.759948951436920761e-01
2.740795671275878531e-01
3.131557233499931980e-01
3.640493182436041475e-01
4.113002765010953521e-01
4.596789122155826579e-01
5.064154961620446205e-01
4.749444341472866538e-01
3.562181900341615526e-01
2.975036385202606271e-01
3.344761353745053789e-01
3.879729084275345685e-01
4.386112842184392013e-01
4.957946623715523415e-01
5.581642762926964929e-01
6.147932472944270810e-01
5.928915317405711871e-01
4.204866274093471690e-01
2.976812019871515891e-01
3.336871487159407956e-01
4.153857418867444862e-01
4.991157167870765576e-01
5.748633991081646410e-01
6.469970307184464975e-01
7.167134460961425146e-01
7.697314855855554860e-01
8.057383178227313092e-01
8.331152833847706995e-01
8.488174898720787231e-01
8.587933436326319336e-01
8.649557135025568444e-01
8.660199491855651299e-01
8.692534175029864585e-01
8.812174012787368227e-01
9.009069116942877153e-01
9.268005715356112395e-01
9.560963217077836918e-01
9.859768914395647954e-01
1.022866005474321494e+00
1.062820331737677204e+00
1.099775482807168636e+00
1.132903123379238153e+00
1.161385519934917454e+00
1.187777148177235009e+00
1.214150221472284796e+00
1.242480846520847226e+00
1.272948109061284860e+00
1.305087435842599897e+00
1.337659141868400736e+00
1.368819075920708617e+00
1.397136672101591426e+00
1.422108892461868779e+00
1.444236511773741238e+00
1.464932010931970785e+00
1.484881450916492707e+00
1.504314646610961148e+00
1.524269574738426059e+00
1.545723740193761353e+00
1.569984137331725593e+00
1.598331165887982186e+00
1.628756930651584778e+00
1.659682857892379459e+00
1.689638052640679788e+00
1.717931452525143676e+00
1.744383112920203427e+00
1.768162445691066065e+00
1.790124865817302791e+00
1.811694676294459683e+00
1.834150564977372388e+00
1.858212391589662893e+00
1.885330265294559382e+00
1.915383538739313884e+00
1.947257712783553307e+00
1.979241865837299663e+00
2.008524626360325360e+00
2.033644160371433252e+00
2.055522180143320554e+00
2.075523640037764572e+00
2.094313539527627999e+00
2.113210706844604658e+00
2.133886389887456936e+00
2.157046210663238650e+00
2.180934622081155183e+00
2.204217920714206080e+00
2.227082466697523966e+00
2.248105124819020251e+00
2.266431693427255922e+00
2.282859315416711610e+00
2.298478464523089126e+00
2.314125912931100704e+00
2.330382686475096499e+00
2.348769942534452593e+00
2.369779036167704245e+00
2.391993016591636767e+00
2.413388070901650639e+00
2.432476708951479605e+00
2.448836233331982637e+00
2.463345575779448904e+00
2.477083439033674672e+00
2.490060367045188183e+00
2.502567159913373196e+00
2.514966773464007765e+00
2.527833423473303753e+00
2.542237345957989891e+00
2.558444347022154730e+00
2.575748525377958398e+00
2.592857563316607994e+00
2.608942829114640372e+00
2.623241925988703649e+00
2.635787841390112796e+00
2.646422435796828676e+00
2.655243038546832857e+00
2.663689884011044118e+00
2.672485347551440515e+00
2.682459809433425324e+00
2.694683740741915745e+00
2.708566138704870063e+00
2.723459045968412706e+00
2.737271330821248849e+00
2.747570631423626342e+00
2.754726330051770145e+00
2.759448986959605943e+00
2.762825192272497343e+00
2.765827755462127779e+00
2.769429357748268927e+00
2.774998408821852003e+00
