-3.331909180040528579e-02
-9.187837813159498851e-03
4.068498023184139584e-02
2.004640978217161681e-02
1.295166484591946110e-02
-4.819855451866713464e-02
-8.628893062431097771e-01
-1.142081250504053402e+00
-2.135815913205003636e-01
2.073687193176602106e-01
2.917461529396665476e-01
2.515247277061551379e-01
-8.524506461790168355e-02
2.458162643352607146e-03
7.851558972070343811e-02
1.112530978554731181e-01
1.003389303591138010e-01
7.994066760371384972e-02
5.707822590896340087e-02
5.549657344191551156e-02
2.560133904922301529e-02
7.370238016879382403e-02
5.228426814126114347e-02
1.018278697041768988e-03
1.347078833488690210e-02
2.503688295635902311e-02
-1.007946403048322337e-01
-5.868114185940350586e-02
-9.311222588067637196e-03
8.861166927343698541e-03
3.050356813101975928e-02
5.309820762710011632e-02
3.288451235092283709e-02
-9.920142443501865914e-01
-2.845218775495551800e+00
-4.939467248617916972e-01
1.391646739000274580e-01
9.931219555179504610e-03
2.775531313687874535e-01
1.628347385989153961e-02
-2.482272610629498999e-01
-8.017029004884546062e-03
1.581464349522155866e-01
4.058391624085786464e-01
4.296099297672459905e-01
3.658694609042161261e-01
-1.240657999977384379e-01
-1.063377528821334572e-01
8.598925766203704968e-03
1.405218907331566291e-01
1.575417834352135227e-01
1.272770384705033120e-01
-3.224234453160741420e-01
-1.386518781344193929e+00
-1.683277764994843273e-01
2.366713411011651669e-01
3.311853970133745162e-01
1.632932201108804326e-01
1.207823624122865425e-01
1.996154317050495564e-01
1.652540260690431584e-01
1.348491656290289331e-01
-2.756439956157575311e-01
-3.208143070210527359e-01
7.891234457082618725e-02
2.407450645110445209e-01
2.540468863803184152e-01
2.396052185492124065e-01
2.322056224971897898e-01
1.735925915607686165e-01
-4.082284855783001321e-02
5.002215780512977994e-03
1.026478755975237522e-01
1.109565177543302833e-01
5.804163942128580389e-02
7.146462071427228668e-02
1.203942117938647804e-01
1.410765745548856198e-01
3.508011976660313502e-02
-7.709321966268928294e-02
7.068211971153366691e-02
8.590707335558830926e-02
1.185414905349499448e-02
3.613467733935833703e-02
1.003117580839296835e-01
1.077109672766780879e-01
1.811517147863549726e-01
1.741440649061265222e-01
1.230557693527161711e-01
1.434352830010134916e-01
1.259596758980209008e-01
1.274577377669478817e-01
4.901612588068821053e-02
2.676703342773265049e-02
8.298698880496158115e-02
1.328386928831613856e-01
1.312751494610588099e-01
1.665454192689440061e-01
1.886403059298319695e-01
1.411412392381622138e-01
1.085964623217351432e-01
6.566614594821462703e-02
3.116897484954950226e-02
4.718651845127633249e-02
1.722532238855969955e-02
8.060085290167298688e-02
1.355796252417948156e-01
1.781743936459590505e-01
2.509367031739198062e-01
1.874980607499820984e-01
4.841836425247500464e-02
-1.104509481362408035e-01
-1.572181029116216100e-01
-8.579793109210281932e-01
-1.241933007269011124e+00
-3.460909700473200346e-01
1.559473727243190777e-01
3.170716539890636176e-01
-2.114694475389838901e-03
-1.665080761999921388e-01
2.427633486265440843e-01
4.401642815776819484e-01
3.902149409911231936e-01
2.221495483794413972e-01
9.140146533334923828e-02
-2.668631559641295725e-01
1.604930871069604748e-01
4.033072805437476482e-01
3.763052822608274894e-01
3.601244172917771880e-01
4.190948568509252348e-01
3.864962847757723585e-01
-7.549429559661013922e-01
-9.922421623988019190e-01
1.900007398511151524e-01
5.448078644496724410e-01
4.369049717637850661e-01
4.654315766083592099e-01
5.340927640857946468e-01
5.733891703091872349e-01
4.728395733714518823e-01
-6.440308940766918955e-01
-1.861944972555660271e+00
1.042437654710260120e-01
6.891238525201143217e-01
8.034833288039229249e-01
7.247412357296798557e-01
6.253027849526187065e-01
6.491964356696486860e-01
6.858607497189653790e-01
4.828425928636249642e-01
4.485983032631316592e-01
3.489049944843275464e-01
2.594167341197515242e-01
2.860988159980275558e-01
2.270778359248873945e-01
2.131366891679841169e-01
2.896666034526881317e-01
4.026480322888873475e-01
4.656528070728795932e-01
5.179629592028012208e-01
5.269278138012492008e-01
5.303037569692717890e-01
6.643480888523585204e-01
6.193404471449778237e-01
6.370030975833727016e-01
6.487103904405957522e-01
6.692492889474225271e-01
6.439442800903278918e-01
6.507990257699007852e-01
