-1.293098773514754046e-06
-6.722514896115135754e-06
-4.115730204275257036e-06
2.687109514377514268e-05
8.043471841217224956e-05
1.438094672892314030e-04
8.525227611145912545e-05
-5.132479909095522073e-04
-1.744358866633333996e-03
-3.137148817886752442e-03
-4.369071727502315747e-03
-5.350682201114636931e-03
-6.130905666876372562e-03
-6.861951688485195752e-03
-7.533399931221774690e-03
-8.098821993195811156e-03
-8.538417034387135035e-03
-8.861437539324851925e-03
-9.085524796143541054e-03
-9.228395297553084950e-03
-9.303363851585077018e-03
-9.323591694000975608e-03
-9.278496680524215764e-03
-9.183745925966022711e-03
-9.065930214616791175e-03
-8.926432110435268338e-03
-8.778027822274997102e-03
-8.674276706461278227e-03
-8.603558487131708968e-03
-8.535678617524284847e-03
-8.452576392773865355e-03
-8.338739438825883143e-03
-8.184616842415958632e-03
-8.124755298078508922e-03
-8.864627389027872340e-03
-1.107090318318732641e-02
-1.373962854572126878e-02
-1.630493674544621074e-02
-1.869952630589174353e-02
-2.082847687936503767e-02
-2.281189827168464412e-02
-2.476909552094330724e-02
-2.659793968989035071e-02
-2.816821346287398664e-02
-2.934951492802327297e-02
-3.012075534094370635e-02
-3.058435496227694672e-02
-3.098897340616607946e-02
-3.137653305807121262e-02
-3.168363983200601225e-02
-3.183979216840505250e-02
-3.183450290874281080e-02
-3.174480895347047554e-02
-3.192148772701856874e-02
-3.275663640352832057e-02
-3.373783727034165847e-02
-3.452150909213722724e-02
-3.503371907530696688e-02
-3.534507213571497913e-02
-3.549155434558191879e-02
-3.545192113929720307e-02
-3.524356848993976526e-02
-3.494605086983307990e-02
-3.476668006037861997e-02
-3.472450537796209491e-02
-3.462457918679295865e-02
-3.435011224064516561e-02
-3.387787763719423556e-02
-3.321687320227374035e-02
-3.239015272849123800e-02
-3.146870826680028821e-02
-3.055879889665219160e-02
-2.966403595829443865e-02
-2.873408304984970824e-02
-2.775556103734709221e-02
-2.675454283704862754e-02
-2.572721678764991124e-02
-2.464659455803699939e-02
-2.350972844178605276e-02
-2.237885812130511326e-02
-2.129848355654601413e-02
-2.021758285887594389e-02
-1.913564113172497652e-02
-1.808751923862087982e-02
-1.705568684586718925e-02
-1.599631172475588295e-02
-1.488379758013531028e-02
-1.367935528342463687e-02
-1.238657374947065189e-02
-1.103751099568954855e-02
-9.628933948468278853e-03
-8.164523974405387893e-03
-6.657476329516021953e-03
-5.149819864844508432e-03
-3.658306991540081002e-03
-2.161323163928340237e-03
-6.434809713771682486e-04
9.024813775694185553e-04
2.504126689667746271e-03
4.172174084062062714e-03
5.876459651060355477e-03
7.594731045554476388e-03
9.298098057859999210e-03
1.096903674881841324e-02
1.260930336855430739e-02
1.421651637114308350e-02
1.583118684221181474e-02
1.749882828342784469e-02
1.925547318389918272e-02
2.112467588410303285e-02
2.306510636070711190e-02
2.498649458427363440e-02
2.679422566514281720e-02
2.836314915139804757e-02
2.932504005887986639e-02
2.954782738257049138e-02
2.949091528629094530e-02
2.952669234979375321e-02
2.976124485844787448e-02
3.005248195599470942e-02
3.034615444267004664e-02
3.084703356972051322e-02
3.168305085143414968e-02
3.282955038443308160e-02
3.417403022285938480e-02
3.557482171993009423e-02
3.689020585295357119e-02
3.831091498440238052e-02
3.998708485581399519e-02
4.192125096770363268e-02
4.410013093610579138e-02
4.652954958976203426e-02
4.904151476752972166e-02
5.106295074018089852e-02
5.249679690732268061e-02
5.392247806663228588e-02
5.563018048742012639e-02
5.761504712934794464e-02
5.988872539397814554e-02
6.248223024502468081e-02
6.539481452827319852e-02
6.843757245297411862e-02
7.092512085121716048e-02
7.239195560416383790e-02
7.370786063375198149e-02
7.539370926885428925e-02
7.755195294467555345e-02
8.014268918321314217e-02
8.312433517158779317e-02
8.647853856929609007e-02
9.015761273640789109e-02
9.404305612687284543e-02
9.807596142358601665e-02
1.021996469825650067e-01
1.063605795400269782e-01
1.105448182083211689e-01
1.147232924730045150e-01
1.188885191773855210e-01
1.230751377313737821e-01
1.273345752217671656e-01
1.317013250569154248e-01
1.362058462024692829e-01
1.408533309674719347e-01
1.456593701229046967e-01
1.506637421963685775e-01
1.558541533850030802e-01
1.612143826667789548e-01
1.667122465259381903e-01
1.723236673233426997e-01
1.780355327357350526e-01
1.838478080822599781e-01
1.897678880197787021e-01
1.958147682740819517e-01
2.020058088128899310e-01
2.083464176738625273e-01
2.148319553419656136e-01
2.214506089751573925e-01
2.281907029882138671e-01
2.350447053788889407e-01
2.420124940103674793e-01
2.490937298774444641e-01
2.562909545994743743e-01
2.636084464914017489e-01
2.710561775088447534e-01
2.786526261833064400e-01
2.864167738983523503e-01
2.943523298018145273e-01
3.024603152581215038e-01
3.107306294816730152e-01
3.191565242689022863e-01
3.277248730502460017e-01
3.364242316268817312e-01
3.452482333012607540e-01
3.541990546680477969e-01
3.632841885646467817e-01
3.725167193869158844e-01
3.819160532955507836e-01
3.914949139135316392e-01
4.012604854502235252e-01
4.112057546987880619e-01
4.213115587148066887e-01
4.315580194492428801e-01
4.419368154838166918e-01
4.524445145779763533e-01
4.630821527527277937e-01
4.738590551734375156e-01
4.847911454878742199e-01
4.958915177738352220e-01
5.071607648656694112e-01
5.185983055458902591e-01
5.302009416311599388e-01
5.419564968724231990e-01
5.538552906428241274e-01
5.658926034754007128e-01
5.780694649137736452e-01
5.903899161347010427e-01
6.028631947835403349e-01
6.155058531493908802e-01
6.283301470057691684e-01
6.413384187591852914e-01
6.545221238881422376e-01
6.678680006253292500e-01
6.813635005856296667e-01
6.950034322412962373e-01
7.087857136521712453e-01
7.227082922172808344e-01
7.367721132364506431e-01
7.509796893538072116e-01
7.653387418543491361e-01
7.798611395974134330e-01
7.945570479434452826e-01
8.094306514341733649e-01
8.244794233385955851e-01
8.396976460332324921e-01
8.550761115702409931e-01
8.706080003492855379e-01
8.862837429739128803e-01
9.020996703896532187e-01
9.180586339433988163e-01
9.341665482280611110e-01
9.504355019988617315e-01
9.668800230881018365e-01
9.835106283106955782e-01
1.000333239783304684e+00
1.017336330205859563e+00
1.034503341374721774e+00
1.051822037056949322e+00
1.069283729613520695e+00
1.086887163578988513e+00
1.104634585556443005e+00
1.122535632479556567e+00
