8.120203628710501512e-04
2.998294755165925324e-03
8.563396766092089968e-03
1.551144767682351849e-02
2.126753639645256530e-02
2.238333068412270629e-02
-3.505878706326755190e-02
-1.648198064430150822e-01
-2.557729939509099104e-01
-2.613593317757421652e-01
-2.297827874576683915e-01
-1.899311219771276371e-01
-1.709242683611670310e-01
-1.660106774485259618e-01
-1.507727308289972257e-01
-1.275930777946864825e-01
-1.023611181920422858e-01
-7.883575547506307957e-02
-5.765113982535836901e-02
-3.864976455981057601e-02
-2.261975453147344398e-02
-6.344321563356750127e-03
1.022135846739435222e-02
2.178747342491180183e-02
3.060988450017997076e-02
3.961573560676594913e-02
4.007129065960912673e-02
3.464686115966197910e-02
3.408669088009330661e-02
3.774628905343042906e-02
4.440606726912151025e-02
5.404528935415506968e-02
6.375140397222639477e-02
4.209252059096668663e-03
-2.452046259360278202e-01
-4.659574853240272541e-01
-5.025040404850642517e-01
-4.985277440056537501e-01
-4.745597710226935328e-01
-4.434943492251910424e-01
-4.407815765580611056e-01
-4.366563587093911791e-01
-4.058369356688436014e-01
-3.461948352324586975e-01
-2.661825586952823453e-01
-1.861861875933426003e-01
-1.421980373296698463e-01
-1.295860969013991615e-01
-1.115133376620147665e-01
-7.919145276405641087e-02
-3.808050896475036889e-02
1.037860882027286102e-03
7.096776074553994007e-03
-8.786235841960296500e-02
-1.752131359316936587e-01
-1.629275403327484772e-01
-1.150323070731767705e-01
-6.665415091423018690e-02
-2.910143568851675938e-02
1.049323666692468515e-02
5.353147720375452806e-02
9.191242564403331872e-02
9.948855684779032982e-02
7.645818841235275942e-02
7.257469119997092544e-02
1.009856564265346202e-01
1.419411186414885617e-01
1.856262672588854523e-01
2.285239776800558065e-01
2.636734441074849444e-01
2.792009362789439342e-01
2.810041250893201559e-01
2.876467227613416777e-01
3.027014016952786490e-01
3.155715236132230483e-01
3.244939801720261308e-01
3.371296573149601961e-01
3.550889652801666463e-01
3.678616752001400148e-01
3.670419080259022526e-01
3.674964439112933801e-01
3.729401624938424864e-01
3.701792264524410569e-01
3.641112662071215311e-01
3.667427233923957752e-01
3.770233638097774675e-01
3.952228757819786220e-01
4.198221296213933140e-01
4.390962742899015003e-01
4.556664872943276268e-01
4.746235466967287375e-01
4.933284717014022047e-01
5.066426049450826197e-01
5.124579109802325227e-01
5.181009137520998786e-01
5.255024329470778799e-01
5.321526309999846660e-01
5.430171160206928027e-01
5.609320312156398369e-01
5.763332128998801540e-01
5.867372843690192852e-01
5.933452264163622258e-01
5.945499099350561867e-01
5.949157057777001434e-01
5.940806120441570748e-01
5.965857264832694629e-01
6.095654534908316879e-01
6.313541692536035477e-01
6.601457416323979199e-01
6.885994295724400249e-01
7.053057439956867958e-01
7.035610550913532490e-01
6.869849411648942805e-01
6.204734769217925550e-01
4.819614944366558129e-01
3.727273795325135586e-01
3.523249135448792146e-01
3.797572069551903851e-01
4.034705362848340915e-01
4.010743836993627132e-01
4.187969287184140077e-01
4.779314700950342276e-01
5.503419463101166809e-01
6.118785438585632175e-01
6.523606989523536015e-01
6.563624908584529960e-01
6.636864754765440244e-01
7.131041710977401582e-01
7.756191617260707050e-01
8.358900691151738283e-01
8.981276028614563200e-01
9.583746536513139125e-01
9.392647495987473949e-01
8.255597953540956269e-01
7.646982595088199774e-01
8.005835758927373202e-01
8.561469947254758406e-01
9.121639833023670318e-01
9.776460787788390228e-01
1.050054901868671342e+00
1.118604314037110914e+00
1.110474347925612948e+00
9.431929221873125435e-01
8.123627925749900003e-01
8.416005406675607370e-01
9.207546804893302905e-01
1.004866069447006627e+00
1.087705545366540960e+00
1.172032528924890515e+00
1.252206416434074709e+00
1.313834517913038180e+00
1.358743098479828326e+00
1.397001278284281778e+00
1.425518256610971202e+00
1.447987673717886281e+00
1.466120392163585917e+00
1.479187886104711191e+00
1.492723779587692645e+00
1.512335831558807131e+00
1.537496367564500144e+00
1.567909867289519976e+00
1.602416286563000947e+00
1.638828988616693572e+00
1.682119411141152598e+00
1.728430176267405027e+00
1.771135502665274863e+00
1.812186347098065475e+00
1.853850659189795413e+00
1.894762349863299722e+00
1.934352045927863584e+00
