-6.728801976412559496e-04
-8.923917870491311372e-04
2.783980933089434846e-03
7.684124516395102536e-03
1.095997633214189360e-02
9.681990711216373682e-03
-4.762829288803079736e-02
-1.687014474153120946e-01
-2.426674504084010420e-01
-2.319936971904467959e-01
-1.898292137357408815e-01
-1.453443323728219883e-01
-1.256772107288585683e-01
-1.208626979125281831e-01
-1.065956282377379938e-01
-8.619640787131735427e-02
-6.541472284985794250e-02
-4.754208903194326319e-02
-3.301741663649673808e-02
-2.092165161655298172e-02
-1.175306831010896301e-02
-2.070356587508738466e-03
8.122826759041827313e-03
1.333956502751736974e-02
1.612967193663183627e-02
1.980633961404898793e-02
1.567562296067994895e-02
6.938769137917988675e-03
3.981717493538870431e-03
5.350745503448862093e-03
9.417950539327073906e-03
1.613850800093961577e-02
2.261606919918026162e-02
-3.806226060283091073e-02
-2.754976517745221232e-01
-4.632282039738797597e-01
-4.656553295867291720e-01
-4.355551578343869745e-01
-3.934950515012609618e-01
-3.520862598884378913e-01
-3.433044002979259157e-01
-3.347581761992549643e-01
-3.022101849134298801e-01
-2.452804861173938644e-01
-1.741087683389657137e-01
-1.082795132284584683e-01
-8.082835753568905213e-02
-8.300003685243553808e-02
-7.785764687599415479e-02
-5.823317226811738218e-02
-3.075992601768911400e-02
-5.800684968572233230e-03
-1.297766681062649530e-02
-1.149194733195452733e-01
-1.982199372771418777e-01
-1.812995346311007394e-01
-1.336289810979091608e-01
-9.105798561975086969e-02
-6.213781768184745147e-02
-3.235388290301489944e-02
-1.203027182761644970e-03
2.431181350303311672e-02
1.987971398302023143e-02
-1.174859637599894382e-02
-2.051585466303236516e-02
3.597492085638000908e-03
3.776076005266260083e-02
7.156461869120500641e-02
1.027902257788356338e-01
1.268339722699655669e-01
1.320356268704178104e-01
1.261685325472459152e-01
1.278764409123799017e-01
1.369970610962593094e-01
1.434009851323969353e-01
1.467928450245366556e-01
1.540345433905086769e-01
1.657610874300918247e-01
1.717556944360721649e-01
1.645071879534367731e-01
1.600446912325778903e-01
1.631191832719605939e-01
1.604053624414178147e-01
1.552022914428462796e-01
1.574029494145901820e-01
1.652930085847136854e-01
1.791814435514465509e-01
1.972824326067117995e-01
2.100518184743346284e-01
2.202241437374723720e-01
2.311891312457803882e-01
2.411619846126517031e-01
2.457229323183904302e-01
2.437178415902012396e-01
2.431740255422301933e-01
2.469724971912906353e-01
2.519099569617960777e-01
2.600163092918176266e-01
2.729939627472873220e-01
2.833093754034817779e-01
2.885009812881933478e-01
2.894587644287443529e-01
2.856323959960586634e-01
2.813268946733669118e-01
2.763234800962187654e-01
2.745439351732516520e-01
2.815759392235208658e-01
2.954664642968283794e-01
3.156088063638263219e-01
3.347049497370353510e-01
3.410713405677416876e-01
3.294012406531818815e-01
3.054613226785593549e-01
2.351486477946383991e-01
1.018925963835910220e-01
7.909339384405536522e-03
3.074775182462139225e-03
4.050337278021907961e-02
6.791814621446079503e-02
6.650728067806040145e-02
8.303124428443037219e-02
1.362249106342563187e-01
1.967393777734997018e-01
2.418580814520395750e-01
2.655651976122630487e-01
2.555157396288817995e-01
2.516721408436167207e-01
2.886150237779897543e-01
3.362754674456409631e-01
3.794568386207002320e-01
4.232165760183094760e-01
4.648867737209992357e-01
4.291605003933811058e-01
3.105346203852952236e-01
2.557624270258879173e-01
2.958180860896323372e-01
3.499280048779182528e-01
3.993425791016157467e-01
4.538168812619156056e-01
5.121474528614771149e-01
5.637415689879364811e-01
5.373296407463630242e-01
3.653223284604280030e-01
2.495358607239149817e-01
2.918679934371829487e-01
3.760833747388206971e-01
4.587899525818093793e-01
5.310776757800984571e-01
5.981603570226217137e-01
6.617359218439226032e-01
7.081103372367103521e-01
7.378709456149422641e-01
7.596906793882614028e-01
7.707433058931845160e-01
7.771160437355860706e-01
7.805716883195055189e-01
7.798117591399194026e-01
7.819443926703353309e-01
7.931355709169706225e-01
8.119748206706509652e-01
8.367416825423453774e-01
8.645084582801175754e-01
8.925268775392311005e-01
9.271990735959735330e-01
9.644160018270295787e-01
9.983286541129439140e-01
1.028290046521261436e+00
1.053708885546948526e+00
1.077237402046980819e+00
1.100948234187119068e+00
1.126736634568401119e+00
1.154681101474082761e+00
1.184257260966068426e+00
1.214202966941008599e+00
1.242723468207463489e+00
1.268480804469864109e+00
1.291080667349798095e+00
1.311098689409535334e+00
1.329971202198797497e+00
1.348350782108686641e+00
1.366439487288572341e+00
1.385225082884999681e+00
1.405610790703237356e+00
1.428809004860406073e+00
1.455978676746390699e+00
1.485022542804492529e+00
1.514396373139719865e+00
1.542675079195024557e+00
1.569276918555140066e+00
1.594083540472705618e+00
1.616354698656222943e+00
1.637001010226700748e+00
1.657448405504014843e+00
1.678921177048684044e+00
1.702066405373890312e+00
1.728244365306945918e+00
1.757227442461390066e+00
1.787864610460514037e+00
1.818453929624594956e+00
1.846285301067584816e+00
1.870052227276358670e+00
1.890802247466499830e+00
1.909938076863133771e+00
1.928122300804137046e+00
1.946637368079750186e+00
1.967068634413381645e+00
1.990011298704619458e+00
2.013643517950501671e+00
2.036659358937757069e+00
2.059271731982732057e+00
2.080095043236901198e+00
2.098361930717606683e+00
2.114922902776071201e+00
2.130875200549358084e+00
2.147020775137448378e+00
2.163893420897670783e+00
2.182943030932376072e+00
2.204558021293707260e+00
2.227271356437912075e+00
2.249085015611573368e+00
2.268600344955757464e+00
2.285491462361293191e+00
2.300703933872770612e+00
2.315319953408735199e+00
2.329335538390754579e+00
2.343030693795178809e+00
2.356741206910945685e+00
2.371010832995268824e+00
2.386851850044635182e+00
2.404460304894556533e+00
2.423089111742905644e+00
2.441452554785348728e+00
2.458770683343000751e+00
2.474338461459962613e+00
2.488255367379207605e+00
2.500398673635778390e+00
2.510910329572159760e+00
2.521224523960267749e+00
2.532017287552606355e+00
2.544063710931288469e+00
2.558352075415426086e+00
2.574217562192533837e+00
2.590994302685083461e+00
2.606607171895088282e+00
2.618744253016052959e+00
2.627893496024753528e+00
2.634824487030129170e+00
2.640643191312689542e+00
2.646288291495726419e+00
2.652682158551927571e+00
2.661105158957652428e+00
