1.414622175575839943e-06
1.010263857427750240e-05
3.424752797023969755e-05
8.689934229111120879e-05
1.580679456274864877e-04
2.353988692651399562e-04
1.959287407193511968e-04
-3.165602235393518153e-04
-1.299198699152147741e-03
-2.267363181802394857e-03
-2.974807873755833196e-03
-3.413219817163237572e-03
-3.683416979834420318e-03
-3.947031267261622706e-03
-4.184877336302327173e-03
-4.352818562637240235e-03
-4.437726995229874551e-03
-4.454900520986378523e-03
-4.421239294883251049e-03
-4.350693783329417051e-03
-4.253002967764216505e-03
-4.135750142195511111e-03
-3.986197429712430920e-03
-3.818010135609320801e-03
-3.649905956816276113e-03
-3.477064166110252486e-03
-3.309429676381325965e-03
-3.190355905865722465e-03
-3.097477150755279310e-03
-2.999275089846765042e-03
-2.880482741367551731e-03
-2.730609553920240566e-03
-2.546499223241952079e-03
-2.458720584927482928e-03
-3.092044378215164004e-03
-4.908840452680811491e-03
-6.821839043206784185e-03
-8.394705369266813877e-03
-9.680873852272666932e-03
-1.067002641647535506e-02
-1.153551777279811404e-02
-1.239901568053990155e-02
-1.316133644629386215e-02
-1.371940516411299625e-02
-1.398308337679492371e-02
-1.396906573907596288e-02
-1.379634839012182541e-02
-1.368718240805312861e-02
-1.363577786306420861e-02
-1.355557108001756612e-02
-1.337446608860360688e-02
-1.309066616446223803e-02
-1.278180999410076860e-02
-1.275942837916316068e-02
-1.330742811947092930e-02
-1.386143745360281232e-02
-1.414387487673258656e-02
-1.415410771204014123e-02
-1.400277005145010578e-02
-1.374342554914769789e-02
-1.336342272395602687e-02
-1.288522817137485559e-02
-1.238652906237040427e-02
-1.204258144106854639e-02
-1.182728516209461019e-02
-1.154482946170309887e-02
-1.110881557671406644e-02
-1.051995895000319009e-02
-9.802759425054045211e-03
-8.991836482356005411e-03
-8.161576006121171525e-03
-7.394655986508529358e-03
-6.677916873577538319e-03
-5.948707397985164916e-03
-5.187324560671079110e-03
-4.420810232481715146e-03
-3.642390670173975466e-03
-2.824507813088039578e-03
-1.966072832960801594e-03
-1.125847008578839594e-03
-3.327711820559677838e-04
4.636795830557234295e-04
1.250128106001299408e-03
1.993188915079666026e-03
2.722385602468687261e-03
3.486575224349957453e-03
4.306470314225011205e-03
5.212586843097755628e-03
6.188346675471734920e-03
7.191901319449496913e-03
8.232611026840907023e-03
9.311116747710974223e-03
1.041541177381906554e-02
1.150888438572904120e-02
1.258177142139936186e-02
1.365428875219469596e-02
1.473034812036012192e-02
1.581708847211564864e-02
1.694804558829969554e-02
1.813001159693511041e-02
1.932629241557063532e-02
2.052416776908785531e-02
2.170161726106628955e-02
2.285164077537718552e-02
2.398344519936149166e-02
2.509931184954693889e-02
2.624388733446308963e-02
2.745781595197409330e-02
2.876271816429572248e-02
3.016129701336876107e-02
3.160519897590725186e-02
3.301637570034704483e-02
3.432472214884280809e-02
3.543628099123456721e-02
3.605420989321050929e-02
3.614040103868829817e-02
3.617610290447115934e-02
3.645812585134311501e-02
3.700387396476618324e-02
3.762502640894941491e-02
3.826410560756616369e-02
3.910990980282934293e-02
4.023997469918820513e-02
4.159510625151692509e-02
4.305076134507965224e-02
4.447689899675285469e-02
4.576988127183823085e-02
4.714725374969772759e-02
4.873155727466228770e-02
5.049524743696535978e-02
5.241084572032687905e-02
5.447172795706886617e-02
5.651085333785690890e-02
5.803596514187960714e-02
5.906570047041920929e-02
6.020078203105683201e-02
6.165157077435063498e-02
6.334534908234702721e-02
6.525902582164833099e-02
6.739265346131974310e-02
6.972159319026845214e-02
7.206341356136783394e-02
7.382303984231791683e-02
7.469453091150668467e-02
7.561184870117416967e-02
7.698558600694833942e-02
7.878897825813821476e-02
8.091059955063385767e-02
8.329300391438626550e-02
8.589075309665693270e-02
8.862881924812877898e-02
9.140153318233579238e-02
9.418628173610274490e-02
9.696757243466652687e-02
9.972462423412072063e-02
1.024644086668848736e-01
1.051775178478878137e-01
1.078711303230051183e-01
1.105751260874631575e-01
1.133264859428106813e-01
1.161413210724084183e-01
1.190391142610348479e-01
1.220185887674703484e-01
1.250902897434870986e-01
1.282762629027768830e-01
1.315539580503279904e-01
1.349032536273697125e-01
1.383216747655896806e-01
1.418105549558857370e-01
1.453612652438038277e-01
