-6.619383352021516705e-04
-8.415018926902346997e-04
2.794735967717192852e-03
7.440919586539231079e-03
1.036380559895473327e-02
8.767100034793995703e-03
-4.774095546426611325e-02
-1.639108529217405130e-01
-2.295152328940291975e-01
-2.118414863602166298e-01
-1.660983920690000393e-01
-1.210918302055493112e-01
-1.026208187552637846e-01
-9.900715638958422493e-02
-8.606091253861058998e-02
-6.742544353753973652e-02
-4.886389445362709222e-02
-3.345141637361289527e-02
-2.141418252006044298e-02
-1.168567387609023740e-02
-4.694917819035642099e-03
3.042725232413548940e-03
1.136826932807529639e-02
1.490214674010543333e-02
1.634495726763460915e-02
1.891394383977889129e-02
1.395278042100521476e-02
4.999554238308768356e-03
2.147391286496542432e-03
3.608736508491844526e-03
7.618810318615595011e-03
1.405481517153054499e-02
2.001636173730244814e-02
-4.020417685949900788e-02
-2.707994402183557803e-01
-4.422165199963945525e-01
-4.298648845568893706e-01
-3.903044748416906184e-01
-3.429954972615088526e-01
-3.000245674063167223e-01
-2.912605262504900372e-01
-2.829297384369613422e-01
-2.515736769157177477e-01
-1.975384303926606133e-01
-1.314653500553479293e-01
-7.241151282373867182e-02
-5.205935249747954685e-02
-5.959593374004804739e-02
-5.832812419019951788e-02
-4.204525669595131354e-02
-1.809004264606693668e-02
3.158238821719398098e-03
-7.225056812380581742e-03
-1.091795260845025706e-01
-1.872885309930884534e-01
-1.657206580129403362e-01
-1.163935959604650849e-01
-7.479502600424492442e-02
-4.811521695965345624e-02
-2.119337761813273532e-02
6.490871881742785177e-03
2.826490341289939964e-02
2.055505210949246792e-02
-1.238902903730065841e-02
-2.101579095545648770e-02
2.699191419892575661e-03
3.519763071648692593e-02
6.628181516021769415e-02
9.412368012463068201e-02
1.145059812429809754e-01
1.164258021761633011e-01
1.083727812546861347e-01
1.086626474251497776e-01
1.165031890857601421e-01
1.216300940271272391e-01
1.239533648125819010e-01
1.302315440995307771e-01
1.408529159035327161e-01
1.456313104472996833e-01
1.375898554093815673e-01
1.329618039951705466e-01
1.358960518111070603e-01
1.330733938137407257e-01
1.280551241677052865e-01
1.304933842584032888e-01
1.383132494911131216e-01
1.517156038119884809e-01
1.687345470725104823e-01
1.800463532636729647e-01
1.887496096519851452e-01
1.982061134508827926e-01
2.066751397301811732e-01
2.098442380308218058e-01
2.068595786974471717e-01
2.057458738820003297e-01
2.090853569057964656e-01
2.135239271757072566e-01
2.210441207980759493e-01
2.331539240329536244e-01
2.423289268587801581e-01
2.464318469223548136e-01
2.465101246652870726e-01
2.421792397477251502e-01
2.377639137753210508e-01
2.329115965959073498e-01
2.314806325259125830e-01
2.386711166710458187e-01
2.522309115930931878e-01
2.714177328642566334e-01
2.889440814164231930e-01
2.936529412750823465e-01
2.809827395064137812e-01
2.572416454662630469e-01
1.889875690451793544e-01
6.202257096511087919e-02
-2.179438560195301466e-02
-1.745865422086030280e-02
2.557199308456175116e-02
5.532415292037527743e-02
5.511995801514785881e-02
7.243315119320570261e-02
1.244802925753254463e-01
1.815293174661958275e-01
2.217892152393530492e-01
2.405620964344734602e-01
2.266570991911974475e-01
2.207900772422216884e-01
2.554314873323903501e-01
2.994527645117033288e-01
3.380624629998223440e-01
3.766966474686364030e-01
4.128095702648920673e-01
3.726342371354214311e-01
2.548771721833667514e-01
2.052684514445979880e-01
2.488569625597964186e-01
3.031822710399086906e-01
3.505599297113146107e-01
4.013154532185946866e-01
4.545086742521033396e-01
4.999935032178848826e-01
4.683649823560841474e-01
2.972620414085174190e-01
1.901003440050821891e-01
2.394141128263163332e-01
3.255213369057488593e-01
4.058116461077799775e-01
4.729986821101787031e-01
5.334262935745978096e-01
5.894041023713463279e-01
6.279157130685761867e-01
6.505670456605009422e-01
6.662551910730452054e-01
6.723102440804592517e-01
6.748923221110899595e-01
6.755048170282095255e-01
6.727940478766496479e-01
6.736471785871216422e-01
6.837444495928605148e-01
7.012132048720536304e-01
7.241457002021722822e-01
7.495152724400688804e-01
7.747055869183461230e-01
8.061173943435679945e-01
8.394607136141652992e-01
8.691774309773536711e-01
8.948407648297473926e-01
9.161205571017588811e-01
9.357584254616463371e-01
9.557995157451483204e-01
9.780211324738534717e-01
1.002372659921476394e+00
1.028260416703729474e+00
1.054402052655355915e+00
1.079069797534283115e+00
1.101038997161178923e+00
1.120040591473357772e+00
1.136727661782488408e+00
1.152550284420321258e+00
1.168108295347227488e+00
1.183564988954813213e+00
1.199845880752836269e+00
1.217767423278260264e+00
1.238435552893392799e+00
1.262875103501455820e+00
1.288899999241759131e+00
1.315028727146628995e+00
1.339903131266901859e+00
1.363078598814849274e+00
1.384505283402860609e+00
1.403543940689014002e+00
1.421158425824738059e+00
1.438762653327839480e+00
1.457505076544201694e+00
1.477942212393088539e+00
1.501329331019377378e+00
1.527319085892607342e+00
1.554732066912759336e+00
1.581891078311186138e+00
1.606218329280815871e+00
1.626594070252187718e+00
1.644204431348782691e+00
1.660477998878679085e+00
1.676058060415647644e+00
1.692171769980561624e+00
1.710295402793746478e+00
1.730893974136570757e+00
1.752077460708476142e+00
1.772587779064029201e+00
1.792677209140953076e+00
1.811009210221011356e+00
1.826921579709193777e+00
1.841322149044506862e+00
1.855307153391286157e+00
1.869629583964548702e+00
1.884764373417001648e+00
1.902077486102814685e+00
1.921840025660655371e+00
1.942538372997897778e+00
1.962219920351086611e+00
1.979601649809533237e+00
1.994473375050653141e+00
2.007852424411864956e+00
2.020813570492488775e+00
2.033327367088630933e+00
2.045656635206007046e+00
2.058102329925914464e+00
2.071172353547030554e+00
2.085811766532637002e+00
2.102139016066828958e+00
2.119367852511309991e+00
2.136231605256541766e+00
2.152016553622646100e+00
2.166088363092129931e+00
2.178623436958359250e+00
2.189534128972054017e+00
2.199008610136261144e+00
2.208464327472365429e+00
2.218515388533807364e+00
2.229869738370640952e+00
2.243420191313482359e+00
2.258422334987455482e+00
2.274201593537898969e+00
2.288712970082413367e+00
2.299797529110138239e+00
2.308081556594441253e+00
2.314393019835604193e+00
2.319847745846121523e+00
2.325332111245877353e+00
2.331702956408391092e+00
2.340134637109271942e+00
