-3.426800225435509047e-03
-8.249291929490429678e-03
-7.819137295356109671e-03
-5.195308695895257262e-03
-4.224293471047273728e-03
-7.617686944401527716e-03
-6.860651802210614159e-02
-2.019026531384421341e-01
-2.965310935514521851e-01
-3.055861662644321353e-01
-2.772709115880255815e-01
-2.403074094629159552e-01
-2.236723405890178595e-01
-2.205503458904082836e-01
-2.067190435245425673e-01
-1.855987088492095094e-01
-1.625916543477905485e-01
-1.413694961074862533e-01
-1.233884959715412233e-01
-1.074712021008924628e-01
-9.431617195610714210e-02
-8.065340333898508851e-02
-6.598266993545380543e-02
-5.688513857806277302e-02
-5.134697033858909299e-02
-4.508332366945477787e-02
-4.706207107721892269e-02
-5.521687644631657899e-02
-5.853540053861478604e-02
-5.810970032127365376e-02
-5.536365619936416821e-02
-4.971825899758224032e-02
-4.377210200849186023e-02
-1.066397508722713994e-01
-3.594144466148411210e-01
-5.840304710327073323e-01
-6.241171161477480078e-01
-6.236154086430156784e-01
-6.044109581318608537e-01
-5.782281706579607272e-01
-5.802690442653654079e-01
-5.808462465938530883e-01
-5.536891563229163760e-01
-4.972163431245362197e-01
-4.210565234652209887e-01
-3.454085596908326172e-01
-3.052687561442188890e-01
-2.968877705409034284e-01
-2.838540342386479676e-01
-2.578992410709761707e-01
-2.242233586281201230e-01
-1.922584249938887879e-01
-1.929036698529619509e-01
-2.948767348092041218e-01
-3.902434843094913508e-01
-3.869476887115471664e-01
-3.486521041832745804e-01
-3.117168132232769895e-01
-2.854538297466454599e-01
-2.553806205044422128e-01
-2.225454280236061066e-01
-1.936866618095890169e-01
-1.940731845875006134e-01
-2.255515224449401446e-01
-2.363285421687534027e-01
-2.115491323564630544e-01
-1.747313763757779859e-01
-1.375307558866185609e-01
-1.013622592256381572e-01
-6.846029829494271191e-02
-5.385610613397093932e-02
-5.098777066666758395e-02
-4.013588954644465440e-02
-2.511920267693482783e-02
-1.439769171829887590e-02
-6.680491682340412678e-03
3.955644682845945066e-03
1.781777568405890771e-02
2.526652516562096981e-02
1.750162269183330038e-02
1.117438632676573743e-02
1.599608142003851666e-02
1.854791968180406411e-02
1.781160608089403519e-02
2.109149023473344195e-02
2.762870094450563946e-02
3.875062769072869923e-02
5.356626148612203542e-02
6.566176382164415348e-02
7.606850144189870877e-02
8.513804653140756573e-02
9.232947172764535693e-02
9.383966599842069600e-02
8.838118686637144727e-02
8.491194560889510357e-02
8.947519360603102545e-02
9.847877858391961003e-02
1.089894375051126824e-01
1.218685588295730649e-01
1.334588459505754998e-01
1.396664458570436029e-01
1.398246291829347565e-01
1.341746790526932021e-01
1.261634409726215267e-01
1.163686416833540627e-01
1.078492673113660566e-01
1.055578251408266360e-01
1.089889972431936360e-01
1.209040995258723744e-01
1.344799307992049497e-01
1.349004649028690828e-01
1.150422725453915385e-01
8.084626997047153485e-02
-4.560487574512481213e-03
-1.625546902090692636e-01
-2.901346714547975436e-01
-3.290893763356570467e-01
-3.201946448405090795e-01
-3.153469541881684934e-01
-3.365769917159199265e-01
-3.398209190698262550e-01
-3.023168767681029268e-01
-2.522124947872890210e-01
-2.137128526314181765e-01
-1.925266998905814653e-01
-2.026791182329083507e-01
-2.096967247250349775e-01
-1.762445924141826659e-01
-1.280070840993827175e-01
-8.136289353153858261e-02
-3.151762911618827961e-02
2.057084959607146518e-02
-5.347542988322857849e-03
-1.223967434728572279e-01
-1.835296601090570245e-01
-1.497491674181813393e-01
-9.644575177388545195e-02
-4.468213241257134455e-02
1.496375866070343008e-02
8.318198337713585133e-02
1.478357638845195221e-01
1.301547254597290038e-01
-4.146253183922185559e-02
-1.683124514922293979e-01
-1.393856294809679430e-01
-5.916175562664953425e-02
3.188184090424392436e-02
1.137800366407381858e-01
1.911366191956336280e-01
2.758775952696395639e-01
3.515942383488452339e-01
4.102426855340795542e-01
4.548263605934153020e-01
4.813581374829561388e-01
4.996348082586706818e-01
5.117503116881576553e-01
5.153800982896351579e-01
5.210790874260101679e-01
5.389924615536193508e-01
5.692920875219843468e-01
6.075455235445337276e-01
6.494188363752667614e-01
6.912265879400274482e-01
7.421165452855080780e-01
7.986878468424351007e-01
8.535469645833245744e-01
9.100573871396012704e-01
9.673065081311610358e-01
1.022147297700591873e+00
1.073432227231222225e+00
