-5.287052895663130192e-01
-5.298954548698555644e-01
-5.338579126207451120e-01
-4.842675594662037564e-01
-5.218273617094976169e-01
-5.154129097537583082e-01
-5.289272808196425757e-01
-5.296038446650013221e-01
-5.308510081993044194e-01
-5.327550291147538086e-01
-5.352755857556203978e-01
-5.383893229359274502e-01
-5.410651405199956576e-01
-5.431685321861161597e-01
-5.460644702778596482e-01
-5.499619995914393211e-01
-5.548684244135293486e-01
-5.607070263604663207e-01
-5.674431108341665420e-01
-5.754424957988100164e-01
-5.845763348623960187e-01
-5.970619985074191449e-01
-6.159808093631481407e-01
-6.361563564508414537e-01
-6.572213790388518051e-01
-6.888293737873759648e-01
-6.942399295303359752e-01
-6.751497356622659929e-01
-6.729001614213534488e-01
-6.826398031789882026e-01
-7.037485024704261960e-01
-7.499459369509269280e-01
-8.316013411349882922e-01
-6.107854574599125286e-01
-5.495150845657874594e-01
-5.423555184707351540e-01
-5.430600162069842973e-01
-5.447528493719293596e-01
-5.470027735833894456e-01
-5.495724110757104208e-01
-5.512421840378205484e-01
-5.529897357734627761e-01
-5.559288357281482185e-01
-5.607028003862764010e-01
-5.680384228094275123e-01
-5.780735739011264585e-01
-5.864686479990647294e-01
-5.907360480548353721e-01
-5.962536017669683996e-01
-6.057700522950971722e-01
-6.205163064513543603e-01
-6.400692202123230423e-01
-6.454671433622423127e-01
-6.083032416983891189e-01
-5.904363427908108086e-01
-5.928082096039445359e-01
-6.021528107088219839e-01
-6.138809375279882241e-01
-6.254109589821910120e-01
-6.415760928601488278e-01
-6.656283568812407792e-01
-6.973846583508216401e-01
-7.053377841715399166e-01
-6.812615637140623237e-01
-6.770065404871262738e-01
-7.042077515746325567e-01
-7.656604435551813692e-01
-8.994729917174327793e-01
-1.368290584392346521e+00
5.070715774837520229e+00
5.758745622446508339e-01
3.163725360808125053e-01
5.818064242565712529e-02
-1.165683022142247616e-01
-1.983727993652125710e-01
-2.440617989231602669e-01
-2.862815023074133380e-01
-3.247826519254422006e-01
-3.461007580009421991e-01
-3.459025145109695387e-01
-3.465012946346024414e-01
-3.586091625033202002e-01
-3.651260860575533673e-01
-3.674506176798264523e-01
-3.751940236730070266e-01
-3.866982874471540654e-01
-4.013616883710572902e-01
-4.167615424443307792e-01
-4.280160655173156359e-01
-4.370163791114949348e-01
-4.449856525193636725e-01
-4.517372578046878195e-01
-4.563713478424259451e-01
-4.588282008462806205e-01
-4.615211866652584316e-01
-4.656614860806729816e-01
-4.702741313295520365e-01
-4.750723263626672188e-01
-4.801895113713888774e-01
-4.846934921964327625e-01
-4.882410133703493638e-01
-4.910138585763924035e-01
-4.930909027253738142e-01
-4.949205429569501491e-01
-4.965585756462605471e-01
-4.983463230153921120e-01
-5.008115842949953933e-01
-5.037770869657631767e-01
-5.071723211057839187e-01
-5.104193649845687464e-01
-5.129109011308163879e-01
-5.145664185347620379e-01
-5.156454088851426532e-01
-5.141382495606036107e-01
-4.934427230082086835e-01
-5.945334675308053818e-01
-5.627502035761353660e-01
-5.664729194439852566e-01
-5.693368528519426874e-01
-5.620706208766781398e-01
-5.628553367711353062e-01
-5.844023398901154742e-01
-7.705544530860927166e-01
-3.846062174108360043e-01
-4.579026920649755805e-01
-4.542337487330979640e-01
-4.533746742588067313e-01
-4.883708037964487603e-01
-5.054159621234568522e-01
-5.135454349686439102e-01
-5.187597978096161189e-01
-5.224657025678391964e-01
-5.244165572196362035e-01
-5.250480077738557405e-01
-5.260185936431722720e-01
-5.282584733987555348e-01
-5.300197884777918533e-01
-5.314647175069853180e-01
-5.326511488573676401e-01
-5.336708350275967128e-01
-5.347205563331784983e-01
-5.369478050297256111e-01
-5.444877983190290482e-01
-5.592922625455762908e-01
-5.571802333678224084e-01
-5.506602589758637922e-01
-5.468450591695674934e-01
-5.450818269125122795e-01
-5.442192477814933316e-01
-5.437296323010520904e-01
-5.438344773484276029e-01
-5.444318886850977313e-01
-5.453157650787682220e-01
-5.465235091896569752e-01
-5.478773480418227537e-01
-5.493432319415839649e-01
-5.509729501352809145e-01
-5.525557532930387428e-01
-5.538577123143992864e-01
-5.548724210378999100e-01
-5.556920835786340884e-01
-5.564173804291012715e-01
-5.571373923157563191e-01
-5.576588216350636396e-01
-5.580908998978713065e-01
-5.586068884926262967e-01
-5.591334487590188251e-01
-5.596699088185810300e-01
-5.602712897666879410e-01
-5.609515051727888002e-01
