2.766411087963293203e-03
7.536501017800819116e-03
1.394064252979698715e-02
2.032861979417528026e-02
2.524393026979787624e-02
2.533891936696107405e-02
-2.924043948181858504e-02
-1.398721586669937067e-01
-1.970945644062180868e-01
-1.728241495326844346e-01
-1.237713422120124696e-01
-7.825660496084863027e-02
-6.081111496091511776e-02
-5.827001338741837760e-02
-4.644837015977872074e-02
-2.851001750091212983e-02
-1.079696612228178698e-02
3.758495599560198949e-03
1.569497824354171983e-02
2.525700356864575558e-02
3.207837295306510683e-02
3.961351161434040202e-02
4.726393138490404822e-02
5.084554939191832795e-02
5.322065087331224326e-02
5.635397570857168803e-02
5.194352206337192468e-02
4.428871996674830364e-02
4.294948969639494907e-02
4.621538510348154050e-02
5.231249997354939230e-02
6.054556363197709928e-02
6.783061524460673453e-02
9.433097460055946126e-03
-2.137241548035043459e-01
-3.695383411685291275e-01
-3.442331680320072085e-01
-2.968718897397970569e-01
-2.443692660017190432e-01
-1.992215220463735559e-01
-1.893738263030766700e-01
-1.798655158039488833e-01
-1.487422769146878598e-01
-9.643861433255784821e-02
-3.304533909918701273e-02
2.257798623531732940e-02
3.912143520398990437e-02
2.988613263257978991e-02
3.137980171078935676e-02
4.922615027670908250e-02
7.507278406536273263e-02
9.749198469122044575e-02
8.820201380357467480e-02
-9.700539117772147280e-03
-7.877490822738969500e-02
-4.860152218653997214e-02
6.665561166816033611e-03
5.317565091640070324e-02
8.325277019870697126e-02
1.116694403370158267e-01
1.411031616357129037e-01
1.639104894862006279e-01
1.566399375295809970e-01
1.265242150984426939e-01
1.206886106862724573e-01
1.442970043603866159e-01
1.765456980323762970e-01
2.086207513258711566e-01
2.370605600769539190e-01
2.542515592836236960e-01
2.530389244505588664e-01
2.415855100189651938e-01
2.373534686938793270e-01
2.448327188286060496e-01
2.510556320432010269e-01
2.536692439382388642e-01
2.608628868338650486e-01
2.737586522612267537e-01
2.812721003722906121e-01
2.772740910977621875e-01
2.765284411056986857e-01
2.781516391736106875e-01
2.700024390567797861e-01
2.610282152977045356e-01
2.639240961462760993e-01
2.752053441435280412e-01
2.937560834027250212e-01
3.167279933486812915e-01
3.307344812707981863e-01
3.412914198604499738e-01
3.554319445456717297e-01
3.693587156455979126e-01
3.778207685984059649e-01
3.796704436552350015e-01
3.818267931097955592e-01
3.836323155375621630e-01
3.833800611618319309e-01
3.895001149785610184e-01
4.040280910636567802e-01
4.140905660937090893e-01
4.196098989025403569e-01
4.228988619318486131e-01
4.221583103987893715e-01
4.225722451983502381e-01
4.228155072586645691e-01
4.279654445385394634e-01
4.443835570483221087e-01
4.682841976891750635e-01
4.951338725964660181e-01
5.179259086129003320e-01
5.289687961477668177e-01
5.244693801864240834e-01
5.091500555317526322e-01
4.517781202780614680e-01
3.392873997776278405e-01
2.718309133674929323e-01
2.912268538605392032e-01
3.458901975186309818e-01
3.847323060731214217e-01
3.928123457049286782e-01
4.199921523499230980e-01
4.805444865381875985e-01
5.447199421505335426e-01
5.914530514491425084e-01
6.137551910030620839e-01
6.008099578483614422e-01
5.986674523257425884e-01
6.383826486276171774e-01
6.851437743919097656e-01
7.255882726742277633e-01
7.649748502341904288e-01
7.985764918995869044e-01
7.567859055936442259e-01
6.398344150608177294e-01
5.930341573166348912e-01
6.397995556343062384e-01
6.947097177138731317e-01
7.426717237132531846e-01
7.938355541044888053e-01
8.449171924226215324e-01
8.875682878237259876e-01
8.587123022503403424e-01
6.907303145112897447e-01
5.870751636257028894e-01
6.421923137185741037e-01
7.282408257171445465e-01
8.006799276046560054e-01
8.653753038152811605e-01
9.263974049896994689e-01
9.724460498159517297e-01
9.946402838283239234e-01
1.003787716316808076e+00
1.013629475274157254e+00
1.020942475536465555e+00
1.026482935562761378e+00
1.031256428811348824e+00
1.035197146393002088e+00
1.040747907066988054e+00
1.050433717374562148e+00
1.062424800448463769e+00
1.078179199814365719e+00
1.097234892442711773e+00
1.118091780450570782e+00
1.143174981724693895e+00
1.168166702750027541e+00
1.187744590924499244e+00
1.204225500821296979e+00
1.221562537287618877e+00
1.239082742700857498e+00
1.256554346348699891e+00
