-2.746609309465107174e+00
-2.742530963920759568e+00
-2.740478573210793911e+00
-2.735972699138890185e+00
-2.730028715715245635e+00
-2.717987101048747078e+00
-2.761831765481919554e+00
-2.746943937746270326e+00
-2.738649210289470393e+00
-2.726043263520978588e+00
-2.704780204614768646e+00
-2.667563624580894022e+00
-2.637430267941220485e+00
-2.625535360129664486e+00
-2.589469787582832971e+00
-2.504384259853326355e+00
-2.292792909533836188e+00
-1.428760714266066323e+00
-5.725398326695037454e+00
-3.575396937634236938e+00
-3.293317046524776970e+00
-3.130696438185337716e+00
-3.032640052866561131e+00
-2.999838081287502956e+00
-2.980600691734311969e+00
-2.955234508579941632e+00
-2.978384193228319266e+00
-3.052717728880633974e+00
-3.067925003042428767e+00
-3.020038500350623600e+00
-2.959808952832239104e+00
-2.906810948752498458e+00
-2.873102833276309109e+00
-2.494710466341253152e+00
-2.725633420583092992e+00
-2.726320684296245300e+00
-2.713790770098938321e+00
-2.697365155149459071e+00
-2.675719749703586281e+00
-2.650050612724787147e+00
-2.636946026097282125e+00
-2.622968395079773973e+00
-2.590254994676233657e+00
-2.509596130276697146e+00
-2.235449194391158301e+00
4.727611179371933758e+00
-6.077967132710444531e+00
4.169050807563416505e+00
2.668583760226092672e+00
-5.546266126601875790e+00
-3.591988356271791361e+00
-3.268072884055399197e+00
-3.410506277721282675e+00
-2.315628130337490376e+00
-2.539280118641086492e+00
-2.462459780243202001e+00
-2.095956911124522648e+00
2.666606143356075265e+01
-3.888559258491758541e+00
-3.309300558674357351e+00
-3.109827823899109944e+00
-3.026483622052430267e+00
-3.047782275495999560e+00
-3.220019524527663268e+00
-3.275917174229421747e+00
-3.083476517892317137e+00
-2.969605009677371843e+00
-2.909934586658954103e+00
-2.873835013949576744e+00
-2.852194142589839831e+00
-2.842871315023906220e+00
-2.838681331944953534e+00
-2.829732659499144098e+00
-2.816095674943284610e+00
-2.803928984529519663e+00
-2.793162266682484685e+00
-2.781669280027061930e+00
-2.769995475660904649e+00
-2.759482868330842553e+00
-2.749613202154089553e+00
-2.739679430844022434e+00
-2.729970505505273426e+00
-2.719329071176246782e+00
-2.708213541571856453e+00
-2.699386816395765720e+00
-2.692620176433635937e+00
-2.687886217595999216e+00
-2.684084629867213856e+00
-2.677918757628121593e+00
-2.671073883720897602e+00
-2.665099759376571065e+00
-2.659061347287956956e+00
-2.651267779203502872e+00
-2.641310039868811632e+00
-2.632030778555075390e+00
-2.623789681329526058e+00
-2.615422064724577389e+00
-2.609567835900506338e+00
-2.606880517865927782e+00
-2.602062846939048768e+00
-2.594954707623996715e+00
-2.586378992367232676e+00
-2.575679932202171507e+00
-2.565474334664683109e+00
-2.555138579609428806e+00
-2.547762464945892535e+00
-2.546989588320880404e+00
-2.549877110646241896e+00
-2.554023417032494692e+00
-2.555327006996088723e+00
-2.549735490045768938e+00
-2.535359927036466399e+00
-2.514060820605787505e+00
-2.452379852149410677e+00
-2.233088880344673122e+00
-1.869414566982969372e+00
-2.012931966455904664e+00
-2.237106689737702769e+00
-2.317574531784964531e+00
-2.317036378449022660e+00
-2.351170534334190876e+00
-2.420578986054983783e+00
-2.467917023134818866e+00
-2.488528153915710028e+00
-2.490607593932045116e+00
-2.470199881855563273e+00
-2.457865453957590596e+00
-2.475497722617367558e+00
-2.493340059034539369e+00
-2.503981796018884154e+00
-2.512128779698930892e+00
-2.516831381009219992e+00
-2.487064774377614196e+00
-2.399253318136800317e+00
-2.348498663252447827e+00
-2.390970265642244907e+00
-2.426945960164065941e+00
-2.448722495361007390e+00
-2.466994120754018471e+00
-2.481614084325728165e+00
-2.489863349853357999e+00
-2.465766529867568391e+00
-2.343424069998619963e+00
-2.216876507300175270e+00
-2.291666941807288360e+00
-2.368843533376522537e+00
-2.412264727583058654e+00
-2.438102959588474672e+00
-2.455686508576922833e+00
-2.465950997994751592e+00
-2.466903921731434135e+00
-2.462588942021441962e+00
-2.457495395122708093e+00
-2.450473813601994344e+00
-2.442916550500299877e+00
-2.435136464054575622e+00
-2.426820544478514030e+00
-2.419840465164157184e+00
-2.415855741715361660e+00
-2.413840278802950934e+00
-2.413436227013794344e+00
-2.413815954404511466e+00
-2.414169441776709224e+00
-2.416179806630026849e+00
-2.417965209059560472e+00
-2.417632508047452333e+00
-2.416395938848463043e+00
-2.415248109502190932e+00
-2.413737588954108837e+00
-2.411826858408227636e+00
