-2.076825404620766171e-03
-4.300002528689838253e-03
-1.896078028045494572e-03
1.740215962098592885e-03
3.473327807853424359e-03
8.627928496684400192e-04
-5.564866339452131938e-02
-1.694084022903501463e-01
-2.307802736847190672e-01
-2.099201770774312414e-01
-1.631410844153796114e-01
-1.187982939512732816e-01
-1.017450676994891834e-01
-9.923935711005876792e-02
-8.730173463410273449e-02
-7.013794744289006400e-02
-5.330126993880214548e-02
-3.972414194780617136e-02
-2.976838066883306239e-02
-2.191455554132643035e-02
-1.657596208133855359e-02
-1.023864418199448706e-02
-3.046102566029391077e-03
-7.707205761532725727e-04
-6.492249871746410802e-04
9.447105684141137100e-04
-4.753804871197907581e-03
-1.420488765266256226e-02
-1.740824584776017731e-02
-1.650269501573656261e-02
-1.335990127630204763e-02
-7.916401493825150903e-03
-2.975494767663865170e-03
-6.345241720606295543e-02
-2.904826888333293944e-01
-4.530591102662020475e-01
-4.332647799607479144e-01
-3.897864406496442946e-01
-3.415504293700206695e-01
-2.996989025220789249e-01
-2.926929653511303187e-01
-2.859626823980550570e-01
-2.562934647051282044e-01
-2.047111102634521784e-01
-1.425358294510327140e-01
-8.834172469315032528e-02
-7.265010199359739351e-02
-8.378290190577979135e-02
-8.541997360423943253e-02
-7.214777884637116334e-02
-5.159195051983159197e-02
-3.367099587968180874e-02
-4.686725441220630783e-02
-1.497973562409977144e-01
-2.261755052087746631e-01
-2.037764579567549195e-01
-1.557139351781476888e-01
-1.175014016787029880e-01
-9.464394041143185665e-02
-7.116022534058051574e-02
-4.742696084178354976e-02
-2.941148307638991391e-02
-4.004615319693944492e-02
-7.494271149790643349e-02
-8.420025370316089330e-02
-6.058933385008258288e-02
-2.941224698595444262e-02
-1.143405090652870743e-03
2.349339047834577213e-02
4.208452656588668184e-02
4.267295892542565666e-02
3.450505497675325495e-02
3.585867431291207136e-02
4.309697073930651018e-02
4.694233633773205183e-02
4.846837588313002848e-02
5.374180977214600141e-02
6.261213929303857673e-02
6.531388034734930681e-02
5.505167628715643136e-02
4.882996751842465927e-02
5.228776577340950305e-02
5.167572051247349557e-02
4.858593662764640331e-02
5.113821080008076891e-02
5.747843062048571539e-02
6.827297801702568447e-02
8.177270335921160704e-02
9.059393647880359390e-02
9.721517153241321374e-02
1.034171724480572041e-01
1.083342322710258848e-01
1.081411046983610097e-01
1.023865222946604425e-01
9.952737224435344310e-02
1.031937307014273164e-01
1.092345519888916483e-01
1.169163890930364907e-01
1.273193003571149173e-01
1.351581766841520316e-01
1.377855325407118525e-01
1.358496582132637243e-01
1.296971128570592047e-01
1.232895558627212784e-01
1.165309772138805322e-01
1.127119903720197464e-01
1.161675313336468646e-01
1.250128679165518064e-01
1.399917253254855942e-01
1.537689305746630375e-01
1.542866211887067573e-01
1.373562684354285302e-01
1.103995519362440669e-01
3.963177808963869175e-02
-8.742529609754587372e-02
-1.687950894733942220e-01
-1.629937330867329004e-01
-1.208177497299456338e-01
-9.397284640473627104e-02
-9.759365186003905734e-02
-8.452924598711250570e-02
-3.787199756292560643e-02
1.237478303610035218e-02
4.508358643447373665e-02
5.777631908299619284e-02
4.014478521724769433e-02
3.127778917726430075e-02
6.201475757784993825e-02
1.017870894203210808e-01
1.357071559378194847e-01
1.696829571657545166e-01
2.021994824089738407e-01
1.592738166605099093e-01
4.292767673943902185e-02
-2.306311505905329906e-03
4.338866609216433801e-02
9.745399438162179184e-02
1.424550969601505457e-01
1.894517123211236498e-01
2.387881504341987926e-01
2.800357136660405755e-01
2.429568910023309214e-01
7.228104887872330298e-02
-2.748648181339292951e-02
2.591186174479716969e-02
1.132322101809271897e-01
1.939106695800413283e-01
2.570283440636488281e-01
3.109713374284595044e-01
3.642825182593490974e-01
4.028532181672048740e-01
4.253673835199370257e-01
4.384546332318524642e-01
4.399193646379071510e-01
4.385177928788049351e-01
4.354614260038704443e-01
4.289066656038560965e-01
4.272221680786795206e-01
4.371708343352091464e-01
4.565876611889444492e-01
4.812395549071876166e-01
5.074265527597572323e-01
5.323381857316344945e-01
5.639764814603454024e-01
5.978141964332238656e-01
6.277545166698648149e-01
6.572727073527829811e-01
6.866523825322251584e-01
7.135530062966357612e-01
7.376902021734231818e-01
