-1.329189369460494114e-06
-7.131642472005790689e-06
-5.138456127311216636e-06
2.690498490498462094e-05
8.555035200573363587e-05
1.590933066276607245e-04
1.116292269376139895e-04
-5.066961696360311896e-04
-1.845471843678762273e-03
-3.460648247329496489e-03
-5.009805299462059304e-03
-6.367972311265132114e-03
-7.552150474160018202e-03
-8.698582456988795605e-03
-9.790838149727122686e-03
-1.077321869654470493e-02
-1.161474442779388862e-02
-1.231477017133988244e-02
-1.288396474723696797e-02
-1.333588453581496108e-02
-1.368176514033184361e-02
-1.393443996505841671e-02
-1.408307781255343887e-02
-1.414313699834668543e-02
-1.414346078001020406e-02
-1.408877093472624478e-02
-1.399488043222111427e-02
-1.392162939778347416e-02
-1.386516365644636928e-02
-1.379931177633628853e-02
-1.370711236796523340e-02
-1.357246277093137991e-02
-1.338399625222318201e-02
-1.327825308241528841e-02
-1.400132833599613061e-02
-1.633457902215027652e-02
-1.935233080850509019e-02
-2.246517284461147998e-02
-2.556158842568401202e-02
-2.850192981600912362e-02
-3.136829324999233087e-02
-3.426200992670316164e-02
-3.706608075104296518e-02
-3.962507341339036038e-02
-4.177416055911409298e-02
-4.345519986415952857e-02
-4.474264087708311466e-02
-4.588001237657965414e-02
-4.692034025190336410e-02
-4.780714952507554572e-02
-4.846881376968091570e-02
-4.888987388786531635e-02
-4.914573558147837529e-02
-4.960523707328237664e-02
-5.071894884649577606e-02
-5.201761307696720071e-02
-5.314551495403419673e-02
-5.400018166548133103e-02
-5.462905614710473340e-02
-5.505463492096881323e-02
-5.524428108743251881e-02
-5.520514109399191766e-02
-5.501215803378366187e-02
-5.488366840206055502e-02
-5.486118450381128470e-02
-5.475857534920756248e-02
-5.444994697067433859e-02
-5.389825226905479993e-02
-5.310048079909698154e-02
-5.207097029745753197e-02
-5.087759302978124565e-02
-4.963336046913462835e-02
-4.835348557104415107e-02
-4.699439174956239473e-02
-4.554497076959015955e-02
-4.403431838580305901e-02
-4.246264258789807233e-02
-4.080461893548494728e-02
-3.905684531988905944e-02
-3.728418714515958909e-02
-3.553957335982915744e-02
-3.377841308546437188e-02
-3.200231459842427933e-02
-3.025037858027020132e-02
-2.850983979383512473e-02
-2.673742794807330153e-02
-2.490472734142788400e-02
-2.296741420968480968e-02
-2.092232090494464472e-02
-1.879802911087873410e-02
-1.658982132170435178e-02
-1.429987336511701762e-02
-1.194085748027167923e-02
-9.557161285332771081e-03
-7.170814804303954348e-03
-4.764236672195479652e-03
-2.323408631588953343e-03
1.586223505588109026e-04
2.710820190549396644e-03
5.347336163469544601e-03
8.039760769664453660e-03
1.076459441529390923e-02
1.348949568958052354e-02
1.619153849801169276e-02
1.886729962986113951e-02
2.150982350612094113e-02
2.415746268999790711e-02
2.685841447653332728e-02
2.965487015618318428e-02
3.257874696957542560e-02
3.559514948604963064e-02
3.861258560712006044e-02
4.152598260276203768e-02
4.419221712134014518e-02
4.620332946213356884e-02
4.736418446009615230e-02
4.809862630996070143e-02
4.879369766736016412e-02
4.959102362626263000e-02
5.037553872317170056e-02
5.110368145097330533e-02
5.199786508849212757e-02
5.321944484559246180e-02
5.477678696684810944e-02
5.657806898302777249e-02
5.848710267062146029e-02
6.035111387665280380e-02
6.235382203119172601e-02
6.465894202266976587e-02
6.728716194219513946e-02
7.023911029909989112e-02
7.353236950955346907e-02
7.700396840288679934e-02
8.004646284906928588e-02
8.249441099485713136e-02
8.489747578747136592e-02
8.756787969665985605e-02
9.053022974815656820e-02
9.382013202924624484e-02
9.749159115489755556e-02
1.015652522806260727e-01
1.058635759042857866e-01
1.096683576268500382e-01
1.124193001403001185e-01
1.149288221088581308e-01
1.177469743318119988e-01
1.210272536797751541e-01
1.247745278574080158e-01
1.289807276158576044e-01
1.336532917188005820e-01
1.387639073270352796e-01
1.442019130315436437e-01
1.499059902172636127e-01
1.558123344836305768e-01
1.618555754357870191e-01
1.680085228596834013e-01
1.742288765098845005e-01
1.804956833605139699e-01
1.868334414033582247e-01
1.932893997894903348e-01
1.998986354149125955e-01
2.066952135650066136e-01
2.136890890594441983e-01
2.209004712114502611e-01
2.283761281349206418e-01
2.361111307610432308e-01
2.440943405611949446e-01
2.522983899165188171e-01
2.607042981192866371e-01
2.693036003040665816e-01
2.781005911439666245e-01
2.871069520136692033e-01
2.963329656532190937e-01
3.057860796116979030e-01
3.154634817398153657e-01
3.253527998751583605e-01
3.354340902093584376e-01
3.456869149818225240e-01
3.560947857804399042e-01
3.666490037706335303e-01
3.773414691940776278e-01
3.881687527390077497e-01
3.991337657996444355e-01
4.102464402676851418e-01
4.215260068785657843e-01
4.329935173223819489e-01
4.446549818784044650e-01
4.565130356663196776e-01
4.685579134522425693e-01
4.807818866657577184e-01
4.931695700288582507e-01
5.057061617378132423e-01
5.183823775344799101e-01
5.311976817840656784e-01
5.441572404803338703e-01
5.572725461218199783e-01
5.705627767837716524e-01
5.840416414327525008e-01
5.977177053546092189e-01
6.115846283715956622e-01
6.256220422265943437e-01
6.398059149660719758e-01
6.541196374764171040e-01
6.685509537891555221e-01
6.830927825647521434e-01
6.977475849326136847e-01
7.125262170246867699e-01
7.274384882623456949e-01
7.424825068174798481e-01
7.576549963924572584e-01
7.729498910736862793e-01
7.883511901927987564e-01
8.038434572074424356e-01
8.194158429174631664e-01
8.350637149895066003e-01
8.507861379642146504e-01
8.665882599678736975e-01
8.824841783894586955e-01
8.984852216416966408e-01
9.145933450470864479e-01
9.307991169083208449e-01
9.470871629010583215e-01
9.634417630844421820e-01
9.798537719031660265e-01
9.963167734711054768e-01
1.012824287097716214e+00
1.029372866906479445e+00
1.045960885174245902e+00
1.062592590208377485e+00
1.079277281289689361e+00
1.096023508866350804e+00
1.112834488788477794e+00
1.129706405202210551e+00
1.146631622259183469e+00
1.163597997963694786e+00
1.180594917925457787e+00
1.197608318111127890e+00
1.214629591441879430e+00
1.231656886341517820e+00
1.248692045766164993e+00
1.265744003475652857e+00
1.282824896380725832e+00
1.299941821355741212e+00
1.317097704527649071e+00
1.334278056216381625e+00
1.351462050799735914e+00
1.368632198498916930e+00
1.385774106804294803e+00
1.402880754377300976e+00
1.419949281885694248e+00
1.436985280945210608e+00
