-1.730940751787167109e+00
-1.730834927180031402e+00
-1.730379678528676024e+00
-1.732013069118530924e+00
-1.731296255745190971e+00
-1.731506199151849890e+00
-1.730930858990060939e+00
-1.730865419362848545e+00
-1.730749257417990128e+00
-1.730556744087010879e+00
-1.730269858321042520e+00
-1.729863075382604087e+00
-1.729522959517365122e+00
-1.729300499693011028e+00
-1.728916018025234091e+00
-1.728300020226456679e+00
-1.727396407795323663e+00
-1.726159202017915728e+00
-1.724540693972305805e+00
-1.722267398015752571e+00
-1.719331131530047019e+00
-1.713022560057053223e+00
-1.688612844282800340e+00
-1.621574582335884029e+00
-1.450737587897850123e+00
-1.898617832650814741e+00
-1.638028471547844367e+00
-1.707919999777909315e+00
-1.712994212632747981e+00
-1.712251832421947562e+00
-1.707640385178371245e+00
-1.688446888671830237e+00
-1.525370495086550982e+00
-1.726310656635765550e+00
-1.729928382070495818e+00
-1.730191324046841617e+00
-1.730018600310737842e+00
-1.729775437543835004e+00
-1.729471333458239446e+00
-1.729127555366187563e+00
-1.728920702259499009e+00
-1.728708327503379438e+00
-1.728309245305156283e+00
-1.727560943344250255e+00
-1.726150851333120961e+00
-1.723616103012098666e+00
-1.721709669779540208e+00
-1.721941201105149144e+00
-1.721546434690528704e+00
-1.719583299291926215e+00
-1.715070208969187382e+00
-1.706504413155949473e+00
-1.710975771915845378e+00
-1.724286002942601259e+00
-1.726518722989202281e+00
-1.726046221073253228e+00
-1.724607596020303557e+00
-1.722625900633097062e+00
-1.720566342342100041e+00
-1.717112776502986771e+00
-1.710166085158676408e+00
-1.696404578856460343e+00
-1.702073876056556800e+00
-1.715067008862543263e+00
-1.716858284907651910e+00
-1.711256335004593732e+00
-1.687712745048219887e+00
-2.044144646240366736e+00
-1.767416793884896808e+00
-1.752066855618124697e+00
-1.750164021478949783e+00
-1.751824581260180480e+00
-1.750479286684688995e+00
-1.747665081431998946e+00
-1.746177900612811085e+00
-1.745376965303873096e+00
-1.744018542853915887e+00
-1.742350866335782733e+00
-1.741642140404787709e+00
-1.742591081160133726e+00
-1.743301917332412465e+00
-1.742585753794903880e+00
-1.742445630164402459e+00
-1.742703102455482655e+00
-1.742144721444186750e+00
-1.741098230040273531e+00
-1.739720666744830835e+00
-1.738379315191813879e+00
-1.737552037019720164e+00
-1.736942473449977209e+00
-1.736412169975328545e+00
-1.735978389088449925e+00
-1.735744584870922314e+00
-1.735716967097644892e+00
-1.735614486224908770e+00
-1.735300801329533016e+00
-1.734925003821418565e+00
-1.734528989041697500e+00
-1.734104168332831986e+00
-1.733758346922555038e+00
-1.733513501235598886e+00
-1.733341335749611245e+00
-1.733231863500347414e+00
-1.733133698923228216e+00
-1.733045091301787632e+00
-1.732923114064963244e+00
-1.732709028052322076e+00
-1.732442267113193601e+00
-1.732145158370428595e+00
-1.731882757723837596e+00
-1.731695083627025067e+00
-1.731571524849037758e+00
-1.731484160560593066e+00
-1.731677989642096849e+00
-1.730185338570402687e+00
-1.730555042575876223e+00
-1.730400524041764365e+00
-1.730045126871708749e+00
-1.729648687690379605e+00
-1.729552762154821233e+00
-1.729196922851078178e+00
-1.727263671350924623e+00
-1.787827024669865095e+00
-1.735484609086239249e+00
-1.733945390576828283e+00
-1.734548532929720777e+00
-1.734987367534254643e+00
-1.733046497390931862e+00
-1.732128825348264511e+00
-1.731687413019988186e+00
-1.731387983323187774e+00
-1.731161493103864357e+00
-1.730989994542532218e+00
-1.730664492328571891e+00
-1.729701544912773059e+00
-1.730390987898067223e+00
-1.730529206513105489e+00
-1.730516092564932329e+00
-1.730479386321566171e+00
-1.730431110762148839e+00
-1.730358042112630779e+00
-1.730104659479150708e+00
-1.728519643501917225e+00
-1.695067514567647926e+00
-1.725090816645518554e+00
-1.728645311522435390e+00
-1.729408588480636944e+00
-1.729645053018789236e+00
-1.729732567656512288e+00
-1.729769203069870365e+00
-1.729738035159323895e+00
-1.729655978297994334e+00
-1.729545899004974796e+00
-1.729400849415480224e+00
-1.729243814972307947e+00
-1.729077479430468189e+00
-1.728893668705543840e+00
-1.728725659489852573e+00
-1.728609163835143070e+00
-1.728538721057187644e+00
-1.728493859812690880e+00
-1.728455894141072147e+00
-1.728411756734271387e+00
-1.728392779607306862e+00
-1.728378393928877488e+00
-1.728345505686999628e+00
-1.728307802437162088e+00
-1.728266594344544105e+00
-1.728214489876316540e+00
-1.728151275214151239e+00
