-1.127959388071832041e-02
4.998353636086558943e-03
5.506083452909350112e-02
3.879108108601039134e-02
3.753854184199008348e-02
-3.090718706600059651e-02
-9.121621778093962352e-01
-1.315103935609291730e+00
-4.376521299896178885e-01
2.967507376440717271e-02
1.854166647973432003e-01
2.042682712592073235e-01
-1.107132234799027282e-01
-2.118022195449639766e-02
6.930930397819662359e-02
1.248225588702824573e-01
1.283776113731674440e-01
1.225561814406663785e-01
1.089774766139129103e-01
1.085978795787386209e-01
8.139703066973690004e-02
1.290794622186654528e-01
1.098653073020651877e-01
6.076468320338144352e-02
6.977391864134135924e-02
7.626755227257972503e-02
-5.782278655225513153e-02
-2.821098736420098868e-02
1.708009253326775445e-02
3.918148328609780129e-02
6.605641657117609922e-02
9.425284773871137056e-02
7.863860555536504593e-02
-1.019966958210943631e+00
-3.129138224233579013e+00
-9.310672683933142180e-01
-2.324762587277418857e-01
-2.737412686117921545e-01
8.198038882631122903e-02
-1.180104207188476251e-01
-3.606498483732121230e-01
-1.074788629763925862e-01
9.698222811053200387e-02
4.061843773407368130e-01
5.022854593258875289e-01
4.899639682305770849e-01
1.585720615688443469e-03
-3.649680104355221277e-03
1.003471836193355060e-01
2.459579608984680532e-01
2.786918243979822352e-01
2.587067659028753908e-01
-2.170917487732753337e-01
-1.404529854205473383e+00
-2.633585878343048803e-01
1.853668467799769459e-01
3.468055758920550735e-01
2.369195945207258625e-01
2.108546981796661501e-01
3.137778137049692107e-01
3.066959947458170466e-01
2.828583105528639785e-01
-1.490397164417540388e-01
-2.354762335919742822e-01
1.413613543984906795e-01
3.243480774298777014e-01
3.805619994757922786e-01
3.986281312578371372e-01
4.097200968874266103e-01
3.408692326293453201e-01
1.301346452852086277e-01
1.334142191318288262e-01
2.299590179698880743e-01
2.595874182182410506e-01
1.991460468725190780e-01
2.094343962406592374e-01
2.637009684419298616e-01
2.984168510402721575e-01
1.903474663426441560e-01
7.227292446959357464e-02
2.010490899807853837e-01
1.933565817109801355e-01
1.055762216359669992e-01
1.324075476320490941e-01
2.157105974534677673e-01
2.373692100814639439e-01
3.336158764675893895e-01
3.453397590614087354e-01
2.824328656961456741e-01
3.188777002516653969e-01
3.147494855982796436e-01
3.191281363375580993e-01
2.389021238935845060e-01
2.033149509925919474e-01
2.466595455884147137e-01
2.711757374519241370e-01
2.702401907074374887e-01
3.293253069740826877e-01
3.697590511897920207e-01
3.119217855919211302e-01
2.949449486503106788e-01
2.430786079216244455e-01
2.039745804383662764e-01
2.148660507151963495e-01
1.766964245561253311e-01
2.483725131446411494e-01
3.223575982794056882e-01
3.827210653613363212e-01
4.606913227807714617e-01
4.134716611196959102e-01
2.797167699252546824e-01
1.040422577716882402e-01
2.088001404706979480e-02
-7.445280863071757071e-01
-1.272429263825822776e+00
-4.423048118600406697e-01
9.669300314483769698e-02
3.335177909063587465e-01
6.413766466675793754e-02
-9.290051873124863246e-02
3.571226084188111605e-01
6.093980582063351914e-01
6.325359534994962063e-01
4.927869659839036465e-01
3.565066092457939151e-01
-4.476770669099247590e-02
3.845079399250589947e-01
6.558783008169818407e-01
6.654401131315968998e-01
6.803254061126117191e-01
7.601824176418177093e-01
7.344229740855084954e-01
-4.652614749806564531e-01
-8.734835683890069813e-01
2.707448884934120503e-01
6.899019295580939293e-01
6.454259239367666767e-01
7.348659357511529988e-01
8.472130724232020960e-01
9.246841393613657312e-01
8.598879007206449154e-01
-2.912145967157080961e-01
-1.774236280703875845e+00
9.157756045893092334e-02
7.755420987023300405e-01
9.737158034338776469e-01
9.762511441711432258e-01
9.906849951630730677e-01
1.046210792549112867e+00
1.072747138326009875e+00
8.819745901879215699e-01
8.537304929506575046e-01
7.821622658053242194e-01
6.847149660118623249e-01
6.891073606193771628e-01
6.220621388174534250e-01
5.942520735643259666e-01
6.426787528492633461e-01
7.347235710555524157e-01
7.867554167974208923e-01
8.648316575097642067e-01
8.834338218412838284e-01
9.158016848089123307e-01
1.041980904731647950e+00
1.028221619603384651e+00
1.047722527230016354e+00
1.016205513389468740e+00
1.010521060208071642e+00
1.014399193751983841e+00
1.039856319464148804e+00
1.078080860875094249e+00
1.111012666065102961e+00
1.144836785499480758e+00
1.160030843941782130e+00
1.162283902558855164e+00
1.149860655067290072e+00
1.137255378032251407e+00
1.126994052496529175e+00
1.132943545177433453e+00
1.132978214419881446e+00
1.141240895385860377e+00
1.158437516716623872e+00
1.184756999916137588e+00
1.227144191921639482e+00
1.280960408529553618e+00
1.298181769546807640e+00
1.326352391094082428e+00
1.320420198038954052e+00
1.332255093921483446e+00
1.321305207215159427e+00
1.314071382739237626e+00
1.312623709717065434e+00
1.326184749386713158e+00
1.346494337840645095e+00
1.374221994236653366e+00
1.422028648314123567e+00
1.454721021669683090e+00
1.487914984845955857e+00
1.495140688563041609e+00
1.479467838058725615e+00
1.455369495305709915e+00
1.446519504983250215e+00
1.440362559393018493e+00
1.439566352710794472e+00
1.453756275499420880e+00
1.482273767400362097e+00
1.512692792493627980e+00
1.516861405403489682e+00
1.524380367258137969e+00
1.530616746343289147e+00
1.513607563374415932e+00
1.500502901792749366e+00
1.492140514886282965e+00
1.494203880330616574e+00
1.499302502340535082e+00
1.511536999678473991e+00
1.543667858014674321e+00
1.569536590033499657e+00
1.582429909951459157e+00
1.575762306693392567e+00
1.560773790649188308e+00
1.542107333118284185e+00
1.536425826208396295e+00
1.533417351419614327e+00
1.526968301959163998e+00
1.527382144499105365e+00
1.526869036442155991e+00
1.536755560582804048e+00
1.555791709212077212e+00
1.573685565246673024e+00
1.584210209378966505e+00
1.582007921729199795e+00
1.577301830582278352e+00
1.560290036191893215e+00
1.551892023571930679e+00
1.529818094586429478e+00
1.518691452252029395e+00
1.518273443787325316e+00
1.519586885595588743e+00
1.533979609886925388e+00
1.556372515857763261e+00
1.565779702974677168e+00
1.579392182971595116e+00
1.556185204178206050e+00
1.524564514201844023e+00
1.500371709953589594e+00
1.475548300270796087e+00
1.465228417895199975e+00
1.455632310322760858e+00
1.461257965837620354e+00
1.476978075442449079e+00
