7.777955429150703931e-04
2.756335714034800852e-03
7.750961061255629697e-03
1.347407061970141290e-02
1.763079424715014581e-02
1.711401420506853191e-02
-3.899757420085854520e-02
-1.560217704109234660e-01
-2.234632887832052051e-01
-2.072226201199360573e-01
-1.618855982112283598e-01
-1.164555703590342550e-01
-9.720028717098383453e-02
-9.298947578970381822e-02
-7.950656743426406936e-02
-5.994137706613443528e-02
-4.026305578848762834e-02
-2.363402965846843340e-02
-1.008229035789540845e-02
1.038515576220503875e-03
9.278635508110325003e-03
1.809399862272710602e-02
2.724487279797663947e-02
3.177740971366690981e-02
3.438509662302981912e-02
3.783639138040777866e-02
3.358103788583164523e-02
2.525569131280880342e-02
2.294663640180278144e-02
2.512248329634817270e-02
3.010465528684889286e-02
3.757306767828406946e-02
4.453270788471046238e-02
-1.515414763286458688e-02
-2.471765601773394105e-01
-4.227540815353943993e-01
-4.141183558746152071e-01
-3.765886617714720996e-01
-3.295695804564678366e-01
-2.857921998933396490e-01
-2.758458888831769040e-01
-2.663630380383134599e-01
-2.339397286905250395e-01
-1.784693318149790930e-01
-1.100341901152212115e-01
-4.797075418915499462e-02
-2.472359305694370873e-02
-2.978611902977143858e-02
-2.625299559724773857e-02
-7.445863502957585783e-03
1.937444396546481734e-02
4.337104450431050751e-02
3.538141813844356692e-02
-6.508100504331115754e-02
-1.429829859812502824e-01
-1.207145318411774193e-01
-6.959874238980187644e-02
-2.484099002671280587e-02
5.179447076596659788e-03
3.496319988271331253e-02
6.592074631970200327e-02
9.077583721525527005e-02
8.549376055122787088e-02
5.459544487376849498e-02
4.706295805467737570e-02
7.105907976818470750e-02
1.046037505894070185e-01
1.379414446764760105e-01
1.683019462550447432e-01
1.897518371215539679e-01
1.923759505227674027e-01
1.841263851943600593e-01
1.831682601471770755e-01
1.914051581079368736e-01
1.976284163722751286e-01
2.006308951346357783e-01
2.078246004648889866e-01
2.200817963757293882e-01
2.268313658501034114e-01
2.210710781744188169e-01
2.183113023346151260e-01
2.209495413589004364e-01
2.160241331734581438e-01
2.091539335038887504e-01
2.115288796772577251e-01
2.208326281563762206e-01
2.368081070253152676e-01
2.572444172049621613e-01
2.709240483944945210e-01
2.816030281751100151e-01
2.942441028429024219e-01
3.062655345330262402e-01
3.128796300422680421e-01
3.128949721023202013e-01
3.138567922136947241e-01
3.171506594847005034e-01
3.201076908570772983e-01
3.274632678852008039e-01
3.412045866228036739e-01
3.516059843746448532e-01
3.571014187140628127e-01
3.592207442974537646e-01
3.568782818545376267e-01
3.547612132240961502e-01
3.522120854724219985e-01
3.536335548925308991e-01
3.650108162449462457e-01
3.836739240875393642e-01
4.073466601179135393e-01
4.287435881511005298e-01
4.377761206119940018e-01
4.297438753280630186e-01
4.099688145328818090e-01
3.454932885250236452e-01
2.210753179944976998e-01
1.381907875799675556e-01
1.438626476247509278e-01
1.893407539493683900e-01
2.226432281091902943e-01
2.262786227408036532e-01
2.482521336061463413e-01
3.056480226288205149e-01
3.689113090731331868e-01
4.159189527616732329e-01
4.400941011469361452e-01
4.295970622367333291e-01
4.269047462266088999e-01
4.654932151772960269e-01
5.133873943087386982e-01
5.560538922152015173e-01
5.985906332995321044e-01
6.374314123636106721e-01
5.994555148920646115e-01
4.812635586450420000e-01
4.292366034421244425e-01
4.718849572680029469e-01
5.265365230854083256e-01
5.757322785639469309e-01
6.293287171005303993e-01
6.851834696680657588e-01
7.335513684854938488e-01
7.064472748426656734e-01
5.359231759128963990e-01
4.243522230206745460e-01
4.716261124245009206e-01
5.568808011791230861e-01
6.358411245033546155e-01
7.054940708632956303e-01
7.706719447500591791e-01
8.275099816687941923e-01
8.640217914594143789e-01
8.850148201997216635e-01
9.013234612269895862e-01
9.102698355600356006e-01
9.159626469950882255e-01
9.197713189658643929e-01
9.209731564277615634e-01
9.246864447256495367e-01
9.355598058695743235e-01
9.519805662409850378e-01
9.731425514871598903e-01
9.973668353849707291e-01
1.022508890140463089e+00
1.053337373049357373e+00
1.085549348344931220e+00
1.113180020557932970e+00
1.138781615004132552e+00
1.164768567254334419e+00
1.189804139959455220e+00
1.213569795169709975e+00
