-1.290612418538378506e-06
-6.694931655604069386e-06
-4.047907847134162409e-06
2.686539610255966171e-05
8.008745670108201624e-05
1.427892384741632050e-04
8.351824129668565804e-05
-5.135960249563201662e-04
-1.737467609125234111e-03
-3.115529367637907658e-03
-4.326716139655980772e-03
-5.283967623062039119e-03
-6.038217159832189387e-03
-6.742537809650631098e-03
-7.386702406296726496e-03
-7.924727466350625985e-03
-8.337403241212336738e-03
-8.634501850908193887e-03
-8.834008096043484762e-03
-8.953821037111371964e-03
-9.007329688884367636e-03
-9.007683211764663800e-03
-8.944310804014893312e-03
-8.832910597634722333e-03
-8.699955960263631299e-03
-8.546658041913830425e-03
-8.385657185038501368e-03
-8.270168132327422941e-03
-8.188138822555292295e-03
-8.109205036251638382e-03
-8.015327256638365983e-03
-7.891114806264641277e-03
-7.727206524624765857e-03
-7.658063611385254599e-03
-8.386463763632803076e-03
-1.057149656806060690e-02
-1.320428939192827382e-02
-1.572092792465496630e-02
-1.805717478253804353e-02
-2.012097229770183973e-02
-2.203468977993451594e-02
-2.391846716518380989e-02
-2.567081198897414041e-02
-2.716286479803687454e-02
-2.826620188163568581e-02
-2.896188423901821171e-02
-2.935387752621639035e-02
-2.969090016375435653e-02
-3.001394637258767567e-02
-3.025909763636744701e-02
-3.035594308921954823e-02
-3.029437934114834544e-02
-3.015161831433186765e-02
-3.027730717130195856e-02
-3.105976505032512561e-02
-3.198395832129424798e-02
-3.270744721576000075e-02
-3.315840997224268893e-02
-3.340907534560225850e-02
-3.349633735608914531e-02
-3.339970392015916695e-02
-3.313724700106972232e-02
-3.278882397106910179e-02
-3.256102297222571856e-02
-3.247145877563841626e-02
-3.232473262048626145e-02
-3.200481409032449737e-02
-3.148950828534081287e-02
-3.078868593331330825e-02
-2.992603612612882227e-02
-2.897281089520969619e-02
-2.803488429541398791e-02
-2.711519538552113751e-02
-2.616309838083762454e-02
-2.516521604093626546e-02
-2.414756586940087005e-02
-2.310620974087628302e-02
-2.201418930769771104e-02
-2.086871914013362778e-02
-1.973198026268131386e-02
-1.864802147580375130e-02
-1.756551402527495656e-02
-1.648392395933324234e-02
-1.543793496312056632e-02
-1.440979691033159038e-02
-1.335573395211031751e-02
-1.225041629307578421e-02
-1.105548223110670511e-02
-9.775009452510766139e-03
-8.441308579517938643e-03
-7.051264695975890430e-03
-5.608685259120812019e-03
-4.126830134286814909e-03
-2.647605966928054909e-03
-1.187458923037393007e-03
2.754331143002618047e-04
1.756480641860564415e-03
3.262901491644624660e-03
4.822105755256463414e-03
6.444532205155644421e-03
8.099860185934911957e-03
9.765885163285987353e-03
1.141390673190756377e-02
1.302671318132742409e-02
1.460634897709502979e-02
1.615067624843779040e-02
1.770028891749124422e-02
1.930046638793416619e-02
2.098679246910688245e-02
2.278224587304204796e-02
2.464506863116379051e-02
2.648508300328187778e-02
2.820836998657263311e-02
2.969095059374401296e-02
3.056720066686449341e-02
3.070914956066449555e-02
3.057836634558644406e-02
3.054606053508849769e-02
3.071590212836393385e-02
3.094411913098817427e-02
3.117596046815273095e-02
3.161523557861489753e-02
3.238786986234006710e-02
3.346727115285042659e-02
3.473984290346101428e-02
3.606380715250178531e-02
3.729836938765932614e-02
3.863481612439264440e-02
4.022239126568355472e-02
4.206243906134018301e-02
4.414077799548112718e-02
4.646246281401886224e-02
4.885916592465151809e-02
5.076008711409737972e-02
5.207260224172294977e-02
5.337781797187354793e-02
5.496412944681371149e-02
5.682453743461658019e-02
5.896902890460474500e-02
6.142707692390588642e-02
6.419652681537292571e-02
6.708774962601066205e-02
6.941758697338139272e-02
7.072678895568672297e-02
7.188865078430450861e-02
7.342169903348995386e-02
7.542478543014062564e-02
7.785501830081011099e-02
8.066868057551412896e-02
8.384582886702779403e-02
8.733754444566954600e-02
9.102465689089754564e-02
9.484784163937376444e-02
9.874919746289473332e-02
1.026763965509585458e-01
1.066167923425785369e-01
1.105422112065145568e-01
1.144466212453421061e-01
1.183651545375898895e-01
1.223510782216063603e-01
1.264386724027809494e-01
1.306560804536034959e-01
1.350091668035630632e-01
1.395125814245871676e-01
1.442062418711112792e-01
1.490752549166418084e-01
1.541065228656582353e-01
1.592968913630960215e-01
1.646441902731856088e-01
1.701327782084791629e-01
