-3.985220901315232509e-06
-2.345228304013074992e-05
-4.365217365958022741e-05
-4.256289346430344739e-05
-2.720138823379503965e-05
-1.134424088043193578e-05
-1.201956829379466970e-04
-7.423589650179539300e-04
-1.924446521871519752e-03
-3.183018075205115704e-03
-4.224895289949062369e-03
-4.997364568357105970e-03
-5.575459831056338821e-03
-6.119330646271153862e-03
-6.616976013460846261e-03
-7.025829947026406008e-03
-7.332795266217587496e-03
-7.550643502404814043e-03
-7.699715511073596842e-03
-7.797952511141200034e-03
-7.855899348012786512e-03
-7.884296625950845683e-03
-7.869576161759596691e-03
-7.826096071649996100e-03
-7.779406988339366939e-03
-7.727638277830730859e-03
-7.679697319491580847e-03
-7.684554828074030911e-03
-7.725189540595513160e-03
-7.770168992415551687e-03
-7.803680421467510536e-03
-7.812776286728884134e-03
-7.789994187225530824e-03
-7.867507387112154110e-03
-8.713336569838737306e-03
-1.089801356347853793e-02
-1.336834032467815528e-02
-1.560480792351805722e-02
-1.759496305982970188e-02
-1.928895478077115658e-02
-2.083539565225650189e-02
-2.236182564902332304e-02
-2.376957341242347602e-02
-2.494204135012011159e-02
-2.577114339239802709e-02
-2.625977023359106835e-02
-2.652192781787473044e-02
-2.679743573555306776e-02
-2.711014071408944168e-02
-2.738691278348326721e-02
-2.755836330897664180e-02
-2.761643409924328940e-02
-2.763624139364822055e-02
-2.794980301652317395e-02
-2.889946087009193088e-02
-2.994515075195195580e-02
-3.076841118200899367e-02
-3.132902769752779482e-02
-3.172144153831386176e-02
-3.198670988138391930e-02
-3.210923448749574555e-02
-3.211232700177017035e-02
-3.207198510274723163e-02
-3.218137882573566394e-02
-3.243895416226244555e-02
-3.263919392920764523e-02
-3.267471926496726825e-02
-3.254040277785080065e-02
-3.225735303219389588e-02
-3.185022280615698587e-02
-3.138186856028479105e-02
-3.095226736353475297e-02
-3.054643911128119768e-02
-3.011304536669607082e-02
-2.964735771412507770e-02
-2.917311285918437053e-02
-2.868433770105960692e-02
-2.815674846621453106e-02
-2.759244167442135437e-02
-2.705289193875461129e-02
-2.657813264190691388e-02
-2.610607865491365587e-02
-2.562408256498598449e-02
-2.516152931209509475e-02
-2.470563131660664935e-02
-2.422419479582644045e-02
-2.370124291441983583e-02
-2.310820256434552994e-02
-2.245335473742750623e-02
-2.176303071814827961e-02
-2.103834980851975595e-02
-2.028774369961493240e-02
-1.952380248494205855e-02
-1.878477519339280880e-02
-1.807913301388718724e-02
-1.737515907782459512e-02
-1.664533362098424493e-02
-1.588363620996779968e-02
-1.507490313992505826e-02
-1.421580320750173362e-02
-1.333355441910749617e-02
-1.245434890315292621e-02
-1.160411277500767238e-02
-1.079773473968188499e-02
-1.003116294416599684e-02
-9.305010393649207692e-03
-8.584155298711194232e-03
-7.832682212017058956e-03
-7.020616603743386371e-03
-6.124772569556786832e-03
-5.190272006056640547e-03
-4.307299606506433294e-03
-3.560639239967944812e-03
-3.058098956123204894e-03
-3.138430393442673619e-03
-3.881440546376389335e-03
-4.810021051418042828e-03
-5.579857973626554946e-03
-6.125039821289000007e-03
-6.612423363461036527e-03
-7.103153135113064905e-03
-7.408602735836103230e-03
-7.423836286118160044e-03
-7.197645746228338581e-03
-6.846123922036706499e-03
-6.496872469380361725e-03
-6.268940587299501321e-03
-5.967755548656100521e-03
-5.453136011028459317e-03
-4.734053039077814988e-03
-3.831242327190346759e-03
-2.739917942088660255e-03
-1.621319220518273752e-03
-1.013570690924522552e-03
-9.458715777014946443e-04
-8.272770017686190656e-04
-4.028189749364326287e-04
2.892782230736154242e-04
1.234630430681476826e-03
2.448571823096487750e-03
3.919691999118740319e-03
5.451569017934381270e-03
6.390146093154067987e-03
6.376201099002327781e-03
6.315660742808468231e-03
6.677548338530618632e-03
7.520416035108578624e-03
8.764453196553674552e-03
1.032483096551092654e-02
1.217921203322647368e-02
1.429677753976272420e-02
1.656502070343876878e-02
1.892484214250790206e-02
2.131126428861359126e-02
2.367684548931794919e-02
2.602027370733632494e-02
2.831894779579605462e-02
3.057433731891595619e-02
3.283640372633774701e-02
3.516949683364047063e-02
3.761229671094600685e-02
4.018522429324412892e-02
4.288611341349189005e-02
4.572203541711916674e-02
4.873539877401829312e-02
5.190603111199135894e-02
5.522504458485730239e-02
5.868905978057017969e-02
6.229286094167493099e-02
6.601614189275487043e-02
