-1.287237469343640216e-06
-6.658585438881786694e-06
-3.961111321896660560e-06
2.684921097418281908e-05
7.962106225204759454e-05
1.414631536981015116e-04
8.133694308400102454e-05
-5.138027712994178327e-04
-1.728102186334681432e-03
-3.087298363040803621e-03
-4.272809250792869787e-03
-5.201069016507745696e-03
-5.925787027673715818e-03
-6.601145839313172017e-03
-7.217092050131683131e-03
-7.728149458167883103e-03
-8.115783997254334345e-03
-8.390315806965619946e-03
-8.570020839423425976e-03
-8.672868136100731623e-03
-8.712176815807534669e-03
-8.700923110118956652e-03
-8.628408731777855931e-03
-8.510240610445038781e-03
-8.372613261788985559e-03
-8.216406865598028034e-03
-8.053997214869913768e-03
-7.938075753245937144e-03
-7.855983801490702342e-03
-7.777130693242745481e-03
-7.683511632776470618e-03
-7.559897849569893052e-03
-7.397167744003744529e-03
-7.329634451605494989e-03
-8.056484726051705778e-03
-1.022702836337233655e-02
-1.282670536508668212e-02
-1.529525786214755781e-02
-1.757328403020822979e-02
-1.957298076140033885e-02
-2.141991924411483159e-02
-2.323538480146964541e-02
-2.491871938629141442e-02
-2.634281332142277693e-02
-2.738171379736438829e-02
-2.801904287399332658e-02
-2.836039127450324521e-02
-2.865407192992944219e-02
-2.893942383949902469e-02
-2.915152331629416310e-02
-2.921982989599558600e-02
-2.913450579837897556e-02
-2.897273601595565587e-02
-2.908241869816043795e-02
-2.984676132127124862e-02
-3.074746019912816611e-02
-3.144393140695579680e-02
-3.186733878396005165e-02
-3.209206501096528719e-02
-3.215609030785929884e-02
-3.203974764110570361e-02
-3.176179181127402468e-02
-3.140223526930949888e-02
-3.116646993434290733e-02
-3.107006276542830653e-02
-3.091698987114910313e-02
-3.059221958471629310e-02
-3.007484772245034785e-02
-2.937574891489209625e-02
-2.851924740475207318e-02
-2.757670328029955195e-02
-2.665325092463696754e-02
-2.575076374984335698e-02
-2.481807525896886912e-02
-2.384172576402326243e-02
-2.284757731212318926e-02
-2.183145155460983894e-02
-2.076636972138573220e-02
-1.964969850726870984e-02
-1.854346893153658790e-02
-1.749107377461724816e-02
-1.644075787016463161e-02
-1.539196213888596732e-02
-1.437913496380359944e-02
-1.338424807199193635e-02
-1.236362584081796175e-02
-1.129230689759308862e-02
-1.013248555900179287e-02
-8.888842159936249238e-03
-7.593944740858142237e-03
-6.244746896245818683e-03
-4.845134473905555496e-03
-3.408361702818186838e-03
-1.976086289909625981e-03
-5.642807478940263435e-04
8.491909229195711631e-04
2.279792389089759647e-03
3.734704471848558638e-03
5.241160103409502231e-03
6.809264719813498505e-03
8.408547211133677104e-03
1.001692986229921548e-02
1.160601665665427114e-02
1.315904211633413950e-02
1.467843895985600743e-02
1.616237649720443301e-02
1.765152754495653842e-02
1.919083072673616330e-02
2.081526931320373808e-02
2.254709186572141991e-02
2.434404836855550563e-02
2.611618130275220051e-02
2.777056866312452993e-02
2.918479801055177264e-02
2.999660331954842607e-02
3.008313990265425522e-02
2.990825455854658615e-02
2.984092500491458688e-02
2.998113352255481895e-02
3.018262592250163176e-02
3.038986383223596724e-02
3.080530004560811524e-02
3.155220509140048424e-02
3.260157970178132608e-02
3.383865932020464762e-02
3.512184883005114305e-02
3.631186313962708745e-02
3.760090446017539528e-02
3.913716933336330167e-02
4.092062593663861603e-02
4.293617829621471788e-02
4.518818201185998557e-02
4.750822532977933693e-02
4.932885737299706752e-02
5.056342357611667143e-02
5.179501147449389747e-02
5.330933423582398523e-02
5.509643900847580045e-02
5.716417570685567578e-02
5.954015806300362590e-02
6.222065227312192914e-02
6.501544401924569394e-02
6.724470179042749129e-02
6.845757049177512987e-02
6.953161412477934511e-02
7.098168900792677094e-02
7.290159702628834504e-02
7.524451508864864191e-02
7.796414646360277922e-02
8.103881973184763610e-02
8.441852042125448652e-02
8.798399592463859720e-02
9.167664646723226729e-02
9.543955855884912742e-02
9.922165186516897217e-02
1.030114846780283561e-01
1.067819537876686514e-01
1.105280191018660207e-01
1.142854342735701717e-01
1.181075286915763134e-01
1.220282473935687118e-01
1.260752113249535844e-01
1.302537357806980989e-01
1.345779918991499291e-01
1.390872547490995537e-01
1.437660128820745231e-01
1.486008512159799066e-01
1.535884246937598563e-01
1.587264197410381272e-01
1.639991570124880726e-01
