-1.279547711684748583e-06
-6.578794069676811505e-06
-3.777492341219242938e-06
2.679084261593978676e-05
7.857532667993838925e-05
1.386035676857425719e-04
7.682489914032847105e-05
-5.136011923981985330e-04
-1.706838609124275560e-03
-3.026102026225727451e-03
-4.159572573789882197e-03
-5.032105665008479965e-03
-5.703637033752340449e-03
-6.330519206497469895e-03
-6.902724258885531775e-03
-7.375588622114919238e-03
-7.731732339405496604e-03
-7.982292392317440893e-03
-8.145762828892986335e-03
-8.239849988386983848e-03
-8.277334914194373755e-03
-8.270475990331963359e-03
-8.208007110320896318e-03
-8.105080838163065612e-03
-7.987049024006426592e-03
-7.853886024362573617e-03
-7.717256569546869331e-03
-7.628610505503190600e-03
-7.573940545719373696e-03
-7.522223143159726885e-03
-7.455603497293287162e-03
-7.359253563503850848e-03
-7.224580866206049140e-03
-7.185503301406822446e-03
-7.933242164495885734e-03
-1.009622719764504198e-02
-1.264951268777049498e-02
-1.504360186451806324e-02
-1.723149872093313745e-02
-1.913560782161417492e-02
-2.088871397500601662e-02
-2.261437593675868010e-02
-2.421347091475865507e-02
-2.556240949221501302e-02
-2.654014250691105054e-02
-2.713509392876188239e-02
-2.745530223630142028e-02
-2.774696471229857325e-02
-2.804477515873477281e-02
-2.828095948149143835e-02
-2.838423780088183968e-02
-2.834492329615351941e-02
-2.823965938051789873e-02
-2.841201726748630169e-02
-2.923383801025603718e-02
-3.018029740168272704e-02
-3.091593836343667356e-02
-3.137903767995134374e-02
-3.164871422525907668e-02
-3.176501227785153564e-02
-3.170963359000977116e-02
-3.150231175516408216e-02
-3.122281474833287634e-02
-3.107336007214123869e-02
-3.106472240673130783e-02
-3.099955030037473969e-02
-3.076510535563383233e-02
-3.034321079592386047e-02
-2.974662751902824170e-02
-2.900061921685493857e-02
-2.817626109720475225e-02
-2.737656937189497305e-02
-2.660074002509270688e-02
-2.579630628002109460e-02
-2.494953361017753987e-02
-2.408584095154716123e-02
-2.320043272907317683e-02
-2.226622166856340873e-02
-2.128082917013012984e-02
-2.030584040790124958e-02
-1.938311763387282755e-02
-1.845997946639429607e-02
-1.753586936328397489e-02
-1.664475836588329496e-02
-1.576807247675188553e-02
-1.486244979516699975e-02
-1.390379784513758391e-02
-1.285551948787936986e-02
-1.172351456774908471e-02
-1.054072836275053021e-02
-9.304057172633476216e-03
-8.017361373792226964e-03
-6.693685632206015403e-03
-5.373958992282591024e-03
-4.072984412753626396e-03
-2.767887010153172699e-03
-1.443078152204494216e-03
-9.144709765145585777e-05
1.313876223364807399e-03
2.782327780251794835e-03
4.283222784703751354e-03
5.794896170999140964e-03
7.289724586037517155e-03
8.751973319981926069e-03
1.018491111078765124e-02
1.158731260010060701e-02
1.299992137713666673e-02
1.446683072639642041e-02
1.602167863661718705e-02
1.768518698869317451e-02
1.941421234740400154e-02
2.111952627298551224e-02
2.271057611490251427e-02
2.406840948811077643e-02
2.483791203113826923e-02
2.490673697362486005e-02
2.474223763076537769e-02
2.470682287061096855e-02
2.489127794903900695e-02
2.514347312318138128e-02
2.540607690149193632e-02
2.587855734399308744e-02
2.667851981212333856e-02
2.777221771071877038e-02
2.904314358138744556e-02
3.035099155113503075e-02
3.156051375988622870e-02
3.286632056777466504e-02
3.441453824960562236e-02
3.620252166227469481e-02
3.821376875910519055e-02
4.045179840430167956e-02
4.274879899641559344e-02
4.454540781636587288e-02
4.576818245847329852e-02
4.700373371651091203e-02
4.853092025620926037e-02
5.033293983960776541e-02
5.241310191343002967e-02
5.479539987027341741e-02
5.747333605437576071e-02
6.025631485490808015e-02
6.247273272602039962e-02
6.369039274811344464e-02
6.479510636172669535e-02
6.629206294403362787e-02
6.826322840356367772e-02
7.065328350104375932e-02
7.341097623241260584e-02
7.651184588325420088e-02
7.990468213623198868e-02
8.347147211289446256e-02
8.715688398074288024e-02
9.090865073911730265e-02
9.467851612104349890e-02
9.845753250157134040e-02
1.022209779526006002e-01
1.059653315744948227e-01
1.097276617445224478e-01
1.135596122571752992e-01
1.174943879135047914e-01
1.215604254949775864e-01
1.257608511642716587e-01
1.301095480677348648e-01
1.346439862005573973e-01
1.393497020242024653e-01
1.442100258011330405e-01
1.491959581817601521e-01
1.542904872333823729e-01
1.594883203582227460e-01
1.647964044254549287e-01
1.702273479842542347e-01
1.757907933269471645e-01
1.814926696894477998e-01
1.873288194700082343e-01
1.932869519666833846e-01
1.993493341208794067e-01
2.054998051937914905e-01
2.117274347920947708e-01
2.180292078812215983e-01
2.244022818942142117e-01
2.308479237118806204e-01
2.373725816342454609e-01
2.439880581847192476e-01
2.507131952004658659e-01
2.575661394628970258e-01
2.645491673624156825e-01
2.716617392321667435e-01
2.788922943312577285e-01
2.862329924326808550e-01
2.936698188177540580e-01
3.011910255488919885e-01
3.087911534077568132e-01
3.164731337215219709e-01
3.242444104656293513e-01
3.321172042357496412e-01
3.401092949972830404e-01
3.482313168346337640e-01
3.564882424940148953e-01
3.648709677735083590e-01
3.733589144523538073e-01
3.819308567585075198e-01
3.905748576608631950e-01
3.992838957889017770e-01
4.080560257509062150e-01
4.168978350403482191e-01
4.258223734450882203e-01
4.348396980551795798e-01
4.439476856220355150e-01
4.531433619090862730e-01
4.624214271946530119e-01
4.717678958047245574e-01
4.811709137625737598e-01
4.906239467192720083e-01
5.001265153729155255e-01
5.096810969656307977e-01
5.192951640265770497e-01
5.289832990345757491e-01
5.387555296663585347e-01
5.486120465665195178e-01
5.585426635747366975e-01
5.685330982485651274e-01
5.785704658413003409e-01
5.886492871683691730e-01
5.987667685961030051e-01
6.089199323182471479e-01
6.191085543439573957e-01
6.293337151369094995e-01
6.396015333302643713e-01
6.499218067159283629e-01
6.603023048394310868e-01
6.707449315132388845e-01
6.812449942906309008e-01
6.917949573412529585e-01
7.023840390841655790e-01
7.130040544273700265e-01
7.236442766916211244e-01
7.343000493957836383e-01
7.449730335117746849e-01
7.556676561104567202e-01
7.663940946406588850e-01
7.771640000368945644e-01
7.879829150902545321e-01
7.988519497459541929e-01
8.097559896501783649e-01
8.206761249724209284e-01
8.315986756216230402e-01
8.425140377937501146e-01
8.534200296117463447e-01
8.643179424299595182e-01
8.752162580190495644e-01
