-1.301463521012594820e-06
-6.813419472998830752e-06
-4.334203948939211593e-06
2.690774553897450433e-05
8.159958958507503219e-05
1.471402467572251714e-04
9.076040909405778826e-05
-5.126318387751770730e-04
-1.767735241192223625e-03
-3.208050131515750164e-03
-4.504909295544224160e-03
-5.559980493063660170e-03
-6.414926069592033139e-03
-7.218805198314671989e-03
-7.960432058203504441e-03
-8.591858663658946335e-03
-9.091394092916097597e-03
-9.466762944838384708e-03
-9.734768865237374350e-03
-9.912897435761581708e-03
-1.001463474982392833e-02
-1.005361773386105259e-02
-1.001966368806975032e-02
-9.928774061117053712e-03
-9.808360260530092634e-03
-9.660773515759644298e-03
-9.499602858702972663e-03
-9.379870158606440703e-03
-9.291631052329694246e-03
-9.205415445820170489e-03
-9.103211623961129234e-03
-8.969209602662678998e-03
-8.793340901178876498e-03
-8.710576751473984858e-03
-9.435419270517381510e-03
-1.165918112586975842e-02
-1.439252517703104237e-02
-1.706073881474056211e-02
-1.958426367048573050e-02
-2.185704870487889181e-02
-2.399054672799886406e-02
-2.610051696915630798e-02
-2.808214603501053147e-02
-2.980033359694870057e-02
-3.111804038327824554e-02
-3.200735914632060058e-02
-3.256629754442361135e-02
-3.304430546321169421e-02
-3.348740101467509445e-02
-3.383483428040612306e-02
-3.401664437055984536e-02
-3.402192316381945358e-02
-3.392802288957588730e-02
-3.409035873975697212e-02
-3.491416015161922376e-02
-3.589566077855894238e-02
-3.668708371825649822e-02
-3.720723346715722885e-02
-3.752134958798957615e-02
-3.766265113607472625e-02
-3.760778547419132284e-02
-3.737242239545691264e-02
-3.703574254573316349e-02
-3.680812039911153521e-02
-3.671388596222235901e-02
-3.655988929338788163e-02
-3.622706001532183251e-02
-3.568908606877620876e-02
-3.495254840778631855e-02
-3.403899523741837907e-02
-3.301924727300608459e-02
-3.200155169450412396e-02
-3.099238025025036203e-02
-2.994293686462420542e-02
-2.884028566564193763e-02
-2.771110457773344471e-02
-2.655238420268062061e-02
-2.533737735279189066e-02
-2.406292493228490842e-02
-2.279178933260048862e-02
-2.157025510148339459e-02
-2.034851906399479798e-02
-1.912627119067605505e-02
-1.793907590653974829e-02
-1.677019965735909376e-02
-1.557564709740534223e-02
-1.432896165120231546e-02
-1.298999611023396797e-02
-1.156084254060344915e-02
-1.007291529962464800e-02
-8.522820914821059579e-03
-6.914073907807384567e-03
-5.259926022894708536e-03
-3.603086251343804412e-03
-1.961568314276481047e-03
-3.146373389719793814e-04
1.352864849021226216e-03
3.048207502447095908e-03
4.799323834806871504e-03
6.617707864078821098e-03
8.473525879720292253e-03
1.034416218340667229e-02
1.219990767317289879e-02
1.402205274220218872e-02
1.581130422344470890e-02
1.756443445972405079e-02
1.932168891653998979e-02
2.112938357431857345e-02
2.302503200037203310e-02
2.503402007306042634e-02
2.711626925898744100e-02
2.918097386164598961e-02
3.113100573266076865e-02
3.283723421930712094e-02
3.392293115992310593e-02
3.424302907516398042e-02
3.425100378278547048e-02
3.432471446386634040e-02
3.457963242724817338e-02
3.488025078398238749e-02
3.517473602246080217e-02
3.567166985060558210e-02
3.650602736678930371e-02
3.765958943966658812e-02
3.902315174615351295e-02
4.045486124681084428e-02
4.180935038900138873e-02
4.327504348790646438e-02
4.500460438793922602e-02
4.700393863872227157e-02
4.926198598088660924e-02
5.178622547990766045e-02
5.440874693528886807e-02
5.654790179447630183e-02
5.809133930900249598e-02
5.961301915908776006e-02
6.140942149166642161e-02
6.348291304690839576e-02
6.585047833734104794e-02
6.854782699614725416e-02
7.157821122252180923e-02
7.475421571728635417e-02
7.738208729513908202e-02
7.897506471040606491e-02
8.039174658875461454e-02
8.216172733610122014e-02
8.439999323905504613e-02
8.707663262423995243e-02
9.015676030826044740e-02
9.362656398077548459e-02
9.744123505488648529e-02
1.014825100030159188e-01
1.056895783890320073e-01
1.100030953404942391e-01
1.143661248194433322e-01
1.187613365423285106e-01
1.231565627800332852e-01
1.275414021531133535e-01
1.319485101900267632e-01
1.364287503085538089e-01
1.410170823851051303e-01
1.457449975446157009e-01
1.506188426407947256e-01
1.556552066866297157e-01
1.608952917738499522e-01
1.663281870784834859e-01
1.719383208550196163e-01
1.776934534162739610e-01
1.835687720399184764e-01
1.895501537898877931e-01
1.956366008514129340e-01
2.018347999166650308e-01
2.081634444868186995e-01
2.146400357387117375e-01
2.212702942043230647e-01
2.280497773117387272e-01
2.349665921886529008e-01
2.420086937195357057e-01
2.491680065600889726e-01
2.564438697489516694e-01
2.638354864437627567e-01
2.713450221457607281e-01
2.789764973845165752e-01
2.867397902262350806e-01
2.946535744216912667e-01
3.027373729161415006e-01
3.109955097481298947e-01
3.194294787396632640e-01
3.280293945389144428e-01
3.367884358917103693e-01
3.456931650590177041e-01
3.547315672152018262e-01
3.638965911768673456e-01
3.731897927800235659e-01
3.826182497578467512e-01
3.921948962085242130e-01
4.019393401033956037e-01
4.118647701248872028e-01
4.219788963323501951e-01
4.322750716039079344e-01
4.427340667778650318e-01
4.533354552728186548e-01
4.640701353399836471e-01
4.749339093266308209e-01
4.859271420692521382e-01
4.970587022960348267e-01
5.083443964956130268e-01
5.197975157521782519e-01
5.314189001547297009e-01
5.432080945218138446e-01
5.551619238888024777e-01
5.672680091945863090e-01
5.795162125369898165e-01
5.919012593416116408e-01
6.044236664271961379e-01
6.170870904200026485e-01
6.299005616772865856e-01
6.428807140785892660e-01
6.560401478025525979e-01
6.693815830517855225e-01
6.828966440500578994e-01
6.965719035438860951e-01
7.103943468263610450e-01
7.243581804034574523e-01
7.384607423154749828e-01
7.526994380872036317e-01
7.670747350870734671e-01
7.815887687126413796e-01
7.962490306757258329e-01
8.110673877576191071e-01
8.260542059906911261e-01
8.412139378993485073e-01
8.565442297772861702e-01
8.720393597349979098e-01
8.876899018626286386e-01
9.034886487883178052e-01
9.194255081279216757e-01
9.354962054740397770e-01
9.517030795266462340e-01
9.680517000799512273e-01
9.845540382068861396e-01
1.001224787416276296e+00
1.018074819299233269e+00
1.035110474100904288e+00
1.052320442530785938e+00
1.069687955167663462e+00
1.087200253043900222e+00
1.104847971556581099e+00
1.122629180872928067e+00
1.140545575606870976e+00
1.158606447327632960e+00
