-1.026372253999915073e-02
6.078823082445645488e-03
5.044668501591847987e-02
2.805453562085781505e-02
2.405071878568370777e-02
-3.996721578743752529e-02
-8.337158262480746096e-01
-1.075329603186936378e+00
-1.386469019022427140e-01
2.598011077760349341e-01
3.199163716828075654e-01
2.611464414204903717e-01
-7.893438690320592199e-02
9.458747317271740118e-03
8.425141675038404221e-02
1.174085809886429577e-01
1.014849531595362619e-01
8.289406059390191928e-02
6.245733586633121781e-02
5.858207984252912504e-02
3.156070423505934197e-02
7.716380644607517825e-02
5.473412859194418806e-02
9.398875351645390869e-03
2.386779863809163418e-02
3.279351924595900331e-02
-8.804358927664975021e-02
-4.207795644619755776e-02
7.866111089821331212e-03
2.768428568931682182e-02
4.895162136966019206e-02
6.883937597927680674e-02
4.696044286731062417e-02
-9.556924457205800971e-01
-2.727798954971465406e+00
-3.431256318086493007e-01
2.511823065409082845e-01
9.064789187871263865e-02
3.372338026158443469e-01
5.508598904456402101e-02
-2.057978228559182443e-01
3.051949476492960001e-02
1.860508513372175210e-01
4.191219962576127056e-01
4.322277329418915404e-01
3.582288586438881484e-01
-1.264375733469051688e-01
-9.175826425137775799e-02
3.007777819383560675e-02
1.667358725916121276e-01
1.796050480916892844e-01
1.457281819056110705e-01
-2.949194444703351348e-01
-1.315902808092497711e+00
-7.649685941038952830e-02
3.113497530787368572e-01
3.835013120502446249e-01
2.114890397252838783e-01
1.544678712308716062e-01
2.293993324739710127e-01
1.965113671066313072e-01
1.581631766886043289e-01
-2.426509465255669018e-01
-2.678143977187966152e-01
1.226758346313710640e-01
2.699098034507814714e-01
2.833521911664169113e-01
2.669835034789039274e-01
2.527614821496988462e-01
1.724544854173797603e-01
-2.163330215048797633e-02
8.533727219032394284e-03
1.142551175967457255e-01
1.401785999161581642e-01
8.056794974046443958e-02
9.515027255270877560e-02
1.467296240820785969e-01
1.725270799725104887e-01
6.570800696377362971e-02
-3.263145570981634824e-02
1.067673450043148675e-01
9.725014977660725868e-02
1.681862578430656785e-02
5.285764901612582944e-02
1.328720411430369952e-01
1.441654059141857513e-01
2.232492355987331090e-01
2.152566757253898122e-01
1.440388712068340349e-01
1.765030774510396028e-01
1.674564155695759116e-01
1.685879686794016785e-01
9.321525252769824466e-02
7.026641463741750693e-02
1.209763352449964580e-01
1.450597640763382490e-01
1.421813292538851026e-01
1.948285249475260050e-01
2.229703163273812350e-01
1.591884831645661857e-01
1.442587105860382857e-01
9.985018971079406835e-02
7.330495787035734567e-02
9.469555316051481153e-02
6.628272299064080775e-02
1.410185998666054763e-01
2.050790681351279399e-01
2.478817520486939485e-01
3.026336551556527144e-01
2.383728409820055627e-01
1.089687780682975782e-01
-3.772483424406808394e-02
-8.060218579070696499e-02
-7.437237449346661977e-01
-1.097811208014087825e+00
-1.863407216226125596e-01
2.957491991021493072e-01
4.322875351539438582e-01
1.020407021260630320e-01
-6.133084683846509733e-02
3.557429969300858197e-01
5.292760515939564092e-01
4.786231495508280198e-01
3.004232193429071662e-01
1.613752155948807165e-01
-1.951576046873165771e-01
2.558365693887855175e-01
4.850409862234071334e-01
4.451747375994472011e-01
4.250850100351190042e-01
4.734258269146779941e-01
4.231048471066991556e-01
-6.827650793828526909e-01
-9.006692372620704878e-01
2.988188407013300241e-01
6.308886160256960141e-01
5.005147582184112931e-01
5.278490506633330970e-01
5.819145542838946028e-01
6.051292696651514591e-01
5.042650367184867699e-01
-5.621204279654461455e-01
-1.767736105166011207e+00
2.277506631662996051e-01
7.960866606908683085e-01
8.473426756873236876e-01
7.364025283408888178e-01
6.735502567637809967e-01
6.715000760806015823e-01
6.532241643957402699e-01
4.479872934879408630e-01
4.273785802956853175e-01
3.698819080360088440e-01
2.964051759999073443e-01
3.241590722561186189e-01
2.787974238980077679e-01
2.733848163049615865e-01
3.348415099250270366e-01
4.239500929544526286e-01
4.626663588567994090e-01
5.211597596497328233e-01
5.193897116011414461e-01
5.341222475602838138e-01
6.350275802398358538e-01
5.964253313736984641e-01
5.989569097497471351e-01
5.578451687620741284e-01
5.490373662497159968e-01
5.513197825050055734e-01
5.735413192159088958e-01
6.046570563723099312e-01
6.274056216606396230e-01
6.493154091997794808e-01
6.530569595404751571e-01
6.467484430309071719e-01
6.300061966016643478e-01
6.170517185068125077e-01
6.089037087042052931e-01
6.169777661960766935e-01
6.184527065403302437e-01
6.274016969442450797e-01
6.433539853237428829e-01
6.656417058694592548e-01
6.999984978867801466e-01
7.408716337602658797e-01
7.443044205806326197e-01
7.599075614932555567e-01
7.444824995974099746e-01
7.498656856355714329e-01
7.352187979164392928e-01
7.275213269149147788e-01
7.269752143468111161e-01
7.405636674542619424e-01
7.585753563310804193e-01
7.812727101141849761e-01
8.198555620235754571e-01
8.403699263888000370e-01
8.605133310692099080e-01
8.564168002897005749e-01
8.346114117410332600e-01
8.103491791466970184e-01
8.045963833769116391e-01
8.023257949683972878e-01
8.052556629026947910e-01
8.213073611759020842e-01
8.480155986570412363e-01
8.729161278506698540e-01
8.713076358271176769e-01
8.745606353504955521e-01
8.774101923717165796e-01
8.597968280755305948e-01
8.493551452973711058e-01
8.451206552769954250e-01
8.509932589955555571e-01
8.586248063825892007e-01
8.716638501028670660e-01
9.011109273534201325e-01
9.210248295853111777e-01
9.274189584825685007e-01
9.166343579494626859e-01
9.013538634489182133e-01
8.859173508157680565e-01
8.849305918591121589e-01
8.863739391645881760e-01
8.843187327567576528e-01
8.887256814753905498e-01
8.914998640666926821e-01
9.033317626964880720e-01
9.218044323826442010e-01
9.368677142793839785e-01
9.437959516982259434e-01
9.391900576582057347e-01
9.340676142769759327e-01
9.192685939843963094e-01
9.149956314107909883e-01
8.989062673793393188e-01
8.950508697940129377e-01
9.009696060792922179e-01
9.070247801437707480e-01
9.237784853133419460e-01
9.452286109879877163e-01
9.520471382672406335e-01
9.625721594112257584e-01
9.389454549988989207e-01
9.122285574703754563e-01
8.964674024325895996e-01
8.819281231830469192e-01
8.818659872264769106e-01
8.813418766387666192e-01
8.938121718984997077e-01
9.128216843311456330e-01
