-3.942167211030699746e-06
-2.300078861775334494e-05
-4.222823863545391613e-05
-4.018599113253222289e-05
-2.451702257543065305e-05
-9.025559847890092042e-06
-1.171763263013756806e-04
-7.275660856967339088e-04
-1.871759776515637130e-03
-3.064849118443708532e-03
-4.026771649658979560e-03
-4.718387971651205777e-03
-5.223066157872414961e-03
-5.702159070442626605e-03
-6.141835887891056688e-03
-6.499730299009925764e-03
-6.763740276409166245e-03
-6.947208249385474800e-03
-7.070235379528012551e-03
-7.149936489308067987e-03
-7.195849293487152805e-03
-7.217654246735020866e-03
-7.201141042429862887e-03
-7.160307243670711516e-03
-7.119673604879329758e-03
-7.076281745511182539e-03
-7.038364539220558040e-03
-7.053365080608495381e-03
-7.102619122096534392e-03
-7.154622931477469180e-03
-7.194274416708296843e-03
-7.209519638713540561e-03
-7.193843943220060329e-03
-7.278659301548737193e-03
-8.118820100829954312e-03
-1.025226584865235671e-02
-1.261356471689421659e-02
-1.470570219376519071e-02
-1.653705497179682599e-02
-1.807208482701312680e-02
-1.946761708712689554e-02
-2.085119735291674978e-02
-2.212388126010425560e-02
-2.317287085449074024e-02
-2.389621484045516275e-02
-2.430255897274065727e-02
-2.450771015096031569e-02
-2.474636426361043195e-02
-2.503426456132043856e-02
-2.529433523136248932e-02
-2.545702919220120194e-02
-2.551540519847988325e-02
-2.554431115632506410e-02
-2.586922998685542083e-02
-2.681525317787744958e-02
-2.783462083147373103e-02
-2.862040449971119116e-02
-2.914481684008788862e-02
-2.950908251473900734e-02
-2.975618083226401131e-02
-2.987160950821804092e-02
-2.987935402506829846e-02
-2.985432028933956289e-02
-2.998426836932701831e-02
-3.026035323051409071e-02
-3.047631516661534687e-02
-3.052987215608913771e-02
-3.042072082950257259e-02
-3.017267312570561313e-02
-2.981139809372081520e-02
-2.939907192864846253e-02
-2.903230297453285313e-02
-2.869235741393509620e-02
-2.832686554573960250e-02
-2.793137844368854747e-02
-2.752932904529252489e-02
-2.711417303444961166e-02
-2.666183886409047993e-02
-2.617502386416970320e-02
-2.571449935406196555e-02
-2.531788078738689968e-02
-2.492199988043801440e-02
-2.451503359642220881e-02
-2.412638829399481322e-02
-2.374292262140539553e-02
-2.333310443476083185e-02
-2.288215584134616065e-02
-2.236300440954888322e-02
-2.178532195626170509e-02
-2.117563040313203554e-02
-2.053471238345349129e-02
-1.987067644829034613e-02
-1.919555810539778570e-02
-1.854637910256949976e-02
-1.792991556277661463e-02
-1.731380316166921188e-02
-1.667117239169692983e-02
-1.599692039526030840e-02
-1.527677993705933018e-02
-1.450838588541726766e-02
-1.371915291462377090e-02
-1.293446120229201773e-02
-1.217886906589402130e-02
-1.146566409602421330e-02
-1.078962185725878403e-02
-1.015063346141602783e-02
-9.513639499963453400e-03
-8.844033608029636465e-03
-8.113730485449962768e-03
-7.301718248700723654e-03
-6.454233649844666985e-03
-5.659835389356998245e-03
-4.999256202610815811e-03
-4.574973388680416385e-03
-4.714835544323632728e-03
-5.483311111417469262e-03
-6.400704282402107891e-03
-7.135957250595120240e-03
-7.638248256763133584e-03
-8.082136477649760203e-03
-8.529303727309615543e-03
-8.794035109338174325e-03
-8.778809287376553375e-03
-8.537899763331448233e-03
-8.187951854747004682e-03
-7.852980178810213888e-03
-7.645159199339542598e-03
-7.366645849953618562e-03
-6.881537307651209266e-03
-6.203371906588244639e-03
-5.354999288339322080e-03
-4.332817566871793521e-03
-3.297041458458537314e-03
-2.772843592650679496e-03
-2.769812153776470692e-03
-2.695219213163170709e-03
-2.308321755159349446e-03
-1.658944194107942046e-03
-7.677075222722304143e-04
3.764279573075858835e-04
1.759086170246392487e-03
3.184735141098363198e-03
4.014020341975108909e-03
3.916933242154939376e-03
3.808084573319764701e-03
4.136271056832454933e-03
4.939980344425478655e-03
6.127154712301484396e-03
7.607902202531700332e-03
9.358335580513238786e-03
1.134724874502259125e-02
1.346443577687883759e-02
1.565535704235307066e-02
1.785991894862710636e-02
2.003591061016425992e-02
2.218618720158228863e-02
2.429121357668264855e-02
2.635498193205470380e-02
2.842823429728982138e-02
3.057384924621761937e-02
3.282785510869942747e-02
3.520802942098215371e-02
3.771021563414878736e-02
4.034026043715956134e-02
4.313886135084327861e-02
4.608433611913168026e-02
4.916751487141630961e-02
5.238500675083245656e-02
5.573175318281951146e-02
5.918803474389117136e-02
