-2.136405167581572392e-03
-4.625061425787826627e-03
-2.425022024881153763e-03
1.360499798977222313e-03
3.403960890494704596e-03
1.028431675409169355e-03
-5.715383722904490010e-02
-1.795556927411800230e-01
-2.553328491835643033e-01
-2.463464116930179637e-01
-2.055073271974123539e-01
-1.619292845210270060e-01
-1.428223833320605429e-01
-1.383755675090740933e-01
-1.243538565690302661e-01
-1.043984978255111662e-01
-8.405394005108184075e-02
-6.660642440459636771e-02
-5.278713712178809830e-02
-4.131967025309655345e-02
-3.269976084882758594e-02
-2.347509630276990722e-02
-1.349497124388126384e-02
-8.718039650274029412e-03
-6.665903450382659051e-03
-3.536762155920606873e-03
-8.137425270634558380e-03
-1.751229654370401942e-02
-2.115145583694913109e-02
-2.062984990196819329e-02
-1.761338784463468976e-02
-1.191826078816713222e-02
-6.337945167665639395e-03
-6.785196160916023844e-02
-3.068272748357160906e-01
-4.973633390834013568e-01
-5.024867974060238662e-01
-4.746365216294285427e-01
-4.348956507832603680e-01
-3.954430034446823616e-01
-3.883806442148272642e-01
-3.814770700195081465e-01
-3.500927225419976363e-01
-2.939783129700352382e-01
-2.236142893649547270e-01
-1.585236245167584435e-01
-1.315263140590310076e-01
-1.344100653323793415e-01
-1.303614556273756109e-01
-1.122919189657930611e-01
-8.663601248110465447e-02
-6.328429853650019421e-02
-7.189920504816224578e-02
-1.756842838374665650e-01
-2.617165237336600558e-01
-2.478265595871823601e-01
-2.030665432054824804e-01
-1.637160443497115425e-01
-1.377059371269565569e-01
-1.100867938147162273e-01
-8.124120621735281267e-02
-5.770706517704775329e-02
-6.361550852714209503e-02
-9.711531089428977748e-02
-1.073830057659347359e-01
-8.367661249049224148e-02
-5.009828216349233171e-02
-1.762690934013867727e-02
1.228383255037214516e-02
3.661759487986844530e-02
4.240418923719913025e-02
3.762606155455786028e-02
4.125413057720640070e-02
5.064609324240924165e-02
5.660500678995435825e-02
5.988078297106975284e-02
6.672676535472549242e-02
7.738140933032003344e-02
8.198411050044919490e-02
7.282968760327160340e-02
6.657678014185736126e-02
7.003540622973929153e-02
6.959988298835723119e-02
6.640346520029251354e-02
6.883106342739021832e-02
7.548579229554053249e-02
8.715250515215827720e-02
1.023515938045467394e-01
1.133699505705047378e-01
1.221990863196519561e-01
1.306101437071804927e-01
1.376184294323103963e-01
1.392469511383321035e-01
1.345679843831746603e-01
1.321159402563248653e-01
1.361395639172109651e-01
1.428818254826187961e-01
1.516084234694425048e-01
1.635347732196640314e-01
1.733000882983744273e-01
1.777706011546422438e-01
1.772487837638855035e-01
1.718206870859031454e-01
1.654116947157368567e-01
1.581598736393951543e-01
1.534682201266140689e-01
1.562680506060974694e-01
1.651246262709707147e-01
1.810439403934624436e-01
1.967841554127915671e-01
1.993810432125903698e-01
1.833373399112895319e-01
1.551775567677557421e-01
8.004823392036164442e-02
-5.860240578268030576e-02
-1.580212892282940873e-01
-1.683369380261336423e-01
-1.360704133546455641e-01
-1.136092216445032388e-01
-1.198309958039487227e-01
-1.088023646114580495e-01
-6.104041976315670998e-02
-5.877944094087837745e-03
3.391228890429662940e-02
5.369198634740360992e-02
4.134632858829161844e-02
3.478014212619372214e-02
6.838643717803108424e-02
1.133885156837251273e-01
1.541746288004426924e-01
1.959839188722115322e-01
2.371473787994403948e-01
2.011002949875927426e-01
8.266104373139211703e-02
2.837908184554848584e-02
6.817290904278675012e-02
1.221517414399732604e-01
1.708868831373392683e-01
2.243382995653875056e-01
2.824210017842647691e-01
3.339870747540115148e-01
3.055437470215316420e-01
1.328748206544559940e-01
1.829771710329554379e-02
6.019667988555214150e-02
1.448924216243968888e-01
2.304121849294538116e-01
3.028852584545014270e-01
3.684346866966991541e-01
4.347803658128426285e-01
4.870319642479619127e-01
5.221378646537409018e-01
5.461924185378568275e-01
5.564853410558150415e-01
5.616466688789583106e-01
5.634321563959456824e-01
5.600945206953772404e-01
5.604338986492670704e-01
5.722227186674369026e-01
5.942481563220359808e-01
6.226310452322211253e-01
6.536860742671980473e-01
6.842969558939450136e-01
7.223843463554697752e-01
7.638451865392392737e-01
8.020076101056597961e-01
8.400955372445929603e-01
8.782727249683406345e-01
9.140784392713299233e-01
9.469251589653644441e-01
