-1.875992056276204245e+00
-1.873015086739423518e+00
-1.877694090266093463e+00
-1.875131822829704031e+00
-1.873132009654949304e+00
-1.869124372585993621e+00
-1.877820344425005672e+00
-1.875369735541780880e+00
-1.873203715525010082e+00
-1.869854318782232738e+00
-1.864760789366100457e+00
-1.857205907893062502e+00
-1.850827877307114067e+00
-1.846893347277100972e+00
-1.839526063735260397e+00
-1.826645099114008852e+00
-1.805623994388967812e+00
-1.771978701509977938e+00
-1.714734830739216953e+00
-1.592585693025709181e+00
-1.253054595240401747e+00
-4.061294854931792209e+00
-2.249592427626398994e+00
-2.141953733571064333e+00
-2.107291995316666444e+00
-2.069244632642039061e+00
-2.121437343502450723e+00
-2.439024262700916879e+00
-2.871055237598094667e+00
-2.595909109897572620e+00
-2.276076167490678870e+00
-2.106016395366858696e+00
-2.037844993200634391e+00
-1.786503715032740969e+00
-1.862756123303490607e+00
-1.865906547804222493e+00
-1.862794343366246164e+00
-1.858560432804626794e+00
-1.853207935584300525e+00
-1.847064349357767643e+00
-1.843380044938395912e+00
-1.839575998076179664e+00
-1.832215762528733194e+00
-1.817610683544578887e+00
-1.786755365834395537e+00
-1.717408406755503769e+00
-1.653904690090522767e+00
-1.669553338535655129e+00
-1.658079132613404560e+00
-1.571413517619354216e+00
-1.186902726376072748e+00
-7.350756184276900029e+00
2.552244685013982384e-01
-1.748817047081122178e+00
-1.801284649162549600e+00
-1.789851670674406758e+00
-1.751891718135206277e+00
-1.682391319600275770e+00
-1.574489105045731030e+00
-1.198337080224592954e+00
-4.258625513307415567e+00
-2.387369819556349526e+00
-2.516008098261117709e+00
-1.828947343031745998e-01
-1.028479887817977279e+00
-4.263582070705442817e+00
-2.250391928550353970e+00
-2.078936605150761618e+00
-2.017017987985482819e+00
-1.988669130343528657e+00
-1.982190169666593338e+00
-1.984896130368200229e+00
-1.980663846574095999e+00
-1.970556394330623018e+00
-1.963238670359849447e+00
-1.958141486008984966e+00
-1.951083236081902150e+00
-1.942550545216939817e+00
-1.937115282376964842e+00
-1.936805836236831890e+00
-1.935388106254066543e+00
-1.931004891370031284e+00
-1.928749346704451195e+00
-1.927344770591481238e+00
-1.923360908619996756e+00
-1.917852286540950635e+00
-1.911462611114051580e+00
-1.905172983190782876e+00
-1.900419220321184710e+00
-1.896338499554198531e+00
-1.892433671519130556e+00
-1.888823003561536762e+00
-1.885617937630195140e+00
-1.882689603097046804e+00
-1.879721512924431570e+00
-1.876728961248286920e+00
-1.873802258194451564e+00
-1.871014469070095831e+00
-1.868456176375599576e+00
-1.865900457666812340e+00
-1.863208773199763080e+00
-1.860336577461807472e+00
-1.857168699923079203e+00
-1.853945096202427312e+00
-1.850614703606880962e+00
-1.847616763780909555e+00
-1.845664681908909532e+00
-1.844527368339567097e+00
-1.844029698718951504e+00
-1.843264042386166590e+00
-1.841071221410080394e+00
-1.836756796751282339e+00
-1.830403317377697014e+00
-1.811546794550353168e+00
-1.695859459473963105e+00
-3.042810901912289090e+00
-3.057102325113078667e+00
-1.405468037623953892e+00
-1.639548595536625797e+00
-1.635254996528822113e+00
-1.689354537053435523e+00
-1.765484978779496839e+00
-1.798649719565233340e+00
-1.810872640244744147e+00
-1.813908222615225441e+00
-1.807907299647801613e+00
-1.803833663906108331e+00
-1.811180556349028636e+00
-1.818326004882374392e+00
-1.822550136058219028e+00
-1.825649019855872801e+00
-1.827634809532660221e+00
-1.819914425583665896e+00
-1.792142085291082765e+00
-1.769687629220801695e+00
-1.784472623618593490e+00
-1.797893247183581122e+00
-1.805902368327957586e+00
-1.812346833988615291e+00
-1.817416898046288365e+00
-1.820360948890344055e+00
-1.814176342232121097e+00
-1.777186321113562784e+00
-1.721513289642374822e+00
-1.747606168306571561e+00
-1.777922945363186180e+00
-1.794779510566391290e+00
-1.804026068771299895e+00
-1.809915199067695379e+00
-1.813897553745385860e+00
-1.815363071629308322e+00
-1.815084544539601552e+00
-1.814060881784806956e+00
-1.812118660722538577e+00
-1.809849993151202430e+00
-1.807375269559329478e+00
-1.804562036678216463e+00
-1.802101452508201085e+00
-1.800646239869619247e+00
-1.800007445295395359e+00
-1.799879756713735235e+00
-1.799940289258921133e+00
-1.799923205372593760e+00
-1.800408162673603263e+00
-1.800938485321851079e+00
-1.800998017317569033e+00
-1.800878787955124238e+00
-1.800701981049078526e+00
-1.800330393761321979e+00
-1.799756040762579890e+00
