-1.471290071838037505e+00
-1.470037801965382585e+00
-1.464960484566181886e+00
-1.486412537568761127e+00
-1.475950133726667390e+00
-1.478953944021055067e+00
-1.471153691532952168e+00
-1.470388707912601234e+00
-1.469026541999344015e+00
-1.466809280144639960e+00
-1.463590162510631343e+00
-1.459166685274563502e+00
-1.455430236953793033e+00
-1.452850243329810276e+00
-1.448657802981518250e+00
-1.442218200278465368e+00
-1.433128152761721896e+00
-1.421154067368982421e+00
-1.406079653373571769e+00
-1.386034236149748189e+00
-1.361358238245809149e+00
-1.316251499162822469e+00
-1.201601739140345071e+00
-1.042531807640662445e+00
-8.753072975123362687e-01
-1.809398925894123433e-01
-9.313347918525998193e-01
-1.232681179070989952e+00
-1.274666282630748881e+00
-1.268238142475189845e+00
-1.229573895029590469e+00
-1.098184205853985462e+00
-6.698788712393578537e-01
-1.411428875437520603e+00
-1.457812485943505987e+00
-1.461587247754986718e+00
-1.459746954077441039e+00
-1.457064537950953254e+00
-1.453713255016225947e+00
-1.449935468711232911e+00
-1.447592942284917417e+00
-1.445188629912421030e+00
-1.440839853030080331e+00
-1.433002099136985397e+00
-1.419042791491633704e+00
-1.395973898042846661e+00
-1.378291539851751457e+00
-1.377269951932188707e+00
-1.371716735103727380e+00
-1.353260824175416266e+00
-1.315613122794197842e+00
-1.253961605522134981e+00
-1.275463677472568502e+00
-1.390722496208236292e+00
-1.416242277590467724e+00
-1.411588560862659048e+00
-1.396672735522463960e+00
-1.376895118565524934e+00
-1.357022547394478362e+00
-1.325845833283005204e+00
-1.270273107090344578e+00
-1.180113063236636783e+00
-1.202652790590194254e+00
-1.296591142411273934e+00
-1.312590519284353885e+00
-1.263590482390241743e+00
-1.107080649967699948e+00
-1.235253266612258427e-01
-2.358089055814263979e+00
-1.842492572692793207e+00
-1.788321871313200528e+00
-1.810479126628536051e+00
-1.778855357825128269e+00
-1.725826962270397225e+00
-1.698315724717426978e+00
-1.683358739456870090e+00
-1.660956950079782724e+00
-1.634876025116402731e+00
-1.623378684043589315e+00
-1.635883810388945481e+00
-1.645559644758429751e+00
-1.635398340110710169e+00
-1.633221567045328282e+00
-1.636761412599259780e+00
-1.629110958832688638e+00
-1.614515775275156884e+00
-1.595175288547828973e+00
-1.576207499901460363e+00
-1.564366224825533003e+00
-1.555649701181868405e+00
-1.548126391601555296e+00
-1.542013411970923897e+00
-1.538670700550325288e+00
-1.538181159571505141e+00
-1.536803970418417764e+00
-1.532681105070279548e+00
-1.527712169081777205e+00
-1.522446230143730705e+00
-1.516758011265172623e+00
-1.512110992447434965e+00
-1.508850620693908517e+00
-1.506618298095542929e+00
-1.505292241379968754e+00
-1.504174060292650772e+00
-1.503233966373601183e+00
-1.501869557194961846e+00
-1.499201547512674981e+00
-1.495711951476967005e+00
-1.491667453472383942e+00
-1.488068865734251345e+00
-1.485678888823609212e+00
-1.484509524037374684e+00
-1.484257767120312765e+00
-1.490986700639029161e+00
-1.435744499156474507e+00
-1.459154941618148627e+00
-1.458220734820615538e+00
-1.452886717938232319e+00
-1.447210101484965206e+00
-1.446814160106318692e+00
-1.442331491786923436e+00
-1.416865342536671291e+00
-9.109490374183769612e-01
-1.570212696736567715e+00
-1.531053504855213632e+00
-1.543015795483845931e+00
-1.551560963964836004e+00
-1.512406725813193464e+00
-1.494928037772739859e+00
-1.487012110048008706e+00
-1.481896648359692481e+00
-1.478220568102038168e+00
-1.476812756921860537e+00
-1.479350258031059351e+00
-1.487006099065450337e+00
-1.477971642067021030e+00
-1.473817702641116778e+00
-1.471510913513215169e+00
-1.469783936188824747e+00
-1.468365470205257095e+00
-1.467003717364637305e+00
-1.464361360573779969e+00
-1.452027280273888277e+00
-1.371337970212791690e+00
-1.427053571305732849e+00
-1.450132707453472447e+00
-1.456324372913198717e+00
-1.458228337905393746e+00
-1.458822896095171240e+00
-1.458964454609136929e+00
-1.458456064244020300e+00
-1.457441555493891094e+00
-1.456141585196733423e+00
-1.454482739167027638e+00
-1.452691826698637056e+00
-1.450797366172936975e+00
-1.448716964138901719e+00
-1.446780970279132106e+00
-1.445352758878472921e+00
-1.444396392059719370e+00
-1.443719600098959166e+00
-1.443137288430482945e+00
-1.442511747264627386e+00
-1.442159373602497574e+00
-1.441875752843642777e+00
-1.441413907775491499e+00
-1.440909138934068912e+00
-1.440372395077500034e+00
-1.439725065995629993e+00
-1.438961049960659100e+00
