-4.178556340706155825e-06
-2.568122373314167672e-05
-5.109010152422126770e-05
-5.592961666359324218e-05
-4.395781962965156345e-05
-2.809219704078416574e-05
-1.410897744825304935e-04
-8.220040814237052204e-04
-2.202287078810249814e-03
-3.827666067727680636e-03
-5.359339118038289503e-03
-6.681680250466590781e-03
-7.820232154211646802e-03
-8.915566329576048513e-03
-9.952536287987499841e-03
-1.087910928980278906e-02
-1.166984260729290838e-02
-1.232752250656162472e-02
-1.286713964236643748e-02
-1.330543498877856910e-02
-1.365415707463614979e-02
-1.392698080390609647e-02
-1.411238798297777437e-02
-1.422604474143945689e-02
-1.429845967843781408e-02
-1.433388800744604154e-02
-1.434602133940594652e-02
-1.439321396246393339e-02
-1.446941307070781155e-02
-1.454733877267456663e-02
-1.461083604640054864e-02
-1.464454388209871470e-02
-1.463718689167774548e-02
-1.472401439819238239e-02
-1.563775939893295372e-02
-1.812396357130420521e-02
-2.122967546961082586e-02
-2.436773113569799462e-02
-2.743859474853035593e-02
-3.031704139012140337e-02
-3.309540980138732380e-02
-3.588156770303273235e-02
-3.856211215203222270e-02
-4.098858355900312361e-02
-4.300800746743459885e-02
-4.457714028324443606e-02
-4.578091924777980687e-02
-4.686632169471620368e-02
-4.788656412445686100e-02
-4.878611730313194006e-02
-4.949781244074843989e-02
-5.000910802420435730e-02
-5.039592293976226378e-02
-5.102194051305398992e-02
-5.232130725466150462e-02
-5.381229142790401598e-02
-5.514288941574794350e-02
-5.622013334762464287e-02
-5.710155143283494883e-02
-5.781029141478660760e-02
-5.831675331818970270e-02
-5.863275663459077691e-02
-5.883196357437817797e-02
-5.912893395840106842e-02
-5.955864542506762727e-02
-5.992591627337713611e-02
-6.010406770511842606e-02
-6.006433911733420616e-02
-5.981044747577560911e-02
-5.935629836523795277e-02
-5.876232207150765274e-02
-5.814098980277445511e-02
-5.749532622235335733e-02
-5.678179301959053460e-02
-5.599721893080404633e-02
-5.516897662504793853e-02
-5.429595627960673299e-02
-5.335498728536389179e-02
-5.234667809902961155e-02
-5.133663303162258607e-02
-5.037814043828874044e-02
-4.941762024709515921e-02
-4.844183502591534185e-02
-4.748221294172205731e-02
-4.652954064976060761e-02
-4.555018440204137986e-02
-4.452319871078701946e-02
-4.341227685036482681e-02
-4.221722131626427787e-02
-4.096088333157691524e-02
-3.964374653993769232e-02
-3.827420858251959213e-02
-3.686641926779309075e-02
-3.546418901154912290e-02
-3.408503341439281242e-02
-3.270246018031375268e-02
-3.128791113295720933e-02
-2.983204473698916614e-02
-2.831545399803084284e-02
-2.672936493036694519e-02
-2.509860709451441907e-02
-2.345201634926909195e-02
-2.182185288772062887e-02
-2.023176787276719651e-02
-1.868556789614521374e-02
-1.719021277092617692e-02
-1.571319994355672642e-02
-1.421452944123704695e-02
-1.265573188833865430e-02
-1.100185171214500095e-02
-9.289702983833953917e-03
-7.614190055799778707e-03
-6.078891243159763487e-03
-4.820137707739620761e-03
-4.237255551559362954e-03
-4.501848194601900700e-03
-5.176446911961704415e-03
-5.875642847233897119e-03
-6.467205132690260865e-03
-7.074010129190214449e-03
-7.743680218672019042e-03
-8.263946314868325302e-03
-8.482850524780786647e-03
-8.406710722270310798e-03
-8.131304611406408797e-03
-7.786733254940821601e-03
-7.516895461378070298e-03
-7.141592200696286405e-03
-6.500559543365993197e-03
-5.576970590354418666e-03
-4.374384698548264630e-03
-2.874645600473722286e-03
-1.235995342461941116e-03
-5.513872143118837485e-05
5.340926664028454581e-04
1.090489218479311941e-03
1.919018079049181896e-03
3.034721546324654559e-03
4.460525138772764887e-03
6.243609154417683292e-03
8.399923913632957595e-03
1.074253771643080696e-02
1.255569623152809691e-02
1.333012203197292758e-02
1.389899039287185306e-02
1.479938552699467183e-02
1.618119568267771535e-02
1.803584598382889509e-02
2.032272030316859684e-02
2.304739962806502673e-02
2.619944524467486546e-02
2.967085909813742262e-02
3.339151473821341809e-02
3.727810555861454239e-02
4.125813494902825368e-02
4.530606206849852047e-02
4.937764575153853058e-02
5.345393130179548757e-02
5.757225751938460645e-02
6.179638375526756017e-02
6.617293211361632843e-02
7.073349095009674736e-02
7.548649739933843694e-02
8.044742352097919436e-02
8.567032858409336094e-02
9.114674003547150460e-02
9.687417058567467099e-02
1.028538095456301704e-01
1.090836258267232489e-01
1.155437291773401820e-01
