-2.176969983738852917e-03
-4.854172731296882773e-03
-2.822093227556977946e-03
1.030495204718864886e-03
3.274238959442705901e-03
1.076014217046528457e-03
-5.821648799650420286e-02
-1.866954154309042324e-01
-2.732507427534827116e-01
-2.742823944591444296e-01
-2.398790028695237386e-01
-1.990886205917692386e-01
-1.803592889157696888e-01
-1.758005097374176762e-01
-1.611410700210846314e-01
-1.396994586675001093e-01
-1.170276380359034918e-01
-9.667162059521379469e-02
-7.966049921799665812e-02
-6.494931392111330526e-02
-5.315890775234810572e-02
-4.094148267309112577e-02
-2.799454991182986907e-02
-2.042176214743073037e-02
-1.597508592386008217e-02
-1.077880645157624356e-02
-1.368659249505746120e-02
-2.217206944291307338e-02
-2.543902374493570845e-02
-2.467521119191375123e-02
-2.136426809609440203e-02
-1.519338692130426868e-02
-8.902617973934601192e-03
-7.084343412064658674e-02
-3.178995129325519198e-01
-5.286699616355828857e-01
-5.540220764598037251e-01
-5.412363612865587204e-01
-5.118865663448188830e-01
-4.782577745523178270e-01
-4.745591885034964319e-01
-4.701681053717544634e-01
-4.396122409570494827e-01
-3.817502054294585334e-01
-3.063768560041397748e-01
-2.335284983499437139e-01
-1.975837870103464844e-01
-1.929079060818140179e-01
-1.827621589944190550e-01
-1.591598112185537151e-01
-1.277837165549863541e-01
-9.847469987599240249e-02
-1.016856397935358286e-01
-2.038663332002208228e-01
-2.949129282679217035e-01
-2.863638969699406900e-01
-2.440609166224275151e-01
-2.042417690607107039e-01
-1.761489079360553656e-01
-1.454530485665061768e-01
-1.125314029536292615e-01
-8.430711259260376123e-02
-8.577623389584955460e-02
-1.169814751191321361e-01
-1.267817679159160271e-01
-1.021484136839196227e-01
-6.618030888999035244e-02
-2.999607925099673916e-02
4.563513878994764073e-03
3.410265950382893735e-02
4.493572537729641908e-02
4.406904322324868561e-02
5.077519811927047599e-02
6.303016134135473736e-02
7.171396693453155335e-02
7.736710196923084204e-02
8.635728440831594299e-02
9.920038151771591595e-02
1.060097817397483710e-01
9.846969567986792182e-02
9.293329623793226968e-02
9.695331382573230128e-02
9.707144017853996942e-02
9.413995339146633001e-02
9.671899411244308520e-02
1.037500236240403856e-01
1.161511460329844314e-01
1.326792580974304470e-01
1.454553481672622439e-01
1.561505034529970248e-01
1.665058106060909593e-01
1.754373638093603138e-01
1.788405844104222764e-01
1.754260464280802401e-01
1.737160441578586290e-01
1.783472471974806295e-01
1.858557153853843402e-01
1.955498754984537346e-01
2.087715799997315325e-01
2.201469907222268207e-01
2.262278985921748475e-01
2.270547511111437600e-01
2.224895632203399143e-01
2.163769712019343039e-01
2.089733768387164181e-01
2.037425298809902585e-01
2.060241875631725894e-01
2.147423964345838432e-01
2.311548200529196795e-01
2.481625631652578656e-01
2.522420982765228858e-01
2.369656749030805143e-01
2.081111205083949756e-01
1.299335869248453013e-01
-1.715835021254616399e-02
-1.304087965392895510e-01
-1.544372576299668509e-01
-1.323353935672228199e-01
-1.162898530061039215e-01
-1.273246071023755865e-01
-1.203144980904177763e-01
-7.402837386751787152e-02
-1.713697525164051272e-02
2.663612894643022089e-02
5.116145218326197119e-02
4.291082600403511860e-02
3.868196936119194795e-02
7.502395879312695470e-02
1.244731944351907538e-01
1.710895961837786416e-01
2.197140315066437311e-01
2.685756795915903994e-01
2.393380348529453860e-01
1.215924469048237089e-01
6.248439161524287772e-02
9.855779336833600524e-02
1.523088194893974789e-01
2.034934669785652961e-01
2.615843648832688606e-01
3.263427581919366993e-01
3.862072183334953612e-01
3.654573962392046460e-01
1.934213664106238795e-01
6.989120870561212062e-02
1.035693973852131466e-01
1.853321833395103757e-01
2.731189726947687579e-01
3.515801157308247049e-01
4.254811872768842207e-01
5.019677131095877654e-01
5.655527105987057102e-01
6.118679955768563383e-01
6.464058077918094503e-01
6.658821278535288490e-01
6.786219189770363869e-01
6.865814191351184981e-01
6.879850833613943006e-01
6.918590140223022100e-01
7.066550093125626431e-01
7.318885165919556401e-01
7.640536424286938910e-01
7.996017360602268864e-01
8.353045833773686812e-01
8.790771024802355171e-01
9.271508663671533812e-01
9.725209563620724751e-01
1.018236439445760810e+00
1.064361227617887318e+00
1.108329263516951269e+00
1.149314563465491323e+00
