-1.064126635463098595e-02
5.727856660309591647e-03
5.222893932079703677e-02
3.185878411743317540e-02
2.850317430523047202e-02
-3.752619518254425579e-02
-8.638155125429216596e-01
-1.161166074200978837e+00
-2.372862651914494081e-01
1.943156447374105311e-01
2.924412450911487715e-01
2.607918395896179908e-01
-7.392994868764109218e-02
1.156301492877830073e-02
8.961360417920116728e-02
1.285412032683046213e-01
1.171625158666657757e-01
1.006798200368099611e-01
8.044056914680935977e-02
7.593646144537687104e-02
4.732643172699485534e-02
9.263928721537482980e-02
7.049478267133028886e-02
2.301326230027018332e-02
3.510731206265232940e-02
4.305442653145524767e-02
-8.268739789027024223e-02
-4.214270912605214137e-02
7.075920468644076970e-03
2.857184222811451693e-02
5.241671009930739394e-02
7.552007922582995580e-02
5.573577320499481513e-02
-9.829432988851048991e-01
-2.875761278579906488e+00
-5.425659290289914782e-01
1.069680957546659539e-01
-1.827957278852626599e-03
2.866350580912352397e-01
3.171718203140935777e-02
-2.273566871189527938e-01
1.131476651294596736e-02
1.812648127443500234e-01
4.379223766936138351e-01
4.753949551594047196e-01
4.166044956573818903e-01
-7.716777740912744710e-02
-6.214378675723795931e-02
5.094930654904304690e-02
1.898759954645684034e-01
2.088501794896030495e-01
1.784746575850637007e-01
-2.768985825876029150e-01
-1.359085474986303721e+00
-1.483209095843289194e-01
2.697220602295163916e-01
3.778414939411515183e-01
2.276301786822088336e-01
1.791758877723163279e-01
2.613388261502487264e-01
2.346268375334088496e-01
1.983049711827485351e-01
-2.169787362736534941e-01
-2.653688420063606279e-01
1.219586808539454281e-01
2.838295968219807786e-01
3.126607677377339911e-01
3.071620469505327300e-01
2.997281892001726344e-01
2.208812490549992846e-01
1.826872737389305390e-02
3.760635432551431845e-02
1.402351135093589662e-01
1.679516869723998995e-01
1.081646201710955019e-01
1.213569498654355344e-01
1.742179171808539984e-01
2.033668620809926941e-01
9.575188553232970301e-02
-9.974029900429948192e-03
1.262822456421718864e-01
1.182196081610817212e-01
3.556683636094154499e-02
6.892714623551011999e-02
1.509850062281450356e-01
1.664984234214889613e-01
2.518376457924724199e-01
2.503552302342362257e-01
1.809304751107427278e-01
2.137275017585315018e-01
2.054851024091149947e-01
2.069116905012760022e-01
1.289510515515434053e-01
1.010096230600351919e-01
1.492507924309979250e-01
1.738833596424937400e-01
1.719576767452662414e-01
2.270958750440789098e-01
2.595704313394645579e-01
1.973420354836287194e-01
1.810438089273047335e-01
1.335121540539518648e-01
1.023692747037226042e-01
1.203933042967781364e-01
8.908877505628740034e-02
1.636076715797525338e-01
2.320300602395831135e-01
2.814000276393125999e-01
3.441157073470123562e-01
2.847893013290022646e-01
1.522204924775028279e-01
-6.040614380879938405e-03
-6.322988141813828955e-02
-7.623811486768133916e-01
-1.175038747130854766e+00
-2.826777252896534032e-01
2.303343566032331757e-01
4.085404366711702373e-01
1.003114586630186322e-01
-6.288802071023730234e-02
3.648388637086479314e-01
5.647221815647942567e-01
5.363001664314446248e-01
3.660234183914340966e-01
2.222298047965547141e-01
-1.550428218859246920e-01
2.869838820637816701e-01
5.313712880060483812e-01
5.076841420488902301e-01
4.972687465314915012e-01
5.536676683107401020e-01
5.086104166789038317e-01
-6.357577979469088980e-01
-9.221542019412440894e-01
2.655708579045473750e-01
6.367355209024035956e-01
5.395823904243651770e-01
5.880189625429075306e-01
6.600255780013025708e-01
6.985211906530534032e-01
6.055181055976085469e-01
-4.975518470763903300e-01
-1.805547801819030962e+00
1.538960069232020722e-01
7.759835030003912060e-01
8.847314259279773774e-01
8.126973603960778725e-01
7.722504670193715004e-01
7.842996121804505227e-01
7.752925057749601168e-01
5.684633950057995655e-01
5.396998369911281124e-01
4.734001383710550459e-01
3.889907115797924808e-01
4.075425542893506003e-01
3.545359422088284473e-01
3.419307614597361655e-01
4.001692696387390558e-01
4.919233065569806329e-01
5.364785795458522077e-01
6.023521804120226530e-01
6.074298819283900919e-01
6.274460166742654721e-01
7.361518523910771661e-01
7.045628720144907486e-01
7.109307292469443373e-01
6.709592691923669250e-01
6.612438243525546877e-01
6.624991268351603235e-01
6.846683711197909528e-01
7.173502505923011752e-01
7.427856212794053947e-01
7.679098549063536616e-01
7.745484468824298530e-01
7.699975417003492861e-01
7.535062845764320949e-01
7.395450252523004808e-01
7.297706753401022040e-01
7.365109170280326190e-01
7.371000170842892940e-01
7.455681818778774339e-01
7.618102395651712433e-01
7.853828531733273444e-01
8.223715760325859270e-01
8.674404988063136868e-01
8.750066377831479114e-01
8.940356131999529499e-01
8.807362233707520804e-01
8.871529120669674473e-01
8.726241552378455335e-01
8.640480337651096354e-01
8.623714246610751921e-01
8.753790545884416741e-01
8.937864088603630908e-01
9.178863812573555547e-01
9.593189427011790116e-01
9.835268220730394306e-01
1.007421034865313203e+00
1.006207485559599490e+00
9.852872012322564377e-01
9.598521660362894226e-01
9.520490401334285036e-01
9.477697932549525861e-01
9.490173731285351799e-01
9.642603787582093577e-01
9.915702500036623901e-01
1.018337260722210313e+00
1.018477187417899277e+00
1.022787704503965944e+00
1.026321465482966211e+00
1.008356092455465980e+00
9.964744028581200563e-01
9.904547859319366987e-01
9.948495453616639228e-01
1.001589292105811602e+00
1.014411389262894314e+00
1.044891619179054043e+00
1.066872309072687930e+00
1.075297984879772795e+00
1.065485325029470909e+00
1.049737346850450503e+00
1.032654974707534201e+00
1.029699577908293140e+00
1.029458410357138920e+00
1.025868769643298872e+00
1.028986029091192744e+00
1.030778953964526679e+00
1.042138348770843326e+00
1.061017242720571740e+00
1.077190554497972297e+00
1.085335226570987022e+00
1.081356067306548097e+00
1.076073709425375391e+00
1.060174650987985245e+00
1.054225404593088111e+00
1.035920642674734271e+00
1.029564930163389125e+00
1.033500574743879685e+00
1.038241734172123287e+00
1.054563801232134335e+00
1.076707770912799900e+00
1.084631744944021037e+00
1.096262493579906572e+00
1.072592180334012379e+00
1.043880758708400025e+00
1.025029688097490288e+00
1.006980754160851532e+00
1.003678976460705252e+00
1.000524201971797922e+00
1.011271714759709894e+00
1.029839851893231906e+00
