-6.731278203257745748e-04
-8.934851779889853816e-04
2.783974950137711821e-03
7.689809915357665240e-03
1.097270158612197004e-02
9.699735200338531482e-03
-4.763198302527121841e-02
-1.688151277470908984e-01
-2.429509363785432585e-01
-2.323876142426531122e-01
-1.902311380271614061e-01
-1.456695037012543104e-01
-1.258804414941934180e-01
-1.209430802899015417e-01
-1.065510822811354674e-01
-8.601940998582889575e-02
-6.509990157276160372e-02
-4.709122078792738614e-02
-3.243857838908006941e-02
-2.022697815129536475e-02
-1.095640875207626493e-02
-1.186259017044903954e-03
9.083752132476712385e-03
1.436445802386491361e-02
1.720294643649409108e-02
2.091567284928985346e-02
1.680869992769376542e-02
8.077001248823057963e-03
5.115290993525672958e-03
6.478625215391399170e-03
1.054250506711635303e-02
1.726368367123202324e-02
2.374534708118425722e-02
-3.695327168725748290e-02
-2.745503417281565106e-01
-4.626288612847558879e-01
-4.653139464866728470e-01
-4.352995512074089857e-01
-3.931908111922209903e-01
-3.516232314060204756e-01
-3.426318364059641741e-01
-3.338625670770697940e-01
-3.010635206743190739e-01
-2.438437000149875078e-01
-1.723390106974190816e-01
-1.061546984860344128e-01
-7.836413397316391305e-02
-8.026060742859622565e-02
-7.489786031829051560e-02
-5.508282801540984042e-02
-2.743164650323726139e-02
-2.307225067892895720e-03
-9.347968146168637860e-03
-1.112406638261073943e-01
-1.946118013894040377e-01
-1.777366962830517205e-01
-1.300318115124735607e-01
-8.736263379357944725e-02
-5.831836240232472768e-02
-2.840315152199086868e-02
2.882805574711544416e-03
2.852631664321882490e-02
2.419814134912690040e-02
-7.383289062427224325e-03
-1.614327668327550369e-02
7.986716254969453144e-03
4.219088136433710862e-02
7.605154391244578482e-02
1.073377534295483909e-01
1.314347384810272135e-01
1.366661720701011218e-01
1.307903511124397788e-01
1.324616235635681094e-01
1.415341687375909763e-01
1.478823061877708733e-01
1.512065433353163013e-01
1.583720854116376919e-01
1.700200026407234777e-01
1.759325458733191072e-01
1.685865079821377566e-01
1.640081139977912217e-01
1.669638399130802531e-01
1.641285808198588714e-01
1.587960837118237156e-01
1.608659125434468984e-01
1.686321128985088791e-01
1.824053031179398987e-01
2.004023499787168927e-01
2.130721460661986755e-01
2.231397603679310115e-01
2.339951567656484432e-01
2.438521337997731631e-01
2.482882957349173692e-01
2.461430763908347141e-01
2.454451549510997255e-01
2.490835341613434062e-01
2.538587685339416256e-01
2.618019093943060316e-01
2.746195258779932646e-01
2.847769745811969400e-01
2.898046181002773003e-01
2.905890151470774119e-01
2.865767627115787253e-01
2.820736979775961273e-01
2.768653863057740083e-01
2.748761393455943502e-01
2.817031454496566889e-01
2.953996255928979520e-01
3.153604493296622846e-01
3.342852384532360999e-01
3.404764969503227823e-01
3.286103210463577895e-01
3.044432576899552267e-01
2.338612609350788629e-01
1.002477135189380475e-01
5.842230160884989698e-03
6.430384420345117147e-04
3.782072532004847332e-02
6.508183744554520145e-02
6.355731570574245370e-02
7.998780192312565651e-02
1.331391817802016486e-01
1.936633895819251105e-01
2.388143324008610568e-01
2.625406584752169037e-01
2.524695520236436841e-01
2.485491198999635609e-01
2.854117656345530052e-01
3.330107183014236472e-01
3.761359809553176392e-01
4.198332294070930004e-01
4.614293251561413234e-01
4.255805294619348644e-01
3.066938680102938020e-01
2.515634762643583211e-01
2.913096569084945298e-01
3.451928771436022503e-01
3.944310903215659248e-01
4.487598254784002094e-01
5.069636435370388217e-01
5.584341047502842104e-01
5.318552841007495591e-01
3.595235247318456784e-01
2.432407179388668128e-01
2.851378429244987300e-01
3.690529868168115346e-01
4.515628689013972963e-01
5.237079975612340954e-01
5.906672533410387560e-01
6.541179395182626921e-01
7.003162695093410051e-01
7.298191434249565734e-01
7.510666421197401688e-01
7.613808757213965661e-01
7.671328377955510813e-01
7.699626329058758545e-01
7.686629445305529496e-01
7.702623428677071171e-01
7.810849142876610252e-01
7.998305364313424981e-01
8.241941346916198396e-01
8.515384984793868961e-01
8.792112234011195682e-01
9.135692472797453112e-01
9.504397956388478397e-01
9.834117386217862133e-01
1.015295454751296012e+00
1.047367202593641355e+00
1.077731359795507160e+00
1.105913687715971205e+00
