-6.832048949460054052e-04
-9.418292549102895298e-04
2.768286881300282328e-03
7.911019865061309081e-03
1.154474105638896193e-02
1.061571414918064359e-02
-4.739134187958571331e-02
-1.731540672669269476e-01
-2.555197292519286179e-01
-2.525229494992701218e-01
-2.150883757240023286e-01
-1.723990036015517202e-01
-1.526427891681340909e-01
-1.474224016801951587e-01
-1.323978792172355867e-01
-1.106178768582619515e-01
-8.782469415674137858e-02
-6.752187391961102236e-02
-5.037342895439578944e-02
-3.563461657498843277e-02
-2.390680975214791448e-02
-1.182522975249464779e-02
7.250294265408688960e-04
8.144019117720975934e-03
1.281789278621281621e-02
1.812498173868934415e-02
1.532498828519031006e-02
7.282003377924761364e-03
4.622737553243268932e-03
6.209126157464114372e-03
1.056591358284376947e-02
1.774934182945362218e-02
2.489432935733746841e-02
-3.602985100374318794e-02
-2.798614554959735767e-01
-4.836459151977161586e-01
-5.018762469635649204e-01
-4.832597158124395942e-01
-4.488548085863621750e-01
-4.114189342576416442e-01
-4.046932038130754972e-01
-3.975907631716664725e-01
-3.652106615877375173e-01
-3.064711036846665682e-01
-2.309703836421962975e-01
-1.587098188591856696e-01
-1.239912438812516837e-01
-1.201203892589524092e-01
-1.101624079563160996e-01
-8.618468164303541568e-02
-5.418576659643108834e-02
-2.449474331673882552e-02
-2.738445163758528381e-02
-1.280924127065512508e-01
-2.154157141496179095e-01
-2.026304238286686932e-01
-1.566526314918773588e-01
-1.133532885115872968e-01
-8.236902747705118766e-02
-4.974138436642879663e-02
-1.497605633104980016e-02
1.461598316281438950e-02
1.400188026398036488e-02
-1.557891708213411490e-02
-2.377163866242143486e-02
1.261467005386745360e-03
3.747514338480581464e-02
7.437406585252775981e-02
1.094375844408516374e-01
1.377205087314339882e-01
1.469282199503718911e-01
1.440890306716703928e-01
1.480574377422592958e-01
1.592254501735932692e-01
1.676040672887489924e-01
1.727160318576103359e-01
1.815159214728671311e-01
1.948806138686814959e-01
2.025897863746866645e-01
1.966369035250413455e-01
1.928210724604857984e-01
1.964313203208163383e-01
1.941581793277037116e-01
1.890594873959190458e-01
1.912450703390994045e-01
1.993578353278818160e-01
2.138464737811741345e-01
2.331340584016916850e-01
2.475101297393096367e-01
2.593750537489580843e-01
2.721290142387123856e-01
2.839369558725111098e-01
2.902666234772601217e-01
2.896596088491413812e-01
2.901069753696788323e-01
2.947478290722759242e-01
3.005258131162213964e-01
3.095276032325077198e-01
3.236542888721056221e-01
3.353909135231944449e-01
3.419842514912022069e-01
3.441622443952533916e-01
3.411961313422078312e-01
3.373425975259843890e-01
3.324877286231560647e-01
3.306051662982907868e-01
3.376507474713918988e-01
3.519878100428909251e-01
3.731848886598382320e-01
3.939812540760757043e-01
4.022264539615806878e-01
3.918866621540503248e-01
3.681400253498200437e-01
2.961642924282949507e-01
1.569929728571847760e-01
5.287306231310516524e-02
3.814949024330308719e-02
6.864900030680183562e-02
9.218464191743283576e-02
8.816405358058670982e-02
1.026921848928719627e-01
1.559393965318146003e-01
2.190420079028068956e-01
2.685126241092660737e-01
2.970877362335422878e-01
2.912300153594856167e-01
2.900129213903359648e-01
3.298510794833359183e-01
3.817269988689340754e-01
4.301552966810494594e-01
4.798702491688616734e-01
5.280926229768881930e-01
4.980534711306112694e-01
3.800898972133227582e-01
3.214714201231025914e-01
3.586048878351557057e-01
4.126269422771808304e-01
4.640954277760412916e-01
5.223858759938336815e-01
5.861379366938541668e-01
6.443896758057782170e-01
6.241117506033244666e-01
4.525811285971472753e-01
3.295129033821979081e-01
3.652395590121266244e-01
4.471990209914282199e-01
5.317583892847309590e-01
6.087793701254917700e-01
6.825261275770266867e-01
7.541339411116575464e-01
8.092373476825103218e-01
8.473755149887017835e-01
8.768692506028505917e-01
8.946226137257906608e-01
9.065434479168028581e-01
9.145519076484568410e-01
9.173514614422753066e-01
9.222225415882719934e-01
9.357827776447696921e-01
9.570927359746824736e-01
9.846684887131110786e-01
1.015735888198362247e+00
1.047474252614999823e+00
1.086316954362451126e+00
1.128355268607431183e+00
1.167497685456871714e+00
1.202889954700296027e+00
1.233677665966550041e+00
1.262396374461614235e+00
1.291114523953014182e+00
1.321818520775227102e+00
1.354702825741159744e+00
1.389313210507270524e+00
1.424415057393275896e+00
1.458157475160593464e+00
1.489094885326539774e+00
1.516704855708384425e+00
1.541472650373534536e+00
1.564802708720155477e+00
1.587382575507175542e+00
1.609443362001429678e+00
1.632028658547271638e+00
1.656126579314172398e+00
1.683059423794468490e+00
1.714128999227390260e+00
1.747345507625477135e+00
1.781128830163454690e+00
1.814003684880984180e+00
1.845262908463311202e+00
1.874716503880475171e+00
1.901518008050231412e+00
1.926511323660232033e+00
1.951117489579637709e+00
1.976621560817653167e+00
2.003753979865508850e+00
2.033979588526512838e+00
2.067196968283123493e+00
2.102300729883466168e+00
2.137581810586159037e+00
2.170214809716381144e+00
2.198712751294884526e+00
2.223974392401004252e+00
2.247354595984000447e+00
2.269514703035545367e+00
2.291775843166670601e+00
2.315820710004437455e+00
2.342372146020993195e+00
2.369686369872143761e+00
2.396426519916296627e+00
2.422775266813648631e+00
2.447303472084246145e+00
2.469141866473186120e+00
2.489076585326831736e+00
2.508194139429291702e+00
2.527334385604180778e+00
2.547084241725322329e+00
2.568975621165094037e+00
2.593517259088537585e+00
2.619302442536173725e+00
2.644305469676012876e+00
2.667025635432856312e+00
2.687023971377501042e+00
2.705166515955004236e+00
2.722528699430724064e+00
2.739120980380217674e+00
2.755233773564342403e+00
2.771232654826848663e+00
2.787695516736330426e+00
2.805701422706477821e+00
2.825528024664756277e+00
2.846477609916688412e+00
2.867258568878013225e+00
2.887035576064563624e+00
2.905037121813757395e+00
2.921284482134304028e+00
2.935611948229996049e+00
2.948107196368966232e+00
2.960208623912779391e+00
2.972643858166923447e+00
2.986250925145443436e+00
3.002113447191021578e+00
3.019653626028829585e+00
3.038228416972283963e+00
3.055746068911751934e+00
3.069755540553550599e+00
3.080605508920485125e+00
3.088993897125562604e+00
3.096000492060117626e+00
3.102600185056872295e+00
3.109771219336835646e+00
3.118894865954720430e+00
