-1.302104334150836072e-06
-6.820726370622454362e-06
-4.352610181730575265e-06
2.690780913592303626e-05
8.169021375900329470e-05
1.474138296041397722e-04
9.123735027679875757e-05
-5.124981828358877176e-04
-1.769516788729256010e-03
-3.213828212709782250e-03
-4.516455149903350098e-03
-5.578478493961565657e-03
-6.441032783537469462e-03
-7.252926093383626170e-03
-8.002892824599015104e-03
-8.642842053649102060e-03
-9.150899830431147991e-03
-9.534623708958760505e-03
-9.810695600653203743e-03
-9.996523291595673169e-03
-1.010554686912558051e-02
-1.015138412554897514e-02
-1.012383122167613385e-02
-1.003886629750510087e-02
-9.923919048917493116e-03
-9.781377200229635777e-03
-9.624860477616674348e-03
-9.509479487953552065e-03
-9.425406747029786009e-03
-9.343224827841235466e-03
-9.244924640091549059e-03
-9.114670177941916474e-03
-8.942345961396938603e-03
-8.862944191687229661e-03
-9.591678184129859980e-03
-1.182190849021188747e-02
-1.456573604189503705e-02
-1.724810455574818380e-02
-1.978875447566312562e-02
-2.208092483205472550e-02
-2.423547190056610234e-02
-2.636790672631585813e-02
-2.837321581263442874e-02
-3.011590595280518382e-02
-3.145836848951226450e-02
-3.237206334254966178e-02
-3.295450799405173770e-02
-3.345505135274242509e-02
-3.391988813067616654e-02
-3.428836402289239804e-02
-3.449046517260095923e-02
-3.451515627858576379e-02
-3.443971610685696294e-02
-3.461983319075966070e-02
-3.546173458965649200e-02
-3.646239547350511173e-02
-3.727381003061295411e-02
-3.781426470230951631e-02
-3.814857377279919776e-02
-3.830969872909292806e-02
-3.827406214194774281e-02
-3.805712411103393672e-02
-3.773795046497795125e-02
-3.752707555832494879e-02
-3.744919420718067354e-02
-3.731128301476809017e-02
-3.699408145640311479e-02
-3.647100184343774615e-02
-3.574837815354262038e-02
-3.484756588112594006e-02
-3.383928841229824624e-02
-3.283186862683971918e-02
-3.183194050577739520e-02
-3.079078601805496432e-02
-2.969546919674354371e-02
-2.857268266116291117e-02
-2.741945127500429458e-02
-2.620902221872906113e-02
-2.493819454048039688e-02
-2.366974470374504785e-02
-2.245007673901521991e-02
-2.122947486503575648e-02
-2.000764294529922688e-02
-1.882019965389954835e-02
-1.765047820913636864e-02
-1.645447828326788639e-02
-1.520568007677334209e-02
-1.386382551218489842e-02
-1.243087336615641102e-02
-1.093816167002591502e-02
-9.382254896041428149e-03
-7.766624093597883534e-03
-6.104493976528316442e-03
-4.438597130477502789e-03
-2.787023160982545454e-03
-1.129092197924246596e-03
5.503450546524373509e-04
2.258566897832747430e-03
4.023545393779540125e-03
5.856849601619660249e-03
7.728691633144558690e-03
9.616448575474062163e-03
1.149036459307030758e-02
1.333164750051523892e-02
1.514092362528733117e-02
1.691489331849890809e-02
1.869377068151858307e-02
2.052392484305093703e-02
2.244298409660383173e-02
2.447648947700429428e-02
2.658448566776057745e-02
2.867615612749024531e-02
3.065419770720884812e-02
3.238916843525496692e-02
3.350363473261341180e-02
3.385139260196328576e-02
3.388524775076402068e-02
3.398326539458192824e-02
3.426148884373275000e-02
3.458483362041030185e-02
3.490160102951259113e-02
3.542063431192097461e-02
3.627745811560395550e-02
3.745440816560573205e-02
3.884262955182964799e-02
4.030036072159356303e-02
4.168203970268540698e-02
4.317597200909585597e-02
4.493507336048108147e-02
4.696559044367242669e-02
4.925673781973400472e-02
5.181624008354401151e-02
5.447632163808088790e-02
5.665477238176174629e-02
5.823806632216306511e-02
5.979965749980410000e-02
6.163643153338884545e-02
6.375129270980975371e-02
6.616166937681312865e-02
6.890370417993278707e-02
7.198106245107983858e-02
7.520657336821333361e-02
7.788594799665102264e-02
7.953077678031020281e-02
8.099864995411089341e-02
8.281967485715782673e-02
8.510973860723186624e-02
8.783972656079037933e-02
9.097536177800184809e-02
9.450331557100237478e-02
9.837916205851227058e-02
1.024848275860066743e-01
1.067595186457546003e-01
1.111438296828674843e-01
1.155806833793067562e-01
1.200525834518124807e-01
1.245271948128282152e-01
1.289939410182098789e-01
1.334853571115986459e-01
1.380522875688268147e-01
1.427297545741253171e-01
1.475493632219029294e-01
1.525175940589568735e-01
1.576511672662115615e-01
1.629914591727846529e-01
1.685277422145795567e-01
1.742451007200986890e-01
1.801145341948181544e-01
1.861175307889682273e-01
1.922469438557858068e-01
1.985082634023148385e-01
2.049135117723873134e-01
2.114724687084222343e-01
2.181915657707141076e-01
2.250670305671820248e-01
2.320863058778839527e-01
2.392304845148338632e-01
2.464814127996265147e-01
2.538257392851498428e-01
2.612581156378513958e-01
2.687736700399518397e-01
2.763719660871427064e-01
2.840583044274622160e-01
2.918440729575859094e-01
2.997486401772633813e-01
3.077916703783823427e-01
3.159771574016805307e-01
3.243058785983981007e-01
3.327668848145022840e-01
3.413521694612676183e-01
3.500469235643821064e-01
3.588379291617325162e-01
3.677180212365658285e-01
3.766886852693961396e-01
3.857565100513281053e-01
3.949335592048643373e-01
4.042383528540493542e-01
4.136829075057619765e-01
4.232736790425837836e-01
4.330025688894557079e-01
4.428488219586151353e-01
4.527897460204775015e-01
4.628112377152233115e-01
4.729040119099355843e-01
4.830640373001096610e-01
4.932963618120250748e-01
5.036133929514945429e-01
5.140253763049204005e-01
5.245305122675257836e-01
5.351258450700515645e-01
5.458058502094991216e-01
5.565557538899216228e-01
5.673622542790538459e-01
5.782171194666891889e-01
5.891183211191464153e-01
6.000671681627097742e-01
6.110704646112983252e-01
6.221429140106484734e-01
6.332953769942457622e-01
6.445289692838538365e-01
6.558338875583308303e-01
6.671953776483272591e-01
6.785993421037188611e-01
6.900387958197194971e-01
7.015095388713966651e-01
7.130073015882716359e-01
7.245307371820295383e-01
7.360800576185928534e-01
7.476608880033530635e-01
7.592831138726819917e-01
7.709550944351908353e-01
7.826794700569617014e-01
7.944520115284511297e-01
8.062651670138143434e-01
8.181075779600460729e-01
8.299700446560710487e-01
8.418404865217300470e-01
8.537126990121889358e-01
8.655870648128274336e-01
8.774671875545974054e-01
8.893630181071658924e-01
9.012867038988363610e-01
9.132446722777808334e-01
9.252389348505390965e-01
9.372546739884126676e-01
9.492721372663744939e-01
9.612760313014444558e-01
9.732548150470837767e-01
9.852044587778722162e-01
9.971247984295931177e-01
1.009023463103538854e+00
