-2.154703158081539893e+00
-2.153804554720072151e+00
-2.155188260860312788e+00
-2.154440786877587222e+00
-2.153844031939855075e+00
-2.152604841159635907e+00
-2.155218840052915752e+00
-2.154511753279246378e+00
-2.153864044960076107e+00
-2.152837789873658370e+00
-2.151230060155745250e+00
-2.148754902945992917e+00
-2.146698566036249201e+00
-2.145535792486666704e+00
-2.143147085324896395e+00
-2.138734227889035111e+00
-2.131099282131191153e+00
-2.117857207690878596e+00
-2.092188841655628906e+00
-2.018405242040245184e+00
-1.358018696589712526e+00
-2.334653704530385454e+00
-2.231274622126450780e+00
-2.215737904060651520e+00
-2.210543516300372158e+00
-2.203132631146580422e+00
-2.217023785802295865e+00
-2.294247043936758601e+00
-2.385881167156660432e+00
-2.324019998331880554e+00
-2.252924006909221344e+00
-2.212982782693112771e+00
-2.196478350799758505e+00
-2.131469546770591084e+00
-2.151213029923030096e+00
-2.151933784160378060e+00
-2.150939841319119861e+00
-2.149604798815074602e+00
-2.147904505875836811e+00
-2.145943485215036972e+00
-2.144820533800329887e+00
-2.143656104957791353e+00
-2.141283643618850263e+00
-2.136337354608599526e+00
-2.124999280640112787e+00
-2.094737736200200207e+00
-2.065128920778410482e+00
-2.079948605749010859e+00
-2.078103718965211399e+00
-2.038739809627167165e+00
-1.696448460816968984e+00
-2.439924453031234286e+00
-4.001992414444123014e+00
-2.118736729940295049e+00
-2.133891559392674164e+00
-2.129978774469833080e+00
-2.117179344375400785e+00
-2.091415086676074786e+00
-2.044876135700435249e+00
-1.752572899051353605e+00
-2.387518605084659296e+00
-2.257890822326783287e+00
-2.284220770881582485e+00
-8.804607774848776103e-01
-1.822936488645960917e+00
-2.471140082641340552e+00
-2.240285432838100999e+00
-2.204480952822672979e+00
-2.190339843931046193e+00
-2.183660909703933228e+00
-2.182334100833238200e+00
-2.183315188481694147e+00
-2.182317910123848570e+00
-2.179658057968259843e+00
-2.177744711192942439e+00
-2.176411731086757673e+00
-2.174507401144349039e+00
-2.172189095508417545e+00
-2.170730794329594815e+00
-2.170678440113674501e+00
-2.170277792488057855e+00
-2.169036787719794024e+00
-2.168392565534990712e+00
-2.167970124181331393e+00
-2.166822466257104285e+00
-2.165273863343939009e+00
-2.163513375209736189e+00
-2.161808106421623688e+00
-2.160516028290956569e+00
-2.159396695603549965e+00
-2.158322799007105885e+00
-2.157322508728460431e+00
-2.156411541127049691e+00
-2.155548067327031081e+00
-2.154676939272323732e+00
-2.153819272759870174e+00
-2.152985147133575250e+00
-2.152206783349482677e+00
-2.151515436553121940e+00
-2.150802670031747965e+00
-2.150021588405778061e+00
-2.149165369538534875e+00
-2.148196942030177414e+00
-2.147212272368334673e+00
-2.146192016688015514e+00
-2.145299014642828794e+00
-2.144783235571353419e+00
-2.144542026372047605e+00
-2.144502450919851810e+00
-2.144345226641535263e+00
-2.143683831376232529e+00
-2.142290489924270069e+00
-2.140193981217480612e+00
-2.133475822620405804e+00
-2.076902741871105462e+00
-2.271713237505827543e+00
-2.294245575233373025e+00
-1.928351689033870109e+00
-2.073973313753822545e+00
-2.073155324061296323e+00
-2.095028744237156459e+00
-2.121440096838939748e+00
-2.131841395474435519e+00
-2.135455449198567113e+00
-2.136224226951054739e+00
-2.134113433418939554e+00
-2.132714258468019874e+00
-2.135160959754127674e+00
-2.137456334350094966e+00
-2.138764985816268727e+00
-2.139710295324500855e+00
-2.140301612751306148e+00
-2.137710076610668697e+00
-2.128021906430499488e+00
-2.120106676925990641e+00
-2.126178251626020810e+00
-2.131018377709172462e+00
-2.133716895263097157e+00
-2.135795230615329388e+00
-2.137380435546636370e+00
-2.138265024771736744e+00
-2.136178176230951742e+00
-2.123155573225232740e+00
-2.101642498459802333e+00
-2.113672144736885361e+00
-2.124975241177702756e+00
-2.130621632957367506e+00
-2.133537187371768340e+00
-2.135326110634943486e+00
-2.136503523029271712e+00
-2.136887872072309236e+00
-2.136736969559961175e+00
-2.136374982181731941e+00
-2.135735271606191699e+00
-2.135002500972163819e+00
-2.134214767861436268e+00
-2.133323201864861129e+00
-2.132560097597207882e+00
-2.132132557259188488e+00
-2.131964045089009385e+00
-2.131968070171202712e+00
-2.132022967466709495e+00
-2.132040743400255067e+00
-2.132218557514975465e+00
-2.132402820967500556e+00
-2.132442316310129371e+00
-2.132344776979843370e+00
-2.132117866500606418e+00
-2.131843319488545330e+00
-2.131577191400799709e+00
-2.131363870769098945e+00
-2.131197415486697277e+00
-2.131058945184908904e+00
-2.130914576107477032e+00
-2.130723970794332622e+00
-2.130462278770946405e+00
-2.130128192881117322e+00
-2.129740676335978300e+00
-2.129335945644074801e+00
-2.128928311671651308e+00
-2.128521720842281084e+00
-2.128138066301422437e+00
-2.127795898715323375e+00
-2.127519671916202171e+00
-2.127329661062407062e+00
-2.127168932289818848e+00
-2.127002198968154012e+00
-2.126799160836455815e+00
-2.126553074077737193e+00
-2.126265132584112205e+00
-2.125923594977641606e+00
-2.125552011017322940e+00
-2.125182829432243459e+00
-2.124841311271561839e+00
-2.124538669034202965e+00
-2.124300903750718117e+00
-2.124116533488504821e+00
-2.123956947064217005e+00
-2.123784703228345450e+00
-2.123546508161927804e+00
-2.123222682563794095e+00
-2.122841884876069063e+00
-2.122435821840451542e+00
-2.122018619755224655e+00
-2.121616665287167969e+00
-2.121261081000791471e+00
-2.120960205300062906e+00
-2.120671474171541337e+00
-2.120368026332619671e+00
-2.120055868671297805e+00
-2.119706854021189191e+00
-2.119308238257400223e+00
-2.118880524779890528e+00
-2.118447749150686121e+00
-2.118026096597887875e+00
-2.117625620844187040e+00
-2.117275687786952965e+00
-2.116980602034066461e+00
-2.116705688222585202e+00
-2.116408090932613284e+00
-2.116061072617846595e+00
-2.115661507792697904e+00
-2.115232715051278412e+00
-2.114798537908114007e+00
-2.114358200152111067e+00
-2.113917571509263293e+00
-2.113483221410306978e+00
-2.113066490871573944e+00
-2.112688379008604844e+00
-2.112350723468670477e+00
-2.112034801648551952e+00
-2.111711515141884377e+00
-2.111365127184231305e+00
-2.110981794649952281e+00
-2.110566364415910279e+00
-2.110117031201089954e+00
-2.109638499622080055e+00
-2.109163773661113073e+00
-2.108706993740521618e+00
-2.108284674279477855e+00
-2.107917431658850038e+00
-2.107586539387422242e+00
-2.107275459443732846e+00
-2.106935132019115198e+00
-2.106515129622211102e+00
-2.106031511642841636e+00
-2.105504347080545902e+00
-2.104960733313982146e+00
-2.104422153371888538e+00
-2.103909872523614055e+00
-2.103453199294677223e+00
