-3.276785184576235660e-02
-8.221089340387701533e-03
4.078998237892000195e-02
1.924780119881220122e-02
1.192873661425697222e-02
-4.826805427294934142e-02
-8.480239893737363532e-01
-1.101685541723661954e+00
-1.675160332659913487e-01
2.380345808996805479e-01
3.049587806951338242e-01
2.524047832499448085e-01
-8.665388965289141932e-02
2.489366331058784354e-03
7.710950143641272236e-02
1.073235395997414049e-01
9.444288450144695812e-02
7.319182054585129937e-02
5.040091145412827628e-02
4.920014032578957919e-02
2.008341317341839211e-02
6.831657347007684400e-02
4.671076665558872298e-02
-3.548395210134849820e-03
1.006306013284775230e-02
2.206398281686971358e-02
-1.015407980549451056e-01
-5.694671114277058410e-02
-7.263243934811026287e-03
1.016840083266472641e-02
3.070784730861218781e-02
5.189222290070026611e-02
3.075575006544964754e-02
-9.775463529629907500e-01
-2.775272477127015414e+00
-4.007244577823473319e-01
2.066342106450086424e-01
5.361144826262498331e-02
3.022979173830803168e-01
2.891615762380794763e-02
-2.360176535339874038e-01
3.415198295312449339e-03
1.631198153826008690e-01
4.001215176680722463e-01
4.129566303958668860e-01
3.425264266299208882e-01
-1.429984799412266083e-01
-1.160807274963763791e-01
2.978433253270615366e-03
1.340088025293000307e-01
1.484012608338963479e-01
1.166303360607462147e-01
-3.262486840881437811e-01
-1.362156761994913534e+00
-1.309044281165951951e-01
2.601672137323576273e-01
3.382771477819447870e-01
1.607483560335699613e-01
1.146028443299441368e-01
1.902237003481790645e-01
1.532097193123229117e-01
1.219643406528377050e-01
-2.818998458091298565e-01
-3.163874969038863449e-01
8.458751438555771329e-02
2.393088906578423325e-01
2.454155441358193135e-01
2.261470294859478092e-01
2.157849893747561532e-01
1.562342462271323618e-01
-5.448665357792292774e-02
-4.065517035562668524e-03
9.449225500624292007e-02
1.019995979835078281e-01
4.931100017453779460e-02
6.337034950240458264e-02
1.117513521268003185e-01
1.310776739664042678e-01
2.564558333704861082e-02
-8.288188549241846947e-02
6.641445611413684946e-02
8.047347808408070180e-02
6.654933316728062209e-03
3.167467845694635353e-02
9.497519983093941076e-02
1.008115181562312390e-01
1.718807021431633386e-01
1.624115709163242438e-01
1.105940115917827260e-01
1.308231049524028744e-01
1.132734187573969931e-01
1.149354702399998096e-01
3.789169251319327025e-02
1.800513736335479509e-02
7.520210633406956835e-02
1.241565288834659275e-01
1.213558122482247259e-01
1.552281309376699059e-01
1.755480986499237672e-01
1.273441930448474535e-01
9.549484012076447925e-02
5.418652991713912570e-02
2.193839394090404959e-02
3.968303052234925521e-02
1.118622361902321671e-02
7.490952206159937066e-02
1.283823139000534186e-01
1.685266218118629256e-01
2.378619228409640241e-01
1.721890037052893341e-01
3.473826106548011383e-02
-1.185482917486699594e-01
-1.586395226791605939e-01
-8.426460880445924007e-01
-1.199602669303069691e+00
-2.951698777126424145e-01
1.925429935883002652e-01
3.346006633770628458e-01
5.583137183311021046e-03
-1.585689605423872550e-01
2.462613087585912297e-01
4.319668761849478900e-01
3.722846730109864444e-01
2.010489530797394120e-01
7.254021254783860062e-02
-2.765346341485557802e-01
1.547416943942945822e-01
3.905653578010570559e-01
3.560553423950806318e-01
3.354037846120481170e-01
3.905867496703652741e-01
3.551904723385718166e-01
-7.688168390676308750e-01
-9.752453249138829383e-01
2.115651544648514959e-01
5.479820588156083527e-01
4.246643578912586703e-01
4.436644936752582313e-01
5.043457988405988246e-01
5.366755552102515647e-01
4.325547573376697930e-01
-6.669130717348761284e-01
-1.838071250665086476e+00
1.434700164547809131e-01
7.031262080141746917e-01
7.906987614464120462e-01
6.935326091082812949e-01
5.842646423900518249e-01
6.024155972183922181e-01
6.342814421894675814e-01
4.309071875758447856e-01
3.997029281057250527e-01
3.042122001590050751e-01
2.204104429929991671e-01
2.517283183459494422e-01
1.965089323122528597e-01
1.861854927723610720e-01
2.641135364820176301e-01
3.751841426914576116e-01
4.343734466879266565e-01
4.824117506029677038e-01
4.876554197022348047e-01
4.883522289529368399e-01
6.183402044210118964e-01
5.695783981852937661e-01
5.850229473812809111e-01
5.948295782880648197e-01
6.136176553213714691e-01
5.873068128622400685e-01
5.937367506581503473e-01
