-2.068264018563807389e-03
-4.254534133026003327e-03
-1.825963194581259851e-03
1.783656581528401171e-03
3.471076877408980129e-03
8.301267406972865324e-04
-5.543670940645650802e-02
-1.679857764885632210e-01
-2.274429404506034258e-01
-2.051782801015893665e-01
-1.579025762869546712e-01
-1.137696560457777117e-01
-9.724457814314602100e-02
-9.516350360968009459e-02
-8.361513005029114209e-02
-6.689947577835955728e-02
-5.057398117377458202e-02
-3.752312035322339506e-02
-2.806236108954641290e-02
-2.064646466927622798e-02
-1.568574502974862117e-02
-9.664682931422599599e-03
-2.774026852087843609e-03
-7.594321275614704901e-04
-8.203522002483568457e-04
6.388945445688039900e-04
-5.141519234048226757e-03
-1.454118661602258472e-02
-1.764174367789437398e-02
-1.666086025788139982e-02
-1.349200148370406291e-02
-8.081529114282292453e-03
-3.227461134104641499e-03
-6.354425608932566527e-02
-2.888791812070278242e-01
-4.476554683326926520e-01
-4.248170022770977328e-01
-3.797791420949266916e-01
-3.309997980376631066e-01
-2.893908048079892881e-01
-2.828481374145168648e-01
-2.764862443282560811e-01
-2.473290019153485397e-01
-1.965858505467334705e-01
-1.356816696659131349e-01
-8.303467865888361499e-02
-6.883710986694280276e-02
-8.094850894507693573e-02
-8.318331481378028747e-02
-7.039916210622756965e-02
-5.039260749079628454e-02
-3.307341850395044414e-02
-4.674741887897617548e-02
-1.493887209521569670e-01
-2.243104227764837755e-01
-2.007869819541959477e-01
-1.524298794443459115e-01
-1.145494288708742425e-01
-9.225434796952393379e-02
-6.941185072634759035e-02
-4.640403694893058262e-02
-2.912049914619644839e-02
-4.033221872223574644e-02
-7.531407349569667342e-02
-8.434677477126409362e-02
-6.071736425533667825e-02
-2.986481366735715612e-02
-2.157059754067137958e-03
2.180244088155918261e-02
3.968870102279335732e-02
3.968395218340750596e-02
3.119666284104578857e-02
3.237836303508893204e-02
3.944300278718035346e-02
4.310807455539512889e-02
4.449711647298736777e-02
4.964868115179082303e-02
5.835900009664731630e-02
6.088271874654532095e-02
5.055620836648689470e-02
4.442157233429276653e-02
4.794087373303850680e-02
4.735327750187258433e-02
4.432175519207881553e-02
4.692625829418838046e-02
5.325077328159707329e-02
6.395241331298567866e-02
7.725046907467514323e-02
8.581653028875102507e-02
9.219902863723480890e-02
9.817488530162019056e-02
1.028921307668516916e-01
1.025434052622180015e-01
9.674035243720188748e-02
9.391892900046346082e-02
9.761627311157049236e-02
1.036301577378669486e-01
1.112348503783971571e-01
1.214961558406428693e-01
1.291453948770556470e-01
1.316067296189599445e-01
1.295729289234068549e-01
1.234202363216397313e-01
1.171069435375005352e-01
1.104977894786933479e-01
1.068659455759790045e-01
1.104618474410809792e-01
1.193450845202707056e-01
1.342330500259410753e-01
1.477886062801352929e-01
1.480916252316674120e-01
1.311331711534543809e-01
1.044409618060058581e-01
3.435851200806541716e-02
-9.104675048998572828e-02
-1.699906500127253972e-01
-1.622186283164003262e-01
-1.190481589077792557e-01
-9.198108767403662123e-02
-9.556009362895950821e-02
-8.246976150243363890e-02
-3.618297650059876941e-02
1.322885702584893075e-02
4.489650818929246529e-02
5.664346918269482639e-02
3.838868740819043751e-02
2.934397948549218038e-02
5.980041652085882342e-02
9.895543988573610172e-02
1.320569046397471746e-01
1.651190641370089696e-01
1.966496577244187249e-01
1.530351516874294271e-01
3.728177339116528488e-02
-6.490078273393123931e-03
4.005654814504670119e-02
9.408586377598901485e-02
1.385379255148260214e-01
1.846644688558695957e-01
2.328848628606791649e-01
2.728785747195737743e-01
2.348685930269129862e-01
6.480818527506068683e-02
-3.264839417764194007e-02
2.234461999479771949e-02
1.098897961082491714e-01
1.897690186766556319e-01
2.515620274565154579e-01
3.039946681735220535e-01
3.557136083350594391e-01
3.927051259303239172e-01
4.138781107663022651e-01
4.259011626751133539e-01
4.266210514339446314e-01
4.247831605027043711e-01
4.215007755349909901e-01
4.149088373625177684e-01
4.133090475351696713e-01
4.233225672815938978e-01
4.426634226790958082e-01
4.670696513778735959e-01
4.928579164371138521e-01
5.172741875472230966e-01
5.483367160861709610e-01
5.814616314020963905e-01
6.106419536317805319e-01
6.393860761735731257e-01
6.679906378404103506e-01
6.941282293470885101e-01
7.175532202445434882e-01
