1.167257129449280999e-02
1.896094274245724992e-02
5.737773872739936054e-02
3.324131320490555930e-02
3.231876493452617849e-02
-3.427356003392406647e-02
-8.043877058685289239e-01
-1.006589807650905444e+00
-6.587072981328584431e-02
3.043100019832486458e-01
3.374145466466043630e-01
2.603620266272161921e-01
-8.039109435027477768e-02
1.090357325177120085e-02
8.534222379419298399e-02
1.192115911254851557e-01
9.869566002485646861e-02
8.240630453059427651e-02
6.465275719446283986e-02
5.873835973043216307e-02
3.482364850201277728e-02
7.796762246392749396e-02
5.468925366582389619e-02
1.537635284850390888e-02
3.163545114018997267e-02
3.776009702792945677e-02
-7.785020759072117102e-02
-2.818388614835272768e-02
2.173276823997065746e-02
4.250461826732374049e-02
6.277589129134977797e-02
7.958151925898354628e-02
5.603571959883613118e-02
-9.212043498120680018e-01
-2.605465614174026001e+00
-1.938811416234669238e-01
3.498545436396281461e-01
1.528922569856533409e-01
3.768348188304307400e-01
7.526049930538869503e-02
-1.786798701939867895e-01
5.551848923044411244e-02
2.010041042347187612e-01
4.196432900928618870e-01
4.227313789674065347e-01
3.401347479155227838e-01
-1.358453814188415598e-01
-8.209288243870606350e-02
4.637417694746914093e-02
1.862255177410591100e-01
1.936192362424578040e-01
1.557591597279257001e-01
-2.744602311328970257e-01
-1.248707560553011575e+00
8.633156450491286105e-03
3.726462436145604462e-01
4.187791517299806476e-01
2.419806695902857463e-01
1.715839374514838145e-01
2.439300927915976080e-01
2.133983632794913543e-01
1.682603242318932990e-01
-2.205515356878021138e-01
-2.245777936453128287e-01
1.554766667530516067e-01
2.868947786786502641e-01
2.998788567885624090e-01
2.813531811199116994e-01
2.607017965187275466e-01
1.606985154209221167e-01
-1.095468235020063963e-02
5.222452786628695165e-03
1.197688157120411490e-01
1.622242654713219601e-01
9.507544859737016019e-02
1.105750815774025897e-01
1.642277070303422015e-01
1.941915681734415755e-01
8.618372769431253966e-02
1.449945384041029239e-03
1.318564424883890140e-01
9.848682626034677146e-02
1.389318306338938047e-02
6.279679959454068094e-02
1.576738704192921503e-01
1.711958680133975619e-01
2.540831385998684189e-01
2.436256088404557540e-01
1.527225693593962097e-01
1.977776969689690745e-01
1.965532296495864362e-01
1.966486935996883956e-01
1.240996167464015199e-01
1.004894384060536772e-01
1.458615406264160419e-01
1.455806620714610866e-01
1.433145152598702121e-01
2.135343437918122977e-01
2.466324360509902225e-01
1.666738756810273170e-01
1.694035223921674937e-01
1.231591535317821395e-01
1.042176026562587898e-01
1.301536200003647337e-01
1.025434375973145462e-01
1.872893776123624732e-01
2.582293569850372950e-01
2.991531052365836718e-01
3.351511334929477282e-01
2.704954172339015805e-01
1.512879517288138742e-01
1.702950245868845025e-02
-2.195064345680081130e-02
-6.466389074838834183e-01
-9.703497714742109759e-01
-4.794985338743340542e-02
4.073484616079465215e-01
5.152511703065301152e-01
1.739577984316924286e-01
1.346410397496661249e-02
4.377150345684680532e-01
5.861605848746210823e-01
5.348221699760333792e-01
3.479281012033210163e-01
2.033280876699588013e-01
-1.476765129985105340e-01
3.270545418522452508e-01
5.404337501208746897e-01
4.871214478567271744e-01
4.636629308524388149e-01
5.022795065665101033e-01
4.362441021218269599e-01
-6.291317510876135444e-01
-8.233857848007494207e-01
3.898495208203227591e-01
6.931607957930134845e-01
5.383067211419475528e-01
5.643522870368327116e-01
6.042901044522368537e-01
6.129186558124745110e-01
5.137455643479451606e-01
-4.986960142499100579e-01
-1.684890120037509487e+00
3.368807080849651747e-01
8.792545060454453054e-01
8.637372731222159317e-01
7.227736926091474778e-01
6.978968686374554808e-01
6.708759009564193576e-01
6.021988074528006329e-01
3.999695651042650679e-01
3.967026562688532598e-01
3.739660181935614558e-01
3.185245525682539602e-01
3.472264068633109657e-01
3.130316161524908658e-01
3.181829051003522979e-01
3.604429392061906379e-01
4.340200963142066826e-01
4.513288003354569700e-01
5.072303120644985341e-01
5.051921615542395161e-01
5.261623283832903564e-01
6.015251991079850757e-01
5.644059232691975847e-01
5.424491663930508523e-01
5.496431974567375089e-01
5.675239924034032324e-01
5.547709860915082114e-01
5.646493556914311540e-01
