-2.189684429470022842e+00
-2.186402411536436219e+00
-2.183606131414339568e+00
-2.180275584922207521e+00
-2.176492726534601019e+00
-2.170217963980679787e+00
-2.225370822975234031e+00
-2.193738985054875190e+00
-2.187105765693177162e+00
-2.179193680759772711e+00
-2.166420394627541324e+00
-2.143657929175061483e+00
-2.122158183102791362e+00
-2.111125242385508471e+00
-2.081685968422372301e+00
-1.996263139507280737e+00
-1.527985061771099939e+00
-2.875331837707218341e+00
-2.436632180332410691e+00
-2.346677444808492385e+00
-2.308688031885926417e+00
-2.281467568655249689e+00
-2.261425594728085908e+00
-2.249346684762496107e+00
-2.239462138080130504e+00
-2.229934931545907162e+00
-2.224718349200963896e+00
-2.221330076024265132e+00
-2.214915247439788626e+00
-2.206888870858714657e+00
-2.198922054440950014e+00
-2.191698407217692601e+00
-2.185232711565034514e+00
-2.155259380420223803e+00
-2.194922121449698782e+00
-2.187852927864349262e+00
-2.180570609671366178e+00
-2.171753324903934690e+00
-2.160171646230031328e+00
-2.145748198645785365e+00
-2.136360091843088060e+00
-2.126251481685239586e+00
-2.104674101470462411e+00
-2.046053297098940238e+00
-1.678065870280670779e+00
-2.621431866146060052e+00
-2.445869925571549697e+00
-2.468722394013299404e+00
-2.439595962645704219e+00
-2.363063155892233702e+00
-2.307820813152548389e+00
-2.277883582778865712e+00
-2.274991569384124279e+00
-2.612777278465483466e+00
-2.000354521118944184e+00
-1.718844948538340578e+00
-2.458992858592852659e+00
-2.298532854995921415e+00
-2.262108380124206342e+00
-2.240969050795427187e+00
-2.225715661480983432e+00
-2.214921826355802370e+00
-2.208278220157247063e+00
-2.203446798751973912e+00
-2.196983606735592787e+00
-2.190015694762403875e+00
-2.184028946496397783e+00
-2.178759119630315766e+00
-2.173789642922725474e+00
-2.168379548556978342e+00
-2.161708969964311944e+00
-2.153859363974504948e+00
-2.146641990414454693e+00
-2.141364170148764678e+00
-2.136057874040202531e+00
-2.130184934004569097e+00
-2.125342404280354369e+00
-2.121856168227697292e+00
-2.117357946532240298e+00
-2.110453256002618794e+00
-2.104262240575181853e+00
-2.098351679899176148e+00
-2.089375604344547721e+00
-2.079853285535925966e+00
-2.074620700464991252e+00
-2.072748991412335595e+00
-2.073482693029325308e+00
-2.075349447314335904e+00
-2.073973764722501834e+00
-2.071465627920797026e+00
-2.070121130948105126e+00
-2.068664864221307909e+00
-2.065632688257264871e+00
-2.060721441915637886e+00
-2.055758991077607511e+00
-2.050339166022104198e+00
-2.044050006606224379e+00
-2.040043005108705287e+00
-2.039054335196694989e+00
-2.036569946036540735e+00
-2.032744299676854549e+00
-2.028367238933757033e+00
-2.022717235782920397e+00
-2.017518606949225468e+00
-2.012287276339565611e+00
-2.008912409024829593e+00
-2.009667386113754617e+00
-2.012761535552255232e+00
-2.016117537109838764e+00
-2.017715620022526579e+00
-2.015922277684307318e+00
-2.009855401475510561e+00
-2.000401679655840592e+00
-1.975968652594599195e+00
-1.917224917104623838e+00
-1.862712785518735314e+00
-1.871885791808309385e+00
-1.904916016318078720e+00
-1.923205561324119017e+00
-1.923682512197140371e+00
-1.933543008354355663e+00
-1.955838408557424302e+00
-1.974782191209657478e+00
-1.985083672443612723e+00
-1.987095831974988069e+00
-1.978939909412132270e+00
-1.973573139162137391e+00
-1.979891763389891590e+00
-1.987034964972396622e+00
-1.991745275047206665e+00
-1.995510231009170798e+00
-1.997408920898599671e+00
-1.983465781745952672e+00
-1.947532887736378004e+00
-1.925962683220580063e+00
-1.935361082459761572e+00
-1.946381479799792924e+00
-1.954437220932979224e+00
-1.962381861175197528e+00
-1.969211908503733621e+00
-1.973433002633581790e+00
-1.962714838324642219e+00
-1.913025674135456544e+00
-1.867928366280190433e+00
-1.883140539714492245e+00
-1.907130208187684639e+00
-1.923203528750803581e+00
-1.935532666512145727e+00
-1.945582345236276822e+00
-1.950694478789751329e+00
-1.950067586677909581e+00
-1.946691283986216048e+00
-1.943691847271324047e+00
-1.940418087182356199e+00
-1.936758072898491889e+00
-1.932935677859875634e+00
-1.929016881089969715e+00
-1.925314331909768750e+00
-1.922228712555891006e+00
-1.919398909939809883e+00
-1.917350167245549075e+00
-1.916096498622828603e+00
-1.915337547460219003e+00
-1.915339176627131712e+00
-1.915193193667943827e+00
-1.913861697846090948e+00
-1.911786759513367739e+00
-1.909892792751481938e+00
-1.908110371723627186e+00
-1.906395690690451561e+00
