-6.719487746814793499e-04
-8.878744705119513171e-04
2.785635689335301795e-03
7.663869551691722057e-03
1.090653396508144482e-02
9.594810246655743197e-03
-4.765621850612178356e-02
-1.683061112102002266e-01
-2.414959241407849400e-01
-2.300805457013087030e-01
-1.874094857146133553e-01
-1.426589181630841252e-01
-1.228811213218998222e-01
-1.179761016795967676e-01
-1.036450366267118867e-01
-8.323616152448826133e-02
-6.250360912947644509e-02
-4.472336985881982668e-02
-3.031690063378246480e-02
-1.835141089922888435e-02
-9.317102625633604668e-03
2.336692051990111457e-04
1.028635295547407520e-02
1.536401296030185867e-02
1.803161158879509202e-02
2.159739957814755043e-02
1.737251830998633867e-02
8.590127209023402238e-03
5.616839369884432318e-03
6.972215170845514308e-03
1.101549271985185520e-02
1.769305086864355822e-02
2.410552999066521707e-02
-3.655951498464145299e-02
-2.734254307573557585e-01
-4.596887341047581899e-01
-4.606143426251950723e-01
-4.293410868551646997e-01
-3.863992539872336263e-01
-3.443971352931334273e-01
-3.351628648895804141e-01
-3.261953378774341550e-01
-2.933225110967493943e-01
-2.362352008214892995e-01
-1.651317626522205151e-01
-9.957061324012900227e-02
-7.248364261530670927e-02
-7.493532835121004265e-02
-6.998806504132677742e-02
-5.054132378614396848e-02
-2.328544183427989564e-02
1.412786671289481544e-03
-6.011028542268308239e-03
-1.079479539836374347e-01
-1.907805200018026781e-01
-1.733769386788635014e-01
-1.254355886078251103e-01
-8.280896101259260789e-02
-5.395650198944809683e-02
-2.431793037558597700e-02
6.606877406317539225e-03
3.183895529137239361e-02
2.712966589144241714e-02
-4.633500541001207840e-03
-1.341499755770674158e-02
1.064481416960625683e-02
4.464378474090259508e-02
7.817732544703584474e-02
1.090504238189706487e-01
1.326872724816806626e-01
1.374828321718933877e-01
1.312779685974052590e-01
1.327000317476841329e-01
1.415390198292811319e-01
1.476539667335050043e-01
1.507668551114536015e-01
1.577325466950501853e-01
1.691651325807745632e-01
1.748482926566946871e-01
1.673158730068091127e-01
1.626196205264367201e-01
1.654641878287367862e-01
1.625237928012482069e-01
1.571203692083476544e-01
1.591288941287923586e-01
1.668035484011106684e-01
1.804403679393804805e-01
1.982335431321511909e-01
2.106519789492362071e-01
2.204588440931747884e-01
2.310420996040751518e-01
2.406207194600542276e-01
2.447845493555116103e-01
2.424069810305325146e-01
2.415196991692486195e-01
2.449816952017074279e-01
2.495770878991994401e-01
2.573309806660448729e-01
2.699278137559190105e-01
2.798316130872574581e-01
2.846063687203497228e-01
2.851566600338444890e-01
2.809488264568589244e-01
2.762935077934185468e-01
2.709639572189986301e-01
2.688787089183575785e-01
2.755933718614914096e-01
2.891263166584018274e-01
3.088538357776781096e-01
3.274724532958540046e-01
3.333384378931716352e-01
3.212097929329377211e-01
2.969078828744181053e-01
2.263983569651030203e-01
9.333481869434626099e-02
-5.291773438696745213e-05
-4.277009004923868624e-03
3.353483182594960144e-02
6.109124008349292589e-02
5.973319073824305547e-02
7.627595187741556537e-02
1.293205220349197548e-01
1.894653874307860031e-01
2.340530931664742964e-01
2.571719630378145882e-01
2.465798855650241372e-01
2.423196262200133511e-01
2.788086920764669685e-01
3.258810570070615475e-01
3.683614096640925317e-01
4.113320634353089256e-01
4.521313775650629974e-01
4.155810120208066616e-01
2.965570853443751931e-01
2.417831357226448707e-01
2.817572956119067107e-01
3.355334720215145117e-01
3.844186113923165893e-01
4.381958791109123452e-01
4.956693728919361885e-01
5.462727874365280734e-01
5.188893657888917765e-01
3.463948040794514460e-01
2.308151196398243177e-01
2.733101135413537608e-01
3.573140305300007702e-01
4.394466274479389978e-01
5.108966495311779710e-01
5.769528112718664836e-01
6.393545709555271683e-01
6.844606396406446303e-01
7.129477552546962249e-01
7.335189492234107655e-01
7.433726605296475665e-01
7.486145104028741892e-01
7.509965320635788588e-01
7.492238561887096804e-01
7.503933087659470091e-01
7.606339717711898540e-01
7.784953315353912995e-01
8.022365054026573405e-01
8.289157128848332334e-01
8.557901855060819907e-01
8.892580261675422371e-01
9.251903064049242786e-01
9.577574853870554072e-01
9.863293762736734527e-01
1.010337169411417158e+00
1.032443233507566172e+00
1.054720721262728533e+00
1.079056985096089605e+00
1.105520235206576496e+00
1.133579668383202232e+00
1.161970331952575375e+00
1.188902123433889679e+00
1.213046538548732123e+00
1.234020940530129895e+00
1.252409690236691686e+00
1.269652962432684884e+00
1.286401346652275235e+00
1.302855466299670972e+00
1.319999207632805316e+00
1.338729128860927986e+00
1.360248408637346973e+00
1.385703372875298989e+00
1.412986739728154584e+00
1.440556772550264153e+00
1.466992094734679286e+00
1.491721562312009031e+00
1.514632884875567242e+00
1.534995279766121268e+00
1.553725667031056190e+00
1.572251002266851660e+00
1.591790780374626069e+00
1.612985127260968987e+00
1.637185208479275289e+00
1.664151953692541097e+00
1.692729699172640379e+00
1.721216365606583309e+00
1.746911425181280730e+00
1.768524166983464596e+00
1.787115647460392642e+00
1.804093527727840485e+00
1.820121430146188102e+00
1.836479384220599309e+00
1.854744994615916909e+00
1.875502695606069636e+00
1.896923934942770229e+00
1.917705637991907741e+00
1.938063510623084795e+00
1.956615980583216174e+00
1.972605128717181078e+00
1.986887845512677719e+00
2.000563158565104693e+00
2.014430507148908589e+00
2.029019738573605736e+00
2.045774039953057954e+00
2.065071353117018393e+00
2.085439152576533672e+00
2.104881603336786533e+00
2.122008964633209871e+00
2.136505534971984144e+00
2.149324398084660359e+00
2.161548987832948576e+00
2.173174751730138521e+00
2.184481529475086337e+00
2.195803200664571353e+00
2.207681156012196055e+00
2.221122240994010344e+00
2.236315480993318339e+00
2.252509368500485110e+00
2.268418530177722214e+00
2.283267778927749347e+00
2.296357960626244754e+00
2.307795707740118107e+00
2.317462525298167542e+00
2.325505834256288651e+00
2.333360247210875649e+00
2.341697984146134282e+00
2.351289194186556575e+00
2.363114086338828024e+00
2.376500172711855097e+00
2.390779387376224641e+00
2.403877789530706188e+00
2.413495732369169033e+00
2.420133864159826231e+00
2.424568820623073329e+00
2.427909836641048535e+00
2.431093408981974235e+00
2.435037932705388375e+00
2.441015589566913668e+00
