-3.883273012056573845e-06
-2.240046719307404506e-05
-4.036122617504906237e-05
-3.712101116689863595e-05
-2.112828154103401141e-05
-6.167637760782343140e-06
-1.133259866286638628e-04
-7.080022588145137678e-04
-1.802436092524519222e-03
-2.910924577424710107e-03
-3.771385261755564201e-03
-4.362017230752046094e-03
-4.775912271317054106e-03
-5.174732126913524424e-03
-5.541403068340741353e-03
-5.833503739378968073e-03
-6.040084232304158800e-03
-6.175135490410608823e-03
-6.258405676456041226e-03
-6.305978966505127077e-03
-6.326214390231858255e-03
-6.327609961025518377e-03
-6.295354807939511702e-03
-6.243209762983045231e-03
-6.194542306653802975e-03
-6.145181807906229324e-03
-6.102697855893590186e-03
-6.112717110890551232e-03
-6.154624376590177477e-03
-6.197064529613631988e-03
-6.226019010725236842e-03
-6.230652388992615615e-03
-6.205669227156509343e-03
-6.281341569237063917e-03
-7.094969951157621864e-03
-9.142112769727367763e-03
-1.134327739766820969e-02
-1.323302834549647602e-02
-1.484656559722941256e-02
-1.616531139526380251e-02
-1.735481059269871826e-02
-1.854078811354316694e-02
-1.962285817112783062e-02
-2.049268148375898296e-02
-2.105589962874768878e-02
-2.132819441485953385e-02
-2.142718013314130754e-02
-2.158051411614578946e-02
-2.179353816637862387e-02
-2.198481247434696736e-02
-2.208543652473251434e-02
-2.209055799418011001e-02
-2.207502808576111003e-02
-2.235594366961737162e-02
-2.323623113329126647e-02
-2.415931559884532814e-02
-2.483480374065584473e-02
-2.525123498611154052e-02
-2.551793858312917038e-02
-2.567952227526273251e-02
-2.572232931732321495e-02
-2.567088464853438737e-02
-2.559845389986103309e-02
-2.568567898408608691e-02
-2.591448646689495719e-02
-2.607837207140487057e-02
-2.608230136481559658e-02
-2.593234511647220242e-02
-2.565563577944686424e-02
-2.527893882369468964e-02
-2.486339585457554915e-02
-2.450121007880382701e-02
-2.416898851731162298e-02
-2.381347414737947435e-02
-2.343097100699320992e-02
-2.304475227461374662e-02
-2.264771164280095228e-02
-2.221623881118277299e-02
-2.175393975762500778e-02
-2.132070512053178130e-02
-2.095104886851717821e-02
-2.058058306351035274e-02
-2.019877534642295844e-02
-1.983511994385838209e-02
-1.947603801173481558e-02
-1.909091256415668472e-02
-1.866653741609091560e-02
-1.817774308666391878e-02
-1.763591618040194139e-02
-1.706769369829791091e-02
-1.647334732776185862e-02
-1.586057580295589797e-02
-1.524073546997972185e-02
-1.464932015500954032e-02
-1.409101595338222920e-02
-1.353281248016467361e-02
-1.294887187194990012e-02
-1.233537253091248308e-02
-1.167922388530338342e-02
-1.097929220860852616e-02
-1.026318422478131320e-02
-9.555171888433470345e-03
-8.878054414764174201e-03
-8.243128850342468922e-03
-7.643794512670544668e-03
-7.079162422416416037e-03
-6.514388642684806711e-03
-5.916663419841910326e-03
-5.260349734493131348e-03
-4.527160117162380183e-03
-3.764591449404918518e-03
-3.058864530469791038e-03
-2.485355618448727849e-03
-2.139694485271803354e-03
-2.335700732306325838e-03
-3.118353608784149751e-03
-4.005767001373373992e-03
-4.685109303850633691e-03
-5.124846502132384893e-03
-5.508243199304943549e-03
-5.896265380366010750e-03
-6.106138492747331323e-03
-6.049437265436018174e-03
-5.786823600792017665e-03
-5.434897961230719318e-03
-5.112525166120721054e-03
-4.922901606612589513e-03
-4.664419198488616546e-03
-4.207460313578371275e-03
-3.571767940368499213e-03
-2.782892389227990902e-03
-1.838728560047661869e-03
-8.980899428564998246e-04
-4.691666570283883745e-04
-5.365495182957707651e-04
-5.069096216990087288e-04
-1.594219151824600111e-04
4.410712960972453206e-04
1.266607189193638509e-03
2.323389668001417559e-03
3.593784058467202475e-03
4.883938471509798214e-03
5.574114036221136138e-03
5.372010765736940849e-03
5.201471555161371781e-03
5.482689997670640338e-03
6.227979336862497772e-03
7.330557930668913161e-03
8.695380789627319210e-03
1.029759062473083533e-02
1.210602974470216531e-02
1.401368837535804657e-02
1.597181895216048808e-02
1.792617005596288879e-02
1.984062376725931678e-02
2.172261273464668255e-02
2.355574901045408287e-02
2.534657325774058653e-02
2.714619269691254111e-02
2.901506794502789130e-02
3.098550526557006246e-02
3.307179140888884261e-02
3.526725414311422668e-02
3.757624229070462979e-02
4.003726429156456018e-02
4.262668829907172163e-02
4.533499445439954229e-02
4.815868577747276641e-02
5.109273892765706093e-02
5.411797284503529204e-02
