-1.060175038910219324e-02
5.768563040327161738e-03
5.204765275645080458e-02
3.144602553013912255e-02
2.799351170970652142e-02
-3.785392819362909389e-02
-8.607394127772521886e-01
-1.151926660877280906e+00
-2.259894951058269985e-01
2.027310657118312209e-01
2.970847027621179581e-01
2.624982101927598732e-01
-7.303683659167564679e-02
1.257179324728736197e-02
9.015554268269773686e-02
1.283541939972981383e-01
1.163577084106003912e-01
9.950981039088935276e-02
7.911904380956311100e-02
7.457304624257592163e-02
4.604278361441524470e-02
9.132507707361495197e-02
6.909198344748572473e-02
2.178070696651255786e-02
3.409296128905126011e-02
4.212679536680905001e-02
-8.311514611653218754e-02
-4.197048929418979724e-02
7.380629659572930656e-03
2.874243504081433823e-02
5.233323894240505397e-02
7.508872837616585583e-02
5.504752554721153296e-02
-9.799071161222915327e-01
-2.859749538587165407e+00
-5.197832432591356078e-01
1.252392815496745360e-01
1.161499272311937447e-02
2.958507369533029951e-01
3.792085975946421494e-02
-2.215994601581052770e-01
1.667259809295597306e-02
1.849788323733521644e-01
4.389594681625855199e-01
4.735300619703822766e-01
4.126905105999753021e-01
-8.060196426325520747e-02
-6.378763026155306881e-02
5.013790647057318750e-02
1.887997736076950095e-01
2.070677917070075091e-01
1.762111445803730136e-01
-2.777496986432427262e-01
-1.353489972628494131e+00
-1.391340789814978773e-01
2.763057155345841620e-01
3.808474775399923740e-01
2.282378861233134715e-01
1.786575175836942198e-01
2.598257301759538951e-01
2.322133258842103420e-01
1.954271444109172140e-01
-2.185653743427040663e-01
-2.645637826221728384e-01
1.232287119572647444e-01
2.836473448325868008e-01
3.107983735132447412e-01
3.039811245469375978e-01
2.956013237955809059e-01
2.163493103595099665e-01
1.440716452166162370e-02
3.476594013375406550e-02
1.376866253832411124e-01
1.651829151269703644e-01
1.053539766265806643e-01
1.186340013462817977e-01
1.713067422751811120e-01
2.000301207380208446e-01
9.239434022923406764e-02
-1.264075986614968117e-02
1.239285353138585011e-01
1.156943003384597601e-01
3.323442260253117730e-02
6.685541695672880813e-02
1.486873922670095827e-01
1.637137583573732569e-01
2.483174287933478941e-01
2.460211264719463498e-01
1.762408860653216502e-01
2.088475052398002796e-01
2.003733457342447011e-01
2.016275489556083600e-01
1.238028596256869757e-01
9.628367824833025668e-02
1.447231209033019717e-01
1.692439520344288240e-01
1.671498630654369433e-01
2.219474248517204762e-01
2.538620872783060589e-01
1.913318495414368658e-01
1.750413309658477301e-01
1.277200050269710341e-01
9.697310174610462852e-02
1.152988536427827365e-01
8.426049289265179210e-02
1.587799100826939036e-01
2.267048912957126405e-01
2.752990077949963310e-01
3.370399494296243414e-01
2.770005458602353143e-01
1.445557665858713814e-01
-1.264424091265017869e-02
-6.837443645064328335e-02
-7.636939214779067120e-01
-1.169845731551058643e+00
-2.747108345625411951e-01
2.357376273419273249e-01
4.098554132641842318e-01
9.923415706208880971e-02
-6.416464439554875332e-02
3.623325581486208646e-01
5.592505305229803492e-01
5.281226552478421876e-01
3.565475471522091544e-01
2.128224985750182818e-01
-1.625905020621065122e-01
2.802977318667032591e-01
5.230303306507733119e-01
4.974355898169758872e-01
4.856940632172942474e-01
5.408996004009248848e-01
4.949128265181476083e-01
-6.457999538202282563e-01
-9.249559469409945889e-01
2.645645816035129272e-01
6.320276220495892883e-01
5.313676563862286262e-01
5.773245024881953347e-01
6.470591196002443146e-01
6.834771192889332880e-01
5.891217092922474974e-01
-5.106173838327063841e-01
-1.807954329982768726e+00
1.560824967354827453e-01
7.732375579442598568e-01
8.760513927905594356e-01
7.995697664456473674e-01
7.561858344335662396e-01
7.661025575986178948e-01
7.554618689233232320e-01
5.481586994178722083e-01
5.197199675995394230e-01
4.539265997248089768e-01
3.703435563100624384e-01
3.896357086470548792e-01
3.372598301545703947e-01
3.252792567633471243e-01
3.837545196567750394e-01
4.751199359946277068e-01
5.188982450667525281e-01
5.837728470712735263e-01
5.878447738731793493e-01
6.069780675273235282e-01
7.145130232593602804e-01
6.817851662290631554e-01
6.873243765060059740e-01
6.468049562076676473e-01
6.367769313321118840e-01
6.377587764189801556e-01
6.595720892219645304e-01
6.917338346599699594e-01
7.165219896160731627e-01
7.409275170940248234e-01
7.468625991549163734e-01
7.417160339907776789e-01
7.247859392534792278e-01
7.105280043976076598e-01
7.005383714846685761e-01
7.070495744856652998e-01
7.073721111210294898e-01
7.155361857263190517e-01
7.313936468581601069e-01
7.544711550895224494e-01
7.908104578933685680e-01
8.350438182792592201e-01
8.417496975310877483e-01
8.599707375618877991e-01
8.459845546490494250e-01
8.518282968044541548e-01
8.368264769382260937e-01
8.278926707544194130e-01
8.258994030913318074e-01
8.385451352839903283e-01
8.564922569628301563e-01
8.800216581411999250e-01
9.207198410337940064e-01
9.440819813837657559e-01
9.671006920018556663e-01
9.650817659559346451e-01
9.435562661202596679e-01
9.177396914305397946e-01
9.096680749197431082e-01
9.051368614023391768e-01
9.061141134568789779e-01
9.210050762103227928e-01
9.478153254731673805e-01
9.739387828579670892e-01
9.734288943997666532e-01
9.771504015232939100e-01
9.801291415790516215e-01
9.617153890170098141e-01
9.495072194839302426e-01
9.432107518494913245e-01
9.473091872649783696e-01
9.536982033640870604e-01
9.661001742493566802e-01
9.960250381387827368e-01
1.017327598758168028e+00
1.025060252344598855e+00
1.014651847166389231e+00
9.984570450415670706e-01
9.810604998409704347e-01
9.778406856731955976e-01
9.773189641666762961e-01
9.734417558370764834e-01
9.762524056935004690e-01
9.777096099838398224e-01
9.886808960770134824e-01
1.007076010760337592e+00
1.022681875525024875e+00
1.030235093844917627e+00
1.025715803524665848e+00
1.019972675191667566e+00
1.003714484455602296e+00
9.974768943366830731e-01
9.789517729176029359e-01
9.724203286525132661e-01
9.761392525859675651e-01
9.805998938113843488e-01
9.965497373305620687e-01
1.018197039713790275e+00
1.025567393971603236e+00
1.036632011457238045e+00
1.012505348231875102e+00
9.835454457917818250e-01
9.645783746985830964e-01
9.464789161763387249e-01
9.431192293361084777e-01
9.398568474912334381e-01
9.504095414035742539e-01
9.686478840096985898e-01
