-3.240789018213862532e-02
-7.600520766227639863e-03
4.084094909291049319e-02
1.872461480013979176e-02
1.127841256833989753e-02
-4.828438049161393880e-02
-8.383034390281347559e-01
-1.075583887382274950e+00
-1.381847598298805435e-01
2.572082878738589651e-01
3.130953521826050912e-01
2.530750068080455106e-01
-8.688924941802132762e-02
3.576704089445659207e-03
7.750089536291701608e-02
1.062556317722461868e-01
9.224508644005054159e-02
7.054599362830722697e-02
4.785771629686316059e-02
4.691136575974631101e-02
1.827443952430455459e-02
6.653577790975376272e-02
4.475021708093662731e-02
-4.912245270086846097e-03
9.374066696686998365e-03
2.157307170734624330e-02
-1.006527322840681249e-01
-5.454336345314819701e-02
-4.752469443343721595e-03
1.214014753150183777e-02
3.194215268539647712e-02
5.221552582317599833e-02
3.050369267029138381e-02
-9.669389457894289608e-01
-2.728757190157536261e+00
-3.400572664817252955e-01
2.500866622464023581e-01
8.203739360356160359e-02
3.192468286635800068e-01
3.898903275491466536e-02
-2.253164421143623586e-01
1.423678524181076765e-02
1.702320674427922897e-01
4.007368866718286626e-01
4.069335263441730688e-01
3.325806222129525924e-01
-1.497635134034838722e-01
-1.168541243739002755e-01
4.704503974818745327e-03
1.349481870091966684e-01
1.474929469654149283e-01
1.146573711025808961e-01
-3.238445808726015396e-01
-1.341579032374598635e+00
-1.024378378380207677e-01
2.792067484935354393e-01
3.467554987810039790e-01
1.633405841970643202e-01
1.152172996676855826e-01
1.890324249176217331e-01
1.505037820022817052e-01
1.188434752700191083e-01
-2.806459765512533400e-01
-3.083104127531786087e-01
9.321860603544125656e-02
2.431750064647520693e-01
2.446314422780693776e-01
2.223254730006858915e-01
2.101259464041423386e-01
1.500067060339561609e-01
-5.833614156458941102e-02
-5.079147628706690010e-03
9.385812564264342517e-02
1.006619405535136291e-01
4.797805450850542441e-02
6.231152239705015083e-02
1.101981277212294580e-01
1.285275259857086572e-01
2.337297633203350156e-02
-8.289537236817867694e-02
6.721669349110041825e-02
8.037226502561518882e-02
6.610502024073011684e-03
3.201459859514639572e-02
9.464999466062749833e-02
9.940413675321828346e-02
1.688814398181702481e-01
1.577853192513891667e-01
1.054689959171226654e-01
1.255389446062258607e-01
1.078532216432559754e-01
1.095106632563075111e-01
3.325113002307625298e-02
1.474355863938234257e-02
7.239241441385524389e-02
1.205959891327993694e-01
1.168623561435239988e-01
1.497173820181310622e-01
1.687889756920479822e-01
1.200426225302809735e-01
8.854119732212473171e-02
4.815198684262445017e-02
1.720028633698858500e-02
3.587934629001390818e-02
8.153097015223098598e-03
7.192755546422813229e-02
1.242784741554258110e-01
1.627317939227049259e-01
2.297737408317082064e-01
1.626151569865623425e-01
2.617537561078792097e-02
-1.236007020424255698e-01
-1.595656588695134326e-01
-8.329060560127399260e-01
-1.172709691374396845e+00
-2.632922719796695898e-01
2.148320393796437910e-01
3.447281012556295265e-01
9.883911859917465792e-03
-1.535637350206700003e-01
2.487399557756539425e-01
4.271942271095634514e-01
3.615930373996155134e-01
1.886550710792080643e-01
6.179723123220808023e-02
-2.812811134476022601e-01
1.523197110351186545e-01
3.833873964232499265e-01
3.439374137197845904e-01
3.203758951195801452e-01
3.730598897523561552e-01
3.357700618920895774e-01
-7.769869017343774553e-01
-9.638245731171466435e-01
2.251328953377905173e-01
5.491452529273171956e-01
4.158518258845642079e-01
4.288763253117570118e-01
4.845775020326726912e-01
5.125260747012347906e-01
4.061506936295909975e-01
-6.820230029344149791e-01
-1.823209214998670058e+00
1.671781816278609945e-01
7.097340032288211864e-01
7.799326922157867603e-01
6.712080343820709949e-01
5.559949226061629002e-01
5.706881261908252068e-01
5.995173461823348759e-01
3.958434944201454364e-01
3.663453472648452447e-01
2.731571097418243332e-01
1.925089004982223351e-01
2.262164144331840210e-01
1.728405353609064332e-01
1.642582334153352974e-01
2.425133185274636616e-01
3.518264950112576228e-01
4.081154660064946760e-01
4.530314150494835213e-01
4.555513107677912066e-01
4.542011418486159302e-01
5.812117315741592849e-01
5.296706668682793495e-01
5.432970316146654710e-01
5.514384893900040607e-01
5.686093001937814195e-01
5.411257707766699010e-01
5.467126316430820365e-01
