-2.151905990377005196e-03
-4.711875234534057891e-03
-2.573261266189584128e-03
1.241298079811060592e-03
3.362682444665351933e-03
1.053624083697046222e-03
-5.755530549307912025e-02
-1.822612573917165024e-01
-2.620654836957405642e-01
-2.567207910007044958e-01
-2.181019961765222059e-01
-1.753518559966552592e-01
-1.561916415603206432e-01
-1.515565398566073585e-01
-1.371896249187970485e-01
-1.166054563733566057e-01
-9.535133937251677461e-02
-7.681173962068889305e-02
-6.182765742962365030e-02
-4.920477938070268870e-02
-3.947953108895974061e-02
-2.923261954789732608e-02
-1.824953940050334095e-02
-1.254125743078422783e-02
-9.712807204041690179e-03
-5.928757326662509319e-03
-1.001091566793725976e-02
-1.916370842668501523e-02
-2.276128210911426350e-02
-2.222984045475166065e-02
-1.916879135326217745e-02
-1.334915932935354724e-02
-7.548508914361480408e-03
-6.927417140744686341e-02
-3.113620504395023247e-01
-5.095348332049063345e-01
-5.220914743119140500e-01
-4.995726837902199624e-01
-4.633383375628790657e-01
-4.256694977473947095e-01
-4.195161659628602879e-01
-4.132688066097482960e-01
-3.819634134667473369e-01
-3.250156770940076378e-01
-2.526573919786401778e-01
-1.846224766113473970e-01
-1.543295831179197775e-01
-1.545325384677276037e-01
-1.484079854689803191e-01
-1.284982985389207244e-01
-1.009409868918429015e-01
-7.560667244143723376e-02
-8.245832472929581769e-02
-1.859263570565289347e-01
-2.741133055229325599e-01
-2.623967020977990283e-01
-2.186360627655735966e-01
-1.791452318004292388e-01
-1.523901331069382192e-01
-1.236700837978411127e-01
-9.337010245506109640e-02
-6.817822404684911741e-02
-7.255351769731437084e-02
-1.053539229735536292e-01
-1.156055515931339872e-01
-9.168070209859927044e-02
-5.731292694988183306e-02
-2.355282439380589066e-02
7.986907116308956944e-03
3.414067701773391972e-02
4.166614699487068696e-02
3.818292161035059112e-02
4.279324276655548098e-02
5.309792372675235794e-02
5.992886583279433133e-02
6.395587905516067484e-02
7.147776271777978030e-02
8.283830391981131247e-02
8.816364196584014490e-02
7.951441037793649524e-02
7.343887558780479163e-02
7.703614842199296708e-02
7.675285937361549238e-02
7.361203594014145701e-02
7.606576416966054355e-02
8.284373798666047617e-02
9.477650871633824803e-02
1.104692524160073436e-01
1.221392290177132217e-01
1.316534736043641629e-01
1.407729818364382157e-01
1.484764183207568367e-01
1.507400976206349774e-01
1.465016122126059916e-01
1.442970303012549860e-01
1.485270329285297841e-01
1.555449676111380630e-01
1.646291858046874945e-01
1.770401658319206706e-01
1.874082945951144052e-01
1.924776739120745428e-01
1.924526691672937828e-01
1.873379125661808753e-01
1.810333319924524731e-01
1.737265116461460257e-01
1.688457691129227611e-01
1.714787747508381976e-01
1.803233758721506652e-01
1.964748321667841580e-01
2.127379543635776193e-01
2.159285115957168821e-01
2.001962783156362446e-01
1.717925227722124359e-01
9.553881590846077798e-02
-4.625179038217086536e-02
-1.507737836661008912e-01
-1.660270675220078263e-01
-1.372652828167569283e-01
-1.168608348132171570e-01
-1.245532781402755307e-01
-1.147262301308046989e-01
-6.723320154525624925e-02
-1.117643002759432375e-02
3.028854078203239986e-02
5.195175335750860934e-02
4.117285487047511044e-02
3.546124051195694016e-02
7.005983272819768515e-02
1.166884104757768825e-01
1.595965190747299367e-01
2.038663025750890589e-01
2.477896899803295472e-01
2.141265059529318393e-01
9.572852503247877842e-02
3.944725334090349450e-02
7.776277517093770075e-02
1.316504576272918559e-01
1.813209254058812669e-01
2.365207348392893705e-01
2.970894237222930778e-01
3.517102995173421176e-01
3.260373304169108533e-01
1.534195602488751531e-01
3.530646280796963243e-02
7.409277764098320951e-02
1.577790146522297654e-01
2.442800092510880039e-01
3.191062501981105637e-01
3.878382567584001683e-01
4.579715642079319471e-01
5.143895378409938379e-01
5.535475355425740762e-01
5.813310526947296220e-01
5.948325276173367371e-01
6.025882993009630262e-01
6.064499244376777565e-01
6.046718081399591327e-01
6.061501179302117848e-01
6.189205335173704192e-01
6.420432526721632227e-01
6.717704855253399110e-01
7.044571828254846402e-01
7.369343222412578776e-01
7.771143155046686957e-01
8.210162621065462130e-01
8.618343296677121179e-01
9.027245958878922227e-01
9.438134340493103958e-01
9.826015311270163144e-01
1.018413076410077389e+00
