-1.271345303515260644e-06
-6.493312949004504956e-06
-3.579088121781503265e-06
2.673501726468811325e-05
7.746435170644325467e-05
1.355325232201722691e-04
7.191807731973902916e-05
-5.135942912025326032e-04
-1.684366228024329962e-03
-2.960536963278322282e-03
-4.036956004743234849e-03
-4.846899030542565004e-03
-5.456482784753465681e-03
-6.024061207681173299e-03
-6.539445024659231755e-03
-6.958746845741286061e-03
-7.265812407754926143e-03
-7.472724709832612860e-03
-7.598355313510443514e-03
-7.660330209903771365e-03
-7.671094113463224756e-03
-7.642398918113748989e-03
-7.562640222986275092e-03
-7.446755088490815584e-03
-7.319460459526816627e-03
-7.180013792150396340e-03
-7.039550251206357252e-03
-6.948398132788340814e-03
-6.891275832842700712e-03
-6.836820144409384153e-03
-6.767424095437120195e-03
-6.668753658171391006e-03
-6.532839098422469314e-03
-6.493236902257685551e-03
-7.232701640577389977e-03
-9.357201683288084854e-03
-1.183006512618667988e-02
-1.411225673428682589e-02
-1.616886772869247438e-02
-1.793211823449738715e-02
-1.954160637260673322e-02
-2.112264809222526643e-02
-2.257727161839459887e-02
-2.378532118218555300e-02
-2.463083578178014779e-02
-2.510742822974349614e-02
-2.532603444666037609e-02
-2.553106529570328687e-02
-2.575282164991384709e-02
-2.592106572671475095e-02
-2.596428870845334663e-02
-2.587351206644023655e-02
-2.572534551787545795e-02
-2.585927090417057192e-02
-2.663541789636899443e-02
-2.752217417476982009e-02
-2.818951253602028362e-02
-2.858318506459710945e-02
-2.878729537909925987e-02
-2.884411205634332051e-02
-2.873691480576696586e-02
-2.848669113903638112e-02
-2.817323836327749811e-02
-2.799572482743606719e-02
-2.796012665133452632e-02
-2.786791915483851495e-02
-2.760900320933969143e-02
-2.716830547958942049e-02
-2.656083390184935805e-02
-2.581314653726765260e-02
-2.499636190472720801e-02
-2.421161499338835010e-02
-2.345561371145804194e-02
-2.267483507035901111e-02
-2.185554360967956883e-02
-2.102294706892808909e-02
-2.017182427611782097e-02
-1.927517930774028110e-02
-1.833109589704862499e-02
-1.740086521724369326e-02
-1.652488012331447542e-02
-1.564960102116667862e-02
-1.477457288354997247e-02
-1.393333085026443596e-02
-1.310676530761100203e-02
-1.225187232025156357e-02
-1.134550002976804361e-02
-1.035236147438504430e-02
-9.279703810348748430e-03
-8.160954619725562312e-03
-6.993057678633353945e-03
-5.779977381330333140e-03
-4.534682645359178373e-03
-3.297481858322096233e-03
-2.082080945899361483e-03
-8.649485987668520046e-04
3.695259092676113962e-04
1.628282790511559200e-03
2.937717701356571190e-03
4.306462757533039386e-03
5.703504592227660007e-03
7.107508886124716367e-03
8.491566854700391062e-03
9.840946070116991795e-03
1.115973287137599079e-02
1.244730134102643541e-02
1.374445240413965132e-02
1.509437618989557459e-02
1.652927168877988545e-02
1.806820471708858039e-02
1.966701200659860815e-02
2.123714027668462817e-02
2.269045326350711822e-02
2.391161084993274899e-02
2.455313841185959370e-02
2.451410016446736381e-02
2.426608686585693744e-02
2.416521052972882277e-02
2.429321024414634461e-02
2.449237390183391094e-02
2.470402529840495798e-02
2.512490439914544585e-02
2.586688758934184082e-02
2.689129438612850725e-02
2.807969357956139472e-02
2.929293156462568423e-02
3.039975725351573912e-02
3.159703228418110632e-02
3.302835630243354526e-02
3.468794126197268651e-02
3.655736519908081572e-02
3.863876251727946937e-02
4.076440084095120375e-02
4.238296768607766052e-02
4.343468252851827999e-02
4.450974327560927590e-02
4.587971034132856674e-02
4.752052606423629033e-02
4.943064279521049154e-02
5.163006412433263081e-02
5.410907903075935083e-02
5.667628031367033525e-02
5.866835603089429196e-02
5.967265159835891120e-02
6.058375698252447400e-02
6.189679805351435554e-02
6.368141755564243889e-02
6.587341049744600829e-02
6.841621295396334290e-02
7.128214655094315677e-02
7.441816825893238230e-02
7.770652350637259620e-02
8.109345250463455279e-02
8.452760535085675209e-02
8.796421884237461131e-02
9.139757385299825121e-02
9.480537333435894165e-02
9.818681980391184838e-02
1.015800735264331539e-01
1.050383095952258372e-01
1.085936482494499061e-01
1.122712466259424002e-01
1.160740437952769571e-01
1.200143176042752641e-01
1.241288209443231483e-01
1.283997673917471050e-01
1.328129403792988605e-01
1.373647637593955473e-01
1.420528779837065825e-01
1.468620039570077973e-01
