-2.790096144580011206e+00
-2.783992286686538087e+00
-2.793000698143872196e+00
-2.788284294077026715e+00
-2.784342688590707660e+00
-2.775487331262515234e+00
-2.793120471834122043e+00
-2.788758054090834992e+00
-2.784453846201730087e+00
-2.777278338814910263e+00
-2.765326539582599885e+00
-2.745494799561354338e+00
-2.730240854975982234e+00
-2.723900391329881376e+00
-2.706389178204737789e+00
-2.670490377446395058e+00
-2.602456906893928501e+00
-2.469276481034833548e+00
-2.149321224686917997e+00
-1.329871148630428213e-01
-5.288417624515190596e+00
-3.514579963683160280e+00
-3.188754404672518916e+00
-3.137268247431890700e+00
-3.126219889942904118e+00
-3.089658809653736071e+00
-3.215838579248485818e+00
-4.242278864470195643e+00
-6.892521349031648370e+00
-4.432059169249864539e+00
-3.492559096124372431e+00
-3.163967385678101429e+00
-3.051930366188746913e+00
-2.675190095302097060e+00
-2.770904753767676976e+00
-2.773642604379647381e+00
-2.766252214924467268e+00
-2.756449470987064831e+00
-2.743809012012166093e+00
-2.729300055110401857e+00
-2.722243280740711313e+00
-2.714767517584624645e+00
-2.697414972469756478e+00
-2.657920381599356396e+00
-2.554238629423472684e+00
-2.167543525026518036e+00
-1.821377240965118105e+00
-2.213895572369360742e+00
-2.250215360986402402e+00
-1.932362075938336421e+00
5.530689192991438574e+00
-4.090183566972505069e+00
-1.790218852624935053e+01
-2.597192739516599680e+00
-2.672793010525327695e+00
-2.642519072394241775e+00
-2.549188116247313118e+00
-2.345500509999204120e+00
-1.937469602402708491e+00
5.367174463313791222e+00
-3.851982159922490379e+00
-3.362623780877701751e+00
-3.613864833474016436e+00
-3.454840428099776872e-01
-1.487975280753270013e+00
-5.380316850093762149e+00
-3.321706142690722174e+00
-3.094768850051717202e+00
-3.009412677530926228e+00
-2.970729149258527713e+00
-2.967629059571137873e+00
-2.980295566395194662e+00
-2.975504618015053282e+00
-2.956651340710373610e+00
-2.944086293323859849e+00
-2.935892350656065020e+00
-2.922733678758821618e+00
-2.906387429576653858e+00
-2.897158292608480679e+00
-2.899092725333290321e+00
-2.897459236635329560e+00
-2.888646061989805780e+00
-2.885067621826182371e+00
-2.883170695915916681e+00
-2.874872851390238182e+00
-2.863509813982960672e+00
-2.850754345687660063e+00
-2.838808362749048797e+00
-2.830293456284766584e+00
-2.823033544111338777e+00
-2.816020718457832750e+00
-2.809514334285736048e+00
-2.803704172791179339e+00
-2.798280568082586850e+00
-2.792725566600551268e+00
-2.787187882484634116e+00
-2.781801854167130550e+00
-2.776779955020055368e+00
-2.772316426006271151e+00
-2.767674333311135104e+00
-2.762564383932637035e+00
-2.756943251634997871e+00
-2.750566992259765087e+00
-2.744156009183589262e+00
-2.737541222174218802e+00
-2.731954502876668300e+00
-2.729095959556796736e+00
-2.728000666951878372e+00
-2.728073052644944596e+00
-2.727061567417898402e+00
-2.722415084698863730e+00
-2.712604371570039419e+00
-2.697848562287013863e+00
-2.645393851703575994e+00
-1.523132982407126024e+00
-3.157809958581665910e+00
-3.307497830381991299e+00
-1.152178211785721551e+00
-2.339622946168668616e+00
-2.330205572415256832e+00
-2.461001150134508819e+00
-2.608699694436079408e+00
-2.663610233201169297e+00
-2.680980510034399522e+00
-2.682508058934037987e+00
-2.665966688494970427e+00
-2.655549246564094190e+00
-2.672121784193044469e+00
-2.686548006423658208e+00
-2.694044324687208558e+00
-2.699254845916580159e+00
-2.702230699586328555e+00
-2.682701603365027054e+00
-2.606487468778890371e+00
-2.547634512537927609e+00
-2.607305928908190573e+00
-2.644203088047996530e+00
-2.662267193895440087e+00
-2.675248698056954311e+00
-2.684693178158055193e+00
-2.689439435764983344e+00
-2.673403163147291206e+00
-2.568696645887837082e+00
-2.377639956805190913e+00
-2.518665061645693370e+00
-2.607519606419041569e+00
-2.644851324645530077e+00
-2.662319562358980818e+00
-2.672400084833692180e+00
-2.678725567153275033e+00
-2.679963471005681885e+00
-2.677908233187827225e+00
-2.674722096528663329e+00
-2.669833910319611370e+00
-2.664568141367994691e+00
-2.659107285967764689e+00
-2.653064852368814286e+00
-2.648146561637506391e+00
-2.645763601131590370e+00
-2.645158908813469267e+00
-2.645632027776042783e+00
-2.646273337168036477e+00
-2.646515375235466205e+00
-2.647852407051548784e+00
-2.649102859275702215e+00
-2.649259535288670975e+00
-2.648438916795283760e+00
-2.646751446117678874e+00
-2.644805868377863689e+00
-2.642996296958337155e+00
-2.641613792889856427e+00
-2.640577125319132801e+00
-2.639730206471129215e+00
-2.638819477394316326e+00
-2.637564277752931563e+00
-2.635805839227479019e+00
-2.633558996303948518e+00
-2.630975843334942610e+00
-2.628323594266073204e+00
-2.625691078865164840e+00
-2.623096230776383653e+00
-2.620687711174259249e+00
-2.618584415478284022e+00
-2.616946262041353943e+00
-2.615896621472614481e+00
-2.614995538325109337e+00
-2.614005277354936041e+00
-2.612720997187910399e+00
-2.611126066815297797e+00
-2.609240975737609602e+00
-2.606996162220067248e+00
-2.604572990222229212e+00
-2.602205255737430001e+00
-2.600060455606022281e+00
-2.598200727760670237e+00
-2.596797753922805985e+00
-2.595742409923062155e+00
-2.594822513055823343e+00
-2.593771800366767799e+00
-2.592227552995415074e+00
-2.590082473559510046e+00
-2.587572576962196891e+00
-2.584930784527860848e+00
-2.582251878410625423e+00
-2.579716578278611117e+00
-2.577530995446392748e+00
-2.575729439021578138e+00
-2.573984791834911690e+00
-2.572113898104654961e+00
-2.570172488210110906e+00
-2.567963186336611248e+00
-2.565413893235374498e+00
-2.562685764621448037e+00
-2.559952980190447036e+00
-2.557321960615007939e+00
-2.554853305815799835e+00
-2.552746039440907388e+00
-2.551007444074770980e+00
-2.549375783305835697e+00
-2.547550507143935050e+00
-2.545363202903218269e+00
-2.542815294062032550e+00
-2.540090563369989951e+00
-2.537358344880784600e+00
-2.534604386801390774e+00
-2.531866833156495744e+00
-2.529185561950489269e+00
-2.526636130001843838e+00
-2.524357955464962444e+00
-2.522348388129406427e+00
-2.520464591367387541e+00
-2.518501859797643849e+00
-2.516362918008480332e+00
-2.513962921232874237e+00
-2.511353335472173320e+00
-2.508525911199151359e+00
-2.505523113850735673e+00
-2.502578698386467959e+00
-2.499779218150161686e+00
-2.497228985554799330e+00
-2.495056201779619176e+00
-2.493108537421773185e+00
-2.491268411877959110e+00
-2.489191031050231206e+00
-2.486550380870819588e+00
-2.483493763581529290e+00
-2.480175547094075394e+00
-2.476789806980879582e+00
-2.473475770629770309e+00
-2.470369827952008990e+00
-2.467657154764518967e+00
