-1.319790776766291276e-06
-7.021911994684495527e-06
-4.857090785227481260e-06
2.691920261446097658e-05
8.420036254039261786e-05
1.549403403157700886e-04
1.042704369356148080e-04
-5.091236007629869895e-04
-1.819062939600421969e-03
-3.373053154492869007e-03
-4.832668671938134507e-03
-6.081747871587255688e-03
-7.145837760360805938e-03
-8.165930069741604916e-03
-9.127824641507849973e-03
-9.978905679217281097e-03
-1.069182760690798317e-02
-1.126928794711791471e-02
-1.172452986128598960e-02
-1.207289397403433009e-02
-1.232676911210073625e-02
-1.249957782600553263e-02
-1.258095518540849715e-02
-1.258673003185104521e-02
-1.254538338852220596e-02
-1.246088607406192934e-02
-1.234829058221744401e-02
-1.226573308497751202e-02
-1.220715028364414978e-02
-1.214506033711885459e-02
-1.206195075756611064e-02
-1.194164336975218378e-02
-1.177306794967017400e-02
-1.169211892370366351e-02
-1.243390459600059866e-02
-1.474825279776803902e-02
-1.768618389751303380e-02
-2.066167417002260503e-02
-2.357317947845188888e-02
-2.629224820190618345e-02
-2.891123512643404420e-02
-3.153693762027311859e-02
-3.405716024322406887e-02
-3.632414609283864809e-02
-3.818345293624966080e-02
-3.958834221775369561e-02
-4.062251611606757656e-02
-4.153268862874415213e-02
-4.237041626899114288e-02
-4.307839532204404270e-02
-4.358601602669244512e-02
-4.387972926937736690e-02
-4.403590123498045406e-02
-4.441896039948287772e-02
-4.546379487757646470e-02
-4.668867189613268992e-02
-4.773977239569288794e-02
-4.852139926912742152e-02
-4.908691068862568868e-02
-4.946249621085989367e-02
-4.961880772010845292e-02
-4.956607381666823520e-02
-4.938087911790039336e-02
-4.927896358964171941e-02
-4.929589810346302753e-02
-4.924289408610076080e-02
-4.899612365715710904e-02
-4.852206664287646992e-02
-4.782096617136477601e-02
-4.690967021137247561e-02
-4.585712415409200909e-02
-4.477472452841357864e-02
-4.367458933160175277e-02
-4.251113698765231208e-02
-4.127237066772396212e-02
-3.998628788875477347e-02
-3.865171017833485267e-02
-3.724252900678765021e-02
-3.575514412759385474e-02
-3.425344116330092392e-02
-3.278779528816827549e-02
-3.131150538671351874e-02
-2.982518787127372631e-02
-2.836641764113472658e-02
-2.692075570979624022e-02
-2.544437757154097840e-02
-2.390927818332602359e-02
-2.227237184069606746e-02
-2.053217605440186763e-02
-1.871818751203898484e-02
-1.682610814781066236e-02
-1.485854066817303594e-02
-1.282832608530748084e-02
-1.077923420571245613e-02
-8.731838941197247322e-03
-6.667351056734143605e-03
-4.571212541451014078e-03
-2.436216351957164097e-03
-2.336198244752333252e-04
2.049921358127648752e-03
4.385580033038778344e-03
6.750221080184917559e-03
9.112485661124257799e-03
1.145100665809446056e-02
1.376392841495484298e-02
1.604575258452677414e-02
1.833567100651881110e-02
2.068140805162301671e-02
2.312366667247007027e-02
2.569216524738568430e-02
2.835019990017403901e-02
3.100645340779854126e-02
3.355856721357637629e-02
3.586831364233181163e-02
3.753871689283574953e-02
3.839243253511218090e-02
3.886446780552495206e-02
3.933971062232931304e-02
3.995138493769543470e-02
4.057751739138662495e-02
4.117154211641790157e-02
4.195084959326108448e-02
4.306729652614375153e-02
4.451943009219361258e-02
4.620860452495598875e-02
4.799582123605368456e-02
4.973013258263045411e-02
5.159639398456317139e-02
5.375417848302983109e-02
5.621869733396799018e-02
5.898610876737078734e-02
6.207006889245315906e-02
6.530546768019006298e-02
6.809340961610158005e-02
7.028684467459074547e-02
7.244450071641816979e-02
7.487397592233013821e-02
7.759266599324518565e-02
8.062989456841571090e-02
8.403329359666478204e-02
8.781729205846439124e-02
9.180060833762195005e-02
9.527313447746721398e-02
9.770002957245808861e-02
9.991055966294719315e-02
1.024489400172752251e-01
1.054560831855180236e-01
1.089249915525248857e-01
1.128380892601518609e-01
1.171950192582044969e-01
1.219612153543604971e-01
1.270228191760542635e-01
1.323182104204987664e-01
1.377848186398453190e-01
1.433600610090926264e-01
1.490202149011971289e-01
1.547267057242154575e-01
1.604625813381287402e-01
1.662556201619137253e-01
1.721548359202354495e-01
1.781957705890092336e-01
1.844120539531716729e-01
1.908127805254580533e-01
1.974172314960407904e-01
2.042705240622586793e-01
2.113658747488799672e-01
2.186909536794547360e-01
2.262179455927682548e-01
2.339281785070093655e-01
2.418138322252928740e-01
2.498798405803663858e-01
2.581382509632810796e-01
2.665994273989040209e-01
2.752707190599779641e-01
2.841492313586844176e-01
2.932227817590790653e-01
3.024720555509802233e-01
3.118777046783917095e-01
3.214246610464390752e-01
3.311057529241944741e-01
3.409143900927506521e-01
3.508485870621043667e-01
3.609124953259367219e-01
3.711169563883942590e-01
3.814816324479593512e-01
3.920274416347844793e-01
4.027600003285642383e-01
4.136815682115265180e-01
4.247822155698449675e-01
4.360543551084921643e-01
4.474830437470141975e-01
4.590542861754839388e-01
4.707598114309922144e-01
4.826000814791652771e-01
4.945810614413569395e-01
5.067147448485023187e-01
5.190203684059608857e-01
5.315113137753549877e-01
5.441956436569541644e-01
5.570666129584359583e-01
5.701039166240441380e-01
5.832841989012754746e-01
5.965919602607838712e-01
6.100162476810919721e-01
6.235513376752397363e-01
6.372009065228544378e-01
6.509766696193520774e-01
6.648888961753063320e-01
6.789360149394463306e-01
6.931151323592884550e-01
7.074206303645300675e-01
7.218371896035975510e-01
7.363503753964413256e-01
7.509505198342458776e-01
7.656341778720335833e-01
7.804014808691831506e-01
7.952584355507980041e-01
8.102196185979112508e-01
8.252964384456783486e-01
8.404907702100711253e-01
8.557932399155118164e-01
8.711888644985228414e-01
8.866626667093453484e-01
9.022064417196610231e-01
9.178147448445621581e-01
9.334820725647186013e-01
9.492059211898369320e-01
9.649855145591468286e-01
9.808257854685424881e-01
9.967364290341744759e-01
1.012726099291895165e+00
1.028797956350988141e+00
1.044948162470046071e+00
1.061169218370794143e+00
1.077449357314044454e+00
1.093778563371063051e+00
1.110143578388682162e+00
1.126536759545138322e+00
1.142957171644427783e+00
1.159407412536706872e+00
1.175896906174045853e+00
1.192437912823235413e+00
1.209037391522428617e+00
1.225698018864363803e+00
1.242405240032628200e+00
1.259138647531548916e+00
1.275881572462196134e+00
1.292620690772461334e+00
1.309350117490071241e+00
1.326068039557182665e+00
1.342780868989130738e+00
