-3.940407154509633371e-06
-2.297944590813733013e-05
-4.215434156259080924e-05
-4.004620573677803282e-05
-2.432820638436358692e-05
-8.815717710964680968e-06
-1.169073592996692514e-04
-7.267132672531320930e-04
-1.868917421749916562e-03
-3.058160423998893158e-03
-4.014605989747576514e-03
-4.699553386900149482e-03
-5.196752016483023942e-03
-5.667708541593510958e-03
-6.098615869683347845e-03
-6.447201434114215556e-03
-6.701500377563215927e-03
-6.874987801843555034e-03
-6.987868049326675934e-03
-7.057328479074248886e-03
-7.092960195791120012e-03
-7.104480675595260981e-03
-7.077722919259721995e-03
-7.026733330851834929e-03
-6.976045101617848847e-03
-6.922695184375144035e-03
-6.874917586389551853e-03
-6.880105961908087979e-03
-6.919519258058205724e-03
-6.961628311171479296e-03
-6.991342391558096926e-03
-6.996637745955699983e-03
-6.971045277642412899e-03
-7.045963333091683281e-03
-7.875641616831786235e-03
-9.996269245551910737e-03
-1.234116783410808306e-02
-1.441356021150706074e-02
-1.622230986009160630e-02
-1.773234573557634641e-02
-1.910086589650390743e-02
-2.045550791871054291e-02
-2.169740259864284121e-02
-2.271401647437423094e-02
-2.340383234578952143e-02
-2.377600197382583741e-02
-2.394673775010049827e-02
-2.415083540107173035e-02
-2.440392336726619760e-02
-2.462889457051181674e-02
-2.475629993515686758e-02
-2.477935813447177185e-02
-2.477303231193193206e-02
-2.506262586382297652e-02
-2.597243076203876316e-02
-2.695409666777680638e-02
-2.770091258886655389e-02
-2.818552488920865462e-02
-2.850949644458469420e-02
-2.871600515053742905e-02
-2.879073401762103496e-02
-2.875785031051314791e-02
-2.869237226563070911e-02
-2.878195039237956693e-02
-2.901746024826703726e-02
-2.919257133980534061e-02
-2.920520194726105093e-02
-2.905531124363276707e-02
-2.876694085574486859e-02
-2.836594756714214474e-02
-2.791463095538102707e-02
-2.750958447960837050e-02
-2.713199322724774154e-02
-2.672948392163802464e-02
-2.629765443740249981e-02
-2.585996141654485839e-02
-2.540986687801724542e-02
-2.492333493881159281e-02
-2.440312175027706601e-02
-2.391000481221499177e-02
-2.348151215501938227e-02
-2.305441740571472289e-02
-2.261691603420908775e-02
-2.219840681677917246e-02
-2.178572228051681159e-02
-2.134734727763547626e-02
-2.086855562417854262e-02
-2.032235862268734136e-02
-1.971852834344280103e-02
-1.908364943653272777e-02
-1.841854503417336697e-02
-1.773136020168399746e-02
-1.703415273370860461e-02
-1.636392695891253704e-02
-1.572740156411744916e-02
-1.509218047496942161e-02
-1.443141583222816438e-02
-1.374004863691868916e-02
-1.300386759872311157e-02
-1.222058003878930162e-02
-1.141765046290503689e-02
-1.062046392489789624e-02
-9.853545646452570306e-03
-9.130119477782319692e-03
-8.444895398432229056e-03
-7.797703217956551691e-03
-7.153449249698446907e-03
-6.477552862654872151e-03
-5.742000487611042397e-03
-4.925893208822041888e-03
-4.075562075009943157e-03
-3.279546043809213572e-03
-2.618418478297163121e-03
-2.194384166390330078e-03
-2.334677509977002748e-03
-3.102774902741893808e-03
-4.018373490352672960e-03
-4.750527857257782170e-03
-5.248810704141962206e-03
-5.688034155941297000e-03
-6.129891212685505651e-03
-6.388794829190915306e-03
-6.367609303530578045e-03
-6.121011148481354802e-03
-5.765892386439317070e-03
-5.426327281421858793e-03
-5.214337518449633363e-03
-4.932002418789670044e-03
-4.443658053540346271e-03
-3.763160834425920056e-03
-2.913626780845313211e-03
-1.891706629891717504e-03
-8.577904585030161379e-04
-3.366415291558400675e-04
-3.369244198019211460e-04
-2.655574841010164134e-04
1.178106190262001845e-04
7.628816858865301647e-04
1.648655651690039345e-03
2.785800268557915224e-03
4.159568324519290552e-03
5.574187346979530590e-03
6.390726373557638167e-03
6.280525305954910188e-03
6.158980845313247014e-03
6.474416316200321334e-03
7.264553356527668482e-03
8.436659756072842353e-03
9.900342648164760923e-03
1.163131108744724571e-02
1.359798514267111791e-02
1.568990491032639517e-02
1.785241327441672299e-02
2.002537662200469179e-02
2.216662727504796482e-02
2.427908427190932084e-02
2.634328114205266441e-02
2.836329547066174933e-02
3.038990754931322411e-02
3.248593731619858066e-02
3.468727669409703285e-02
3.701152892732829242e-02
3.945435656988192236e-02
4.202143439244294953e-02
4.475324574844230519e-02
4.762787852598556609e-02
5.063596832928764224e-02
5.377393774554124067e-02
5.703654734054900560e-02
6.040391783229499822e-02
