-3.511736988043394347e-02
-1.261917236343924192e-02
3.975366756132449331e-02
2.224445917928751307e-02
1.629955656805249370e-02
-4.756617294841164467e-02
-9.111532310097841814e-01
-1.281079200722801126e+00
-3.868054102973376152e-01
7.209664755698233507e-02
2.101819095720225128e-01
2.140699395015638329e-01
-1.078538983535705237e-01
-1.900127250063753104e-02
6.606320555780685611e-02
1.111448380693672300e-01
1.108818205676878471e-01
9.729782145046403374e-02
7.765295930651809619e-02
7.748355210738405718e-02
4.701389017484092214e-02
9.589312602966069965e-02
7.611672144741754575e-02
2.240138554971516510e-02
3.125496529416227354e-02
4.116495968102409919e-02
-9.224353986855356180e-02
-5.956704400064281868e-02
-1.307135824905035666e-02
6.057644943939325191e-03
3.045084029645143964e-02
5.742210987847043424e-02
4.060121085688458281e-02
-1.037853868731925644e+00
-3.079986106793418887e+00
-8.352809885233098974e-01
-1.451634006975744406e-01
-2.074841655412701380e-01
1.216078029008912376e-01
-9.300000876117980875e-02
-3.467856151390024677e-01
-9.714607826097199084e-02
9.637982068525394186e-02
3.866269054664755456e-01
4.565653798871980862e-01
4.269292115641565299e-01
-6.542081332858383502e-02
-7.093820246386460526e-02
3.263927419045681289e-02
1.679323239467922502e-01
1.945272524806657688e-01
1.709587234755637064e-01
-2.991092062898962900e-01
-1.457181380474100063e+00
-2.958559400932211370e-01
1.415160878763996877e-01
2.851438153568895406e-01
1.512945354129481279e-01
1.257471014313028268e-01
2.203002193857625246e-01
2.000827517306026371e-01
1.776389931746863438e-01
-2.501127168357036301e-01
-3.300287579162415330e-01
6.177353743326606528e-02
2.442648342559658736e-01
2.819623787974039342e-01
2.866103147501730675e-01
2.932229862356787731e-01
2.421646540993842578e-01
1.946317829726294107e-02
5.145078352701493163e-02
1.455096967340301917e-01
1.558646240763330026e-01
1.020776412482084644e-01
1.131192663722257463e-01
1.634092810707359344e-01
1.884977189414031029e-01
8.119036636456418432e-02
-4.290432187080162746e-02
9.831990416304646485e-02
1.159059451177899824e-01
4.040640263308688251e-02
6.147966078618412322e-02
1.276850102126576014e-01
1.399977731754697974e-01
2.216121326523843027e-01
2.240131379550308610e-01
1.772690040934239708e-01
1.998436166467565667e-01
1.840723719099030820e-01
1.861891040236155759e-01
1.040568894630355123e-01
7.411112765844528327e-02
1.262624636798837519e-01
1.781373994964410290e-01
1.803440332053245776e-01
2.204131221452362843e-01
2.490824329119091518e-01
2.052035703674803258e-01
1.715865311477261790e-01
1.239971824565020142e-01
8.199159150814591679e-02
9.136152128146413087e-02
5.525005964613424747e-02
1.158159112092349285e-01
1.744162492752996119e-01
2.246615978433969540e-01
3.093202953737594907e-01
2.551502888168107330e-01
1.129844901796745182e-01
-6.323762491101966865e-02
-1.334728266139348918e-01
-8.927257987226144831e-01
-1.375469394791666522e+00
-5.267458718044510935e-01
5.952276806243300689e-03
2.228571135341864962e-01
-6.214594645299377496e-02
-2.229138427336007089e-01
2.038462243115222172e-01
4.443384356362741205e-01
4.347085849398285018e-01
2.871396647863263540e-01
1.578671844424379134e-01
-2.245290925680168970e-01
1.905268383776997920e-01
4.561598111144140044e-01
4.567567178269597017e-01
4.602569610139662371e-01
5.371979341031356547e-01
5.196904607056138659e-01
-6.729459591582003242e-01
-1.015425986868710329e+00
1.367532347537515625e-01
5.407430431851703023e-01
4.820034350335447026e-01
5.459859695005107039e-01
6.476387893862840528e-01
7.182134040312802004e-01
6.386983247756535809e-01
-5.264465462521715766e-01
-1.899048634604223684e+00
-4.315391624266577686e-03
6.451357655158328486e-01
8.432823099009054690e-01
8.316659788746353366e-01
7.762781466495963789e-01
8.317005403062349700e-01
8.962939073560990400e-01
7.059998612826550168e-01
6.706741925210740751e-01
5.631381528065126929e-01
4.580419927816603565e-01
4.697197475725238269e-01
3.968324326196515650e-01
3.684620030644844557e-01
4.370542196469706653e-01
5.533094577433130823e-01
6.274038596345532515e-01
6.941247270115256107e-01
7.172946142025562466e-01
7.324369068416869410e-01
8.831167682323683987e-01
8.548663327735220863e-01
8.846174599465944643e-01
9.072514958277482222e-01
9.380027574297906678e-01
9.202708635986234231e-01
9.322628678527870028e-01
