-3.056678327914799098e+00
-3.049048051658534320e+00
-3.060125746538056912e+00
-3.054403185657514896e+00
-3.049536745504794588e+00
-3.038235039463634823e+00
-3.060239504453821091e+00
-3.054992573470426187e+00
-3.049662588314332012e+00
-3.040593407403245685e+00
-3.025100278750016969e+00
-2.998561574942352870e+00
-2.979030322977309631e+00
-2.972326504310357276e+00
-2.949924651549830301e+00
-2.901905592403623224e+00
-2.807201575786292036e+00
-2.610448973421545915e+00
-2.074316025294540289e+00
7.603390828068175011e+00
-5.079194879927297457e+00
-3.837087454149567201e+00
-3.510935215957760480e+00
-3.462505735939227058e+00
-3.456263303837325385e+00
-3.415273353750827745e+00
-3.585289335214802975e+00
-5.285114858651003722e+00
-1.334208006817224756e+01
-5.300361904079042397e+00
-3.913358940295893262e+00
-3.501292944791331685e+00
-3.367670113183385272e+00
-2.928426583797183458e+00
-3.034580375173881350e+00
-3.037139136327025923e+00
-3.027637080554438143e+00
-3.015058719957006694e+00
-2.998747112593338926e+00
-2.980092807242249009e+00
-2.971768593930208979e+00
-2.962758497599335072e+00
-2.940509251739196639e+00
-2.887972437844400275e+00
-2.741132818383881009e+00
-2.070525434012192356e+00
-1.496859257953104150e+00
-2.306589378777638366e+00
-2.377755037252397674e+00
-1.944047978579434899e+00
5.173193992129915841e+01
-4.450325599091858209e+00
-1.954146156501688125e+01
-2.835882797955107115e+00
-2.919841434294359495e+00
-2.880172695609112488e+00
-2.758459464925315796e+00
-2.479345959154190204e+00
-1.876638790524538081e+00
-6.657937954512125600e+01
-4.181009677455408635e+00
-3.707088564279056975e+00
-4.034896658563697613e+00
-6.060951436077828269e-01
-1.619923429324265252e+00
-6.130399691899590664e+00
-3.676765047848566059e+00
-3.414445976825960294e+00
-3.315913733319814760e+00
-3.271679557453230025e+00
-3.270441399766296442e+00
-3.288474925060590692e+00
-3.283128876604497037e+00
-3.259407920893314881e+00
-3.244099974494369931e+00
-3.234342768742910934e+00
-3.218030907711012745e+00
-3.197713171429418466e+00
-3.186694636833584671e+00
-3.190012650084621093e+00
-3.188315506062838978e+00
-3.177196912631968573e+00
-3.173059056468353845e+00
-3.171017810464762832e+00
-3.160495409777947184e+00
-3.146172783685980967e+00
-3.130241957421672438e+00
-3.115522388495442385e+00
-3.105217858021066313e+00
-3.096443279531985393e+00
-3.087934697560717368e+00
-3.080036730274721801e+00
-3.072997087388184667e+00
-3.066417072811594480e+00
-3.059652012005285027e+00
-3.052911438283043566e+00
-3.046361868663204131e+00
-3.040277405179522496e+00
-3.034894071724027143e+00
-3.029242190574516158e+00
-3.022974393386019365e+00
-3.016047874325768596e+00
-3.008161014945232914e+00
-3.000271812900214385e+00
-2.992141381294002755e+00
-2.985396336659227323e+00
-2.982175655697016037e+00
-2.981114239281445144e+00
-2.981420096112519680e+00
-2.980218827776333512e+00
-2.974333895183306709e+00
-2.961841825786484694e+00
-2.943032095362151601e+00
-2.872896628205266811e+00
1.492779553025642914e+00
-3.431758959463157233e+00
-3.607304166584817118e+00
-1.052614102337464885e+00
-2.533565750401436389e+00
-2.514875457525524549e+00
-2.671151773438058097e+00
-2.845303496393481346e+00
-2.908562553533636574e+00
-2.927751561635904221e+00
-2.928297020685566743e+00
-2.906507704650433954e+00
-2.893177003738485631e+00
-2.914441713510194543e+00
-2.932264309054709805e+00
-2.941182120219723473e+00
-2.947292598753550763e+00
-2.950655540554397049e+00
-2.925176651573255349e+00
-2.823000027432204906e+00
-2.746365105816044760e+00
-2.832604972639101604e+00
-2.880651352098859697e+00
-2.903011043599120988e+00
-2.918705717975829561e+00
-2.929948028783838421e+00
-2.935355873815822303e+00
-2.914329057727623074e+00
-2.772483207629702573e+00
-2.499046472234495830e+00
-2.719937271423682468e+00
-2.837055395472853014e+00
-2.882996266198302848e+00
-2.903700938710794155e+00
-2.915387687465583078e+00
-2.922598943832213969e+00
-2.923577028951547696e+00
-2.920593299044072388e+00
-2.916337337463759560e+00
-2.910028823599382086e+00
-2.903367627114313176e+00
-2.896536831088715402e+00
-2.889024468449109762e+00
-2.883035007693384166e+00
-2.880333015841533673e+00
-2.879844869170021582e+00
-2.880646043619922381e+00
-2.881563961134878227e+00
-2.881912739945785340e+00
-2.883646501094249359e+00
-2.885209283435641758e+00
-2.885354147794942925e+00
-2.884258085031205177e+00
-2.882087824225495254e+00
-2.879629970219916402e+00
-2.877381842479175056e+00
-2.875700188323951689e+00
-2.874461152322617785e+00
-2.873455936105191455e+00
-2.872356264660114178e+00
-2.870808839527303036e+00
-2.868620822212336829e+00
-2.865823090809346496e+00
-2.862617258002326359e+00
-2.859347873590462275e+00
-2.856120347905344303e+00
-2.852952292317351368e+00
-2.850030078450290993e+00
-2.847499336778419377e+00
-2.845558057943151642e+00
-2.844354366499948661e+00
-2.843310176134568490e+00
-2.842131211235796151e+00
-2.840561672046215236e+00
-2.838596476300600635e+00
-2.836266328589738706e+00
-2.833488387909273154e+00
-2.830500064304795504e+00
-2.827600377657453201e+00
-2.824996288074068662e+00
-2.822758286412482054e+00
-2.821099911631191670e+00
-2.819868573292053426e+00
-2.818790424586892662e+00
-2.817526190621132187e+00
-2.815621041474117625e+00
-2.812954004822028509e+00
-2.809841861646152683e+00
-2.806584134458403490e+00
-2.803297665507499481e+00
-2.800209494596963999e+00
-2.797575544702278982e+00
-2.795427610116945960e+00
-2.793335830413552046e+00
-2.791071602507787297e+00
-2.788713514591259379e+00
-2.786009998574114466e+00
-2.782877966260457026e+00
-2.779530687089117436e+00
-2.776191888186053447e+00
-2.772992743395081838e+00
-2.770005345680563114e+00
-2.767480394594588944e+00
-2.765416041365408972e+00
-2.763470350645081730e+00
-2.761261286830765993e+00
-2.758584385337664369e+00
-2.755452834732036393e+00
-2.752110342152906952e+00
-2.748772622818260292e+00
-2.745416050758745286e+00
-2.742087617254664433e+00
-2.738835046458212741e+00
-2.735753200156680887e+00
-2.733016661924377200e+00
-2.730614793255351724e+00
-2.728360178922700552e+00
-2.725991766617543277e+00
-2.723392391890498310e+00
-2.720459411010086814e+00
-2.717266926979051700e+00
-2.713805333383709772e+00
-2.710132986510882525e+00
-2.706549341272831644e+00
-2.703158232096260161e+00
-2.700087729212892640e+00
-2.697494440716777575e+00
-2.695173633683332959e+00
-2.692975442900989780e+00
-2.690458265173959695e+00
-2.687218673223917609e+00
-2.683462080326582733e+00
-2.679391280558383492e+00
-2.675255604104968654e+00
-2.671226645268912403e+00
-2.667472895141584033e+00
-2.664222283417895909e+00
