-7.798799226920256900e-02
-3.674121527657321640e-02
2.077757603440291700e-02
1.122950457173102490e-04
-1.413767597660668153e-02
-6.568422757900872766e-02
-8.631080482750437266e-01
-1.116421951708965743e+00
-1.815984516568514284e-01
2.241313110886319626e-01
2.889015061214813551e-01
2.379208530985884029e-01
-1.005458122984102531e-01
-7.992831751476872637e-03
6.523414824413904800e-02
8.724277471407031193e-02
7.870638249917014106e-02
5.125680545903225915e-02
2.365861378539473731e-02
2.809562515582813419e-02
-4.655709509459711459e-03
4.887239750722257442e-02
2.863303685858233777e-02
-3.078783762902588539e-02
-1.801399115543380128e-02
4.688891271047955500e-04
-1.267020321080928602e-01
-8.261353908261834245e-02
-3.323591993756028207e-02
-2.140300037651178544e-02
-3.452295108611731778e-03
1.897208687625084531e-02
-1.549822997221960569e-03
-1.005217287194544618e+00
-2.801131085947176302e+00
-4.243246334606224357e-01
1.857177050337167068e-01
2.664948996288035721e-02
2.630259417758220586e-01
-2.740680706691478452e-03
-2.749806401959488666e-01
-2.900178851035078997e-02
1.337761061971589893e-01
3.691148868058420351e-01
3.713004155717012922e-01
3.018048340291769605e-01
-1.812471795031564414e-01
-1.614667709378022620e-01
-4.446623929647421092e-02
7.388353992043331098e-02
8.842191112672261044e-02
5.914212439058016968e-02
-3.819350961454018312e-01
-1.421091938820277623e+00
-1.939585195359669056e-01
1.903507165289799741e-01
2.651327725999137463e-01
6.756153191246028200e-02
4.024488714383139820e-02
1.144571650139551700e-01
6.662240574505945423e-02
4.891605359065885616e-02
-3.547645035377475220e-01
-3.979943150712694222e-01
2.530936291903621016e-02
1.884998657446465553e-01
1.729442164615679067e-01
1.430473203849273178e-01
1.374464548231040251e-01
1.189530779826661333e-01
-1.219698556389378352e-01
-2.632248529490715735e-02
5.854458585612670046e-02
2.762191001511790991e-02
-1.131976176288654844e-02
1.963385577774395818e-03
4.300331651498703889e-02
4.751730109852948108e-02
-5.497802965942858583e-02
-1.810350730885466053e-01
-1.060396255776305252e-02
5.010054341803819866e-02
-9.783232735807754349e-03
-6.211454390780631746e-03
2.218382209720383413e-02
1.502496695392289972e-02
6.708452553578535260e-02
5.172945202933188630e-02
3.818556205192213254e-02
3.330141157484493158e-02
-1.999418725995509571e-03
3.734034362221569370e-04
-7.916634446185299989e-02
-9.096736696900481478e-02
-1.994166978469864154e-02
7.855685528316178057e-02
7.497024027941563695e-02
6.938999256955943884e-02
7.170085521615524038e-02
5.397012564002406920e-02
-1.181415945122143638e-02
-4.580499513174798865e-02
-8.789277661433980704e-02
-7.635137748672114755e-02
-1.040308372472185799e-01
-6.269632875822757356e-02
-3.266172141044251798e-02
-8.321653610568365000e-04
9.435593672212438943e-02
2.347716346120007694e-02
-1.290243754314554792e-01
-2.907377667002079558e-01
-3.191518190313101799e-01
-1.029592897381371941e+00
-1.366517894892258944e+00
-4.678514704190264717e-01
1.804641919277399920e-02
1.538239990286071057e-01
-1.812179299089088924e-01
-3.458985679821823811e-01
3.039286942254132429e-02
2.298390998484204917e-01
1.427664541831782097e-01
-1.740962870473927726e-02
-1.223926588876055876e-01
-4.474067021977915504e-01
-5.238189034946499900e-02
1.897969621334901213e-01
1.587103930204333546e-01
1.323718044319691645e-01
1.974157866173005538e-01
1.892532426350835850e-01
-9.550047242163756112e-01
-1.108812926863404602e+00
5.660470300248540698e-02
3.840820682994156021e-01
2.603569674089382113e-01
2.533216019426212107e-01
3.194690793204357226e-01
3.632416769762852327e-01
2.486116372796131624e-01
-9.019615572758353794e-01
-1.958991154166659809e+00
9.040387332606758530e-03
5.268411774614539800e-01
6.624923849142165810e-01
5.761371223868432256e-01
3.633393112715687101e-01
4.160170410482712522e-01
5.444019643017750099e-01
3.452047579343423545e-01
2.950001153982055868e-01
1.331568240440416107e-01
2.829508559248014588e-02
6.783514978093957426e-02
-4.489036540225227467e-03
-2.688862030833175099e-02
8.760199245190178341e-02
2.326042145308662989e-01
3.282086298532338464e-01
3.612970365179946075e-01
3.672358241936572454e-01
3.418439955067316127e-01
5.193154412511147289e-01
4.522097504388009059e-01
5.023143289804539169e-01
5.124308456250379340e-01
5.291914658737506549e-01
4.866886724904358474e-01
4.875023010269493029e-01
