-3.463554617246485112e-02
-1.163899994857143377e-02
4.014455726797059448e-02
2.178024476661435602e-02
1.544735519817309714e-02
-4.778281902965785671e-02
-8.982501741637262116e-01
-1.242241878173476755e+00
-3.350292091370856706e-01
1.173376350726991618e-01
2.430570096826523419e-01
2.355875268293513014e-01
-9.087654761011007554e-02
-2.905382638389727989e-03
7.927729556584697801e-02
1.204691017181409168e-01
1.165986375862756164e-01
1.003393010096070709e-01
7.898663999666334645e-02
7.767304308232936272e-02
4.668173497820164025e-02
9.480681446364092047e-02
7.407604217505452115e-02
2.053579967903700065e-02
3.001166894237627253e-02
4.013539086646696064e-02
-9.142703697557581777e-02
-5.615380465442208757e-02
-8.640367361255027120e-03
1.047044202484711216e-02
3.428187324671258529e-02
6.012306191096514901e-02
4.230149862525183629e-02
-1.021963701317903928e+00
-3.011793374737179452e+00
-7.315254383529941062e-01
-4.919116055295505441e-02
-1.246600888241762295e-01
1.906326532838814591e-01
-3.562929236847531267e-02
-2.923612047916471779e-01
-4.522817991815278327e-02
1.408301341226681491e-01
4.189810839680870869e-01
4.749447131879277473e-01
4.337848158609892701e-01
-6.066242323077758458e-02
-6.192811608996164757e-02
4.360056433786108770e-02
1.772867388095894503e-01
2.005584212734518312e-01
1.742871138235465855e-01
-2.912745372885691686e-01
-1.424287920002551555e+00
-2.450243965913825039e-01
1.867561394521811413e-01
3.188590992002230395e-01
1.760596285425357066e-01
1.454042273372635474e-01
2.349133457071935771e-01
2.098043580368145478e-01
1.839761991013918740e-01
-2.403947028097730143e-01
-3.114433986984931346e-01
8.296439806413624662e-02
2.603089096998870700e-01
2.911955407766430026e-01
2.898737879640280179e-01
2.915232181908413156e-01
2.370422689198302124e-01
1.517273056921564223e-02
4.994300461045456802e-02
1.444319083701365858e-01
1.537598333144796769e-01
9.967648279805813027e-02
1.108845927695263633e-01
1.603929377375601928e-01
1.838205551353520317e-01
7.626961196417239575e-02
-4.512019654399301860e-02
9.772445742489285769e-02
1.145860972501644148e-01
3.926798997895522558e-02
6.103890166285939889e-02
1.265751942440977995e-01
1.373306088967390370e-01
2.163751563633575792e-01
2.156450777933750784e-01
1.669383585028035577e-01
1.881088515386246662e-01
1.710633102803318095e-01
1.722211568433225093e-01
9.031885189523913837e-02
6.184767156695294976e-02
1.147166305173681344e-01
1.657321435990491976e-01
1.665128963471280421e-01
2.047807663747320261e-01
2.310453964263252669e-01
1.854064909559380858e-01
1.512664879027683096e-01
1.042033510872119872e-01
6.365336215745091841e-02
7.445459388935735112e-02
3.977183897048297556e-02
1.009959465459936978e-01
1.585135788888939745e-01
2.064316205824187067e-01
2.873950620118470578e-01
2.299191592426346742e-01
8.761944723690633097e-02
-8.469418762804838130e-02
-1.488376076177379548e-01
-8.920550208472153297e-01
-1.346296504592956467e+00
-4.806360762203372716e-01
4.823327764688102592e-02
2.529646751140868788e-01
-4.020997298194964320e-02
-2.016927980515881846e-01
2.206954847230538641e-01
4.493752804580894433e-01
4.276446005679129803e-01
2.725826377325679672e-01
1.408373267002634710e-01
-2.368125981325834850e-01
1.808433618680663491e-01
4.398442278918920922e-01
4.318952732872816114e-01
4.284397390288351426e-01
4.986082217643513781e-01
4.748536229163107247e-01
-7.063815614598425441e-01
-1.020929536032543439e+00
1.416958090782109714e-01
5.346112082891940620e-01
4.630395215557907007e-01
5.166130755996007906e-01
6.077280067119114060e-01
6.675820425322984697e-01
5.795821633680147134e-01
-5.756133926580068172e-01
-1.907685604193619433e+00
9.700799962953050165e-03
6.455252562807963779e-01
8.224043137693798355e-01
7.916588437169379544e-01
7.218583911222689053e-01
7.655374803062942046e-01
8.189859162161934325e-01
6.213560684299836989e-01
5.826247770295489570e-01
4.739154991490814872e-01
3.702559957035581606e-01
3.838262568978343392e-01
3.129689441861318588e-01
2.871661591565347615e-01
3.569096834136860630e-01
4.713885270793209403e-01
5.413907654776093370e-01
6.027797084061496946e-01
6.203016849376332686e-01
6.301588898397679772e-01
7.740595925126478871e-01
7.386438939717303587e-01
7.622543526525358271e-01
7.789380969767099039e-01
8.038450191370558606e-01
7.809022639055787085e-01
7.883470735989517308e-01
