-3.235141789081329211e+00
-3.231952202904955662e+00
-3.230586330194147315e+00
-3.226658073991060860e+00
-3.221420181939353533e+00
-3.210106750629747374e+00
-3.245358815118746243e+00
-3.234782889648462945e+00
-3.227766024018409396e+00
-3.216414876083661056e+00
-3.196295771343189429e+00
-3.158860090953965027e+00
-3.130924202508335696e+00
-3.123792520479456769e+00
-3.090485210665402604e+00
-3.005073541829417660e+00
-2.769533112579934730e+00
-1.370838181784131971e+00
-4.782234113708158318e+00
-3.871077395225993811e+00
-3.689408992125496667e+00
-3.562514746596337822e+00
-3.481490259905003271e+00
-3.458409120887657728e+00
-3.446025171638713136e+00
-3.424952136267853220e+00
-3.457199603298657831e+00
-3.558258675972522767e+00
-3.581300743304709044e+00
-3.517860087217555609e+00
-3.446860343974634588e+00
-3.389899450960858651e+00
-3.356868125604699937e+00
-3.083864844304588626e+00
-3.217900291227230536e+00
-3.217687990848685953e+00
-3.206123770777039361e+00
-3.190847521681246413e+00
-3.170438975178918817e+00
-3.146357706534039345e+00
-3.135932323610934880e+00
-3.124334758283717761e+00
-3.093818972576221960e+00
-3.012925861176936060e+00
-2.689250855629332193e+00
-6.983086329372161671e+00
-4.908056004121148064e+00
5.130638655342558252e+00
8.298016229648130793e-01
-5.778319115329302313e+00
-3.962361424183954206e+00
-3.686012879434104939e+00
-3.868489838066774489e+00
-2.937438541633824229e+00
-3.076280510941352020e+00
-3.008319105676800831e+00
-2.694654377456764394e+00
2.810098646352979301e+01
-4.243657200946141295e+00
-3.734264576064287855e+00
-3.558741232362686802e+00
-3.487405375685924902e+00
-3.522460770529732166e+00
-3.768694293473823898e+00
-3.857735532346263874e+00
-3.574895342872731696e+00
-3.446981014198772453e+00
-3.388059364174480947e+00
-3.354467020300838875e+00
-3.335381046810281802e+00
-3.329159211840982735e+00
-3.328286401286263185e+00
-3.321203603494751633e+00
-3.308447162628940674e+00
-3.297636805664102333e+00
-3.288450890271580107e+00
-3.278079191962459227e+00
-3.267203490361329177e+00
-3.258001370947480879e+00
-3.250273027485472976e+00
-3.242089205309540034e+00
-3.233683888983041044e+00
-3.224992479716753735e+00
-3.215980059176658301e+00
-3.208384148245208678e+00
-3.202189144894147521e+00
-3.197507916092827696e+00
-3.193503774804516304e+00
-3.187683829660852730e+00
-3.181419853354456428e+00
-3.175874890192023514e+00
-3.170294999136421765e+00
-3.163189396044844948e+00
-3.154220458898848278e+00
-3.146036297810038462e+00
-3.139020085087397050e+00
-3.131990035509312875e+00
-3.127188599799096913e+00
-3.125068809613340548e+00
-3.120825256074594378e+00
-3.114426691109439371e+00
-3.106615963468942532e+00
-3.096850911114976235e+00
-3.087637634805999731e+00
-3.078311888967764087e+00
-3.071912357448545627e+00
-3.071772204944694273e+00
-3.074811592100682223e+00
-3.078851222277590338e+00
-3.079958378151751219e+00
-3.074320402054675050e+00
-3.060148287511489151e+00
-3.039229257720290178e+00
-2.973491373135101590e+00
-2.671662502979455844e+00
-1.841912264604770089e+00
-2.370263003664453638e+00
-2.757950906407399039e+00
-2.855996800382494705e+00
-2.852540219107751795e+00
-2.890730170168743562e+00
-2.963704452763149089e+00
-3.008564710140807286e+00
-3.025962203136480788e+00
-3.025959078552629578e+00
-3.004124111562088917e+00
-2.991775912074529309e+00
-3.010620739714853222e+00
-3.028218783946249104e+00
-3.037978881155117605e+00
-3.045219162698047377e+00
-3.049196619765239369e+00
-3.018978157769010462e+00
-2.924921509845006540e+00
-2.873534768677589391e+00
-2.929549022757298893e+00
-2.969279834097336312e+00
-2.990984425897638577e+00
-3.008100700491286084e+00
-3.021244517256127082e+00
-3.028112246229109239e+00
-3.003272197863403825e+00
-2.869789356691050841e+00
-2.722622115990004144e+00
-2.832301441617747439e+00
-2.919945892889427075e+00
-2.963057691361863810e+00
-2.986369288963076407e+00
-3.001298574066191271e+00
-3.009729238964924392e+00
-3.009738707976584493e+00
-3.005117379029186075e+00
-2.999926114582104120e+00
-2.992950619270519308e+00
-2.985707685082231944e+00
-2.978384976512142401e+00
-2.970596608416046003e+00
-2.964328604580195758e+00
-2.961251781166113428e+00
-2.960160494930662800e+00
-2.960515239868431792e+00
-2.961383443901446366e+00
-2.962007655016693608e+00
-2.964225302403003859e+00
-2.966102175369951688e+00
-2.965883668896420744e+00
-2.964874078870541219e+00
-2.963966995153435313e+00
-2.962665223670556180e+00
-2.960956438398542723e+00
