-1.347516625214190146e-06
-7.354609571574860036e-06
-5.732120933694945801e-06
2.679955656707629620e-05
8.820928103041982351e-05
1.676762811720565970e-04
1.274784939124295796e-04
-4.995041123119713621e-04
-1.896395928592162087e-03
-3.640407976328114293e-03
-5.386122439633078338e-03
-6.994615908331531552e-03
-8.467654847488985045e-03
-9.932414264154261485e-03
-1.136774882438878337e-02
-1.271120419189789713e-02
-1.392346319405566961e-02
-1.499562114828052219e-02
-1.593122840907744420e-02
-1.673807100421972893e-02
-1.742278503922181296e-02
-1.799475332107381559e-02
-1.844002996593505778e-02
-1.877124383717536024e-02
-1.901599881373545672e-02
-1.917878471961887571e-02
-1.927545059542209310e-02
-1.936802885429156004e-02
-1.945626847654713734e-02
-1.951620436402762282e-02
-1.953177056890013571e-02
-1.948688290273595247e-02
-1.936943958764971233e-02
-1.931702839064215749e-02
-2.009780734675360031e-02
-2.255908681932723009e-02
-2.582976314172503313e-02
-2.932396458864787794e-02
-3.291873518998705839e-02
-3.645811729002721574e-02
-4.000745243228235465e-02
-4.365910856095845533e-02
-4.728750248209807189e-02
-5.072196300159649562e-02
-5.377563325948375716e-02
-5.636463209799692092e-02
-5.854034167475449107e-02
-6.053441088288460253e-02
-6.239743311055685054e-02
-6.406993789233679515e-02
-6.547405797576061337e-02
-6.658641804464135450e-02
-6.747639035631583515e-02
-6.851777980677969948e-02
-7.019022206533080677e-02
-7.204995123957787240e-02
-7.373955219980216080e-02
-7.514428106718180900e-02
-7.629975821803933189e-02
-7.722017676748310633e-02
-7.786486806169490293e-02
-7.823290610237462750e-02
-7.839366830184676949e-02
-7.856843129049033425e-02
-7.880910568199436805e-02
-7.893441610757906401e-02
-7.881414466851188738e-02
-7.840354054771915548e-02
-7.769185542920764576e-02
-7.668670951380632261e-02
-7.545184297671696239e-02
-7.410155065712757672e-02
-7.265575436149727950e-02
-7.107398115027838137e-02
-6.934630638759145538e-02
-6.750357836404688450e-02
-6.554852506422352565e-02
-6.345733076809090267e-02
-6.122698858819325407e-02
-5.892432437922597022e-02
-5.660756741540327874e-02
-5.423691260640055301e-02
-5.181674019408415155e-02
-4.939006635875399509e-02
-4.694850621104046384e-02
-4.445106173580335579e-02
-4.186959155453573445e-02
-3.915816700875809908e-02
-3.631078539193770272e-02
-3.335440079946773440e-02
-3.028348243358942871e-02
-2.709928024224270149e-02
-2.381396358489223930e-02
-2.047297294374176083e-02
-1.710119687163601243e-02
-1.368363953885400226e-02
-1.020767023135116768e-02
-6.667180509183755904e-03
-3.033074854201161814e-03
7.102170465624764971e-04
4.535096672369472344e-03
8.417382189801559181e-03
1.232274715788111291e-02
1.622496097926607456e-02
2.011704969816840646e-02
2.398851529539711841e-02
2.787524427242130814e-02
3.182557742374195198e-02
3.588408337607405102e-02
4.008683158668051305e-02
4.440270958681664937e-02
4.874029335037828592e-02
5.298935504568739324e-02
5.699674472598834085e-02
6.033130886427418710e-02
6.275900096885338175e-02
6.467538467285550985e-02
6.646492487835366225e-02
6.828040592848989843e-02
7.001678855133937340e-02
7.163398811600511784e-02
7.336262305865078048e-02
7.538233753352263644e-02
7.772212234908977557e-02
8.030625210130938607e-02
8.300741058491202529e-02
8.567239515523894511e-02
8.848526368805108289e-02
9.162040172528990167e-02
9.511244049014179469e-02
9.897460173568192743e-02
1.032364235972643568e-01
1.077436907432034047e-01
1.118760125496907482e-01
1.154330473978965321e-01
1.189451718033486538e-01
1.227318350362067156e-01
1.268312157620707648e-01
1.312919222427718080e-01
1.361821826881950415e-01
1.415375440865276335e-01
1.471913055093186928e-01
1.524125016294161084e-01
1.565909105553504599e-01
1.605019794834293134e-01
1.647024217744268715e-01
1.693677433586059378e-01
1.745258096941255110e-01
1.801888281362750144e-01
1.863825471234913655e-01
1.930949615350161519e-01
2.002262849104591291e-01
2.077203937850322923e-01
2.155152744245014407e-01
2.235436841913351069e-01
2.317744641521205518e-01
2.401600582960609631e-01
2.486729541532720356e-01
2.573318221983234011e-01
2.661806246493996220e-01
2.752535525778004311e-01
2.845856129534299894e-01
2.941887074732728036e-01
3.040853208894686022e-01
3.143261612635419033e-01
3.249109571027407606e-01
3.358321931321808229e-01
3.470647822008725569e-01
3.585905193078652853e-01
3.704009364555521655e-01
3.825001969990021178e-01
3.949002836347287326e-01
4.076122952981215408e-01
4.206448518671536130e-01
4.339963033764460687e-01
4.476549046063718063e-01
4.616004146481533232e-01
4.758110597967610822e-01
4.902681715962748932e-01
5.049604425312279599e-01
5.198769884473418701e-01
5.350115374514323729e-01
5.503644058792241944e-01
5.659434822801779896e-01
5.817668700750908695e-01
5.978556735280438073e-01
6.142166064813895376e-01
6.308531244433057683e-01
6.477559881283524446e-01
6.649174617456055092e-01
6.823215698141688046e-01
6.999521555107186543e-01
7.177980740118946601e-01
7.358568488950625319e-01
7.541320091624242883e-01
7.726339572371311304e-01
7.913816772341321082e-01
8.103895400737592958e-01
8.296672601484527121e-01
8.492095965354115039e-01
8.689964469055434515e-01
8.890028251811967763e-01
9.092102075187916688e-01
9.296038856777757431e-01
9.501740497725693624e-01
9.709205612134496066e-01
9.918522760638051050e-01
1.012977763808207810e+00
1.034294193076695567e+00
1.055797257321329008e+00
1.077479749232925998e+00
1.099324059242966278e+00
1.121312454770933664e+00
1.143431336957617006e+00
1.165673199810993710e+00
1.188034374733681231e+00
1.210517622157069040e+00
1.233135385701064290e+00
1.255898181580839212e+00
1.278807572585139551e+00
1.301853563927254376e+00
1.325019614404645996e+00
1.348288131605753781e+00
1.371647643069259459e+00
1.395089263679892833e+00
1.418603951820274212e+00
1.442185696213989843e+00
1.465830422154877688e+00
1.489540223403287733e+00
1.513322815069346738e+00
1.537185790561278242e+00
1.561131810956440935e+00
1.585156532859935963e+00
1.609251551291706495e+00
1.633403514571505566e+00
1.657600145346068254e+00
1.681825256176963324e+00
1.706067722498388006e+00
1.730323178758920388e+00
1.754591203391024257e+00
1.778878957074919498e+00
1.803197550951542327e+00
1.827553648779314033e+00
1.851950071197873138e+00
1.876371956955357190e+00
1.900797191297810329e+00
1.925206151901941443e+00
1.949581719259095403e+00
1.973913881911327106e+00
1.998196846073544197e+00
2.022433624936389673e+00
