-6.378786916706966634e-04
-7.343103482929620252e-04
2.799963078781987375e-03
6.899876298047943196e-03
9.132824111545784218e-03
6.988326599391869037e-03
-4.758295918899524413e-02
-1.532319759668568371e-01
-2.022066898346739638e-01
-1.725763514106756213e-01
-1.228569425986148489e-01
-7.990989962679734271e-02
-6.604952579948018820e-02
-6.591398883027697886e-02
-5.602961345853673530e-02
-4.094500788977827044e-02
-2.650399772298456247e-02
-1.535224465699803510e-02
-7.342777398649635856e-03
-1.200599471180704807e-03
2.689340148315201399e-03
7.819695809667789183e-03
1.363404286640283042e-02
1.499331928827472502e-02
1.488985223796253018e-02
1.627413804795303440e-02
1.057177333170448291e-02
2.027115005029996725e-03
-7.847109454376614140e-06
1.988881913632967093e-03
6.060587899279655175e-03
1.201220804590829271e-02
1.701657752461973108e-02
-4.193954186113550697e-02
-2.576266544677254244e-01
-3.956770336866558546e-01
-3.570804524308723860e-01
-3.043888719426259826e-01
-2.526289295091473375e-01
-2.118193617784931704e-01
-2.067982116323944797e-01
-2.011345534327705631e-01
-1.735868353014631826e-01
-1.261510082436625990e-01
-7.042163378745544544e-02
-2.410683543217700259e-02
-1.598843929876981457e-02
-3.121864691862203528e-02
-3.444802221391449204e-02
-2.191169904780586319e-02
-2.460714704774078637e-03
1.368454880788580810e-02
-7.687463871621797590e-04
-1.000479767717353669e-01
-1.653034525633254870e-01
-1.341457867625951150e-01
-8.267997201300833487e-02
-4.441827671803852406e-02
-2.301280094905567078e-02
-1.912634348967240383e-03
1.929502562977398680e-02
3.456710493574788323e-02
2.178471260922085900e-02
-1.186951160872122546e-02
-1.855692652545030963e-02
5.255050296816127925e-03
3.488015125273920963e-02
6.100364626363301984e-02
8.283483804301808306e-02
9.701066903880975478e-02
9.386353564421975881e-02
8.318750030121853378e-02
8.224706195389491770e-02
8.879482198061550147e-02
9.238676075297060086e-02
9.346427546750356308e-02
9.855629264801020473e-02
1.075533066845478780e-01
1.104294519516324097e-01
1.014042655740473448e-01
9.701621461228505938e-02
9.999433081375909416e-02
9.713960575023811161e-02
9.261826890398820733e-02
9.551383313345132575e-02
1.030236821218643017e-01
1.152390758470032556e-01
1.299070123494780182e-01
1.382968926548415745e-01
1.442918837913680363e-01
1.510968744335168534e-01
1.570241210483371008e-01
1.579530638952646171e-01
1.536223386782217259e-01
1.519287897944173737e-01
1.547448309919643439e-01
1.584362989616493744e-01
1.649436749146851178e-01
1.754045624097798906e-01
1.824047387139076937e-01
1.845525201052872211e-01
1.831722710615071026e-01
1.781627095150066509e-01
1.737972245499876944e-01
1.693773559355200298e-01
1.686233665192291842e-01
1.759120845141062817e-01
1.884667380098286327e-01
2.054011739419257521e-01
2.195802905027435525e-01
2.210616210103944490e-01
2.067895945881974840e-01
1.839745070494759049e-01
1.203251734383380261e-01
6.406455575385966439e-03
-5.764050946921529806e-02
-3.771991434884791605e-02
1.231643741167234157e-02
4.247989294778785341e-02
4.138418845160628246e-02
5.784796421409184319e-02
1.055572590075626316e-01
1.542532628737140754e-01
1.843895585678544946e-01
1.939936190965854124e-01
1.739479265186221479e-01
1.660020611737219598e-01
1.975182036449833756e-01
2.353790980320666082e-01
2.660835279609442550e-01
2.960038361717936550e-01
3.228445147695813144e-01
2.761728944580201794e-01
1.633113197663138005e-01
1.262537066990059853e-01
1.767697872750430277e-01
2.301331132386704725e-01
2.721107389393209730e-01
3.146535166293130126e-01
3.575122601706473002e-01
3.915195343155318253e-01
3.512212030312866218e-01
1.849779551502820918e-01
9.771400575050459558e-02
1.602890519176854989e-01
2.474375472180242452e-01
3.200740420390233987e-01
3.752919470835515692e-01
4.219842601596784926e-01
4.635676496713270200e-01
4.881828798138193592e-01
4.992690267773579049e-01
5.054859875172519335e-01
5.043337608645543924e-01
5.021082054011585249e-01
4.994191235862924794e-01
4.948386421091728882e-01
4.946541218052046274e-01
5.037020388240301960e-01
5.193407856544327572e-01
5.389184744891457601e-01
5.597287892318631997e-01
5.796415072981360161e-01
6.050726517098303781e-01
6.312929158894939885e-01
6.529510546104343449e-01
6.734085568495972174e-01
6.940476330682481265e-01
7.130278000886337564e-01
7.302441794944938280e-01
