-1.797525854564515413e+00
-1.796676258901008572e+00
-1.792965969547793303e+00
-1.805807877668968109e+00
-1.800313557180053037e+00
-1.801942344869095214e+00
-1.797449217368432661e+00
-1.796922585350507307e+00
-1.795988039497216082e+00
-1.794432657841352974e+00
-1.792101326291847929e+00
-1.788774320220543945e+00
-1.786008297331333372e+00
-1.784231160126319660e+00
-1.781110981989762809e+00
-1.776073618847276991e+00
-1.768650777564301446e+00
-1.758466119751605827e+00
-1.745155161115263143e+00
-1.726468142613288403e+00
-1.702522490591939830e+00
-1.650512148918699573e+00
-1.443928929751786994e+00
-8.889317497164490600e-01
2.580189010686229079e-01
-3.331872112294866461e+00
-1.151340864111906725e+00
-1.623283841443431630e+00
-1.660478207520116767e+00
-1.654692446294260266e+00
-1.620400736197429525e+00
-1.483467802243726208e+00
-5.952022524482836197e-01
-1.761436933116939718e+00
-1.789557654645447471e+00
-1.791584900836764804e+00
-1.790167858474170481e+00
-1.788185620340704052e+00
-1.785707834087629120e+00
-1.782910266350331785e+00
-1.781247399465246684e+00
-1.779541566661714480e+00
-1.776305082440708061e+00
-1.770196166199556442e+00
-1.758604250645255718e+00
-1.737602204103548376e+00
-1.722199370615611125e+00
-1.724871504561729330e+00
-1.722140684836632074e+00
-1.706619209565952033e+00
-1.670748045779654190e+00
-1.603416696207298209e+00
-1.640947771125629284e+00
-1.745314714550300517e+00
-1.762690616267911459e+00
-1.758810278537819238e+00
-1.747249159533771357e+00
-1.731384639561339478e+00
-1.715020978814290720e+00
-1.687719925333874160e+00
-1.633316140167031749e+00
-1.528202625480881149e+00
-1.574831547239294860e+00
-1.674296767015991838e+00
-1.687954890606637282e+00
-1.645140100219335766e+00
-1.472309408282101550e+00
-6.301588232485277885e+00
-2.106322221004920614e+00
-1.972952877514804637e+00
-1.958003298247821711e+00
-1.974198214024277087e+00
-1.963013814408465008e+00
-1.938387220293125823e+00
-1.925686190941834131e+00
-1.919018094223115867e+00
-1.907301910440948989e+00
-1.892887358929874475e+00
-1.886971322762358794e+00
-1.895686308943104414e+00
-1.902262686290647320e+00
-1.895968486373791562e+00
-1.894891471893486612e+00
-1.897371555508311269e+00
-1.892466228128386607e+00
-1.883247003829069399e+00
-1.871209535292840620e+00
-1.859649456613476692e+00
-1.852654454835461317e+00
-1.847554907193410978e+00
-1.843137890188063954e+00
-1.839547989348803370e+00
-1.837681862028458069e+00
-1.837592925662694165e+00
-1.836833688547974131e+00
-1.834217258487120361e+00
-1.831064143322582494e+00
-1.827741444458752085e+00
-1.824175317959799703e+00
-1.821303599567217102e+00
-1.819309675732250220e+00
-1.817946428007340964e+00
-1.817130570557373703e+00
-1.816411501108371684e+00
-1.815778409045918362e+00
-1.814843565744822973e+00
-1.813073848715485381e+00
-1.810826176153284450e+00
-1.808299282666316898e+00
-1.806089025199154818e+00
-1.804574632496928954e+00
-1.803692193278617850e+00
-1.803226139417518858e+00
-1.806368067281025613e+00
-1.788990951505970095e+00
-1.793293787276097007e+00
-1.792060367425321488e+00
-1.788860598634247179e+00
-1.785293597583418990e+00
-1.784595243291556388e+00
-1.781479152799994248e+00
-1.763609358050541864e+00
-2.184701294464181487e+00
-1.837642613134909286e+00
-1.824545581759254853e+00
-1.830617934043698991e+00
-1.835221591163999522e+00
-1.817113172311026537e+00
-1.808701302895483254e+00
-1.804743837437036369e+00
-1.802091277610293307e+00
-1.800112452836263977e+00
-1.798902197891714128e+00
-1.797784864263352711e+00
-1.795011684019226728e+00
-1.796114545608954227e+00
-1.795901561423705939e+00
-1.795325362830678229e+00
-1.794749216200236308e+00
-1.794175547457764086e+00
-1.793476402818316995e+00
-1.791482690055051785e+00
-1.779179185842034272e+00
-1.224253162078904333e+00
-1.752427543653871433e+00
-1.780599832528590110e+00
-1.786234898731972942e+00
-1.787900139681488865e+00
-1.788463450719992576e+00
-1.788657927320707053e+00
-1.788343994014151672e+00
-1.787645367881902647e+00
-1.786734218917560124e+00
-1.785552666587753246e+00
-1.784280959152286128e+00
-1.782938954224271733e+00
-1.781461170647942183e+00
-1.780113974683773748e+00
-1.779182312718547543e+00
-1.778619084943458439e+00
-1.778258099807186632e+00
-1.777949157604838515e+00
-1.777588544861072872e+00
-1.777428768952713067e+00
-1.777303464256646537e+00
-1.777028926055886249e+00
-1.776716018281875531e+00
-1.776375597499909587e+00
-1.775948316768713120e+00
-1.775433012730308402e+00
