-1.273763642041573219e+00
-1.273100806464327661e+00
-1.274193902320384986e+00
-1.273577674030368589e+00
-1.273121555626275825e+00
-1.272274131055493918e+00
-1.274237152920858929e+00
-1.273632445240069577e+00
-1.273140198774484144e+00
-1.272418700290957938e+00
-1.271387906265518897e+00
-1.269968560088291953e+00
-1.268739386167991645e+00
-1.267867367006966894e+00
-1.266460551836272597e+00
-1.264240200233066158e+00
-1.260955592171663309e+00
-1.256269082040271989e+00
-1.249446318210572171e+00
-1.238411914612626008e+00
-1.219850389868201379e+00
-1.160392857885177875e+00
-2.132007708112459099e+00
-1.414852390593354547e+00
-1.365440899077663417e+00
-1.338750277174695302e+00
-1.349415981158605504e+00
-1.428248664365212806e+00
-1.511171796650820465e+00
-1.451911225666668637e+00
-1.379185117056382914e+00
-1.336301956157729176e+00
-1.317761170441762220e+00
-1.243766860288212595e+00
-1.269792953995365625e+00
-1.270990873757481099e+00
-1.270417004772862679e+00
-1.269584440565833861e+00
-1.268536276032800059e+00
-1.267339444660704473e+00
-1.266564038419447202e+00
-1.265761508936211532e+00
-1.264339586165434515e+00
-1.261758162977771658e+00
-1.256974926440934448e+00
-1.248358887461965550e+00
-1.240475026004608683e+00
-1.238935380854294221e+00
-1.235241334281729664e+00
-1.223707733125847907e+00
-1.192469997422529460e+00
-1.085499008704406521e+00
-1.108910652732853830e+00
-1.240414830077279262e+00
-1.253637616557212509e+00
-1.251705278477333261e+00
-1.244410833991934417e+00
-1.232299478424086825e+00
-1.215747636434659329e+00
-1.175731157169100038e+00
-9.183867176655130526e-01
-1.561790393291818013e+00
-1.574433818499914040e+00
-9.530916427095960097e-01
-1.070756645645727145e+00
-3.164137693725880496e+00
-1.391544206834516517e+00
-1.333300174049550257e+00
-1.313712400538350256e+00
-1.304841171653920995e+00
-1.302110714249695267e+00
-1.301836493714968679e+00
-1.300282723778752425e+00
-1.297650148437436535e+00
-1.295675502694728642e+00
-1.294243023071975474e+00
-1.292484616725668056e+00
-1.290454297917152937e+00
-1.289058723142406659e+00
-1.288726182766930073e+00
-1.288241563292068292e+00
-1.287213530151748886e+00
-1.286593904425385126e+00
-1.286160772903609084e+00
-1.285265600228405969e+00
-1.284063612826665146e+00
-1.282657029896249412e+00
-1.281226749904734064e+00
-1.280090439208995345e+00
-1.279099885209953325e+00
-1.278153306116978749e+00
-1.277276346181037692e+00
-1.276496346572622009e+00
-1.275789957004686892e+00
-1.275082365520614269e+00
-1.274368570369837972e+00
-1.273669119734059496e+00
-1.272994951802680852e+00
-1.272363213928418668e+00
-1.271743071151062443e+00
-1.271107891588001415e+00
-1.270445654380958134e+00
-1.269732806576858275e+00
-1.269006218999387370e+00
-1.268257322434636292e+00
-1.267558621449498713e+00
-1.267040737099385472e+00
-1.266681480513893954e+00
-1.266462125703700758e+00
-1.266221655807717061e+00
-1.265730258614539805e+00
-1.264845579876712645e+00
-1.263580740748944331e+00
-1.260287625797450017e+00
-1.246968218974004561e+00
-1.189602659074737279e+00
-1.155505922938137919e+00
-1.210605663183266456e+00
-1.226982844381360183e+00
-1.224418116516270416e+00
-1.231253062917313290e+00
-1.245631955467789487e+00
-1.253384307612410264e+00
-1.256655727790679578e+00
-1.257744128733242261e+00
-1.256779725758559341e+00
-1.256106063920203963e+00
-1.257716994286106615e+00
-1.259367836986357236e+00
-1.260433746287690893e+00
-1.261249246865928209e+00
-1.261813000967370257e+00
-1.260398919017798214e+00
-1.255405207832346770e+00
-1.251358301224110514e+00
-1.253201241751949135e+00
-1.255403085912720096e+00
-1.256917258814329585e+00
-1.258262935625373169e+00
-1.259402220746516976e+00
-1.260132905612723286e+00
-1.259027635894085284e+00
-1.252529974640673727e+00
-1.243755070708808530e+00
-1.246288977445403567e+00
-1.250936597628611313e+00
-1.254107263316647902e+00
-1.256085483069468101e+00
-1.257460550122324383e+00
-1.258455652997546803e+00
-1.258920169658212185e+00
-1.258995225101926296e+00
-1.258891717597780957e+00
-1.258578924844801383e+00
-1.258169800538657679e+00
-1.257697129216180265e+00
-1.257136822216639027e+00
-1.256621216206764036e+00
-1.256276108607944808e+00
-1.256078947497871745e+00
-1.255992746466579657e+00
-1.255956320089578915e+00
-1.255915749775880386e+00
-1.255978124525884976e+00
-1.256064270899174939e+00
-1.256078163641166645e+00
-1.256015761802123709e+00
-1.255873499152022621e+00
-1.255694845754651956e+00
-1.255512079741992748e+00
-1.255353287204671098e+00
-1.255219086263568817e+00
-1.255101191937341820e+00
-1.254981598814257859e+00
-1.254836325450284784e+00
-1.254648843190962371e+00
-1.254415496420780984e+00
-1.254145079926500816e+00
-1.253857270623958131e+00
-1.253561414375621297e+00
-1.253260812261813184e+00
-1.252968994018447635e+00
-1.252698307022752644e+00
-1.252464813051725745e+00
-1.252283137747969066e+00
-1.252125143382340600e+00
-1.251970042036292696e+00
-1.251799519540916172e+00
-1.251606271775881130e+00
-1.251389185019657901e+00
-1.251139475623177510e+00
-1.250868629762135420e+00
-1.250594445634846563e+00
-1.250332358337622463e+00
-1.250090638987807923e+00
-1.249885865397551532e+00
-1.249714941715743155e+00
-1.249563242156846332e+00
-1.249409940704067079e+00
-1.249223037328752284e+00
-1.248987494497810991e+00
-1.248715572772376436e+00
-1.248423762095609124e+00
-1.248120106469082558e+00
-1.247819969662526729e+00
-1.247542470421648453e+00
-1.247295178632258805e+00
-1.247057200782697217e+00
-1.246813187602229478e+00
-1.246565427450087471e+00
-1.246297831363663455e+00
-1.246001203158942916e+00
-1.245685110615697866e+00
-1.245362295972241462e+00
-1.245042441404918154e+00
-1.244732240650061383e+00
-1.244449205925628688e+00
-1.244198512853773364e+00
-1.243963108925291383e+00
-1.243719323701637069e+00
-1.243450257500096967e+00
-1.243151493291973608e+00
-1.242833602559337836e+00
-1.242509265868453339e+00
-1.242178635600030390e+00
-1.241845176288436159e+00
-1.241513158983321707e+00
-1.241189396871074102e+00
-1.240886553390313063e+00
-1.240607577561546160e+00
-1.240343740051986554e+00
-1.240079399212196121e+00
-1.239804687612614975e+00
-1.239510591526743477e+00
-1.239197715597392335e+00
-1.238864207248057125e+00
-1.238511326081151109e+00
-1.238156616764547024e+00
-1.237808917769051664e+00
-1.237478490045145652e+00
-1.237178529068863053e+00
-1.236901467182463410e+00
-1.236639057536465858e+00
-1.236365064900575295e+00
-1.236049316728831560e+00
-1.235696581215831369e+00
-1.235315700766911551e+00
-1.234920328809580248e+00
-1.234522787277384070e+00
-1.234135662650919674e+00
-1.233776854164891690e+00
