-1.090041000882534250e-02
5.450067210510316923e-03
5.340463260435067416e-02
3.460828682388985417e-02
3.196354055989191617e-02
-3.519399368320428462e-02
-8.838231741266786567e-01
-1.222518143435923133e+00
-3.140191220694859009e-01
1.351634110300491409e-01
2.579665284488043553e-01
2.464659807634813349e-01
-8.160514491740798737e-02
4.205583246363372996e-03
8.614875312929351492e-02
1.306104508725884072e-01
1.240033416076541384e-01
1.105556231274487239e-01
9.182522382978859643e-02
8.796625954908512957e-02
5.907461110766280832e-02
1.047002667316045549e-01
8.319775992451543256e-02
3.461124551906496344e-02
4.518989686581069420e-02
5.242568068872189430e-02
-7.675187237504474402e-02
-4.042828545764130810e-02
7.583258401806887081e-03
2.968665581774081186e-02
5.502084438323968929e-02
8.032170322184693789e-02
6.222067174550584279e-02
-1.000860413835808593e+00
-2.979811290515559818e+00
-6.947964873274681263e-01
-1.871758743153334459e-02
-9.658665271765842775e-02
2.203214847524168629e-01
-1.311726858205813917e-02
-2.672799165234972518e-01
-2.437050448313196616e-02
1.578365480488210515e-01
4.336187936240644691e-01
4.919437321196389878e-01
4.485121120640193082e-01
-4.666998176108110019e-02
-4.245347615460214746e-02
6.543031534446938635e-02
2.060786340880328971e-01
2.297031366285264276e-01
2.025682851992484657e-01
-2.620049626815246224e-01
-1.386925676586218792e+00
-2.016795589504579156e-01
2.317402614489220969e-01
3.628333219450505798e-01
2.288010859021412380e-01
1.885080117439613956e-01
2.779538042850615565e-01
2.578837354322649489e-01
2.252515188857074635e-01
-1.980307487754803253e-01
-2.622313791141628880e-01
1.214095011534059854e-01
2.923372339118201491e-01
3.321503513875160851e-01
3.355570704913319324e-01
3.346920669424307548e-01
2.588478397445223012e-01
5.202562930139885411e-02
6.448220881618460520e-02
1.647524160694207596e-01
1.934620600083033770e-01
1.335739586303312243e-01
1.458085389234169971e-01
1.995155991783695293e-01
2.311313772766431796e-01
1.234123213211601594e-01
1.285108102525957252e-02
1.465683650752777900e-01
1.391732722142912659e-01
5.487379692471397452e-02
8.610575178188618894e-02
1.692281147803501584e-01
1.876350039723113095e-01
2.776098626628997756e-01
2.814213863285988659e-01
2.143657207764429751e-01
2.483856262768416312e-01
2.415838237777468978e-01
2.440132158895779724e-01
1.649850535435027910e-01
1.339765749742874434e-01
1.804940521356974137e-01
2.054190948930117722e-01
2.042023731595797309e-01
2.612147494722610874e-01
2.970772430830538879e-01
2.366303794799125004e-01
2.200591723965534263e-01
1.708585147649012703e-01
1.367323282358563763e-01
1.522949083052724806e-01
1.187337690064511342e-01
1.927167510062732791e-01
2.639442748385443238e-01
3.180967273591632227e-01
3.870508614173862050e-01
3.323872533482122860e-01
1.989902102238439441e-01
3.355867750353810908e-02
-3.374016286890363370e-02
-7.588271220641481518e-01
-1.215774182763241784e+00
-3.441727056095782999e-01
1.836367070711867333e-01
3.880092090235313651e-01
9.598491856984150972e-02
-6.508106665818381986e-02
3.713472772012887946e-01
5.915473399710009517e-01
5.821427439148408878e-01
4.217679348221627378e-01
2.786262351971168227e-01
-1.102355770608213215e-01
3.259624273177877396e-01
5.809211206608206890e-01
5.698194529893160221e-01
5.683732462080502978e-01
6.328731896100121546e-01
5.941567884854188630e-01
-5.740674138826051820e-01
-9.091601044919523922e-01
2.642514852605629683e-01
6.578133531070128326e-01
5.831029610461238022e-01
6.479811550602494474e-01
7.353978351742120889e-01
7.881927054755624162e-01
7.047595477248597140e-01
-4.196555908366190191e-01
-1.798440708890518991e+00
1.275754732607641273e-01
7.793000295545385869e-01
9.261871576418780894e-01
8.839240548924629515e-01
8.639158355367748676e-01
8.911862448622474009e-01
8.939733681741519611e-01
6.910694173014148012e-01
6.604755958676782335e-01
5.906632825848088242e-01
5.002356913776639935e-01
5.129765697898887034e-01
4.546804727452343209e-01
4.366973598361901243e-01
4.920382522054503327e-01
5.850636582130530616e-01
6.336280356578500861e-01
7.051663079725116745e-01
7.161403688019560843e-01
7.413527945818998433e-01
8.571879684508862951e-01
8.326194632457729616e-01
8.439792405892316829e-01
8.076927523312208423e-01
7.990440533928421241e-01
7.978882831623479444e-01
8.137050802743269751e-01
8.441045668281351722e-01
8.872408210047815214e-01
9.256681248625349134e-01
9.405595245284047445e-01
9.390487717358828590e-01
9.219639031680998409e-01
9.038676471275852720e-01
8.870506182061493883e-01
8.856195468007224125e-01
8.767254360974096050e-01
8.756039172000250614e-01
8.517276387884796796e-01
8.401418711908074100e-01
8.478875281445064083e-01
8.685055685405833614e-01
8.546087470843584111e-01
8.539122741377850323e-01
8.216541159510026837e-01
8.091368340459125230e-01
7.758496014381588424e-01
7.482367984868217858e-01
7.227134336394768210e-01
7.130420036647436843e-01
7.112415355372028181e-01
7.174478961663730558e-01
7.427043552589203124e-01
7.522954833062512892e-01
7.620841814122669700e-01
7.470315487434847634e-01
7.113025242842203610e-01
6.693073750482461115e-01
6.482053513435851455e-01
6.304568322133949909e-01
6.186562703741433911e-01
6.218150931896525568e-01
6.384714563672332366e-01
6.558229035953797581e-01
6.466315599336363018e-01
6.415366831577322682e-01
6.356413703811640836e-01
6.073588874708935048e-01
5.873409145791748109e-01
5.725162597880530946e-01
5.677789300553404139e-01
5.655755008369496295e-01
5.702301784074423896e-01
5.932062175680631322e-01
6.086334641811329549e-01
6.103716601917918982e-01
5.932865601136114719e-01
5.694095054043029069e-01
5.443079669338348747e-01
5.329876733078582340e-01
5.248353490298212076e-01
5.134276710597606153e-01
5.089479769732612180e-01
5.039061898145587026e-01
5.085832179139888609e-01
5.217632372370492044e-01
5.329705023977195921e-01
5.362538391763469470e-01
5.271443168632254928e-01
5.163114691056656103e-01
4.943684512512370177e-01
4.822995517001859578e-01
4.575986817078778746e-01
4.446125977228683746e-01
4.423844096014377669e-01
4.416194380768616590e-01
4.531553323733643612e-01
4.716975270462036574e-01
4.806391733494989049e-01
4.928455339646315436e-01
4.683308559700697371e-01
4.370555539583027560e-01
4.143828844256183253e-01
3.916559706805671781e-01
3.837407004679909694e-01
3.761736647031537206e-01
3.830503143272373512e-01
3.987311933401420094e-01
