7.420152725908062130e-04
2.516101748439353650e-03
6.980171280724708528e-03
1.162026980465961055e-02
1.452912120656454920e-02
1.294156713389914976e-02
-4.103685063061895955e-02
-1.449562612078655333e-01
-1.914710630955404336e-01
-1.601859016450694340e-01
-1.098961524193769745e-01
-6.715740141716416978e-02
-5.381877588914826815e-02
-5.407499078305325058e-02
-4.451809445894027578e-02
-2.951477071615254966e-02
-1.517165971818315064e-02
-4.084032317949754659e-03
4.169224282161827777e-03
1.049804811197159807e-02
1.455048823545256054e-02
1.979606421439803615e-02
2.552306785787504528e-02
2.707731308985708921e-02
2.747427702023485727e-02
2.915673673456043585e-02
2.371795916900336018e-02
1.567760385518774183e-02
1.417664905944834505e-02
1.680096067494659534e-02
2.160218873980915277e-02
2.816758547450270642e-02
3.361562266600787857e-02
-2.474799673094082303e-02
-2.380616101325662148e-01
-3.714023451148503741e-01
-3.295006325813686354e-01
-2.752803877302031910e-01
-2.225810358488142515e-01
-1.815809154549948290e-01
-1.764536234778480983e-01
-1.704783133525205330e-01
-1.430297732298401736e-01
-9.608051979875661952e-02
-4.095481657439543205e-02
4.672895757548194140e-03
1.206462427606799087e-02
-3.122945908494774436e-03
-5.714359865655530349e-03
7.855605709840392942e-03
2.837981726272453126e-02
4.526462515868261843e-02
3.146954952632281810e-02
-6.620867129737333101e-02
-1.283798219727403378e-01
-9.453618019172183029e-02
-4.133469800691188384e-02
-1.498589763331503733e-03
2.103887482485397240e-02
4.266166965740544881e-02
6.463667261502410721e-02
8.045406813344922747e-02
6.800354705999152316e-02
3.552610418055607983e-02
2.981119974292175193e-02
5.343369586874608529e-02
8.296777109810371531e-02
1.096155422422822462e-01
1.318694531302357364e-01
1.449889963956656203e-01
1.409162062528171722e-01
1.291435395792849272e-01
1.266544011454981689e-01
1.333344795135311955e-01
1.375368387098465650e-01
1.388210396160661775e-01
1.443309608472826133e-01
1.542632955432680086e-01
1.582074656535326918e-01
1.507102455823390863e-01
1.476600798067531639e-01
1.498597630385038459e-01
1.447476796414415290e-01
1.386638633125519271e-01
1.418091482134552495e-01
1.507070076200587583e-01
1.649080678727342097e-01
1.818170556134200144e-01
1.910884767446358601e-01
1.976941537533267734e-01
2.062639430715750566e-01
2.142070441148608839e-01
2.170316737915602701e-01
2.143514928379441353e-01
2.136417407841263161e-01
2.155344332540295171e-01
2.172051994342897030e-01
2.231742058875390566e-01
2.346395239574237124e-01
2.419620684768020447e-01
2.446637588629116955e-01
2.444939392731115269e-01
2.407700403590269378e-01
2.381014316740139303e-01
2.353981177518472967e-01
2.368991198762130934e-01
2.474394817767067711e-01
2.636161092251945726e-01
2.830582077382601258e-01
2.988719516862995973e-01
3.024947306100255195e-01
2.910592687920945942e-01
2.710408520207663319e-01
2.110048421142479147e-01
1.017014917618095510e-01
4.255179158410403450e-02
6.671390692838209679e-02
1.198405879585529576e-01
1.524325933703207514e-01
1.536935539234652037e-01
1.733010439765940713e-01
2.237554433824507638e-01
2.749037169609652720e-01
3.074076828625535995e-01
3.182872065062431477e-01
2.985229229055627043e-01
2.919486140499507054e-01
3.253298622985189570e-01
3.641859745535991344e-01
3.956458354005596978e-01
4.259797859834349443e-01
4.520220063833381152e-01
4.049720517413831211e-01
2.923186946470598957e-01
2.558719513231492715e-01
3.070882069578746987e-01
3.603101484226526319e-01
4.024040459524959035e-01
4.451683927264321605e-01
4.874057509736981486e-01
5.206854306319577130e-01
4.819241461477293820e-01
3.167544702182141236e-01
2.300633901419117389e-01
2.940309381591432736e-01
3.804671175776289660e-01
4.497878215382924427e-01
5.043858002247812999e-01
5.518139740097486312e-01
5.899820194877976043e-01
6.089533128876558621e-01
6.157581697503982099e-01
6.208668163872331780e-01
6.212078664757145763e-01
6.207047116746906568e-01
6.199255297309634871e-01
6.179582761604597296e-01
6.193637004571852511e-01
6.278355502970291990e-01
6.408956845642517219e-01
6.575946703910388047e-01
6.760620439744470245e-01
6.945145510365127173e-01
7.176846614924012879e-01
7.409878250556597434e-01
7.593287559023554900e-01
7.758197497623425809e-01
7.928715574858922199e-01
8.090636290578193668e-01
8.242522530299821737e-01
