-6.520961228079254083e-04
-7.969400705554569812e-04
2.799677742498944688e-03
7.220379645290865740e-03
9.847634580205467947e-03
8.004160466982341432e-03
-4.773579270700481492e-02
-1.595586099156268700e-01
-2.180887050419940965e-01
-1.950115826292162791e-01
-1.470967167035587553e-01
-1.025288249046812372e-01
-8.574759923803618178e-02
-8.353561707090383093e-02
-7.190975393478502009e-02
-5.485012688412356507e-02
-3.814512916883133764e-02
-2.468762590584906713e-02
-1.453714183868254524e-02
-6.525406590899583692e-03
-1.048984911753144539e-03
5.390561290764501329e-03
1.247735079597220992e-02
1.492643161977992225e-02
1.556196407941076200e-02
1.749902307444459529e-02
1.211282945010115977e-02
3.233982657953460640e-03
6.664376053132875337e-04
2.330937856887807177e-03
6.365890890610867089e-03
1.260398195842880875e-02
1.816356970780047542e-02
-4.156557778485875376e-02
-2.660302148115711862e-01
-4.234049673471572683e-01
-3.993698912859023342e-01
-3.533436377953702578e-01
-3.032839381036651072e-01
-2.605456015299386641e-01
-2.529716584540486757e-01
-2.456145307539396028e-01
-2.158286096468544912e-01
-1.646231780849820303e-01
-1.030505113074259016e-01
-4.964190097531731571e-02
-3.487592624928114587e-02
-4.621002237559974912e-02
-4.737708438075921569e-02
-3.312651601033136245e-02
-1.143938107646721297e-02
7.330788719522522701e-03
-5.091829087624170913e-03
-1.062807182992300814e-01
-1.792653713366091361e-01
-1.535986031699048404e-01
-1.031212806074102428e-01
-6.269757266023798237e-02
-3.814057004872424550e-02
-1.369784587194812844e-02
1.114207649688873231e-02
2.998563594775078417e-02
1.988381670456569605e-02
-1.365757282804597877e-02
-2.169738241685891661e-02
1.957600094617779202e-03
3.320436143144336882e-02
6.214079949783429813e-02
8.734077093456246721e-02
1.049419053429449800e-01
1.045090003373207038e-01
9.510904171196149504e-02
9.467743997075206419e-02
1.018318499527064436e-01
1.062109242959580202e-01
1.079273574579607681e-01
1.136458576103244744e-01
1.235437628883725297e-01
1.274861534129965168e-01
1.189832859830782241e-01
1.144169134056385595e-01
1.173694805843043948e-01
1.145518307375933131e-01
1.097680438180975299e-01
1.124442390960596616e-01
1.201972992202524765e-01
1.331636406825069951e-01
1.492451042837937281e-01
1.593463302933481041e-01
1.668926667507044936e-01
1.751991166614070006e-01
1.825537550834503975e-01
1.847292748728154854e-01
1.811239188457344496e-01
1.797279138340308335e-01
1.828389656851728273e-01
1.869777961122548182e-01
1.940988948087777333e-01
2.055499685811565114e-01
2.138383111834121775e-01
2.171280787586707950e-01
2.165925580688949081e-01
2.119759562094724603e-01
2.075959005287688897e-01
2.029646187872894969e-01
2.018815905268977196e-01
2.092043811575303724e-01
2.224447486537583230e-01
2.407786736064214117e-01
2.569637448668257163e-01
2.603344242998301139e-01
2.469691878813117525e-01
2.235909486696797399e-01
1.572725198016862724e-01
3.582752853818048366e-02
-3.945212736655742680e-02
-2.801085192840073457e-02
1.868095726915798560e-02
4.925983119883170502e-02
4.913823022009097818e-02
6.639730248578459837e-02
1.168530115539290481e-01
1.705142809733768694e-01
2.064840575150635182e-01
2.212153774480292712e-01
2.044427723678635123e-01
1.973991962506823628e-01
2.305305809914885151e-01
2.718281849567770192e-01
3.069611561119107712e-01
3.417348228974740332e-01
3.737119677742113955e-01
3.304995417359942733e-01
2.144272053787140697e-01
1.699228597410409602e-01
2.166199757190394870e-01
2.708825538101328201e-01
3.162678820310803052e-01
3.637260354287200070e-01
4.125989215023095902e-01
4.531546153801339627e-01
4.176368767185870134e-01
2.481943652389215493e-01
1.491664685812164604e-01
2.043659427233731063e-01
2.914752261765292118e-01
3.690434284317652969e-01
4.314731639994700552e-01
4.861685686130960415e-01
5.359496070731133432e-01
5.683435394808712404e-01
5.857735186690981033e-01
5.972064883106478206e-01
6.000149704963392283e-01
6.003460206437876145e-01
5.994164223706454075e-01
5.958044709702365882e-01
5.961891748383040257e-01
6.058270970465439165e-01
6.224746816377058067e-01
6.441148658375809299e-01
6.676831374464197166e-01
6.907206291098721973e-01
7.196428008093449513e-01
7.500125332709253190e-01
7.765520788242861183e-01
7.990227650442325302e-01
8.173076164178468828e-01
8.341967782485388838e-01
8.516851185774682031e-01
8.714298113270063650e-01
8.932635495108784962e-01
9.165382989071649833e-01
9.399630741478632867e-01
9.618771762903908229e-01
9.811568940368303737e-01
9.976368857357685860e-01
1.012025505507879508e+00
1.025770871690656172e+00
1.039415875592904159e+00
1.053086361542888483e+00
1.067652826386970455e+00
1.083859105600154971e+00
1.102725345603271290e+00
1.125170283343323030e+00
1.148947302758814404e+00
1.172648534414326260e+00
1.194982643159667735e+00
1.215627372148411878e+00
1.234584644492527916e+00
1.251294766269922754e+00
1.266754822285656612e+00
1.282355206666731862e+00
1.299169372709993331e+00
1.317673554440400352e+00
1.339035704705633156e+00
1.362813412561449944e+00
1.387817790409777041e+00
1.412405816928024471e+00
1.434123891480199253e+00
1.452013255017973181e+00
1.467366984950498221e+00
1.481616782762332774e+00
1.495374232855741115e+00
1.509808783595139259e+00
1.526297739275008336e+00
1.545196650972885832e+00
1.564568177165969631e+00
1.583209825225336154e+00
1.601413849975821480e+00
1.617888528505201373e+00
1.632062512098198193e+00
1.644885392386475464e+00
1.657442778972814335e+00
1.670437920662729558e+00
1.684292684456389022e+00
1.700301681215758753e+00
1.718639809522061412e+00
1.737765670617231750e+00
1.755779024335268002e+00
1.771504291567183254e+00
1.784829224924437074e+00
1.796823850329312355e+00
1.808544317212249952e+00
1.819931420640597430e+00
1.831229528825919939e+00
1.842707595894454542e+00
1.854843319847300886e+00
1.868525442145930970e+00
1.883810500042264691e+00
1.899887504812268979e+00
1.915516010365285071e+00
1.930045867526975822e+00
1.942904228819714918e+00
1.954330162864970077e+00
1.964258305779948754e+00
1.972909721773757896e+00
1.981678104616182212e+00
1.991118099575170275e+00
2.001879193139074697e+00
2.014774584737740071e+00
2.028999388750381883e+00
2.043883360189938880e+00
2.057416972309213943e+00
2.067581035378356802e+00
2.075116244710640157e+00
2.080887739704225581e+00
2.086006592759135803e+00
2.091303110529266984e+00
2.097573124750345741e+00
2.105899197692010283e+00
