-7.160328945041249775e-04
-1.108897499629351744e-03
2.678899731795875844e-03
8.607040855738743584e-03
1.354423718693262627e-02
1.408214534685628058e-02
-4.564109793600433507e-02
-1.865962048472588064e-01
-2.990736334517712369e-01
-3.283554293415543168e-01
-3.171180602233140688e-01
-2.926217710367474689e-01
-2.847438981976134764e-01
-2.892713413719763538e-01
-2.817336847525243049e-01
-2.641756670829908393e-01
-2.420655949917681349e-01
-2.193795674525751416e-01
-1.974380238415651412e-01
-1.761160127753119420e-01
-1.564874666760563415e-01
-1.356231165895704360e-01
-1.132213232349215254e-01
-9.536376889674846868e-02
-8.038318332534119537e-02
-6.494180561575577104e-02
-5.810666267615761243e-02
-5.833161194659991500e-02
-5.458770146857479938e-02
-4.717065381849561145e-02
-3.706360727634568780e-02
-2.380961519578124463e-02
-1.004905148706864045e-02
-6.725447559069312742e-02
-3.278369017828701715e-01
-5.841760452828519412e-01
-6.633278979337705605e-01
-6.992790165476631126e-01
-7.116561659321988254e-01
-7.112233982363825868e-01
-7.352932978089787852e-01
-7.561155586299359577e-01
-7.464045413484107216e-01
-7.021536017588410061e-01
-6.302219384863201324e-01
-5.507956457654632487e-01
-5.014725835515745356e-01
-4.823106725811058815e-01
-4.575281208346034245e-01
-4.176397900680661746e-01
-3.669966527593868655e-01
-3.158745950240301470e-01
-2.966985880401407649e-01
-3.836086008758489152e-01
-4.746909885578474708e-01
-4.692825141840242242e-01
-4.254708402521658051e-01
-3.775559981979676460e-01
-3.373270072219485827e-01
-2.919921524990076178e-01
-2.407426449537997115e-01
-1.915732150893348640e-01
-1.717334296713966535e-01
-1.852552424722915259e-01
-1.819892376962304881e-01
-1.449366117450269220e-01
-9.325342760140811760e-02
-3.705620366939308546e-02
2.067810155866332822e-02
7.421217638957559870e-02
1.092949513442390552e-01
1.302412531199852175e-01
1.559365800184322748e-01
1.881521692141543134e-01
2.172721408001391241e-01
2.421905389220666283e-01
2.700248615727051660e-01
3.023840507051470672e-01
3.291282826078505974e-01
3.406939531905052165e-01
3.518741467388294963e-01
3.694013509012366581e-01
3.800515666921144287e-01
3.860876579585210688e-01
3.981884551125053351e-01
4.161853205778864306e-01
4.411888833367441087e-01
4.725707769198984609e-01
5.004411375625806846e-01
5.263200328140982265e-01
5.536602406416893940e-01
5.804985860493099281e-01
6.019417456668357813e-01
6.154710871459465604e-01
6.287207233412666074e-01
6.454556401273309207e-01
6.630519478730574345e-01
6.838040681465267223e-01
7.103166750812934804e-01
7.353076385718049224e-01
7.552189187114096702e-01
7.702193215302359786e-01
7.788868970760413069e-01
7.851159851881311935e-01
7.889352684885752032e-01
7.943547826167715042e-01
8.084427953958184254e-01
8.307308122286068963e-01
8.616475261930781615e-01
8.944196061268427922e-01
9.157202599662598308e-01
9.171811674974296169e-01
9.016815379820983800e-01
8.314518615727336526e-01
6.786838675533763965e-01
5.433182541370148444e-01
4.923541541962753731e-01
4.913105209953548269e-01
4.904330528887179685e-01
4.651857601379317808e-01
4.601737424147631650e-01
5.006135862443783502e-01
5.604238386629589730e-01
6.148966292797548583e-01
6.534080535127940736e-01
6.585119161157648726e-01
6.656360703538006796e-01
7.161046384796370123e-01
7.844765728527007820e-01
8.549434318103439345e-01
9.315435642813608696e-01
1.011310825296396265e+00
1.012896442883836734e+00
9.122224632555363533e-01
8.550382692456238720e-01
8.932454188882474888e-01
9.552757031182632641e-01
1.021187009666026935e+00
1.100287634575486839e+00
1.191610284213719950e+00
1.283744945702557816e+00
1.298474697661111010e+00
1.145750477166481263e+00
1.014680772979092982e+00
1.039071889066307541e+00
1.119623618510185104e+00
1.214733279222025786e+00
1.312581587419477280e+00
1.415776930985355619e+00
1.524449918683655980e+00
1.622529728997853748e+00
1.706177608982710092e+00
1.782034652124662388e+00
1.845481670045354683e+00
1.901090167783982876e+00
1.950526134248228960e+00
1.991886707390801980e+00
2.032439963747171507e+00
2.079857075725360271e+00
2.134613197176555843e+00
2.196133426997779026e+00
2.262395183531173082e+00
2.330647639528423909e+00
2.407651198264889825e+00
2.490399958036042527e+00
2.572341443999994315e+00
2.652100517232003796e+00
2.727994845132397206e+00
2.802061426290301860e+00
2.876190489876554679e+00
2.952516996956658701e+00
3.031532028469878348e+00
3.112998249684244101e+00
3.195797384076271008e+00
3.277932732686198225e+00
3.357607828317809684e+00
3.433821107810984152e+00
3.506636417201559386e+00
3.577189694845340551e+00
3.646118401550170862e+00
3.713618305511432904e+00
3.780810585291690007e+00
3.848896212905149827e+00
3.919543934833752630e+00
3.994571663697792374e+00
4.072468903794685069e+00
4.151709188840174924e+00
4.230787775282062846e+00
4.308680857034242528e+00
4.384980815806954091e+00
4.458471721091187945e+00
4.529698414643441140e+00
4.599956717399464878e+00
4.670630075021395378e+00
4.742664879130956024e+00
4.817860628362136133e+00
4.896582250631063893e+00
4.977991603376857199e+00
5.060487855239734323e+00
5.140984244963862970e+00
5.217441602601293305e+00
5.290204819293157890e+00
5.360331844594406370e+00
5.428328845520867141e+00
5.495504281617862752e+00
5.563753738260084347e+00
5.634176805831039303e+00
5.705320408814182898e+00
5.775817307448525284e+00
5.845795136082393206e+00
5.913708951318175977e+00
5.978354265896506092e+00
6.040246544559714437e+00
6.100348484457474463e+00
6.159538821483423909e+00
6.218522078274250298e+00
6.279074830782185757e+00
6.342125283798556445e+00
6.406555638684055864e+00
6.470364408244055454e+00
6.531803498888695714e+00
6.590084765238188425e+00
6.645770132272392772e+00
6.699831069399779793e+00
6.752249817310026714e+00
6.803288895271063730e+00
6.853360250942929000e+00
6.903122748246361517e+00
6.953864065137035588e+00
7.006158230595511682e+00
7.059541418992880679e+00
7.112795161367324148e+00
7.164981858286466831e+00
7.215153766464072582e+00
7.263076309832367627e+00
7.308401490247893761e+00
7.350977693388625944e+00
7.392169471465960484e+00
7.432798364015590131e+00
7.473868133737345154e+00
7.516771935781963343e+00
7.561269434178303328e+00
7.606886363751066860e+00
7.651575914268314627e+00
7.692511462555827961e+00
7.729576605287767244e+00
7.763151691805973975e+00
7.794116906929686728e+00
7.823448767729904496e+00
7.852222011927098677e+00
7.882099505146540785e+00
