-1.417295715702826753e+00
-1.417471284416959909e+00
-1.417576808392873033e+00
-1.417966844636349810e+00
-1.418460834474101651e+00
-1.419405214173554253e+00
-1.416184899863028424e+00
-1.417326531263280120e+00
-1.417986582903457027e+00
-1.418910862263935257e+00
-1.420255142971480922e+00
-1.422175214493768713e+00
-1.423858460982232899e+00
-1.425016090944672298e+00
-1.426994671752046751e+00
-1.430344849963586240e+00
-1.435767802764730705e+00
-1.444615740775855750e+00
-1.460837679137621858e+00
-1.500994799154268033e+00
-1.701872797539237814e+00
-1.223063480986843921e+00
-1.347001700081529751e+00
-1.366877667982112632e+00
-1.375283091680010727e+00
-1.382263578181434305e+00
-1.380073347973410636e+00
-1.368954570211607491e+00
-1.364695463515773088e+00
-1.370186341151410803e+00
-1.379241117932918037e+00
-1.388208203055481205e+00
-1.394089625603529115e+00
-1.472990818593657325e+00
-1.421113113104986336e+00
-1.420052331205686746e+00
-1.420839232098628724e+00
-1.421923140491136994e+00
-1.423291526756974790e+00
-1.424872999441779253e+00
-1.425905083943086682e+00
-1.426978597007709126e+00
-1.428922850447073678e+00
-1.432631363312588446e+00
-1.440221449095435480e+00
-1.456804816894239130e+00
-1.475400968811317437e+00
-1.477780807841631905e+00
-1.487160155669648320e+00
-1.530826986523493360e+00
-2.079745149518369196e+00
-1.225799256311289387e+00
-1.190967139910351857e+00
-1.468922641573943366e+00
-1.443073794439447610e+00
-1.446648201702328329e+00
-1.461641328069739343e+00
-1.498134167337348055e+00
-1.606223985261762577e+00
-8.999923248063983472e-01
-1.313889712562374967e+00
-1.356343065128654768e+00
-1.356672898837275598e+00
-1.317053624384822097e+00
-1.296953753190701830e+00
-1.347783574548793162e+00
-1.374585005539433080e+00
-1.387219896795798713e+00
-1.394279970356117060e+00
-1.398318579540450246e+00
-1.399956282927946383e+00
-1.400512930554381530e+00
-1.401608727268377041e+00
-1.403279674272425392e+00
-1.404700337773478136e+00
-1.405869663383607859e+00
-1.407184405027754437e+00
-1.408619797180198141e+00
-1.409786365181571410e+00
-1.410547947502408972e+00
-1.411369895951571696e+00
-1.412336278094863617e+00
-1.413164921055944934e+00
-1.413958937928594173e+00
-1.414863087495627170e+00
-1.415805081143446165e+00
-1.416724917271169781e+00
-1.417585865569215287e+00
-1.418405285375871516e+00
-1.419195965427493267e+00
-1.419944044325176291e+00
-1.420669010040447100e+00
-1.421433839821678813e+00
-1.422276763847988068e+00
-1.423099985439373771e+00
-1.423861433712141356e+00
-1.424608095947020647e+00
-1.425254374422194159e+00
-1.425749054281789885e+00
-1.426302168025659345e+00
-1.426965485532934341e+00
-1.427720086561993895e+00
-1.428607066678031723e+00
-1.429507991702240188e+00
-1.430440083438847765e+00
-1.431246874099950883e+00
-1.431684013173701642e+00
-1.431839653015969605e+00
-1.431803319496608884e+00
-1.431850675126622896e+00
-1.432321779835411535e+00
-1.433401059276863787e+00
-1.435018139408529292e+00
-1.439295074443198930e+00
-1.453388925587359548e+00
-1.481453232545887122e+00
-1.486106403355577976e+00
-1.470751957753475780e+00
-1.463211642549246294e+00
-1.463836258519816580e+00
-1.460132954327067800e+00
-1.451369662530666904e+00
-1.445113727590846109e+00
-1.441988350477675151e+00
-1.440911288899527021e+00
-1.442024040036818500e+00
-1.442790128270845296e+00
-1.441113180057617127e+00
-1.439288733205371207e+00
-1.438041718334174268e+00
-1.437039207700869792e+00
-1.436331247729710769e+00
-1.438168353427383472e+00
-1.444211255638720326e+00
-1.448665488487252517e+00
-1.446747185500720567e+00
-1.444336745653244547e+00
-1.442586696051050055e+00
-1.440947942582884167e+00
-1.439511285988612777e+00
-1.438553599247638370e+00
-1.439981767363712750e+00
-1.448062428926821799e+00
-1.457693498802314247e+00
-1.454991074729454326e+00
-1.449900093800622569e+00
-1.446265205182322156e+00
-1.443826508982650969e+00
-1.442031071435818212e+00
-1.440757644136545501e+00
-1.440205447185906706e+00
-1.440154086415861956e+00
-1.440299902927740572e+00
-1.440692098508476793e+00
-1.441199991402851932e+00
-1.441783052080541694e+00
-1.442464134945391274e+00
-1.443087394552261316e+00
-1.443500728503817943e+00
-1.443737702584663163e+00
-1.443839379676506773e+00
-1.443865994344948112e+00
-1.443883330039996249e+00
-1.443764043904991912e+00
-1.443621155340246709e+00
-1.443598216084786667e+00
-1.443629872677246295e+00
-1.443670913610887618e+00
-1.443753184800522282e+00
-1.443882286025145456e+00
