1.542387142320225879e-06
1.168018111628931945e-05
4.151445457060821509e-05
1.099631310104448064e-04
2.124193181840887098e-04
3.375986680101685455e-04
3.486765425638830023e-04
-1.961466989614230982e-04
-1.429428654145566873e-03
-2.897799344848064548e-03
-4.262904347833416235e-03
-5.408914440358889020e-03
-6.362504749447371946e-03
-7.265697186658547774e-03
-8.105468197463584767e-03
-8.829100319983785444e-03
-9.408047895842311034e-03
-9.845686344635758494e-03
-1.015423086316452964e-02
-1.034826074603709123e-02
-1.044137458705097707e-02
-1.044723511422315267e-02
-1.035712142459378413e-02
-1.018751784399261201e-02
-9.965229149399113667e-03
-9.694197811792622591e-03
-9.391072146370704060e-03
-9.113782951537025348e-03
-8.856102379726372986e-03
-8.590307493671275885e-03
-8.297606572178609086e-03
-7.961165199158815389e-03
-7.570358938300257926e-03
-7.261797907510846375e-03
-7.770852166398032473e-03
-9.844733137156953806e-03
-1.253211949078481512e-02
-1.524666864297583718e-02
-1.788490872463028430e-02
-2.031583873203089696e-02
-2.263268905467628531e-02
-2.494137219434509195e-02
-2.713111597738424377e-02
-2.905585007133622971e-02
-3.056149013643422174e-02
-3.160020559284192065e-02
-3.225681504967287810e-02
-3.277915808374968348e-02
-3.321763623913170232e-02
-3.351375505792845294e-02
-3.359441449752430947e-02
-3.344624226713621695e-02
-3.314712021926695396e-02
-3.306221091901682951e-02
-3.362457087794810950e-02
-3.435000181403342900e-02
-3.488302239227027840e-02
-3.512648668623807174e-02
-3.513092126890066114e-02
-3.492663284695430442e-02
-3.448565109069337553e-02
-3.381781451333926158e-02
-3.300364746755989065e-02
-3.226025611619888489e-02
-3.162318260298920686e-02
-3.090990062445881856e-02
-3.000022970596079655e-02
-2.885707470191735402e-02
-2.747845032160496637e-02
-2.588535357092324948e-02
-2.415625586393171584e-02
-2.240196458940315119e-02
-2.064380961671818254e-02
-1.883441519581931234e-02
-1.695336418068540962e-02
-1.502960600975471184e-02
-1.306212729276456409e-02
-1.102219513512431304e-02
-8.902411635170524515e-03
-6.765186281383211292e-03
-4.657854605173407381e-03
-2.540479875998845078e-03
-4.276104578008776448e-04
1.637080421548473171e-03
3.673397902094234068e-03
5.735339493616585863e-03
7.857781688482150945e-03
1.009021760850498106e-02
1.243490386752605682e-02
1.485527562908809524e-02
1.736005547804297944e-02
1.995206981578889066e-02
2.261945753443370816e-02
2.531831378458816034e-02
2.802502181105263890e-02
3.075066784574273862e-02
3.349568514393183594e-02
3.626496527929533309e-02
3.909632849175277702e-02
4.200731517957788375e-02
4.496477538299652188e-02
4.795110038146675052e-02
5.093580833304684613e-02
5.389994775624049050e-02
5.684380335383254490e-02
5.976355851951854758e-02
6.270523905628250239e-02
6.572419864015272006e-02
6.886304776355660351e-02
7.214572297904836562e-02
7.553507537443916731e-02
7.894317459108016188e-02
8.226922828900232187e-02
8.537400287161782397e-02
8.786522060537699241e-02
8.956399281041903249e-02
9.090629526299499885e-02
9.227748846926937809e-02
9.381136634728279300e-02
9.538645811992209345e-02
9.695745970229492638e-02
9.874657926150433307e-02
1.009041473368259278e-01
1.034317457031748433e-01
1.062263211834297977e-01
1.091390345594897560e-01
1.120118261830785333e-01
1.150340753968174118e-01
1.183634565402866684e-01
1.220119142814918012e-01
1.259736909094734958e-01
1.302562616021883113e-01
1.346861765005206990e-01
1.386630576216759947e-01
1.420297537843838998e-01
1.453467281145661150e-01
1.489234154539675059e-01
1.527780470778261068e-01
1.569447822412270432e-01
1.614699117539891704e-01
1.663643515051893007e-01
1.714507660122990274e-01
1.760253613200384870e-01
1.795323849025381446e-01
1.828009205634142931e-01
1.863818235042387639e-01
1.904048682975078566e-01
1.948621684712632529e-01
1.997568425551765336e-01
2.050802989103402418e-01
2.107714392334347764e-01
2.167081715654461671e-01
2.228347337594530353e-01
2.291047305501394127e-01
2.354656288919959595e-01
2.418961704700435811e-01
2.483636213211826149e-01
2.548546107250858062e-01
2.613875045897085525e-01
2.680000873754364576e-01
2.747167303056780030e-01
2.815687124032104638e-01
2.885672955074490842e-01
2.957338143262575603e-01
3.031049353023405057e-01
3.106704121509540339e-01
3.184128327649575763e-01
3.263287861670136070e-01
3.344191038191484111e-01
3.426735429045996151e-01
