2.842407009357408431e-03
7.997892445915488063e-03
1.508238086857527013e-02
2.250233234918680436e-02
2.857727841349918391e-02
2.976349980558954528e-02
-2.562923042913581306e-02
-1.437252041368415334e-01
-2.136514332871757293e-01
-1.993370008165741558e-01
-1.544575194894855785e-01
-1.082742195611941238e-01
-8.771862881565535563e-02
-8.244722483117140899e-02
-6.798367527121755571e-02
-4.687632377387181137e-02
-2.537856892729566452e-02
-6.787851479348825517e-03
9.153226980367981658e-03
2.249349914069909140e-02
3.273615806698385033e-02
4.329273936226287617e-02
5.379526264714354356e-02
5.989459888080914118e-02
6.429266290275389983e-02
6.911935042568974341e-02
6.596239677951494518e-02
5.860533534878197698e-02
5.712719896976336392e-02
6.036502222237487975e-02
6.677609708285558998e-02
7.576461701381546898e-02
8.419545929564402342e-02
2.531671635808954018e-02
-2.086824577166354611e-01
-3.901203858117110457e-01
-3.867377869710247329e-01
-3.520422185055291919e-01
-3.053006305426542721e-01
-2.601307507539258324e-01
-2.481611367815307612e-01
-2.366149459590095316e-01
-2.022051615389835189e-01
-1.442072874415207540e-01
-7.191566162970346177e-02
-5.055766125002136846e-03
2.282716194635847282e-02
2.178356904408757649e-02
2.901147416910827836e-02
5.185132683868526327e-02
8.317438261859130821e-02
1.114876495512257260e-01
1.072769575069567605e-01
9.276615231303783626e-03
-6.801830842715725356e-02
-4.447567446271256941e-02
9.459045893022530183e-03
5.901060319362657486e-02
9.413676614120944364e-02
1.283499001096412850e-01
1.643072444977898838e-01
1.938787475998518806e-01
1.923405943876012325e-01
1.645941073329990623e-01
1.588136680808525658e-01
1.833142273441772385e-01
2.183611818188800346e-01
2.548901688986687786e-01
2.888207882212752708e-01
3.117482286934273317e-01
3.152321367809822195e-01
3.064967366579836039e-01
3.034335705296835051e-01
3.118249905355311435e-01
3.192133741053049811e-01
3.227903828769189687e-01
3.308900858267857514e-01
3.450902019350171046e-01
3.542957660277202270e-01
3.514634545561217682e-01
3.510840606889486515e-01
3.529957619796140755e-01
3.446460913037860951e-01
3.345741272497838592e-01
3.362418172007011208e-01
3.470872257607180988e-01
3.662397266185041800e-01
3.911588331755414538e-01
4.079065726381111423e-01
4.210850173211567182e-01
4.379616619543857947e-01
4.547896902395039964e-01
4.660891921874520394e-01
4.701693165868551794e-01
4.738575263933952342e-01
4.767828401481970513e-01
4.771638996819985712e-01
4.836840962869944915e-01
4.991278919793122881e-01
5.106836776941914291e-01
5.175512146068104169e-01
5.219927483836854787e-01
5.219192690276949209e-01
5.225384995134945143e-01
5.227619235417860777e-01
5.277624353368525201e-01
5.446782362291355817e-01
5.702787629500665201e-01
6.000869945105686831e-01
6.267432975401308060e-01
6.416678491311449406e-01
6.399854517377073782e-01
6.256151319709164493e-01
5.662634140730592458e-01
4.452399429078758297e-01
3.634374919557024075e-01
3.707448130900766192e-01
4.194454400102494152e-01
4.575767608547707255e-01
4.665064894637216963e-01
4.949908726067493991e-01
5.599458916215103166e-01
6.320356525004418025e-01
6.886801849687889110e-01
7.205774995525373594e-01
7.148791807928891462e-01
7.165204539863926358e-01
7.604671802702371863e-01
8.135466512835834996e-01
8.615883303745605071e-01
9.092146692747700154e-01
9.513777740934337146e-01
9.158366035818535922e-01
7.962314015591348548e-01
7.397927788807667770e-01
7.800027752818832205e-01
8.339669833661983445e-01
8.845926511704158557e-01
9.411206438790804540e-01
9.996782724713872970e-01
1.051051586040417707e+00
1.029300981566344309e+00
8.585848486780212063e-01
7.395740743015295493e-01
7.826192713512185595e-01
8.653105235909344106e-01
9.409657853593471621e-01
1.012676382752550674e+00
1.083311864555668524e+00
1.140121741173198755e+00
1.172393627218582202e+00
1.189479692837634772e+00
1.205386860275504457e+00
1.217355557541945021e+00
1.226231502377129745e+00
1.233351781208637865e+00
1.238775726366053487e+00
1.245227281137088138e+00
1.255578217033862520e+00
1.268372593561498896e+00
1.285154016377710429e+00
1.305781918747908277e+00
1.328707390685957002e+00
1.356482563314315604e+00
1.384822849296669434e+00
1.407967360815226776e+00
1.427784731211101610e+00
1.448235159398758354e+00
1.468759949965765532e+00
1.489121535020930365e+00
