-1.071504592101909029e-02
5.648605170085664422e-03
5.256262004193524434e-02
3.264037720108317608e-02
2.949152330118363224e-02
-3.684919792012442824e-02
-8.694847629027698810e-01
-1.178606288495775978e+00
-2.591904525784080038e-01
1.771967573434942989e-01
2.820397162829027526e-01
2.558030189663706433e-01
-7.731118432737563162e-02
8.045607846590210888e-03
8.702351058934162942e-02
1.273842467321076311e-01
1.172604974629892771e-01
1.015783886177667045e-01
8.174286649499445945e-02
7.742893894738551996e-02
4.877095705026787686e-02
9.422449958114853530e-02
7.232773747202150827e-02
2.460808134725243901e-02
3.635517304731203381e-02
4.418650929347575640e-02
-8.244746805928751532e-02
-4.302214467994927571e-02
5.922355903322296111e-03
2.764557987980125614e-02
5.195742290931701368e-02
7.572322488762049664e-02
5.645433687950208307e-02
-9.891318571244582802e-01
-2.906442639650872461e+00
-5.870530553898246628e-01
6.967370201688372067e-02
-3.088230425623961217e-02
2.650382462435798003e-01
1.559784944000103257e-02
-2.426534969307703737e-01
-3.278041036032131039e-03
1.697170696944801382e-01
4.314367626562214952e-01
4.745416822043094784e-01
4.199222659502631627e-01
-7.433848773264825627e-02
-6.237560242493656731e-02
4.930607594238541752e-02
1.888176611933902738e-01
2.092237083720428770e-01
1.798965253461358438e-01
-2.779485941618206057e-01
-1.372140935839120113e+00
-1.685201917581960473e-01
2.538945487598422424e-01
3.684563054828462469e-01
2.227300791910303279e-01
1.765056691862021132e-01
2.606927426731314723e-01
2.358696655445779999e-01
2.006467585325235337e-01
-2.168178581658508908e-01
-2.695788557985234202e-01
1.168243357231230212e-01
2.813700333644450491e-01
3.134117972417153619e-01
3.105462376834087213e-01
3.051115512845716804e-01
2.272874309931595393e-01
2.368336245101992921e-02
4.129695874067740302e-02
1.434949824782288108e-01
1.717284132193145352e-01
1.121411690701748787e-01
1.252869547311608878e-01
1.786107979414985614e-01
2.086802318010119728e-01
1.012545739767163333e-01
-5.624796270777443485e-03
1.301290742889815721e-01
1.224641242404158059e-01
3.954040494221658375e-02
7.248493376688464052e-02
1.550247405635385989e-01
1.715307933327067103e-01
2.583561611158722293e-01
2.585524971279494766e-01
1.899889009037147303e-01
2.233403107599126469e-01
2.157308404050150008e-01
2.176808547351026246e-01
1.396674150596551311e-01
1.111139887535350645e-01
1.591275656042622222e-01
1.841017335381670561e-01
1.826312329804354873e-01
2.385537548741994418e-01
2.722434900096535881e-01
2.107784160719442523e-01
1.946687505803499363e-01
1.469362193324786348e-01
1.152220093723906325e-01
1.328204539155703467e-01
1.011399077962157889e-01
1.757615199186269850e-01
2.452252209945931516e-01
2.961925668355188668e-01
3.609231463648753802e-01
3.031764997140198314e-01
1.706465186201731599e-01
1.063921152038010964e-02
-4.912686502612328976e-02
-7.553762385414759528e-01
-1.180400551754453575e+00
-2.938178336697986337e-01
2.233751208994177451e-01
4.088791230448514114e-01
1.050723463103605260e-01
-5.768981324484981354e-02
3.723769712115915231e-01
5.779360723427154900e-01
5.548753371045007654e-01
3.874495210804338452e-01
2.439671430266502905e-01
-1.364005058159563077e-01
3.042191612756615093e-01
5.518756935270068276e-01
5.320442318851116292e-01
5.244919550520941165e-01
5.835559311681932648e-01
5.407152908976102790e-01
-6.099791140867144579e-01
-9.097419557096749765e-01
2.743400033900965651e-01
6.521826159421852953e-01
5.616446969818937873e-01
6.149851521187024161e-01
6.916386647877204030e-01
7.345247941728263452e-01
6.446409238369371630e-01
-4.640304798950133924e-01
-1.791648467420539070e+00
1.587529951062660871e-01
7.895637180473185079e-01
9.093320553987084276e-01
8.459235736304571152e-01
8.115095231804507758e-01
8.282049905045112403e-01
8.229772997157137615e-01
6.177949556687701849e-01
5.891362375857435163e-01
5.225321280588588468e-01
4.371497722402744035e-01
4.548095013331067138e-01
4.010604936779428309e-01
3.876767731407262385e-01
4.458221052698245757e-01
5.386442538356071008e-01
5.850254968597962124e-01
6.531860016700923310e-01
6.606181211396940922e-01
6.828025574368360440e-01
7.942473034685039179e-01
7.653922326364104300e-01
7.739507517671978531e-01
7.356643328827738859e-01
7.271924188041261061e-01
7.296072459075675365e-01
7.530809145297865381e-01
7.873739809919213517e-01
8.146697623109346864e-01
8.418062874716099042e-01
8.504501614032571322e-01
8.477205674380030587e-01
8.327669752469033515e-01
8.200769684739652732e-01
8.114140552804747220e-01
8.192811047676404890e-01
8.210610345422746370e-01
8.307870459001167607e-01
8.484378487027508520e-01
8.736317712567389648e-01
9.125428361797744969e-01
9.599036034904695480e-01
9.698391938494419495e-01
9.911665967383549436e-01
9.799617731410077415e-01
9.882714366579941068e-01
9.754551164556319875e-01
9.683749306140301272e-01
9.681116211649070102e-01
9.826109382061491981e-01
1.002693012257930949e+00
1.028680157109859605e+00
1.072318963220769694e+00
1.098964379123347435e+00
1.125378060167400829e+00
1.126578839235143237e+00
1.107716678857868287e+00
1.083925311434206673e+00
1.077545293424789774e+00
1.074646005706460627e+00
1.077297306781985098e+00
1.094089566138290115e+00
1.123224494397800921e+00
1.152095564067973754e+00
1.154368990911769144e+00
1.160713521803026671e+00
1.166227434924851147e+00
1.150050126501184877e+00
1.139727639992745623e+00
1.135167438240189286e+00
1.141049873156246841e+00
1.149374236896397061e+00
1.163910138998867083e+00
1.196361143596927468e+00
1.220555411022517855e+00
1.231241186590073866e+00
1.223523537404729744e+00
1.209600294819552335e+00
1.194093195690401732e+00
1.192611357382239223e+00
1.193865004189635481e+00
1.191777101903739311e+00
1.196426609526380247e+00
1.199803523553743645e+00
1.212844084919822762e+00
1.233586135779014104e+00
1.251788103928931584e+00
1.262019217707007979e+00
1.260042999990753199e+00
1.256622511796071873e+00
1.242397450641227863e+00
1.237985290161862650e+00
1.221083637002996269e+00
1.216036803357603446e+00
1.221346844240517537e+00
1.227575190812670414e+00
1.245553857841320333e+00
1.269591429657739745e+00
1.279527147318952895e+00
1.293205478568540290e+00
1.271389899046084349e+00
1.244146523100865043e+00
1.226505018177939554e+00
1.209526977392417102e+00
1.207291828988009907e+00
1.205282244613799847e+00
1.217327949225491146e+00
1.237443555953987140e+00
