-3.599907967662276109e-02
-1.444612507586471271e-02
3.896838999019316269e-02
2.305082113082743481e-02
1.787698604190874133e-02
-4.709225620365566772e-02
-9.347001317348245797e-01
-1.352975157144638008e+00
-4.842477577556065227e-01
-1.470962316642297762e-02
1.460612541090566818e-01
1.719921833447004278e-01
-1.396439014083144525e-01
-4.718900214564124285e-02
4.503685042567111274e-02
9.911288570769358208e-02
1.073058640413708242e-01
1.003681487633431152e-01
8.541245654602439008e-02
8.866095325033648833e-02
6.022721915092370260e-02
1.113129565424404860e-01
9.392782503147523165e-02
4.036485882924122776e-02
4.833572473881019710e-02
5.793504259444399312e-02
-7.888651770104289362e-02
-5.120750850195668336e-02
-6.948427879905773319e-03
1.184820388705216596e-02
3.700154902539452839e-02
6.581500349446170461e-02
5.068307034339795958e-02
-1.053846560997487414e+00
-3.192817233733013182e+00
-1.017022852193604221e+00
-3.158820431913684779e-01
-3.548736701794947823e-01
6.702342573416952831e-04
-1.898698598884963895e-01
-4.347351000351374894e-01
-1.769254565526475198e-01
3.397388277790422406e-02
3.503264912535035691e-01
4.501492995551336085e-01
4.460294552007793567e-01
-3.830507544321644364e-02
-4.837793498879511267e-02
5.389746209479283345e-02
1.938088667433377488e-01
2.278760882817203182e-01
2.104301776176597250e-01
-2.669734983801034800e-01
-1.470719336564461077e+00
-3.437366118976081242e-01
1.023573896878383627e-01
2.666707162877069992e-01
1.498045285248720826e-01
1.346693247382776126e-01
2.396261615985015303e-01
2.295845804643129595e-01
2.144866342446203333e-01
-2.184963936159545483e-01
-3.143314501924052706e-01
7.238270495237471291e-02
2.640162994122025597e-01
3.142656066889987776e-01
3.301863985544352675e-01
3.463030307040488864e-01
3.018640724404316189e-01
7.778904499722164023e-02
1.043705329262173548e-01
1.969556150966866870e-01
2.083686420167622511e-01
1.542452376335369246e-01
1.639945525612049315e-01
2.146394298204534201e-01
2.416843528558303977e-01
1.337627872488242886e-01
3.554111581845445511e-03
1.404256369313492125e-01
1.579441634877069567e-01
8.081278776431406741e-02
9.931155821081054380e-02
1.654603801265654428e-01
1.794488546317589972e-01
2.646999293567826039e-01
2.719065941376587747e-01
2.279179151970365247e-01
2.521922447197549877e-01
2.378311261575751234e-01
2.407076277171151801e-01
1.570804763271572979e-01
1.232099400449565424e-01
1.726665521300073114e-01
2.246938647134197886e-01
2.281475887453656148e-01
2.702045046189207600e-01
3.020273931434673820e-01
2.601800971070208357e-01
2.263004756269558770e-01
1.764338493808676467e-01
1.303207811245956360e-01
1.354958609207543851e-01
9.513156097418357104e-02
1.528163738530170790e-01
2.117835508001503497e-01
2.648202855230592512e-01
3.549414375507637942e-01
3.057083430990497619e-01
1.627234280682012535e-01
-2.188696346304534746e-02
-1.048379674723795840e-01
-8.952821209153887239e-01
-1.432844253123911393e+00
-6.187072886725040188e-01
-8.201562931738134998e-02
1.557170777051731514e-01
-1.142691817546273303e-01
-2.729399381202982089e-01
1.627812121999497041e-01
4.263285209294829792e-01
4.408916198330783964e-01
3.093511930952158595e-01
1.867140543640803396e-01
-2.027579719255550028e-01
2.082915744027261928e-01
4.865232213807971218e-01
5.033986262229610542e-01
5.203293911734705457e-01
6.102301031383183805e-01
6.045342751954045912e-01
-6.088792141610041009e-01
-1.003888843467872327e+00
1.261962479482865995e-01
5.478575357835223647e-01
5.112266289683919940e-01
5.936742087560469283e-01
7.144330043555940923e-01
8.046615459754576927e-01
7.407460947916815197e-01
-4.427900907338256919e-01
-1.891252972311023628e+00
-4.223376319605472162e-02
6.282047455501352795e-01
8.631737313432340519e-01
8.860159895799289975e-01
8.572762427831276399e-01
9.346483055397940554e-01
1.019971852417243197e+00
8.431604278305352418e-01
8.135026961448115213e-01
7.068213990926961454e-01
5.970522788536313241e-01
6.024901864169842636e-01
5.225667016979502755e-01
4.857441177424079437e-01
5.481607367722385327e-01
6.634925992242252102e-01
7.410030097532025462e-01
8.135834111443662753e-01
8.433556873673004883e-01
8.645220132099007415e-01
1.023956796944204495e+00
1.005228360344740057e+00
1.042569660430494149e+00
1.072297666650225523e+00
1.109759738328998768e+00
1.097368695026897711e+00
1.113219306783317375e+00
