-1.091839203609953901e-02
5.433474254352410431e-03
5.349110802207038273e-02
3.479207571025422913e-02
3.217175653110611322e-02
-3.509721088269354000e-02
-8.852996857970907296e-01
-1.226661212650471455e+00
-3.186528152460882946e-01
1.324609577341412103e-01
2.575828472885737797e-01
2.479082339271185542e-01
-7.944182606314578732e-02
6.587931797253813310e-03
8.896292951467350829e-02
1.339125324667219119e-01
1.276722953734853727e-01
1.144107994668428080e-01
9.571512895547561184e-02
9.180002325921002293e-02
6.276639895443890393e-02
1.082820834579074493e-01
8.667798418526478921e-02
3.785737340190269140e-02
4.817904400126558212e-02
5.522216854922793600e-02
-7.433225151330290215e-02
-3.840467048187226617e-02
9.456346052905783076e-03
3.155014216129885252e-02
5.693723565805536291e-02
8.233185755086204483e-02
6.427223085242705913e-02
-1.000590455530024458e+00
-2.985353737277543384e+00
-7.026916897425590225e-01
-2.340862576425158104e-02
-9.788848840402007701e-02
2.220617432833620897e-01
-9.046239543126763372e-03
-2.622057491981101829e-01
-1.840320704735082247e-02
1.651709929307766667e-01
4.426560940766428032e-01
5.025963845162821908e-01
4.601778846069214945e-01
-3.533620581227898960e-02
-3.212727437100566796e-02
7.517896134415942566e-02
2.157441002236290262e-01
2.394557421174735024e-01
2.122613892347057218e-01
-2.532713834719913515e-01
-1.381391202824574505e+00
-1.977429999177038322e-01
2.371033518690263964e-01
3.700641602701921218e-01
2.372661081699529995e-01
1.975261444753644569e-01
2.873820190426775723e-01
2.675913257824616975e-01
2.349564766974487073e-01
-1.891929092636964738e-01
-2.547380139248327513e-01
1.285220612701358511e-01
2.999726046205442587e-01
3.403720439311179735e-01
3.441303399775256233e-01
3.433716076069566747e-01
2.673158770642217186e-01
5.974207976020026040e-02
7.128960059155667328e-02
1.710113543563997474e-01
1.994205850079613374e-01
1.391512456706720802e-01
1.509523926604652289e-01
2.043614108020787024e-01
2.357859415729103292e-01
1.276785044698579286e-01
1.640753832919267935e-02
1.496203833094164048e-01
1.419629664406528990e-01
5.724380394023249885e-02
8.804660643921266572e-02
1.709837080863574055e-01
1.893271308503217121e-01
2.793405427784810824e-01
2.831956203182684484e-01
2.159345469979995213e-01
2.496467035370169008e-01
2.425330943312594134e-01
2.446028183402382816e-01
1.650575849747267787e-01
1.334017119021609354e-01
1.793899002008063071e-01
2.039397543445329308e-01
2.023777560786010066e-01
2.591240746551114471e-01
2.948103561132082162e-01
2.340476101797503428e-01
2.170048919587442282e-01
1.672363339898494949e-01
1.324662852273393310e-01
1.474489953826959021e-01
1.133465347649594279e-01
1.869350142119332314e-01
2.580088512463983852e-01
3.121261856897393216e-01
3.811084145857326910e-01
3.263079820344926829e-01
1.923515100705047720e-01
2.592501311851962142e-02
-4.251134062140207726e-02
-7.697445674923892867e-01
-1.229848245308664323e+00
-3.593499280935053553e-01
1.700195762722686577e-01
3.766725026366621876e-01
8.605948779973755791e-02
-7.468099936791806892e-02
3.625065847657482632e-01
5.841650009677299416e-01
5.759337064708460741e-01
4.159109702825463106e-01
2.723613352598659443e-01
-1.178009603552631346e-01
3.175762124082018301e-01
5.728618478082658783e-01
5.621245945096691177e-01
5.606783101621378718e-01
6.250237226349768527e-01
5.859367952150810188e-01
-5.848285570457065763e-01
-9.239553094907341224e-01
2.482259457840068351e-01
6.432139695075930197e-01
5.697907216835498279e-01
6.353851550152193051e-01
7.233043052430641051e-01
7.763744354370101242e-01
6.927389887315907879e-01
-4.341337307762198616e-01
-1.818611079571635036e+00
1.049467715121667616e-01
7.588256198087911519e-01
9.082735304713961400e-01
8.677132103914020345e-01
8.485116468441211701e-01
8.760240764292221982e-01
8.786412179806173395e-01
6.748734431339747930e-01
6.429452191466168420e-01
5.716575161744567035e-01
4.795859470467148111e-01
4.907361354205035386e-01
4.309291486043538288e-01
4.114811685651498241e-01
4.655860824529838293e-01
5.577022524765042899e-01
6.055500225155996397e-01
6.764658028033301296e-01
6.867923077235880136e-01
7.112628025209279947e-01
8.264444236981884906e-01
8.011456896254463000e-01
8.115683613827938681e-01
7.735622432111682878e-01
7.639885028696131730e-01
7.649416070528090028e-01
7.872545590486443867e-01
8.211502401604471313e-01
8.486532456423920845e-01
8.763244688459878029e-01
8.853813656446911651e-01
8.824491234728462086e-01
8.664069560700166095e-01
8.518058625994788802e-01
8.407260974973160828e-01
8.461767017547747738e-01
8.456908255079689241e-01
8.533193972815140693e-01
8.692768051303498833e-01
8.933484209104456397e-01
9.319414197531559196e-01
9.799571109008637926e-01
9.906868912295632157e-01
1.012515673979783148e+00
1.001141037037429182e+00
1.008616655656580097e+00
9.943694140714308682e-01
9.851772062747570224e-01
9.825101619693079602e-01
9.947761237453338623e-01
1.013093686521552295e+00
1.037866308725002185e+00
1.081126306683189320e+00
1.107967969886547444e+00
1.134719428485794657e+00
1.135866005148911562e+00
1.115858505009635016e+00
1.089681062311034010e+00
1.080234219914575577e+00
1.074103593108347798e+00
1.073564893800553754e+00
1.087558928533589375e+00
1.114651164938564420e+00
1.142235936449746747e+00
1.143274914106147122e+00
1.148069565126383473e+00
1.151839979244827283e+00
1.133344006814987148e+00
1.120034643869245006e+00
1.112190741571883690e+00
1.114860647987461872e+00
1.120242427067737134e+00
1.132197432273356119e+00
1.162778253951658458e+00
1.185760895127353054e+00
1.195333613922310079e+00
1.186003638310934694e+00
1.169676078472144720e+00
1.151039543385804498e+00
1.146127471092787342e+00
1.144005106921837100e+00
1.138566461466521185e+00
1.139963082435140773e+00
1.140247657015166283e+00
1.150482484656920823e+00
1.168935562021377272e+00
1.185309509436498931e+00
1.193862592533692757e+00
1.189956897237655298e+00
1.184192128703757119e+00
1.167081614848626048e+00
1.159393109651866594e+00
1.138844816556799922e+00
1.129905193633750526e+00
1.131530745879733235e+00
1.134420079311742047e+00
1.149561418340939056e+00
1.171442486187877163e+00
1.179559765451640763e+00
1.191515572215763319e+00
1.167430776976974505e+00
1.136837123645337400e+00
1.115133844642759442e+00
1.093734252948419750e+00
1.087108846211456870e+00
1.080982934623983427e+00
1.089398073398893718e+00
1.106632182753594762e+00
