-8.168070580564972872e-06
-5.136148829531542815e-05
-1.138100168912296764e-04
-1.672208006423982066e-04
-2.151777850872852653e-04
-2.718532005888473044e-04
-4.659109547237786481e-04
-1.226001785855682829e-03
-2.667607598879893818e-03
-4.328538636545425575e-03
-5.874893954659650766e-03
-7.200713508672698659e-03
-8.339435504213418490e-03
-9.435146757945614415e-03
-1.047312394811676130e-02
-1.140458680917105956e-02
-1.220944570534050061e-02
-1.289282699591541743e-02
-1.347362661563462558e-02
-1.397119070768635361e-02
-1.439648058951634516e-02
-1.476326225359048984e-02
-1.505812349359692513e-02
-1.529628729298402288e-02
-1.551028071330782555e-02
-1.570358876512671642e-02
-1.588696241185749009e-02
-1.611738430823463769e-02
-1.638681798655578642e-02
-1.666717319508160405e-02
-1.694377105051977916e-02
-1.720230183388160930e-02
-1.743139198742659976e-02
-1.776474694908645666e-02
-1.892243125460110753e-02
-2.161819097659389496e-02
-2.487678649680319029e-02
-2.811647201755898898e-02
-3.125220861871678274e-02
-3.417474010155087394e-02
-3.698596223424067964e-02
-3.980006898933193676e-02
-4.250592118869449265e-02
-4.496035062840383206e-02
-4.702063964894536569e-02
-4.865687147940988416e-02
-4.996166404456377913e-02
-5.118291819797556041e-02
-5.237293870943364460e-02
-5.347632364264873900e-02
-5.443010356037988190e-02
-5.522326877246495208e-02
-5.593050398749278840e-02
-5.690945607134859086e-02
-5.857924040885274797e-02
-6.044797069399163864e-02
-6.216884338459849335e-02
-6.365903740807815625e-02
-6.498677551512632711e-02
-6.617345599582137583e-02
-6.719136680330534128e-02
-6.805644672665561723e-02
-6.883881625883563060e-02
-6.974854582017418758e-02
-7.081439139365489077e-02
-7.183014338857107717e-02
-7.266753149602739326e-02
-7.330783456722123059e-02
-7.376214145407117284e-02
-7.404179351459203029e-02
-7.419587938435587282e-02
-7.433696010801131571e-02
-7.445278600368947231e-02
-7.450164972900434612e-02
-7.449225610649931606e-02
-7.444999555493918286e-02
-7.437264561561304776e-02
-7.424044709437938039e-02
-7.405949020385779735e-02
-7.389652748679803596e-02
-7.380631438813942125e-02
-7.372355425263736606e-02
-7.361521933414343077e-02
-7.350400364854832447e-02
-7.338777885474900842e-02
-7.324730475569873889e-02
-7.307179339253461192e-02
-7.283497165537800022e-02
-7.253900724622472374e-02
-7.219752689806170631e-02
-7.181769938225195105e-02
-7.141568250459712219e-02
-7.100670989623758533e-02
-7.063333051644977989e-02
-7.030696572471677175e-02
-6.998915942217134867e-02
-6.963183428545516307e-02
-6.922362409181939680e-02
-6.875921272838421416e-02
-6.823697730613759171e-02
-6.767642392229039627e-02
-6.711405898468909836e-02
-6.658225931746702964e-02
-6.610631005899943180e-02
-6.569115482866699773e-02
-6.534435537059191113e-02
-6.504182398110659735e-02
-6.475418494414800219e-02
-6.444644745198481461e-02
-6.407738780101168707e-02
-6.368500310012106813e-02
-6.336845454066980521e-02
-6.323003398415512344e-02
-6.339887013390776982e-02
-6.426827932337497717e-02
-6.598745963064137077e-02
-6.810811555711218657e-02
-7.024846650616893562e-02
-7.228677664872526498e-02
-7.435415357114971702e-02
-7.650280300071768402e-02
-7.853209145630489496e-02
-8.029767453097796936e-02
-8.182016279478419862e-02
-8.319562931708998632e-02
-8.454280605420370909e-02
-8.599354826785821082e-02
-8.737302749603539920e-02
-8.852316482362972139e-02
-8.942903919417516390e-02
-9.009691594954223615e-02
-9.050485354137915994e-02
-9.080266611499704377e-02
-9.157633786550843646e-02
-9.292610762883476982e-02
-9.428758015189792063e-02
-9.536552276692886188e-02
-9.615557577574125603e-02
-9.664945517473243208e-02
-9.680558120789464760e-02
-9.661041704032240218e-02
-9.626094910523391723e-02
-9.647232007682746135e-02
-9.769583486710484155e-02
-9.908103836748895221e-02
-1.001086435836787136e-01
-1.006285934406724453e-01
-1.006629288363865421e-01
-1.002922500964384261e-01
-9.950728932562606655e-02
-9.828864373113564701e-02
-9.673824447382410596e-02
-9.493710937516200432e-02
-9.299289052356969620e-02
-9.098807223664788502e-02
-8.894652363475639978e-02
-8.691588804810643221e-02
-8.491412891167832155e-02
-8.288687325294855079e-02
-8.075090873040459416e-02
-7.844490421775479616e-02
-7.593905662970146242e-02
-7.322896369658345173e-02
-7.030497607706243102e-02
-6.710315108743478141e-02
-6.363345693502915623e-02
-5.988986139194124592e-02
-5.586978487449578701e-02
-5.157876910832097372e-02
-4.704426989694091704e-02
