-1.302488822033780654e-06
-6.825430816588708957e-06
-4.365244833230842359e-06
2.690513164199981907e-05
8.174560271253779407e-05
1.475951662421841207e-04
9.157630150389420363e-05
-5.123321619134781763e-04
-1.770567733326728352e-03
-3.217613156539367216e-03
-4.524470691353666210e-03
-5.591979824275879717e-03
-6.461008909064599494e-03
-7.280227106571201742e-03
-8.038317957960484927e-03
-8.687092756251048320e-03
-9.204541096611213932e-03
-9.598078906286243439e-03
-9.884262807863437167e-03
-1.008039576049768286e-02
-1.019982997875375740e-02
-1.025611237367693267e-02
-1.023896880122977110e-02
-1.016430709375924085e-02
-1.005951471054267882e-02
-9.926953983267162648e-03
-9.780221464443109372e-03
-9.674447433150564976e-03
-9.599852812218612544e-03
-9.527039486115475297e-03
-9.437990752123894683e-03
-9.316845139951806035e-03
-9.153446175270321672e-03
-9.082782408061478019e-03
-9.820506803184221936e-03
-1.206135600776728906e-02
-1.481860183324177661e-02
-1.751732182011702874e-02
-2.007709970318868539e-02
-2.239092963727327273e-02
-2.456941926216416397e-02
-2.672799514130143675e-02
-2.876156572136035969e-02
-3.053441548804975564e-02
-3.190856181754697651e-02
-3.285499828292992586e-02
-3.347081320624614720e-02
-3.400514097455493989e-02
-3.450414277701772253e-02
-3.490710503024877648e-02
-3.514387427910872774e-02
-3.520322864007490588e-02
-3.516228827003285706e-02
-3.537680422305632122e-02
-3.625356941684161616e-02
-3.729005816118804301e-02
-3.813820270669174284e-02
-3.871601029173476344e-02
-3.908802482695904190e-02
-3.928700788237791952e-02
-3.928918289207280340e-02
-3.910980368019106174e-02
-3.882777534361200877e-02
-3.865364388791314720e-02
-3.861226999074223593e-02
-3.851068074737640928e-02
-3.822947407789000634e-02
-3.774184815465478349e-02
-3.705391834512618277e-02
-3.618683781207526068e-02
-3.521117615326681966e-02
-3.423521118697992610e-02
-3.326560102564567883e-02
-3.225361726736843820e-02
-3.118627317194740470e-02
-3.009022274239794154e-02
-2.896246916523514958e-02
-2.777621799572818628e-02
-2.652820448303546200e-02
-2.528117525586790620e-02
-2.408157658958671662e-02
-2.287972740248791007e-02
-2.167532753658291469e-02
-2.050401929850213800e-02
-1.934917346594465515e-02
-1.816678731372459860e-02
-1.693030036855581663e-02
-1.559937707447564027e-02
-1.417587418007447246e-02
-1.269105327940086431e-02
-1.114141939935024174e-02
-9.530381438436123440e-03
-7.871110333648985782e-03
-6.206317169847782797e-03
-4.554108299895550521e-03
-2.893816042915025276e-03
-1.210279632808620477e-03
5.038006484057511777e-04
2.276437515610809335e-03
4.119267014275391874e-03
6.002555380595089862e-03
7.903702417633698754e-03
9.792947214395233968e-03
1.165146364023418590e-02
1.347983692481315686e-02
1.527472389895194460e-02
1.707631473636702854e-02
1.893100673576402979e-02
2.087650158896579497e-02
2.293845072729315884e-02
2.507700262397301663e-02
2.720136812133696833e-02
2.921416225554673146e-02
3.098575707873684609e-02
3.213825065340673165e-02
3.252462612879877812e-02
3.259707671189623207e-02
3.273357247140398774e-02
3.305033477516741008e-02
3.341242553651905395e-02
3.376815064541868749e-02
3.432645486568861037e-02
3.522317828370045284e-02
3.644102903274728383e-02
3.787144146448934157e-02
3.937280461398599135e-02
4.079952311704195672e-02
4.233989312131103411e-02
4.414704573177986174e-02
4.622752192759723572e-02
4.857081428245042798e-02
5.118492504512721364e-02
5.390230271918134558e-02
5.614051656056746192e-02
5.778535920564538408e-02
5.940992137780027466e-02
6.131127323118529954e-02
6.349263409318560425e-02
6.597173747069952354e-02
6.878506243965260003e-02
7.193663378022199795e-02
7.523956593202853205e-02
7.799936924181223585e-02
7.972665058571326568e-02
8.127827024061590189e-02
8.318450341556961336e-02
8.556171879033500072e-02
8.838130489261061817e-02
9.160943798861882759e-02
9.523321251528713005e-02
9.920859759038166970e-02
1.034178155147486983e-01
1.078002634262077430e-01
1.122966667826141990e-01
1.168500115686497143e-01
1.214428270004579841e-01
1.260427799797041726e-01
1.306392696420030919e-01
1.352648208182034850e-01
1.399703188504171636e-01
1.447908749168689835e-01
1.497582197824382233e-01
1.548789799913138920e-01
1.601700286629488545e-01
1.656729309474649359e-01
1.713771653271221052e-01
1.772680034314499942e-01
1.833166071205700187e-01
1.895045982780895755e-01
1.958249500545419242e-01
2.022832714155971823e-01
2.088917142319625109e-01
2.156601999503653666e-01
2.225953107249384333e-01
2.296934260561405705e-01
2.369421308795270353e-01
2.443226420241366159e-01
2.518169087798063366e-01
2.594116650253567857e-01
2.671016381068750944e-01
2.748820269144713335e-01
2.827524627129793244e-01
2.907183168082492775e-01
2.987910569442505104e-01
3.069901483782354612e-01
3.153353749977443887e-01
3.238308625854607881e-01
3.324775221278088999e-01
3.412645315837274929e-01
3.501840001089682186e-01
3.592212220388938393e-01
3.683630662334905215e-01
3.776024430702412671e-01
3.869409105346053868e-01
3.963851348371674188e-01
4.059472669680439516e-01
4.156459318593815344e-01
4.254932678395459966e-01
4.354958624084605545e-01
4.456457476187976052e-01
4.559222818104050612e-01
4.663028607088374744e-01
4.767734484092225888e-01
4.873248150313100879e-01
4.979529772352271899e-01
5.086630316580099676e-01
5.194674448957786739e-01
5.303765354065302917e-01
5.413885807934682992e-01
5.525006987850920037e-01
5.637074343296187839e-01
5.749940715512217304e-01
5.863473501954514777e-01
5.977590681512783277e-01
6.092272216734302415e-01
6.207531443572648078e-01
6.323436691351627115e-01
6.440135409299799774e-01
6.557736767750822482e-01
6.676252553972354953e-01
6.795585310723111228e-01
6.915587928820362551e-01
7.036119700516286768e-01
7.157110925867842255e-01
7.278519703789885220e-01
7.400303390990587982e-01
7.522448544470607956e-01
7.644957304605464188e-01
7.767885974941064475e-01
7.891333554316635190e-01
8.015383883788647079e-01
8.140063677934074038e-01
8.265330942270915360e-01
8.391110388582491142e-01
8.517288552946631341e-01
8.643773447720073388e-01
8.770444160928232424e-01
8.897238436226546643e-01
9.024159865374776768e-01
9.151244275205075995e-01
9.278591041015665786e-01
9.406321635175415308e-01
9.534500431769237228e-01
9.663147698413897535e-01
9.792115340159533998e-01
9.921205707733578016e-01
1.005026554905909197e+00
1.017917899040817087e+00
1.030790519132970040e+00
1.043644195129462826e+00
1.056486504549552619e+00
