1.245338661181415695e-02
2.141018724610360344e-02
6.399351528773529474e-02
4.329110720973153303e-02
4.353917348640870544e-02
-2.670379272597882964e-02
-8.544847508904533928e-01
-1.152599479697378193e+00
-2.293639120414486532e-01
2.022274412483174300e-01
3.016569992915081322e-01
2.694475003011198577e-01
-6.551298799641434856e-02
1.821947899034893903e-02
9.692859131175848852e-02
1.400798273288579032e-01
1.267251624965426982e-01
1.134823622969492046e-01
9.590529817785367617e-02
8.879398568594863705e-02
6.210016253968188987e-02
1.048544133606837125e-01
8.200151279309311758e-02
3.914805673481624310e-02
5.185622824566171740e-02
5.666118277425070959e-02
-6.732061157102442461e-02
-2.649143191500954314e-02
2.294087131808621519e-02
4.736969146109303030e-02
7.274823170724896426e-02
9.545860613096317226e-02
7.551700348532064400e-02
-9.657063384399866557e-01
-2.860487919138702928e+00
-5.291884724300894849e-01
1.190671428105368190e-01
1.351108544921425514e-02
3.086001038831986953e-01
5.037471016342237595e-02
-2.048387255624080083e-01
3.077132728589385136e-02
1.993102943778345681e-01
4.569881876004394661e-01
5.001694659093914863e-01
4.413892716537940464e-01
-5.342926599670420884e-02
-3.476707820699067447e-02
7.958547538240752506e-02
2.252673183304905458e-01
2.447414507708902121e-01
2.135300907166380324e-01
-2.426142131095063992e-01
-1.323476548168032618e+00
-1.107479630630177486e-01
3.111448884221795774e-01
4.215830394956771587e-01
2.821708971672393096e-01
2.249913248609676231e-01
3.081024534718974639e-01
2.871625692147564135e-01
2.443859569766882456e-01
-1.710818013060173004e-01
-2.151796504537678012e-01
1.609289016478475109e-01
3.182155516045435117e-01
3.577903225992620229e-01
3.580578643375178505e-01
3.487307705164828242e-01
2.491979054213837586e-01
6.115920284671269580e-02
5.748840626873788495e-02
1.661056556912645643e-01
2.131004321088374176e-01
1.469925337341344562e-01
1.607630194957757885e-01
2.175611606343549054e-01
2.546356932706433929e-01
1.461512818224298682e-01
4.973482893145941830e-02
1.759170628168432171e-01
1.440871529532050666e-01
5.320420920848162316e-02
9.636281051373396522e-02
1.959731912162678003e-01
2.188242468291933529e-01
3.147548773331945715e-01
3.174409487872257851e-01
2.294742080385946403e-01
2.749105997699911597e-01
2.762488537867976435e-01
2.781534687339363709e-01
2.020750862441053064e-01
1.705114217560989576e-01
2.118935739986849143e-01
2.110734942419876803e-01
2.082498433615866951e-01
2.826434059467639592e-01
3.246796676926229641e-01
2.476152806337075796e-01
2.484383092583995478e-01
1.978582119287485286e-01
1.720688495802433771e-01
1.937638827116689444e-01
1.625830351253558792e-01
2.489510722617986893e-01
3.302657494639605340e-01
3.852009337758199869e-01
4.359523352052750989e-01
3.795990210318463398e-01
2.550679030787526558e-01
1.017003426987150849e-01
3.916255649515532067e-02
-6.465003341236417178e-01
-1.069025676438714711e+00
-1.738245635745451212e-01
3.405465472339651578e-01
5.225436190693995009e-01
2.179964297621372893e-01
5.559119702424206166e-02
4.984073598926708204e-01
6.925625686978965634e-01
6.788463092263212761e-01
5.041371262184921598e-01
3.489271643848261828e-01
-4.086169837727821053e-02
4.189838655633691400e-01
6.607264412151047095e-01
6.356901745418459537e-01
6.284439387292299894e-01
6.802148883947434221e-01
6.213671025756924982e-01
-5.135048954529701781e-01
-8.272404601653075007e-01
3.700120513166365033e-01
7.456607550857079492e-01
6.490033207269362281e-01
7.110114352413197114e-01
7.811601953162849998e-01
8.144509606289936920e-01
7.270491238633658426e-01
-3.497507373638285566e-01
-1.715262037710071130e+00
2.490038541076298184e-01
8.919295252990259160e-01
9.770053377714968956e-01
8.989954951109406789e-01
9.108689572456998285e-01
9.074835027597687453e-01
8.500010434289616557e-01
6.387939438134376813e-01
6.181690650908880924e-01
5.811165748086106753e-01
5.103619892561096494e-01
5.269359066699246252e-01
4.831393082744143141e-01
4.798567651761879160e-01
5.190798779753856840e-01
5.975896265076565683e-01
6.235099355332578419e-01
6.903285413448335683e-01
6.990355680238957703e-01
7.291241765482828763e-01
8.172684233312079716e-01
7.909271724467080711e-01
7.734012397564441477e-01
7.831535746015244603e-01
8.044751065265882684e-01
7.943166845854952030e-01
8.060798189138924652e-01
