1.488643942860898639e-06
1.097278260549907658e-05
3.817137751968892876e-05
9.911317275223532550e-05
1.862609890490879590e-04
2.871626994072375692e-04
2.704853380834911576e-04
-2.664155505755785532e-04
-1.389179529411395300e-03
-2.618624808662289860e-03
-3.648269060398557674e-03
-4.409545263821177535e-03
-4.967902754274512375e-03
-5.481958585633906270e-03
-5.942460661721695771e-03
-6.304869143623236839e-03
-6.551273884413380891e-03
-6.693970304441939148e-03
-6.750490177170851390e-03
-6.737654663151504235e-03
-6.669073665092326020e-03
-6.556653439203820842e-03
-6.390223374866349330e-03
-6.185010980332073666e-03
-5.963982248136268961e-03
-5.726492269861177369e-03
-5.485225295681689893e-03
-5.290398670380854970e-03
-5.126824923477364335e-03
-4.962933147437216183e-03
-4.779802425205175419e-03
-4.562436157991305377e-03
-4.303210988126134756e-03
-4.136476345961519023e-03
-4.747789578619058572e-03
-6.747849132342694303e-03
-9.102517905643800478e-03
-1.127071664589685343e-02
-1.321311829960776160e-02
-1.485750193519107427e-02
-1.634304489541524644e-02
-1.779412069782812869e-02
-1.911414029402750195e-02
-2.018354726191067677e-02
-2.088490210713011760e-02
-2.120880713698398284e-02
-2.126597275057290348e-02
-2.130180604325593655e-02
-2.134623152252410755e-02
-2.132826910165044193e-02
-2.117393075626029797e-02
-2.087421570640559873e-02
-2.050704316516142531e-02
-2.041351123178089186e-02
-2.095540563556485755e-02
-2.160117087134443004e-02
-2.201816466674711911e-02
-2.214899225869272972e-02
-2.207398796190688378e-02
-2.183908298092347711e-02
-2.142811882703233098e-02
-2.086097770921114397e-02
-2.022082760216608460e-02
-1.970830681585518038e-02
-1.933024730929919222e-02
-1.889401131189644492e-02
-1.829112687883807653e-02
-1.750107316527277357e-02
-1.653557184297509489e-02
-1.542447341168605435e-02
-1.424705701630631788e-02
-1.310294409413576000e-02
-1.199725472054499233e-02
-1.087328061231617078e-02
-9.708380489589659573e-03
-8.528841094521311464e-03
-7.329596818629681258e-03
-6.081041577294686584e-03
-4.777728353007027438e-03
-3.480109367481679095e-03
-2.226662102283778581e-03
-9.712309217392086236e-04
2.737802721166043667e-04
1.470591671816213813e-03
2.644926582828431051e-03
3.850088795521747209e-03
5.115420202783580589e-03
6.481601278277022982e-03
7.941109557664301905e-03
9.453069706897576641e-03
1.102484107291739311e-02
1.265714948128368079e-02
1.433711727416377840e-02
1.602348425274030541e-02
1.769889385587571085e-02
1.937936063394169253e-02
2.106798424234439943e-02
2.277167251861957065e-02
2.452715196107998694e-02
2.634742905309930827e-02
2.819739959321285183e-02
3.006122152184463603e-02
3.191224888690804423e-02
3.373744738118642644e-02
3.554218076210455268e-02
3.732668313660802289e-02
3.913761752775597041e-02
4.102449833908471122e-02
4.302016281390468044e-02
4.513751466766212361e-02
4.733210450768200739e-02
4.951826056333642756e-02
5.160813627267381298e-02
5.348389520762612814e-02
5.479978389523094962e-02
5.544888352932324932e-02
5.590151367997475695e-02
5.651516793936488953e-02
5.737413749388663858e-02
5.832235241838572976e-02
5.930237424790221062e-02
6.051588705604453444e-02
6.207439603860043925e-02
6.394343538926895720e-02
6.600068838819411754e-02
6.809778349309129897e-02
7.009697164434651462e-02
7.220035257150853036e-02
7.455121338179766799e-02
7.714257115310095558e-02
7.995589672996404607e-02
8.298902161987427306e-02
8.606798562628403815e-02
8.863961733052719283e-02
9.063187406165119919e-02
9.263734809354562394e-02
9.493250949276707540e-02
9.749698500211087526e-02
1.003357842454488946e-01
1.034688548216046861e-01
1.068845358104509730e-01
1.103962514865901995e-01
1.133441476780359947e-01
1.152891865211519984e-01
1.171245294935793768e-01
1.193551116623924324e-01
1.220436845296390682e-01
1.251294399027302884e-01
1.285780609998642687e-01
1.323537883785707026e-01
1.363796305647337614e-01
1.405333987449452759e-01
1.447699468031603820e-01
1.490556791047841778e-01
1.533533885953330400e-01
1.576571041713040189e-01
1.619481123868090344e-01
1.662261926639985454e-01
1.705189060497297460e-01
1.748671908781787576e-01
1.792941863987811690e-01
1.838271616827161781e-01
1.884720315919783395e-01
1.932448200533873339e-01
1.981746634341633451e-01
2.032442972399058634e-01
2.084333858416359819e-01
2.137376378401182053e-01
2.191572653860653919e-01
2.246822207855833919e-01
