-9.882981469760843620e-06
-6.247899129851115275e-05
-1.411306809995535138e-04
-2.157561781759288711e-04
-2.896176656811290232e-04
-3.773268000644884948e-04
-6.063170546121556068e-04
-1.404610022831162888e-03
-2.887703417598759537e-03
-4.593289035963182484e-03
-6.187198686754148864e-03
-7.563309549290265880e-03
-8.754526061339685389e-03
-9.904418023916401748e-03
-1.099761715885311762e-02
-1.198553081445468890e-02
-1.284895336177071558e-02
-1.359278055740596562e-02
-1.423670998487495086e-02
-1.480070035149308461e-02
-1.529513571568515140e-02
-1.573379212944272729e-02
-1.610243203648476298e-02
-1.641607074594036639e-02
-1.670838973052847856e-02
-1.698298871510804664e-02
-1.724976191392353642e-02
-1.756588599109425511e-02
-1.792344241506374850e-02
-1.829451314664925707e-02
-1.866522125893801953e-02
-1.902168002068032118e-02
-1.935229296672567184e-02
-1.979036514124898546e-02
-2.105542373425440400e-02
-2.386140960388187515e-02
-2.723303787239339177e-02
-3.058813429000170267e-02
-3.384253206290981780e-02
-3.688836235356574011e-02
-3.982693699836739598e-02
-4.277286478861479918e-02
-4.561406911983852813e-02
-4.820649398740720071e-02
-5.040755312546209982e-02
-5.218848156156210422e-02
-5.364175108761872618e-02
-5.501498384263989183e-02
-5.636141271997664043e-02
-5.762656419829406684e-02
-5.874921568701986507e-02
-5.971852636125354885e-02
-6.060855464859793429e-02
-6.177661460809195926e-02
-6.364250659931357246e-02
-6.571532243721947553e-02
-6.764918058754315622e-02
-6.936228206974226485e-02
-7.092472663509657993e-02
-7.235560065628447723e-02
-7.362663375959610512e-02
-7.475430154946320627e-02
-7.580665490108089155e-02
-7.699314091820075312e-02
-7.834254874656210177e-02
-7.964500807947112737e-02
-8.077041386483480023e-02
-8.170261946381993101e-02
-8.245441629621555468e-02
-8.303500280260057986e-02
-8.348817202998537468e-02
-8.392723298433159285e-02
-8.433470660998890200e-02
-8.467035459649403795e-02
-8.494820940401720533e-02
-8.519322202748393080e-02
-8.540320326695655107e-02
-8.556009191898517052e-02
-8.567234128092912626e-02
-8.580760206129096901e-02
-8.602237229855307088e-02
-8.624720837336462276e-02
-8.644083735359360532e-02
-8.662256632259490718e-02
-8.679372400835591583e-02
-8.694126540028489225e-02
-8.705848291267324901e-02
-8.712285731938966549e-02
-8.713691007212340245e-02
-8.710999129102947602e-02
-8.705198252566397066e-02
-8.698227524338485173e-02
-8.691662400989107196e-02
-8.689742668285649341e-02
-8.693421009796374610e-02
-8.698390679822118332e-02
-8.699015900513983046e-02
-8.694057612283923042e-02
-8.683557657372141525e-02
-8.667617947868158645e-02
-8.647939892207127943e-02
-8.628515902091395129e-02
-8.612634525001081065e-02
-8.602963897282576988e-02
-8.600116414033967538e-02
-8.604936622566486393e-02
-8.615411441809020521e-02
-8.629041542769586015e-02
-8.642421624912831335e-02
-8.651073740306063076e-02
-8.658775825438683182e-02
-8.675646117193541729e-02
-8.711992494896377004e-02
-8.780642694676965565e-02
-8.921155933358644596e-02
-9.148260730056924361e-02
-9.417098900055198563e-02
-9.689476728702536845e-02
-9.953241430612368157e-02
-1.022152491394882207e-01
-1.049960673410324091e-01
-1.076770385192390156e-01
-1.101130264341551313e-01
-1.123267400732282373e-01
-1.144118590294842669e-01
-1.164814948532321703e-01
-1.186635104270325480e-01
-1.207860831759671877e-01
-1.226903878922140645e-01
-1.243600690785193197e-01
-1.258008025595529211e-01
-1.269875365003836631e-01
-1.280657449292718353e-01
-1.296208109206365977e-01
-1.317466896000332732e-01
-1.338800364502114038e-01
-1.357270763646385436e-01
-1.372844105179012175e-01
-1.385470881269697252e-01
-1.394731487662990155e-01
-1.400474756104339302e-01
-1.404699455287564958e-01
-1.414594376784576446e-01
-1.434538779174730494e-01
-1.456022176647212285e-01
-1.473892828478189920e-01
-1.486587664118807217e-01
-1.494328918260709183e-01
-1.498052541445072383e-01
-1.497619867009366279e-01
-1.492684716118119204e-01
-1.484227973918024468e-01
-1.473106998452875793e-01
-1.460510957092725215e-01
-1.447323815103108702e-01
-1.433795680157629038e-01
-1.420436120372844668e-01
-1.407439646660759991e-01
-1.394204154417264252e-01
-1.379819928376692373e-01
-1.363608990988514624e-01
-1.345275144562154690e-01
-1.324784848787118607e-01
-1.302060372563723922e-01
-1.276410973905654778e-01
-1.247932743630571634e-01
-1.216522409415667638e-01
-1.182142983858038149e-01
-1.144860736598248135e-01
-1.104980662314416356e-01
