1.217628928867642464e-02
2.051712555833642981e-02
6.156506852349766939e-02
3.949211101577885380e-02
3.916119260318010054e-02
-2.992252094742114260e-02
-8.372122505918198065e-01
-1.099562452551319902e+00
-1.667453700534124450e-01
2.451768028021930335e-01
3.209663464935167410e-01
2.713052488827650821e-01
-6.770237642126250566e-02
1.741614271635741340e-02
9.382099707375424202e-02
1.329960940522285362e-01
1.164089425087617702e-01
1.014678217364857193e-01
8.334954879326153532e-02
7.634370318009257861e-02
5.044969914277309952e-02
9.329263414091162887e-02
7.024149980892539780e-02
2.862136791538883590e-02
4.267843820757954293e-02
4.808408480863680945e-02
-7.280681401087150950e-02
-2.850486976653917801e-02
2.149492295619504639e-02
4.488076564612257513e-02
6.853233710817289992e-02
8.908507295596979070e-02
6.768570434159679183e-02
-9.510156666231803779e-01
-2.769243463862663734e+00
-4.026293390832831331e-01
2.134936169183501153e-01
7.629849155906026636e-02
3.448026671141967703e-01
6.857557202463276935e-02
-1.887639166181040995e-01
4.473536497808738854e-02
2.038016108297047990e-01
4.461418988809522923e-01
4.730936846891330427e-01
4.036156167149715923e-01
-8.652362956217371504e-02
-5.608791362226777516e-02
6.354098307953157110e-02
2.075740471566057677e-01
2.228483636236235910e-01
1.890802211492872975e-01
-2.581118813977130722e-01
-1.300481974041344246e+00
-6.857540097088071773e-02
3.352858074240234187e-01
4.231547775205770634e-01
2.692254631071953619e-01
2.057913025548953334e-01
2.837630551860083061e-01
2.582388593676671062e-01
2.136292273332603409e-01
-1.930791263881990183e-01
-2.226193065778007130e-01
1.559977212128102475e-01
3.047295666003173031e-01
3.346656451782368258e-01
3.275484587762307886e-01
3.133231363574875417e-01
2.127956030318249037e-01
3.006362274166368698e-02
3.355625053181954254e-02
1.447910014578265292e-01
1.905982884385353238e-01
1.242989849227612853e-01
1.388332997959507431e-01
1.946560428033330126e-01
2.292131927762678933e-01
1.207399125195839917e-01
2.844568421463358754e-02
1.564236540536818876e-01
1.242734114078925811e-01
3.577350319106470389e-02
8.126986182082412968e-02
1.795085351923147166e-01
1.991087121493645418e-01
2.902491594878641723e-01
2.878358929028145274e-01
1.982589919454797456e-01
2.431703708021953347e-01
2.433065939593579974e-01
2.443248901384561522e-01
1.693040299726022435e-01
1.405612847423408085e-01
1.835569258689381811e-01
1.831353240393997495e-01
1.806757793495517572e-01
2.537275712864409116e-01
2.925668363849474041e-01
2.142568432462418349e-01
2.156038389391833343e-01
1.665094225637376857e-01
1.432478483858293794e-01
1.666868197147883812e-01
1.370254745895087556e-01
2.230966322223728038e-01
3.008462811813002458e-01
3.506335320502590447e-01
3.957126389588527804e-01
3.357848070021774434e-01
2.125843086408445437e-01
6.581567311987551738e-02
1.202134841311430780e-02
-6.511922721062921582e-01
-1.036387968346794253e+00
-1.276429759451554458e-01
3.684728602854067669e-01
5.244821807573804007e-01
2.054331663911202199e-01
4.210815736146500399e-02
4.773730641452985646e-01
6.539898454961825536e-01
6.249445540629308127e-01
4.437783319901639212e-01
2.907295834352748853e-01
-8.606532788640375298e-02
3.796008515049099086e-01
6.117022703228760516e-01
5.762003346732817999e-01
5.623443942983493704e-01
6.085428810975632707e-01
5.462380644679390995e-01
-5.646847733555152571e-01
-8.343422365434172150e-01
3.724543554688913294e-01
7.247255597476462974e-01
6.072582761832472364e-01
6.552422269671741573e-01
7.130222267392268831e-01
7.357677436022551642e-01
6.424381037294532026e-01
-4.128959685061371898e-01
-1.713690122260006943e+00
2.763358962113283690e-01
8.872993225822354280e-01
9.367450202148250860e-01
8.342837830228404528e-01
8.303990342196112540e-01
8.159949910794830341e-01
7.522583474577051454e-01
5.424952512598507637e-01
5.271792289886990668e-01
4.950323290370464147e-01
4.299491049683195065e-01
4.513881468870398761e-01
4.116627191506909700e-01
4.120892792480619349e-01
4.530919422411318065e-01
5.304029111520605078e-01
5.535236023276014494e-01
6.164752861868563194e-01
6.211322052174751418e-01
6.476192555816834284e-01
7.307957633654215135e-01
7.000415511891893150e-01
6.803601045367662081e-01
6.887542780222726257e-01
7.085199931503414206e-01
6.971609902913740164e-01
7.080507647748341959e-01
