-2.282921123304921807e+00
-2.280658120300323777e+00
-2.279641904072363001e+00
-2.276947085983046293e+00
-2.273377636314362960e+00
-2.266258791291496877e+00
-2.291811730188442198e+00
-2.282997672764952579e+00
-2.278060448267215321e+00
-2.270774016200243217e+00
-2.259108730341975679e+00
-2.240157671864734024e+00
-2.224155127842817770e+00
-2.215851618007774970e+00
-2.196737976351523791e+00
-2.156990494924794000e+00
-2.074534565750971282e+00
-1.867906099910944029e+00
-5.828790871310164379e-01
-3.440692931471188487e+00
-2.803070790969426795e+00
-2.600833016661317387e+00
-2.504441013116371906e+00
-2.473500188521847498e+00
-2.456739358495299008e+00
-2.436866730214747534e+00
-2.452764579601885764e+00
-2.507605413079669887e+00
-2.524141840451579188e+00
-2.493196913390260505e+00
-2.449337109330746109e+00
-2.408913702898929365e+00
-2.383040933415201401e+00
-2.075690333584230274e+00
-2.266499916608494480e+00
-2.268687109642439026e+00
-2.261618392120569698e+00
-2.252332470096708672e+00
-2.240323006896647318e+00
-2.226190136295337574e+00
-2.218116926185903282e+00
-2.209667619622474266e+00
-2.191844006324510374e+00
-2.151865953895229389e+00
-2.042004040409748811e+00
-1.513236670500252234e+00
1.211663604216730583e-01
-1.100467630423214160e+00
-1.026480727380905345e+00
-5.209641046554608579e+01
-3.097255974063656048e+00
-2.714048431989269261e+00
-2.824288525577999476e+00
-1.982562724440938062e+00
-2.140057702006070706e+00
-2.100704694053950661e+00
-1.933604518310470421e+00
-9.842454258611326168e-01
-4.082454477465049969e+00
-2.816958339511510978e+00
-2.587599773612477172e+00
-2.506557958471111736e+00
-2.519739037339494558e+00
-2.660598685887573644e+00
-2.717927921935661129e+00
-2.555602756497298955e+00
-2.460471938290316629e+00
-2.411955927701136204e+00
-2.383355975538133720e+00
-2.366589726573162356e+00
-2.359858890686731936e+00
-2.357526818794654311e+00
-2.351824789614803901e+00
-2.342610751267311553e+00
-2.334517694847418223e+00
-2.327561286173403410e+00
-2.319868695755009647e+00
-2.311756535564715165e+00
-2.304805566081491897e+00
-2.299114775972276092e+00
-2.293152193331784883e+00
-2.286936252078522358e+00
-2.280768839138153758e+00
-2.274446141405717547e+00
-2.268624684625110355e+00
-2.263527290738933218e+00
-2.259356591109072721e+00
-2.255794235190196950e+00
-2.251456755738588278e+00
-2.246900477609771851e+00
-2.242760452324515263e+00
-2.238638830513204780e+00
-2.233705951410189350e+00
-2.227685375897753062e+00
-2.221964143749755038e+00
-2.216840645255435227e+00
-2.211719585966008150e+00
-2.207820480589482326e+00
-2.205563439809257176e+00
-2.202346323088738345e+00
-2.197919194531256615e+00
-2.192651251581669403e+00
-2.186178894208120838e+00
-2.179841984284393241e+00
-2.173374023475079131e+00
-2.168403540959527476e+00
-2.167049464826428906e+00
-2.167935214450696257e+00
-2.169855302134881203e+00
-2.170418892763111618e+00
-2.167107433590897081e+00
-2.158692440870257023e+00
-2.146087829468320329e+00
-2.110415235328341410e+00
-1.984713837568236716e+00
-1.753131614116504977e+00
-1.805759018871336830e+00
-1.947383997598573835e+00
-2.002061277223219804e+00
-2.002470459542286640e+00
-2.026003351954207332e+00
-2.074013391951150531e+00
-2.107055523061837299e+00
-2.122205601009288678e+00
-2.125219688663774420e+00
-2.114108381213724908e+00
-2.106992620664353666e+00
-2.117758176763276268e+00
-2.129069807927232105e+00
-2.136157606554533572e+00
-2.141683135260156856e+00
-2.145142526773716973e+00
-2.128603625002682964e+00
-2.078269982458866405e+00
-2.046107786731533373e+00
-2.067886047487372814e+00
-2.088642561618856419e+00
-2.101953101470577234e+00
-2.113468445245454408e+00
-2.122931587812286303e+00
-2.128596049490654618e+00
-2.115368450908726494e+00
-2.046136042893992979e+00
-1.969914679485877951e+00
-2.006677312982210637e+00
-2.051342488177828827e+00
-2.078362187065692090e+00
-2.094993959415185181e+00
-2.106548445064779340e+00
-2.113806284586258410e+00
-2.115510312659345971e+00
-2.113819687660461355e+00
-2.111285734029051397e+00
-2.107350955201375164e+00
-2.102917895334065257e+00
-2.098222840935894951e+00
-2.093081294747367149e+00
-2.088653723211335578e+00
-2.086002332515807911e+00
-2.084629969141927663e+00
-2.084259621065735146e+00
-2.084397391397486921e+00
-2.084541485975710984e+00
-2.085697085771893722e+00
-2.086822700427570343e+00
-2.086790748460283673e+00
-2.086247307159936781e+00
-2.085699502212771783e+00
-2.084891526454994093e+00
-2.083797935472074592e+00
