-7.829104942053937007e-06
-4.744973011019077645e-05
-1.000966654124899453e-04
-1.390273077619148389e-04
-1.705195357717037476e-04
-2.092166430959292625e-04
-3.770065081407609564e-04
-1.058800858139196570e-03
-2.297595283991873787e-03
-3.609235808265534064e-03
-4.703219069487177967e-03
-5.530039473743992434e-03
-6.165922779260257780e-03
-6.770585463456925586e-03
-7.330582286703913632e-03
-7.804287600528322412e-03
-8.181043227721410127e-03
-8.473232855450240839e-03
-8.702985160964616523e-03
-8.889184311413890829e-03
-9.040600706400553702e-03
-9.167714346733631808e-03
-9.254957903173467726e-03
-9.316391242918740934e-03
-9.380025620061571701e-03
-9.443748621585285052e-03
-9.514288368419996852e-03
-9.640793554693478581e-03
-9.806084848010477445e-03
-9.979062395250100359e-03
-1.014577706183718113e-02
-1.029415756513705864e-02
-1.041621517089531303e-02
-1.064294357190113428e-02
-1.163788393981600791e-02
-1.396370973046802758e-02
-1.656356023072521472e-02
-1.892222161536944239e-02
-2.103440287780802484e-02
-2.285676429047566946e-02
-2.453839830765972008e-02
-2.620778804245042087e-02
-2.776402574356543265e-02
-2.908975998138452895e-02
-3.007920090699218660e-02
-3.073954292490050852e-02
-3.118491991877059971e-02
-3.165338443844389199e-02
-3.216890116602302147e-02
-3.265916625233551002e-02
-3.305815986131130368e-02
-3.335771940132246927e-02
-3.363103208220041135e-02
-3.420759314944801788e-02
-3.542677760817527360e-02
-3.674826976709732324e-02
-3.785788514914686931e-02
-3.872023721769365240e-02
-3.943498054462246660e-02
-4.003776152670483063e-02
-4.051223239882423971e-02
-4.088323884727607799e-02
-4.122199858525902455e-02
-4.171959904079294151e-02
-4.237315887478395465e-02
-4.296920021324823064e-02
-4.339889376188692249e-02
-4.366530266757263912e-02
-4.379412484377830789e-02
-4.380525858375738935e-02
-4.375037734836115938e-02
-4.373195153460911894e-02
-4.372348863316740525e-02
-4.367881911111617249e-02
-4.360577750599198277e-02
-4.352622435969875220e-02
-4.343382824621722094e-02
-4.330783799937880374e-02
-4.315501626914946404e-02
-4.303759683035768974e-02
-4.299783249312511685e-02
-4.296302494226356822e-02
-4.290308893710061827e-02
-4.284257523407321300e-02
-4.277873695526546172e-02
-4.269380324026297163e-02
-4.257988353559672562e-02
-4.241520475030692572e-02
-4.220687067709633783e-02
-4.197043796664681747e-02
-4.171309914360547128e-02
-4.144949464818084572e-02
-4.119187303788263144e-02
-4.097681847547291617e-02
-4.080753291174934322e-02
-4.064199758164310089e-02
-4.043603390370034689e-02
-4.018484818155360766e-02
-3.988834022612564034e-02
-3.954907500702147666e-02
-3.918832599298024966e-02
-3.883988722270052818e-02
-3.852963092417845126e-02
-3.827450550696488013e-02
-3.807189333089973371e-02
-3.792331769233998201e-02
-3.780153467384536614e-02
-3.767886786581173264e-02
-3.752551476982713546e-02
-3.730933969125946326e-02
-3.707516231358990583e-02
-3.691706441623648222e-02
-3.691983441720247949e-02
-3.718746227941251148e-02
-3.806060991465079479e-02
-3.961000720903238431e-02
-4.135700146110878050e-02
-4.296005081963603922e-02
-4.435750779895103468e-02
-4.571867770704064055e-02
-4.710622200129597342e-02
-4.833821305674520369e-02
-4.930906615405687005e-02
-5.007334486491109293e-02
-5.074128332803772012e-02
-5.142752652966816468e-02
-5.224243013026991234e-02
-5.299927488518608315e-02
-5.355780551214569390e-02
-5.392574432127501122e-02
-5.412396530297808317e-02
-5.414192110023457322e-02
-5.413261925573822214e-02
-5.463164831567605961e-02
-5.565094660700863061e-02
-5.660402558599248596e-02
-5.724395593868753657e-02
-5.761471200033450868e-02
-5.773985282198691033e-02
-5.760362650972641191e-02
-5.721459053058832595e-02
-5.677575174796142127e-02
-5.694477616812343435e-02
-5.804267247966943266e-02
-5.916267394462208784e-02
-5.985114841911721301e-02
-6.004095374313000999e-02
-5.981775038744685524e-02
-5.929734053590776655e-02
-5.848948916250033825e-02
-5.739172402814288892e-02
-5.611171860837243369e-02
-5.472142725490160287e-02
-5.331035531140917993e-02
-5.193517275294500662e-02
-5.059563386123661771e-02
-4.931850392614635370e-02
-4.810227165538408234e-02
-4.688179836475901696e-02
-4.557626628825136444e-02
-4.413574923589428517e-02
-4.254410381399746643e-02
-4.080838658014330350e-02
-3.892701589320655964e-02
-3.684714321023963013e-02
-3.459024665796706088e-02
-3.215707006088493192e-02
-2.955066160371996181e-02
-2.678026198380278541e-02
-2.387355489187189053e-02
