-1.980449321731803769e+00
-1.975838527276701395e+00
-1.954855179778350882e+00
-2.021255618211125871e+00
-1.994693158224306151e+00
-2.002943773547219752e+00
-1.980069833923639333e+00
-1.977196340103239969e+00
-1.972097216772622730e+00
-1.963516918702747693e+00
-1.950469515074109150e+00
-1.931571088578655671e+00
-1.916189660251631954e+00
-1.906853113518133025e+00
-1.889708151251345392e+00
-1.861588808445013399e+00
-1.820023554265622012e+00
-1.763451349150553016e+00
-1.691116511330609029e+00
-1.592306016089982457e+00
-1.472786013422426876e+00
-1.219957003198768319e+00
-3.301738755914893075e-01
1.055163367233475924e+00
1.902689856880268371e+00
1.154527304191808490e+01
-9.943999664805158734e-02
-1.240528232783494333e+00
-1.371981745946076359e+00
-1.345808788622574692e+00
-1.216458044231343738e+00
-7.873375524309871309e-01
5.254883618880690221e-01
-1.800206004255186176e+00
-1.938838759211961804e+00
-1.948844382738873060e+00
-1.940735632403103317e+00
-1.929561456593304358e+00
-1.915636251335274487e+00
-1.900022073589629823e+00
-1.891116111540808831e+00
-1.882007683267884923e+00
-1.864263969879506266e+00
-1.830363279460991421e+00
-1.765654364233163465e+00
-1.648854269756118818e+00
-1.571893892945139592e+00
-1.596991363432050726e+00
-1.589397646072529202e+00
-1.516874173261714809e+00
-1.353063525777968179e+00
-1.075181124904403873e+00
-1.252799462990560109e+00
-1.718983964953380461e+00
-1.801699015214780930e+00
-1.779996805077090904e+00
-1.719607591433345517e+00
-1.639219009029760032e+00
-1.559900182671184687e+00
-1.433329186302170211e+00
-1.200682901202180020e+00
-8.199488936743080103e-01
-1.015975227732202724e+00
-1.403529843484230932e+00
-1.459346982997815845e+00
-1.282823836207185764e+00
-7.101621241417115371e-01
3.322673218098658232e+00
-4.844055325273346924e+00
-3.266571158814048026e+00
-3.165420808614525683e+00
-3.383053724404994078e+00
-3.285148522589437015e+00
-3.038276529886422495e+00
-2.926179951977820437e+00
-2.873783864257719145e+00
-2.771243246916597514e+00
-2.647853086550334467e+00
-2.604048977148247346e+00
-2.692460127150211768e+00
-2.762782982182477198e+00
-2.705525514693518652e+00
-2.700929421242029171e+00
-2.730989230615237240e+00
-2.686882404361197629e+00
-2.603792814233879316e+00
-2.500292895524408365e+00
-2.407462719827954345e+00
-2.355748042190815905e+00
-2.319822228868162028e+00
-2.289413439113694437e+00
-2.265457612132838250e+00
-2.254967307735165072e+00
-2.258362566649557923e+00
-2.255974860775971091e+00
-2.238176757331959088e+00
-2.216210278667024802e+00
-2.193097468503586001e+00
-2.168274682515399121e+00
-2.149201228105553696e+00
-2.137114480816487916e+00
-2.130033959204516769e+00
-2.127418273266051152e+00
-2.125584912955504002e+00
-2.124573238270953901e+00
-2.120833039709927981e+00
-2.109371450191606101e+00
-2.093460375529404338e+00
-2.074847370029732296e+00
-2.059240818152711761e+00
-2.050629809744324739e+00
-2.049435590182289602e+00
-2.054964836198734712e+00
-2.135675890736997040e+00
-1.873939086682075317e+00
-1.926852273975524499e+00
-1.919897062042111635e+00
-1.893180198740615605e+00
-1.863882974907391965e+00
-1.862059948744919202e+00
-1.838875258840200422e+00
-1.689589113727577363e+00
-5.902705616779807762e+00
-2.340352971586123765e+00
-2.230043341581111616e+00
-2.312123468517731872e+00
-2.383515884278379460e+00
-2.178409884237509253e+00
-2.094454928613457056e+00
-2.058718308585998358e+00
-2.036009934163996338e+00
-2.020014446992771440e+00
-2.019297099077443036e+00
-2.075545848666700444e+00
-2.533401853608308940e+00
-2.079253512615323984e+00
-2.024457251498374077e+00
-2.005299482812026746e+00
-1.993167916508987503e+00
-1.984299602075249247e+00
-1.977139352508338055e+00
-1.968177644823779771e+00
-1.927292085989595671e+00
-2.580175708253779732e+00
-1.838245744593316688e+00
-1.933540214521328515e+00
-1.947417762047696899e+00
-1.949675387785849034e+00
-1.948895640306494093e+00
-1.947248983211922413e+00
-1.943912913200237291e+00
-1.939184999155166622e+00
-1.933653125627233793e+00
-1.926974669695214137e+00
-1.919948456670803827e+00
-1.912640248984751379e+00
-1.904723853415440482e+00
-1.897517092827018415e+00
-1.892431278100388248e+00
-1.889194805446635872e+00
-1.886952885484793230e+00
-1.884946502737425034e+00
-1.882665535971807413e+00
-1.881413635672197993e+00
-1.880322663360330271e+00
-1.878473344993030203e+00
-1.876445758785374673e+00
-1.874298574347720958e+00
-1.871722665280052933e+00
-1.868717892658209312e+00
