-1.101927126522204287e-02
5.314334923869267098e-03
5.393247220434966432e-02
3.589948645252408199e-02
3.364396553983801247e-02
-3.396806364527952399e-02
-8.928377475115487627e-01
-1.251189880951204980e+00
-3.512885530347484297e-01
1.046487676276915552e-01
2.383027250324371293e-01
2.363089240033071081e-01
-8.802453178703728565e-02
-1.442955128635965700e-03
8.280548079924308913e-02
1.303231491370694384e-01
1.264465908322912613e-01
1.149191235469149003e-01
9.735371749409502118e-02
9.418229098079249073e-02
6.547212854954380379e-02
1.114615091183870088e-01
9.043338575675759217e-02
4.148076020128763086e-02
5.142824082664674418e-02
5.834629864162897694e-02
-7.242317771714941455e-02
-3.816272677359168475e-02
9.102914671472984998e-03
3.131593515516710446e-02
5.721877062328653563e-02
8.347608314332899404e-02
6.615992404364590129e-02
-1.008073497171739108e+00
-3.027296343135605472e+00
-7.673651105631074110e-01
-8.195523134767543350e-02
-1.469988851030534505e-01
1.826688772577021724e-01
-4.035809888445199278e-02
-2.913477546059684564e-01
-4.568950359846735143e-02
1.429459153804176208e-01
4.284730689688001082e-01
4.976333824916888693e-01
4.627271750442867315e-01
-3.161960793441002948e-02
-3.137030708968019388e-02
7.462797135595174158e-02
2.163480432619540317e-01
2.423829078788760083e-01
2.170474792395000740e-01
-2.514513246377478861e-01
-1.396075752758137112e+00
-2.238502846634702337e-01
2.152950512243157477e-01
3.563697980998725146e-01
2.299002262466367796e-01
1.938072399628924247e-01
2.871233233411032426e-01
2.706896928890830112e-01
2.403425468113554453e-01
-1.860882257245090876e-01
-2.574325187287745398e-01
1.242117473773807490e-01
2.990513025709448658e-01
3.439537963702148926e-01
3.517357468228597961e-01
3.542973048934147107e-01
2.802796977905362974e-01
7.190149765705389218e-02
8.132339009557837395e-02
1.804264421312171129e-01
2.094720381350184679e-01
1.494534143916201596e-01
1.611469615040700687e-01
2.151234212955671632e-01
2.477898042221384212e-01
1.400031461189158999e-01
2.716075978200438445e-02
1.595082042282248980e-01
1.522132951477509488e-01
6.699537430042422359e-02
9.705135127977909670e-02
1.804496765032529149e-01
2.000474093333430015e-01
2.920980716601016547e-01
2.984080193709659490e-01
2.325960763182606805e-01
2.673158493215816445e-01
2.612944676660314824e-01
2.642834736484306890e-01
1.848408806427198625e-01
1.524159398886903438e-01
1.980329013863865451e-01
2.229540204573093598e-01
2.219447975434927223e-01
2.797186338052231047e-01
3.170912374410933543e-01
2.574886241789203223e-01
2.408145009555455185e-01
1.908287729715927028e-01
1.552433233933406820e-01
1.695050629233579575e-01
1.346990130136260233e-01
2.081922352040925794e-01
2.805006453229080821e-01
3.367466544404659756e-01
4.085840347465514721e-01
3.562092990216847443e-01
2.226151364471743443e-01
5.395739557604675718e-02
-1.816018449419402880e-02
-7.555554983904976263e-01
-1.233908320024659444e+00
-3.737894995231842987e-01
1.590295506185619434e-01
3.745164188773795200e-01
8.990871115492828081e-02
-6.986964111972872316e-02
3.708104858460482545e-01
6.008328803598395051e-01
6.010540609825973934e-01
4.463408010965012052e-01
3.045327777424145510e-01
-8.889009974920689117e-02
3.448366546210474559e-01
6.047377650813217098e-01
5.997542842724783441e-01
6.029434874031149860e-01
6.717291245700298674e-01
6.365176143861159819e-01
-5.420999935033159467e-01
-8.999594170236401292e-01
2.653283821282854671e-01
6.678763572130247406e-01
6.030566941303844297e-01
6.756445192814466427e-01
7.706229292102977357e-01
8.306940748857979395e-01
7.524991576549192596e-01
-3.809030380865596754e-01
-1.792330518151347363e+00
1.162514949615378601e-01
7.795973542896650343e-01
9.432807575144444012e-01
9.150319863841038792e-01
9.053234830909371311e-01
9.407142144678678486e-01
9.500940938426800653e-01
7.501140559814585274e-01
7.195247878835955291e-01
6.486319117517804766e-01
5.556841940206627140e-01
5.657143973626248545e-01
5.047560202781781191e-01
4.839215561378010788e-01
5.374438601781770242e-01
6.305578824068245325e-01
6.805683349753979261e-01
7.544433486626722640e-01
7.680032711751133556e-01
7.955801596299783007e-01
9.147277175721070241e-01
8.935303170275847862e-01
9.073728098913684814e-01
8.676978980828908838e-01
8.498309535560345518e-01
8.404635010404899464e-01
8.550045809218429493e-01
8.737365984402689634e-01
9.195368359191802288e-01
9.645263755481712220e-01
9.897286309315043162e-01
1.001612166347671806e+00
9.992016759591827446e-01
9.972760935867689414e-01
9.978804553410807188e-01
1.014827482248017443e+00
1.025421490700464178e+00
1.043934495569827092e+00
1.062585262873692038e+00
1.090653340343577860e+00
1.134936174769750394e+00
1.189939916602649195e+00
1.208615790600029438e+00
1.238917675698728793e+00
1.236490040464023998e+00
1.252761335524963826e+00
1.247503086355369328e+00
1.247298715696488314e+00
1.251034160973047982e+00
1.270068358275055154e+00
1.296108660343716412e+00
1.329581337132900831e+00
1.382467059712319424e+00
1.419572395234021123e+00
1.456965709467243020e+00
1.469205621791178640e+00
1.460032816389910115e+00
1.444149880371558892e+00
1.451150940104584786e+00
1.460929505115486693e+00
1.475749857669463427e+00
1.504892420074698922e+00
1.547338792152506803e+00
1.590678140914422389e+00
1.607140681996118481e+00
1.627474087940697256e+00
1.646795878817539416e+00
1.643470041987018515e+00
1.647212352816413095e+00
1.655862816333614429e+00
1.674688291967213694e+00
1.696365828177030632e+00
1.725016328854339420e+00
1.772375792977051834e+00
1.812525845251272472e+00
1.839460252734474111e+00
1.847122964589751781e+00
1.847580949285640983e+00
1.844893222172493408e+00
1.856046243304152465e+00
1.870817791922972706e+00
1.882518492450808267e+00
1.901488883926419016e+00
1.919882156375235738e+00
1.948332107273420544e+00
1.985779180450291115e+00
2.021801758482472344e+00
2.049823925849934003e+00
2.065843607901342693e+00
2.079784660121930528e+00
2.082573278307796816e+00
2.094841649502344527e+00
2.094265347984398229e+00
2.105176689558009961e+00
2.127038667809236117e+00
2.150503165298244035e+00
2.186840980365946319e+00
2.230496214246429965e+00
2.265349420459035201e+00
2.303775589907585797e+00
2.304976716242202350e+00
2.298820232045147183e+00
2.300798915380530829e+00
2.302436415508558376e+00
2.319144139606559740e+00
2.336196298261962845e+00
2.367926068622851155e+00
2.408939909077832731e+00
