7.030782233254957674e-06
4.584433069310626393e-05
1.208216486148819789e-04
2.407619156694957739e-04
3.964332871440427730e-04
5.765026268715170476e-04
6.463864217503374407e-04
2.074619935281955710e-04
-7.962704632763354436e-04
-1.883418231794953875e-03
-2.754201434290672393e-03
-3.347708353243784938e-03
-3.736102050745114100e-03
-4.080837577347513900e-03
-4.373973135449481242e-03
-4.570411821185082525e-03
-4.650166774454574103e-03
-4.627086657255000297e-03
-4.516373936622542287e-03
-4.333078125383708380e-03
-4.092667279931630313e-03
-3.806620632916551776e-03
-3.467145000155317635e-03
-3.089664409183560945e-03
-2.692740122830527758e-03
-2.275036523069348497e-03
-1.851677774944351885e-03
-1.471155078655186129e-03
-1.116827338198110500e-03
-7.563418405461823542e-04
-3.685741731987230894e-04
6.201580441276860912e-05
5.414390540221529664e-04
9.342358209688931842e-04
5.605424772240925196e-04
-1.170211194381834191e-03
-3.214375254902131739e-03
-5.041862072630667359e-03
-6.621087705146763355e-03
-7.884106005946127371e-03
-8.978176715871363095e-03
-1.002777244717859353e-02
-1.094032873612241913e-02
-1.160173765551656723e-02
-1.189796325803243147e-02
-1.182005175955075718e-02
-1.148168757170123927e-02
-1.112743611781701406e-02
-1.078032560569236985e-02
-1.036459875001132826e-02
-9.801130540783391937e-03
-9.082016003834837009e-03
-8.287822705670046947e-03
-7.757411233703385284e-03
-7.840420699007694463e-03
-7.996921287062237413e-03
-7.896970150393367582e-03
-7.487203580735444543e-03
-6.847186554922603426e-03
-6.033165984594752139e-03
-5.031940481402140744e-03
-3.862605677894864233e-03
-2.614892902445754147e-03
-1.487991988299319042e-03
-4.839309945452560831e-04
5.796763916471985023e-04
1.804770108551948275e-03
3.218943530629324486e-03
4.814135186667138112e-03
6.552219944068903533e-03
8.337879492585034691e-03
1.007758860333881311e-02
1.175301305228506309e-02
1.342917054472494119e-02
1.514659318686317063e-02
1.687680857919394289e-02
1.862500944994055496e-02
2.042577733655038738e-02
2.229078062101608193e-02
2.416135283993822366e-02
2.600452524567091819e-02
2.785249673262549241e-02
2.966718276643682400e-02
3.140363180759973144e-02
3.310213465868884486e-02
3.483616614326623395e-02
3.664577523111695045e-02
3.858014661285649738e-02
4.062882798178567983e-02
4.273515304737807857e-02
4.491517754328785278e-02
4.717870311300896569e-02
4.951283455145574774e-02
5.187502239828863104e-02
5.424193981046634278e-02
5.661548316294436056e-02
5.897419105773003128e-02
6.132556806192598214e-02
6.372689862301512964e-02
6.619875293594904009e-02
6.869726998265428264e-02
7.121810150777979631e-02
7.373583777404378592e-02
7.624198254820192810e-02
7.874526029277650885e-02
8.124813860990441616e-02
8.380877801938489691e-02
8.648759706530000091e-02
8.931614520755414011e-02
9.229243261823255606e-02
9.537017625689216127e-02
9.847043090323893966e-02
1.015090050597846211e-01
1.043676989855600312e-01
1.067141354093394112e-01
1.084440049054353622e-01
1.100300437891955918e-01
1.118234567293654724e-01
1.139013075520966811e-01
1.161034055901660755e-01
1.183731550741802113e-01
1.209185377133400741e-01
1.238426306744200150e-01
1.271130368057035442e-01
1.305972685424564295e-01
1.341305030964577982e-01
1.375680471828416851e-01
1.411260373558672898e-01
1.449438273108148156e-01
1.490080913426905240e-01
1.532978781731673679e-01
1.578009288784265884e-01
1.623315452652136226e-01
1.663442229047197296e-01
1.697608386957251136e-01
1.731836983893098036e-01
1.768891575547190398e-01
1.808545341257136174e-01
1.850915821537240935e-01
1.896148143146355047e-01
1.944046331948676709e-01
1.992834737143921731e-01
2.036094379235394991e-01
2.069163797225979928e-01
2.101064526961322343e-01
2.136904039669991207e-01
2.177006158152993698e-01
2.220720730697940681e-01
2.268084637157203043e-01
2.318532365269398987e-01
2.370797332169147786e-01
2.423591685105277171e-01
2.476677642877748164e-01
2.530111130640372297e-01
2.583703072552027691e-01
2.637415197653568688e-01
2.691154216710766045e-01
2.744947373422206849e-01
2.798866130934170582e-01
2.853072809932733489e-01
2.907611642267714513e-01
2.962788006535579388e-01
3.018708505144149234e-01
3.075596745660655329e-01
3.133574646742633973e-01
3.192468043813467271e-01
3.251948104349798307e-01
3.311960452571096614e-01
3.372560948612490228e-01
3.433756360018611620e-01
