-9.938094827692079553e-03
6.337393294697069024e-03
4.886244603566970712e-02
2.495617909336295126e-02
2.066674538594901606e-02
-4.140471309548434536e-02
-8.072099014250112559e-01
-1.004514156750545339e+00
-6.390086973893427391e-02
3.018703169852415269e-01
3.300116301365311200e-01
2.516050835579244360e-01
-8.859711455306409911e-02
5.092928767940735346e-03
7.870550815780624765e-02
1.082669434062813185e-01
8.978939190628584810e-02
7.056258135736992454e-02
5.081570495574341123e-02
4.798145147930665821e-02
2.255781409581823771e-02
6.836170387236542578e-02
4.566744583121964962e-02
2.139380573442428712e-03
1.837002429508723111e-02
2.776667752385326982e-02
-8.915873996464167284e-02
-3.929031254411771007e-02
1.041295465625477826e-02
2.825076413405869930e-02
4.712433362600072090e-02
6.436662797872540198e-02
4.104126454171665161e-02
-9.301854185206106518e-01
-2.602214635716293856e+00
-1.877073392192286638e-01
3.491582616580513054e-01
1.434287982583650201e-01
3.577266486329067074e-01
5.834900659240738197e-02
-1.982784323340174293e-01
3.949088534413691676e-02
1.853145201360194561e-01
4.011559349584941092e-01
3.974170346322169478e-01
3.148631669649690212e-01
-1.580370404666464890e-01
-1.054315111717558651e-01
2.294242522042271373e-02
1.564299984843356417e-01
1.636072369438064111e-01
1.269156066070367961e-01
-3.007130476832122201e-01
-1.270537380375558856e+00
-1.376749437439775403e-02
3.428749911325934541e-01
3.838440701222328721e-01
1.959896093945885376e-01
1.349688874003080741e-01
2.063748673330651207e-01
1.705026347703338663e-01
1.322760389041986451e-01
-2.548367969837662672e-01
-2.609683928973589584e-01
1.296812808441265008e-01
2.629508271699644850e-01
2.636592118609553670e-01
2.394871118489020623e-01
2.212001744606131026e-01
1.412165967767049224e-01
-4.459440151490554061e-02
-5.533434418399013621e-03
1.016804224304601878e-01
1.251675108822401516e-01
6.528834923996851280e-02
8.066644982223492022e-02
1.307506177753375298e-01
1.535426246294076813e-01
4.759693627293182239e-02
-4.451310656504237073e-02
9.673191864458999256e-02
8.531591803143423469e-02
6.468422947692897829e-03
4.428852030518928840e-02
1.220107067329994355e-01
1.295773888801519114e-01
2.035356331650051698e-01
1.906686117791760726e-01
1.188326575833051624e-01
1.515806368563305806e-01
1.422058546411126279e-01
1.433013062673307303e-01
7.025800983094715457e-02
5.130160871785074961e-02
1.034509872384467566e-01
1.264453463754348639e-01
1.223871628268316525e-01
1.726843246694380607e-01
1.971820690655636255e-01
1.324486208071086191e-01
1.189179902118783216e-01
7.714385209731722259e-02
5.415197467428850553e-02
7.772365775494738394e-02
5.105876267623871145e-02
1.251976825616110678e-01
1.850464308087803045e-01
2.222988335252705228e-01
2.707903072454334037e-01
2.033086533779579486e-01
7.751962480092328134e-02
-5.915243397983122042e-02
-9.086150442781187886e-02
-7.249098183064208722e-01
-1.033555818232254397e+00
-1.139396137697656908e-01
3.360716592993064911e-01
4.365750245563657095e-01
9.091667724457228039e-02
-6.899833841782376798e-02
3.409398241435764310e-01
4.944477810539293916e-01
4.286463171687026064e-01
2.477906484027384004e-01
1.157501575672671978e-01
-2.217512477210357991e-01
2.354412496265119170e-01
4.504013358471307682e-01
3.973323947974861103e-01
3.705340169866377376e-01
4.135899937935105242e-01
3.603583843679230569e-01
-7.110714217435405438e-01
-8.738573632664969892e-01
3.274141457029217106e-01
6.212214750354108084e-01
4.629869587844397949e-01
4.750960597906578320e-01
5.172123645447532780e-01
5.308626260868237745e-01
4.266042342741251936e-01
-6.056879771976081406e-01
-1.726024134705625990e+00
2.886896803706859860e-01
8.030736786071311917e-01
8.051876246155615924e-01
6.656857713291461920e-01
5.895454599629506021e-01
5.806963664139445092e-01
5.587410096544601634e-01
3.581021597975810877e-01
3.459284320588877915e-01
2.960061280333035061e-01
2.309627017997102350e-01
2.648662309733208486e-01
2.241086551551414452e-01
2.228250029182022862e-01
2.850320193455081474e-01
3.702854408836679934e-01
4.031887491564174475e-01
4.552232111878942167e-01
4.480217720524479752e-01
4.588914600258857668e-01
5.537851154718240743e-01
5.101726573618384775e-01
5.103719164789927154e-01
4.690016767649100027e-01
4.612618173315277126e-01
4.643159244163180821e-01
4.862244727666690247e-01
5.155848317054351204e-01
5.357238811265974121e-01
5.547151307890263450e-01
5.559395830476676625e-01
5.481207749296941323e-01
5.310721673438294488e-01
5.186975866902145960e-01
5.114423611139224946e-01
5.199758535055252207e-01
5.214578265878087038e-01
5.300519167476613891e-01
5.450202234045717908e-01
5.655594746850163279e-01
5.971521341019181417e-01
6.341255767208475724e-01
6.339755067319325921e-01
6.467077483204526356e-01
6.295487317948225137e-01
6.339970487656652054e-01
6.190511271323497766e-01
6.117151184941735931e-01
6.115511508860960177e-01
6.249146403895273760e-01
6.418401568511513666e-01
6.626556308551652119e-01
6.982399348058476729e-01
7.152448806661892977e-01
7.320033569113015837e-01
7.253764657669667937e-01
7.027209095654829429e-01
6.791664840837119410e-01
6.745714100601474250e-01
6.731857825295268771e-01
6.765814194975847684e-01
6.922949430049483155e-01
7.175068658448275905e-01
7.399849000209548500e-01
7.362563818680716299e-01
7.380619059773099178e-01
7.397812221194695059e-01
7.218952132325933135e-01
7.119838778457059369e-01
7.084145044777250266e-01
7.145673298123844663e-01
7.219389971971572617e-01
7.341655349184987855e-01
7.618025346449894819e-01
7.791874431070902052e-01
7.832588181024329188e-01
7.711502271074415216e-01
7.557278861691190119e-01
7.410044510775919413e-01
7.408130367313303655e-01
7.426791815346658332e-01
7.408660232079697927e-01
7.452811421089495791e-01
7.478132943923507803e-01
7.589982124416592146e-01
7.761410914249584625e-01
7.893941180781556266e-01
7.945500982498401310e-01
7.887567809157103316e-01
7.831073604430043300e-01
7.685150822719399866e-01
7.648083966074596951e-01
7.496329807135582168e-01
7.468065405984030125e-01
7.532226465994846798e-01
7.592026376219065398e-01
7.751794265089162472e-01
7.950057626862274684e-01
8.000197715594881132e-01
8.088606599449796875e-01
7.846190007103577280e-01
7.588776363675144854e-01
7.448173033719429625e-01
7.321325506252753801e-01
7.335338227212087059e-01
7.338949898046518427e-01
7.464873674242085144e-01
7.646202602614340371e-01
