-6.359885492381406281e-04
-7.261450260688427031e-04
2.799355957639345326e-03
6.857095126078665420e-03
9.040726785033263019e-03
6.861326771918273282e-03
-4.754926505727139624e-02
-1.523875860125113724e-01
-2.001544693657244245e-01
-1.697690325997887606e-01
-1.199294960095469986e-01
-7.728302459644664779e-02
-6.384968192018521116e-02
-6.399282164221860303e-02
-5.432776133376553129e-02
-3.948554440730144000e-02
-2.531791680572392095e-02
-1.443817912283471699e-02
-6.674339066554326773e-03
-7.402464011424369356e-04
2.978103205553153231e-03
7.970860105418855687e-03
1.364882589920164875e-02
1.489365953394880884e-02
1.471923328811613682e-02
1.605262820054692910e-02
1.032672261414715673e-02
1.840097877671652976e-03
-1.187383438169264949e-04
1.921453159101347164e-03
5.995440030205955242e-03
1.190755020250226955e-02
1.684000091509890717e-02
-4.200742311695602332e-02
-2.565345794108873090e-01
-3.921054417689161520e-01
-3.517887112027905938e-01
-2.984525482786800632e-01
-2.466648483355870225e-01
-2.062470709910668998e-01
-2.016351707517710368e-01
-1.962243501276013102e-01
-1.689819868690438376e-01
-1.220361796597413395e-01
-6.704719098183875570e-02
-2.160649362348324165e-02
-1.427366408680506848e-02
-2.991161959133671264e-02
-3.332008190166595163e-02
-2.093818432210045599e-02
-1.725381886546500931e-03
1.412581533475229176e-02
-5.424243742870541590e-04
-9.951962133417133205e-02
-1.637407914707472711e-01
-1.319140365349360522e-01
-8.039360137492299052e-02
-4.247084815113531114e-02
-2.149790835044507534e-02
-8.262109105022438782e-04
1.993443392543222184e-02
3.478259152274055382e-02
2.170335405949340435e-02
-1.190979027753282654e-02
-1.838472547899440770e-02
5.457690596509714304e-03
3.487432823051077324e-02
6.064331201536707350e-02
8.206242858490971070e-02
9.583278905905703859e-02
9.238351609841910506e-02
8.159538344927103060e-02
8.063272812701989534e-02
8.713300902281174987e-02
9.064737915078545372e-02
9.166436233218942797e-02
9.669446859095573443e-02
1.055915159955916893e-01
1.083472153049743064e-01
9.927561711149701651e-02
9.493021552645421191e-02
9.792322409299822339e-02
9.507238568840400972e-02
9.059300213309988414e-02
9.352120407619607390e-02
1.010009511823849043e-01
1.131218909377465498e-01
1.276134473773621603e-01
1.357964904816163221e-01
1.416133615717148631e-01
1.482501346987404600e-01
1.540209173083155469e-01
1.548180882619001331e-01
1.504236130832994900e-01
1.487180456775461512e-01
1.515162644097669820e-01
1.551662825169747573e-01
1.616092308727925808e-01
1.719565951605164233e-01
1.788074746816005201e-01
1.808297982003687909e-01
1.793648412771853273e-01
1.743289470543018804e-01
1.699865792662976771e-01
1.656100609210513219e-01
1.649099091544015405e-01
1.722003494692581349e-01
1.846711616199548378e-01
2.014328988845368595e-01
2.153682277504558040e-01
2.166316536091296152e-01
2.022768987093617465e-01
1.795686323860912204e-01
1.162906392948733353e-01
3.360075068465209758e-03
-5.926562423667136592e-02
-3.835121671119588738e-02
1.198623251491311159e-02
4.198531271149177901e-02
4.069846612791913620e-02
5.702548691691751437e-02
1.043578418142569880e-01
1.524118243519267946e-01
1.818263256777436221e-01
1.908298408107917399e-01
1.704403406525609732e-01
1.624561064973358560e-01
1.938162138680595836e-01
2.312741062183225060e-01
2.614551270986146259e-01
2.908095702234079760e-01
3.170588576989394336e-01
2.700286404149744857e-01
1.576827737958564346e-01
1.216396455953497741e-01
1.726224404566117920e-01
2.258200875370655336e-01
2.673306385660341733e-01
3.092433380130985010e-01
3.513608148541110809e-01
3.845861950748261648e-01
3.437636422609809395e-01
1.780519421828090920e-01
9.238361715082636649e-02
1.558657687958804328e-01
2.429281702206907423e-01
3.148631772216518021e-01
3.691403873508921629e-01
4.148422840215431617e-01
4.554496115385057164e-01
4.792027747830300832e-01
4.896615941358090085e-01
4.956726754750627739e-01
4.945372140360057567e-01
4.922860381317301082e-01
4.896194909475106161e-01
4.850188555371253152e-01
4.848400299428423654e-01
4.936957372966155888e-01
5.088319587307733594e-01
5.281606825029702135e-01
5.486337279127599942e-01
5.680991490655254994e-01
5.930009588629826522e-01
6.186691998971699524e-01
6.403042461266392760e-01
6.579401668268500813e-01
6.717611205786103712e-01
6.845773749662930063e-01
6.982621926195790030e-01
7.142615582528052398e-01
7.322270419084636606e-01
7.514436323197709600e-01
7.706262760440933945e-01
7.882358842857000170e-01
8.033097735422835006e-01
8.158345221908668288e-01
8.265836634301463315e-01
8.369802154609822242e-01
8.474628896059271943e-01
8.580984898397119309e-01
8.696744603529769080e-01
8.828290899265356373e-01
8.984614234591852266e-01
9.173415278397224482e-01
9.371546525083674917e-01
9.566377212072446623e-01
9.746111671542023736e-01
9.909435078247961215e-01
1.005697917743200831e+00
1.018423464661440736e+00
1.030146731186767362e+00
1.042201254672955546e+00
1.055531691347476597e+00
1.070491092717914539e+00
1.088121303641463866e+00
1.107848087490944655e+00
1.128494083414284255e+00
1.148488204743194796e+00
1.165582917842740818e+00
1.179064207261361741e+00
1.190365268065686877e+00
1.200888543634436312e+00
1.211174406876721399e+00
1.222291470919651291e+00
1.235460894786430730e+00
1.250878307065306450e+00
1.266556382509934409e+00
1.281404564723074957e+00
1.295784069277571060e+00
1.308473603344081804e+00
1.319040983701559311e+00
1.328485085661715415e+00
1.337858149595321011e+00
1.347775296534680534e+00
1.358575433017712442e+00
1.371446791605509308e+00
1.386424735561118338e+00
1.401946898272492081e+00
1.416215467455956389e+00
1.428231193453407988e+00
1.438026036991019829e+00
1.446732847248544118e+00
1.455357155510288214e+00
1.463782863467369522e+00
1.472223367102060809e+00
1.480897828837518526e+00
1.490241107696372858e+00
1.501058719613280967e+00
1.513320357599264643e+00
1.526192022344387222e+00
1.538489177872739200e+00
1.549668380629751097e+00
1.559249348999439011e+00
1.567559600857232560e+00
1.574553266399101092e+00
1.580491931454917953e+00
1.586718144821881227e+00
1.593687054614365772e+00
1.601960286639243281e+00
1.612234526259188394e+00
1.623626443292169430e+00
1.635492755144306365e+00
1.645892512128794172e+00
1.653034259831482888e+00
1.657823395941611766e+00
1.661157413525370163e+00
1.664118428434258501e+00
1.667434335133713086e+00
1.671803757535319734e+00
1.678170293383514755e+00
