1.365029884604441850e-02
2.558018233098342115e-02
7.563521885582953630e-02
6.313983986382371016e-02
6.887597942065726286e-02
-3.272108578079876637e-03
-9.182691156056229653e-01
-1.392190653250373833e+00
-5.603613700062597403e-01
-8.924952323324635006e-02
9.135539283466960481e-02
1.361175629200377935e-01
-1.658908643093222890e-01
-7.349044071507927767e-02
2.757509621364942487e-02
1.012905434912589886e-01
1.172673161566044342e-01
1.274668449586868479e-01
1.277256283432897099e-01
1.341398382229545827e-01
1.161746698517342469e-01
1.684379275380649132e-01
1.553724305934067185e-01
1.150510043110207492e-01
1.275377306708269931e-01
1.336561408035919496e-01
-7.096277157364050403e-04
2.433084321564282435e-02
6.804844464535780846e-02
9.396970034634515023e-02
1.251576125130583195e-01
1.573030284776675281e-01
1.456611687071807382e-01
-9.900470249229025299e-01
-3.238650241649926986e+00
-1.155883902992037138e+00
-4.659779566729589373e-01
-4.896485058564160053e-01
-1.027949049545554827e-01
-2.797301762974285788e-01
-5.096399425544774209e-01
-2.506407662484259613e-01
-2.515443502501060746e-02
3.218852039318612634e-01
4.699098819582998576e-01
5.015457556118882998e-01
3.382017827436023527e-02
3.606989519587033843e-02
1.485052707782239800e-01
3.161846494515402339e-01
3.692513701793279091e-01
3.662407860865490861e-01
-1.116132926028763489e-01
-1.354301393878861504e+00
-2.594313768686540289e-01
2.022574976330834828e-01
3.942680298665785510e-01
3.227293399812480312e-01
3.079984305705800174e-01
4.316067220334680044e-01
4.513459039697877984e-01
4.384518498165574929e-01
5.665076992888588847e-03
-9.330860173107202726e-02
2.667933375645012983e-01
4.570010273324673356e-01
5.426907302182450987e-01
5.869002829924032660e-01
6.153197371448317909e-01
5.385729317435545838e-01
3.439572830149865701e-01
3.180389477733261971e-01
4.170664946419184727e-01
4.692470378359481220e-01
4.052362357662166459e-01
4.164490360942247893e-01
4.775111468438565376e-01
5.266189289227154458e-01
4.213429803611896118e-01
3.091503573558476714e-01
4.252543141456502918e-01
3.920971346664484658e-01
2.884978062049075032e-01
3.167755112770356818e-01
4.164183873287144455e-01
4.498619741203040423e-01
5.661878401562309149e-01
5.951453668550681364e-01
5.219816326045296773e-01
5.772285750202705845e-01
5.910700010633836987e-01
6.041528306756291933e-01
5.306334661640095263e-01
4.916855857209054825e-01
5.277181829009639502e-01
5.254853612272958330e-01
5.209404470640228713e-01
6.005929340784856851e-01
6.574872960863955562e-01
5.895370250555338476e-01
5.917756784094992950e-01
5.375041507422100295e-01
5.015402075244900226e-01
5.140225028215213987e-01
4.734329532237116500e-01
5.570290695744721798e-01
6.509227911111908904e-01
7.289936721509790996e-01
8.095296261850861708e-01
7.781573773776870873e-01
6.587114009060714981e-01
4.843312346661856060e-01
3.840733792255894286e-01
-4.061874768692301241e-01
-1.019847784108545596e+00
-2.429468559505250369e-01
2.927101369335485259e-01
5.546808552112137969e-01
3.067845459023791910e-01
1.527779840818906942e-01
6.317166244637708594e-01
9.139301088436456721e-01
9.928923722915443673e-01
8.817583758564091490e-01
7.526471159335018646e-01
3.350338428760621934e-01
7.812810717625375823e-01
1.073191829717114132e+00
1.110319768873217372e+00
1.154824995727890657e+00
1.256333525216326130e+00
1.239809905690256731e+00
2.789480706034158652e-02
-4.805339798762949255e-01
6.334296273389611320e-01
1.073403099653166937e+00
1.055914841357123768e+00
1.185259557883231230e+00
1.326552593177715123e+00
1.431461385508895345e+00
1.401332725598023687e+00
2.637944767939193191e-01
-1.378226771510182580e+00
4.150184413805398931e-01
1.135861818995715478e+00
1.352296833646488450e+00
1.389609470048366990e+00
1.497407380808332800e+00
1.578982421477179487e+00
1.590267081547306560e+00
1.414157601447177726e+00
1.404203232984538641e+00
1.370906002597575224e+00
1.293176832888735639e+00
1.298854413002988206e+00
1.242327999188031828e+00
1.223470316308893580e+00
1.252145442741443127e+00
1.331928960739570122e+00
1.367823017996477875e+00
1.451739996350999595e+00
1.481705800112788296e+00
1.533827882926010799e+00
1.652075358832680196e+00
1.656864509533440000e+00
1.662481089904993770e+00
1.691698233354575809e+00
1.732665279748336395e+00
1.740260695491733012e+00
1.767535623757543473e+00
