7.901247628485475816e-04
2.841951113347401456e-03
8.034052890774252831e-03
1.417366971963556627e-02
1.885217805392739449e-02
1.883787720578515915e-02
-3.785954215425001157e-02
-1.594718482322017850e-01
-2.349687858448154532e-01
-2.256304793906571404e-01
-1.839723033660440876e-01
-1.392535603539983846e-01
-1.189803689112483576e-01
-1.136681990181361290e-01
-9.891896817922291030e-02
-7.761507228037833883e-02
-5.570225813721099706e-02
-3.655947528931199897e-02
-2.041737522798059770e-02
-6.778342288913514341e-03
3.818677250469774617e-03
1.477761487335539636e-02
2.599019896286563353e-02
3.239763829294631942e-02
3.656001667246162878e-02
4.133009772757684219e-02
3.810669692304885503e-02
3.020200487781449228e-02
2.797722104979267349e-02
3.022639874101793953e-02
3.541976984149672325e-02
4.332184975701706270e-02
5.094219037067155426e-02
-9.020399909043769204e-03
-2.475115424153835342e-01
-4.388890936314360225e-01
-4.449018508608660327e-01
-4.170707237908204412e-01
-3.756932982965460743e-01
-3.338981619795229339e-01
-3.242649431119841719e-01
-3.147649485422366888e-01
-2.812866696883552509e-01
-2.230328687428870527e-01
-1.495807197756093831e-01
-8.073974005020244371e-02
-5.026541028789299759e-02
-4.967593072375676294e-02
-4.188614295475024535e-02
-1.932396740224594928e-02
1.144262344892146149e-02
3.959123611028134149e-02
3.527528667511147659e-02
-6.460891452705785909e-02
-1.470416741835356422e-01
-1.289378125846638024e-01
-7.917853427617971285e-02
-3.321921652401477187e-02
-6.837366963644772588e-04
3.227318818557954605e-02
6.703752475673022126e-02
9.602040254301402733e-02
9.443973684130831103e-02
6.534411746818998001e-02
5.815964745052353696e-02
8.291552640232657811e-02
1.183610777663740565e-01
1.546217503214597777e-01
1.885915727222768901e-01
2.139366424040936299e-01
2.200440256559609009e-01
2.141889090105630056e-01
2.147727281481245365e-01
2.243482204276929237e-01
2.319213648085101387e-01
2.360735691989613860e-01
2.443116288124709268e-01
2.577660708167620052e-01
2.658629130952389064e-01
2.610826117949987535e-01
2.587346104539457459e-01
2.617179168563422142e-01
2.569754199750429180e-01
2.498721072837791490e-01
2.519093955515739891e-01
2.612117919546786404e-01
2.776708436359119903e-01
2.992790060716805645e-01
3.145860926545314129e-01
3.269223063995003176e-01
3.413078157791432643e-01
3.551431802800751325e-01
3.635195333460163880e-01
3.649323547728651751e-01
3.668845061994261414e-01
3.709855949141700471e-01
3.746311665784936573e-01
3.826427090008135967e-01
3.973056990766889451e-01
4.089245855581153943e-01
4.155851789461380563e-01
4.187083589425222852e-01
4.170360473163729487e-01
4.152365761951616885e-01
4.127778671758914886e-01
4.141207383178688861e-01
4.256626999611490270e-01
4.450615079373358429e-01
4.701607496917362128e-01
4.936066178814080274e-01
5.048050918948887578e-01
4.983522767751774607e-01
4.790249519293088287e-01
4.131829627897983248e-01
2.832806647317087090e-01
1.910200726670360782e-01
1.880876846960262416e-01
2.282997233697496575e-01
2.594940196232527474e-01
2.621870783987895748e-01
2.837027760102259211e-01
3.426155983456349308e-01
4.097478273600021481e-01
4.621291215286478238e-01
4.918620401363509309e-01
4.858927651637870437e-01
4.858962087915218997e-01
5.274078639474840680e-01
5.794899272318463357e-01
6.272390250528613320e-01
6.754021904281889421e-01
7.202666551479994794e-01
6.871914902391438318e-01
5.686896906970608789e-01
5.119491511966566266e-01
5.512103459336016309e-01
6.055659551661234374e-01
6.566435855188865744e-01
7.138360336394585781e-01
7.747511300485758756e-01
8.291983316242373947e-01
8.074309945804875044e-01
6.364341183867964213e-01
5.166842425377253800e-01
5.570296258663800515e-01
6.401355240697700344e-01
7.210404844537188218e-01
7.952832804395677524e-01
8.668093134375052244e-01
9.310560947319741487e-01
9.751738916345162878e-01
1.002969514834665565e+00
1.025127336298352176e+00
1.038929768871471371e+00
1.048432198371149093e+00
1.055207417173962492e+00
1.058583696727689372e+00
1.063869702054211164e+00
1.076076530373593076e+00
1.093967624651340564e+00
1.116883850974367487e+00
1.143291893713449969e+00
1.170989195710064434e+00
1.204786699395426153e+00
1.240509339462178451e+00
1.271922289425798880e+00
1.301357029358987560e+00
1.331185222053246964e+00
1.360069191080184758e+00
1.387609446332739083e+00
