-1.010183996822175065e-02
6.214735698703283476e-03
4.966727465785376189e-02
2.648454729324994927e-02
2.229203488683337980e-02
-4.079741714553074272e-02
-8.206406713492571114e-01
-1.039606066755095259e+00
-9.976315876741334576e-02
2.832061887529807032e-01
3.274406811649078208e-01
2.584629931510833423e-01
-8.225385627629733243e-02
8.451004489285290910e-03
8.249672829625465109e-02
1.137189934956691351e-01
9.635504022842536487e-02
7.728324763913271833e-02
5.705561051590524180e-02
5.360469914897900839e-02
2.731423118019363216e-02
7.298869610897815163e-02
5.038682094440102843e-02
5.908688893677970649e-03
2.124928283853292840e-02
3.041884535817268240e-02
-8.847136332025451466e-02
-4.048495889464561598e-02
9.442039725188231675e-03
2.833210111021425628e-02
4.841389139586269041e-02
6.694703964676874952e-02
4.427334540254239392e-02
-9.428319479677933490e-01
-2.664531936926321620e+00
-2.625872355259052937e-01
3.049307788064635205e-01
1.222885358788518007e-01
3.525280221529665248e-01
6.113924026094155750e-02
-1.982529161785933913e-01
3.850530385292191826e-02
1.890101908494762062e-01
4.132087012976303209e-01
4.174112436888905986e-01
3.385100259948177759e-01
-1.409112962823096393e-01
-9.749787323713197951e-02
2.769672538834164199e-02
1.629022773538122970e-01
1.729280084478186652e-01
1.375293725734208772e-01
-2.967925492806793297e-01
-1.292170679463190419e+00
-4.299981303818192768e-02
3.301591009185067538e-01
3.868654195956469644e-01
2.065497949671558642e-01
1.470428313109302110e-01
2.198176232649389772e-01
1.850760276108197322e-01
1.464659932705018042e-01
-2.477819291662876067e-01
-2.633852858103510330e-01
1.275351656720691840e-01
2.679841526272446206e-01
2.749531314838984941e-01
2.543919419291733042e-01
2.377894098380542998e-01
1.572997955314641427e-01
-3.292856548358548407e-02
1.613799329767101609e-03
1.081433632469447487e-01
1.328755211284329274e-01
7.307778932032399366e-02
8.800311340576195962e-02
1.387882281434118237e-01
1.629987483355071209e-01
5.647277039910525431e-02
-3.885719707826121305e-02
1.014923368781928820e-01
9.103253075443584752e-02
1.134400745659353005e-02
4.826174631077820298e-02
1.271357192395564661e-01
1.365079829382718490e-01
2.129191890219335748e-01
2.022996864089687263e-01
1.305334607138400049e-01
1.629467080841455195e-01
1.535685003436792206e-01
1.545286252742189559e-01
8.017233656949804277e-02
5.912842430353293377e-02
1.105337692628949320e-01
1.340448112949457760e-01
1.305096100130233028e-01
1.818952572922071520e-01
2.080850305738782546e-01
1.436397716141656622e-01
1.292393087273714103e-01
8.601571262085330738e-02
6.116769160550641904e-02
8.362475755084319839e-02
5.607050032937421769e-02
1.305113476813821172e-01
1.924314239387570069e-01
2.323404473519087021e-01
2.837648019642253772e-01
2.176120866957772515e-01
8.972894190058797181e-02
-5.213157276715796318e-02
-8.941081166878409037e-02
-7.378930788816193687e-01
-1.068677576695385989e+00
-1.518585987878134091e-01
3.151762325199646275e-01
4.338890784426762681e-01
9.550337379215714795e-02
-6.662676145068284483e-02
3.466637119565338376e-01
5.098763426375919616e-01
4.510768707038392833e-01
2.708704281461264962e-01
1.347757173899795935e-01
-2.125828691726018849e-01
2.416137717015964803e-01
4.637795001960790531e-01
4.170719144583060478e-01
3.932109543387171668e-01
4.384635040275881579e-01
3.862159649662326166e-01
-7.029737178598738367e-01
-8.930779169325862021e-01
3.084418158231755358e-01
6.220602040204400440e-01
4.775781130557316123e-01
4.967479574975007806e-01
5.441808420235304533e-01
5.619073557796703255e-01
4.586208609994309460e-01
-5.914420423604178634e-01
-1.754420571006515273e+00
2.523343374500729985e-01
7.949235706772939114e-01
8.215740747585613679e-01
6.955437088164719839e-01
6.250108727482817095e-01
6.185738934638721487e-01
5.975753792528566422e-01
3.938471891006354864e-01
3.768963621112619844e-01
3.228174279993624163e-01
2.533159556986500083e-01
2.840247633212588108e-01
2.408809666412090600e-01
2.374716423282357547e-01
2.992580086205260392e-01
3.863497052362761530e-01
4.219608711700505443e-01
4.769266085841021852e-01
4.720500498616112539e-01
4.844163816468260997e-01
5.818746000995246304e-01
5.402564377839998988e-01
5.410959788684984728e-01
4.993447162012035756e-01
4.906098291532805522e-01
4.928668450236665111e-01
5.145508045572031453e-01
5.444097603581470324e-01
5.654506219878839834e-01
5.854677357446634867e-01
5.874872858598620962e-01
5.799444935370661192e-01
5.625728022697528141e-01
5.494531112525848915e-01
5.413242607217221281e-01
5.492263232180691901e-01
5.503118704280454132e-01
5.586919256841519354e-01
5.737560286485665628e-01
5.947597432524390770e-01
6.273027613391563007e-01
6.657603674101304492e-01
6.668874494888827886e-01
6.805149542309185673e-01
6.636674888848048681e-01
6.680383562050236090e-01
6.527097792869984705e-01
6.446819402732042459e-01
6.438399505597770522e-01
6.568465508461696079e-01
6.738471758176503013e-01
6.951228040632484451e-01
7.317041664283174818e-01
7.499234430578516353e-01
7.677992758455385314e-01
7.618346515967813204e-01
7.389938786839223006e-01
7.144962682597606474e-01
7.087730988108622565e-01
7.064286278080664783e-01
7.090946542707028399e-01
7.244892418087303110e-01
7.499546738664266687e-01
7.731249233933961129e-01
7.699027960419873029e-01
7.718617554626288069e-01
7.735723713703324123e-01
7.552482454172060322e-01
7.445131174525549955e-01
7.400756086538355927e-01
7.455715743704700582e-01
7.525630907488984889e-01
7.646829215068426944e-01
7.927023230767578088e-01
8.108030219086901358e-01
8.154564884313737494e-01
8.034109981292349989e-01
7.874629463470035340e-01
7.718060101886905500e-01
7.706683654442774145e-01
7.717944825723570546e-01
7.693400909379564112e-01
7.732360554680377529e-01
7.753738583164591081e-01
7.863645398324439206e-01
8.036462464459135369e-01
8.172604082718524232e-01
8.227374885678251371e-01
8.169576895847123765e-01
8.109905429350363626e-01
7.957216425114335134e-01
7.911777737331093796e-01
7.750081677042413020e-01
7.711510672798376209e-01
7.768192749121745067e-01
7.823412493457133632e-01
7.982065904421331570e-01
8.183304138319766885e-01
8.237067481441511241e-01
8.328307760561490802e-01
8.083214239325728911e-01
7.815262865200789388e-01
7.660822189709504126e-01
7.519707155656980557e-01
7.521699828155747891e-01
7.516326379291118354e-01
7.637126162303997656e-01
7.818241023988274918e-01
