-6.533681187679661476e-04
-8.024617995796511603e-04
2.799980386960026178e-03
7.249365569378054056e-03
9.910688273026432155e-03
8.090907477854342514e-03
-4.775888140671727400e-02
-1.601340259845395186e-01
-2.194937615968756695e-01
-1.969330365515711001e-01
-1.490621574450901599e-01
-1.041966083258344666e-01
-8.698410346805819648e-02
-8.441329656546381344e-02
-7.246296865118999342e-02
-5.506655535300157556e-02
-3.801119035017976044e-02
-2.421511428254419229e-02
-1.375852799507963804e-02
-5.483574579151783562e-03
2.124041244464065434e-04
6.829508664891154046e-03
1.407479064512583838e-02
1.665145674385562838e-02
1.737014767496962778e-02
1.936267554658556433e-02
1.400165799558671098e-02
5.083126883449440650e-03
2.454769125936815972e-03
4.075661478606820362e-03
8.093825957022491441e-03
1.434423278049188483e-02
1.993925010954198870e-02
-3.987564504160019674e-02
-2.651376590626726704e-01
-4.242146753530685599e-01
-4.013738116868527661e-01
-3.557393939708572983e-01
-3.055455382106874174e-01
-2.622913122450444279e-01
-2.541140506304259694e-01
-2.462168814461581923e-01
-2.158390685051635449e-01
-1.639107333119121657e-01
-1.014472044469882095e-01
-4.706708931596243622e-02
-3.141317767201662337e-02
-4.215409095223592723e-02
-4.293618778284306187e-02
-2.836791028164675071e-02
-6.346665698341354828e-03
1.276450353805662352e-02
6.025238480346032516e-04
-1.007014100714425098e-01
-1.743269035832852865e-01
-1.490822550260141044e-01
-9.859721990251818502e-02
-5.786509587757265177e-02
-3.290605490355268115e-02
-8.050800640946789016e-03
1.721246457193252588e-02
3.645249775787604007e-02
2.664208484212979983e-02
-6.861406801959075985e-03
-1.500976160493811516e-02
8.636723711612817947e-03
4.002892616959056321e-02
6.920806530026929471e-02
9.468511425775513746e-02
1.125475781227459615e-01
1.122881849752472572e-01
1.029094574403488643e-01
1.024112411776237769e-01
1.094934282153626481e-01
1.138049334409421826e-01
1.154306742129001390e-01
1.210489948854445996e-01
1.308638028800612751e-01
1.347301730333017589e-01
1.260947083654828105e-01
1.213269507210372050e-01
1.240883986907880127e-01
1.210833161333536717e-01
1.160844321729664480e-01
1.185499396791493826e-01
1.261348168684021664e-01
1.389785247082289399e-01
1.549942995400557799e-01
1.650506927397767110e-01
1.725292052135662113e-01
1.807531126378378872e-01
1.880075208689032384e-01
1.900552345175903768e-01
1.862646691428166412e-01
1.846364088669625869e-01
1.875086185489027168e-01
1.914174280259929029e-01
1.983191858259536200e-01
2.095801303230984125e-01
2.176992137508490521e-01
2.207993846940834171e-01
2.200399109421450061e-01
2.151519227364331599e-01
2.104589006039782328e-01
2.054942846802173262e-01
2.040669113692524239e-01
2.110788865287445415e-01
2.240675519390012971e-01
2.422122457952960994e-01
2.582572365707107576e-01
2.614683680849765879e-01
2.478448624878839823e-01
2.240682610393105734e-01
1.571603560132455446e-01
3.470124205394228833e-02
-4.189077823490390540e-02
-3.145948304852345945e-02
1.474330672510409251e-02
4.521906968294168994e-02
4.507627352181201030e-02
6.231732261615449686e-02
1.129391702004479969e-01
1.669621262324158251e-01
2.033535473776549862e-01
2.184139795716251997e-01
2.017701333660134044e-01
1.946121522147026273e-01
2.276690834407627817e-01
2.690335447474104802e-01
3.042967145468419288e-01
3.392079808642264882e-01
3.713127520362690670e-01
3.280389943056559732e-01
2.112765650857217903e-01
1.656954143114681699e-01
2.116565354473735616e-01
2.656260139247132446e-01
3.109529186813427271e-01
3.584835474915378795e-01
4.075094535676151430e-01
4.482358545015139861e-01
4.126912279125684591e-01
2.424715962342580133e-01
1.418935151653708537e-01
1.959648848260434340e-01
2.826421628519525386e-01
3.602473908386729651e-01
4.229184659540310975e-01
4.779042710905065938e-01
5.279545869791032464e-01
5.605276888003778435e-01
5.779502607830993011e-01
5.891980327993614486e-01
5.916532173416325646e-01
5.914789131025484092e-01
5.899408556907680401e-01
5.856332442396636750e-01
5.852681363684768545e-01
5.941591496843608988e-01
6.101067536500291988e-01
6.311002735740853797e-01
6.540722116126530539e-01
6.765363837586693130e-01
7.049025104849423462e-01
7.347480905172382171e-01
7.607535659055152388e-01
7.823946483982702205e-01
7.989909668347939808e-01
8.130447795360821184e-01
8.267813069924060398e-01
8.416628552955638387e-01
8.592459743502938174e-01
8.803971891164188435e-01
9.033033111286485894e-01
9.259028545558618539e-01
9.467789058614255460e-01
9.655626662918368464e-01
9.828063826623503196e-01
9.998616444839178996e-01
1.017207835491503953e+00
1.034909278840946412e+00
1.053314001390216026e+00
1.072864242512544086e+00
1.094826953801186331e+00
1.120298844865910137e+00
1.147144394969369374e+00
1.174018222893497887e+00
1.199678690482156140e+00
1.223810768089408807e+00
1.246420918950078560e+00
1.266960769490083072e+00
1.286273816607786280e+00
1.305649219217554391e+00
1.326249515129890977e+00
1.348643267942464474e+00
1.374060512976502224e+00
1.402089104828736055e+00
1.431542133580447462e+00
1.460790623371471808e+00
1.487379543672661342e+00
1.510318023570982771e+00
1.531254981797055326e+00
1.551857392487739906e+00
1.572573722806084984e+00
1.594452965941093092e+00
1.618802716371934514e+00
1.645944173675796485e+00
1.673887767402797211e+00
1.701390464375233114e+00
1.728735697133594318e+00
1.754602621584061328e+00
1.778517034642113970e+00
1.801481811780131448e+00
1.824500724534991569e+00
1.848239743484394015e+00
1.873121639480893164e+00
1.900424109013498342e+00
1.930301979781285482e+00
1.961207237934081693e+00
1.991210642590414803e+00
2.019110588155157870e+00
2.044753253243047464e+00
2.069191469252137594e+00
2.093547103095165784e+00
2.117810084132239812e+00
2.142243346179751207e+00
2.167145367279250667e+00
2.192992837681670970e+00
2.220684390352618109e+00
2.250307753045197146e+00
2.281026519483041692e+00
2.311586775970595475e+00
2.341331932230899415e+00
2.369682985946364617e+00
2.396888499750422952e+00
2.422883864326577541e+00
2.447876902189566106e+00
2.473265270383027126e+00
2.499618951753250773e+00
2.527605048751500494e+00
2.558055238337144655e+00
2.590438399869693598e+00
2.624237118359411536e+00
2.657266154855661977e+00
2.687359004376492777e+00
2.715169448302439115e+00
2.741494840613265982e+00
2.767436831365500449e+00
2.793827796110290862e+00
2.821444625103224357e+00
2.851376406638089112e+00
