-1.252513941426149832e-06
-6.304334679624423423e-06
-3.155124333199031296e-06
2.656646796042228692e-05
7.497277949322292542e-05
1.288645774576723825e-04
6.163678728382777450e-05
-5.123312883719440382e-04
-1.633562995200596706e-03
-2.817698164252540813e-03
-3.776393397030511183e-03
-4.462030760355370322e-03
-4.953571586095238677e-03
-5.412415997188856943e-03
-5.826806500004510364e-03
-6.153775118114372666e-03
-6.379199078631257215e-03
-6.516594241181251738e-03
-6.585059745709997969e-03
-6.601552116624130606e-03
-6.577419509820330197e-03
-6.523077632551134257e-03
-6.426068720768061612e-03
-6.300804345957214392e-03
-6.170572521891671408e-03
-6.033099683868532216e-03
-5.898464611685780117e-03
-5.814660078164368348e-03
-5.763833731316839876e-03
-5.714219186493277834e-03
-5.649038323061461586e-03
-5.555205341426564664e-03
-5.426162486201504404e-03
-5.394534406850071302e-03
-6.124222937383398679e-03
-8.172853682414642912e-03
-1.048194416431680147e-02
-1.254021523475182427e-02
-1.434119833997307171e-02
-1.583838649123875050e-02
-1.718487469813035490e-02
-1.850789748416755212e-02
-1.971047543705641697e-02
-2.067884554047588405e-02
-2.130696323190370278e-02
-2.159825251963522208e-02
-2.166810798097896715e-02
-2.175521036658790291e-02
-2.187912056798010582e-02
-2.196403013544303423e-02
-2.193811941635466847e-02
-2.179408699331502469e-02
-2.160836980568007007e-02
-2.171125198831001801e-02
-2.243751909861545560e-02
-2.324256483417480590e-02
-2.381076088006074329e-02
-2.410521139542210617e-02
-2.422058060767616136e-02
-2.420306136697783841e-02
-2.403842752948073466e-02
-2.374951337761588982e-02
-2.341530797064498778e-02
-2.322761150986514186e-02
-2.318178176368157137e-02
-2.307736005683113864e-02
-2.281068047036322044e-02
-2.237354037997511813e-02
-2.178547126471410203e-02
-2.107524951996921081e-02
-2.031342827709228804e-02
-1.959649737271246597e-02
-1.891556901480638889e-02
-1.821504681768775641e-02
-1.748148962743206053e-02
-1.673982137030702658e-02
-1.598402340354169310e-02
-1.518745117005157463e-02
-1.434927957864547306e-02
-1.353011486874086851e-02
-1.276711843927743652e-02
-1.200506241303020243e-02
-1.124397302376337407e-02
-1.051657654998889961e-02
-9.802751140746617659e-03
-9.060480662868361859e-03
-8.268781293661301227e-03
-7.395185173757029898e-03
-6.449674794609055496e-03
-5.466381660123466497e-03
-4.442026483207461851e-03
-3.380562042079057836e-03
-2.294586316495176789e-03
-1.222892039682525441e-03
-1.767371203543620546e-04
8.687313851847657843e-04
1.929001907626859804e-03
3.010523332764934289e-03
4.138594032575645953e-03
5.320112591753154395e-03
6.523491093314603625e-03
7.728289876360896343e-03
8.909253044969022220e-03
1.005382164177332123e-02
1.116772808162865525e-02
1.225144355958099514e-02
1.334565539118681872e-02
1.449137951566726798e-02
1.571763812296463753e-02
1.704004984463673364e-02
1.841258950251334348e-02
1.974862853015889666e-02
2.096558367788581290e-02
2.195595702271887009e-02
2.238856153401081947e-02
2.218612103911537028e-02
2.182683830689067725e-02
2.165033688880857107e-02
2.171746853494291654e-02
2.185877834027551495e-02
2.201372454236655285e-02
2.237391338018745318e-02
2.303954071439193521e-02
2.396253301255831664e-02
2.502196646807813840e-02
2.608276465689648646e-02
2.702339683857780950e-02
2.804578633875750779e-02
2.928771684452279381e-02
3.073670657913309470e-02
3.237074207085883365e-02
3.418965457154810039e-02
3.602672198145802362e-02
3.734903017777949086e-02
3.812624484551070669e-02
3.895403452116532467e-02
4.008563618293745079e-02
4.148050605942451424e-02
4.312705222843664365e-02
4.503760170297738119e-02
4.719671512759475440e-02
4.941269875693097419e-02
5.104182516848457252e-02
5.171421854078141200e-02
5.234083220814177845e-02
5.339115153397439029e-02
5.490673211647466995e-02
5.680484196715438611e-02
5.901916603718294907e-02
6.151704172957894040e-02
6.424352786942508220e-02
6.708381682737969698e-02
6.999063447203643373e-02
7.292023850897635939e-02
7.583369553230294435e-02
7.873018490716897355e-02
8.159150004662840683e-02
8.441976427001288141e-02
8.725474448269245065e-02
9.014679121031848874e-02
9.312541271270530219e-02
9.621447904866804735e-02
9.941290275222650075e-02
1.027313197458467886e-01
1.062029486954038648e-01
1.098094949365096828e-01
1.135323429312907612e-01
1.173399552941563201e-01
1.212115981929768743e-01
1.251381974241584649e-01
1.291230594884202609e-01
1.331754547224113794e-01
1.373143143647749254e-01
1.415550200075133824e-01
1.459004820793837753e-01
1.503443378689208743e-01
1.548744284035458996e-01
1.594800138453579541e-01
1.641551428185089312e-01
1.689010878398032878e-01
1.737184288626134054e-01
1.786102241132227486e-01
1.835807414420747297e-01
1.886392512237675678e-01
1.938023104977270039e-01
1.990855850653568127e-01
2.044893935753137881e-01
2.100122224103130042e-01
2.156426674242754582e-01
2.213739310491515955e-01
2.271937519812129991e-01
2.330925292612770761e-01
2.390660097837968845e-01
2.451179835218434411e-01
2.512565064263909687e-01
2.574940278647318559e-01
2.638478290037274965e-01
2.703275247878043075e-01
2.769371696827157003e-01
2.836675396555557449e-01
2.904992949542702374e-01
2.974144369286625955e-01
3.044072848318621904e-01
3.114766873883164644e-01
3.186253515916508405e-01
3.258632141241257218e-01
3.332052985668888523e-01
3.406625356908786761e-01
3.482333689892943562e-01
3.559158033017782441e-01
3.637057628149812927e-01
3.715912276456433960e-01
3.795637456088238881e-01
3.876201033913821981e-01
3.957624950118947549e-01
4.039954619809055791e-01
4.123279331396341174e-01
4.207749060119627127e-01
4.293460479857539314e-01
4.380411827849710615e-01
4.468503595422758101e-01
4.557604522782843781e-01
4.647602895654011079e-01
4.738464649657652128e-01
4.830183880033394050e-01
4.922752099934200043e-01
5.016187342165955299e-01
5.110518632500041791e-01
5.205820728371520767e-01
5.302200340426621583e-01
5.399739412448569809e-01
5.498458866461054528e-01
5.598318331806231285e-01
5.699254204740731300e-01
5.801177339731105054e-01
5.904029121340654829e-01
6.007728151821242202e-01
6.112254322782000315e-01
6.217647178618274095e-01
6.323968767558240112e-01
6.431332911930349727e-01
6.539866083731639135e-01
6.649647949434310812e-01
6.760711438964311926e-01
6.872925734307532286e-01
6.986129555685670622e-01
7.100217398224804022e-01
7.215123883458310905e-01
7.330855670968806637e-01
7.447447433621973145e-01
7.564997923315571748e-01
