-6.420501302686780711e-06
-3.984779172138411740e-05
-8.507984813786744925e-05
-1.157945842907425079e-04
-1.362372193751625027e-04
-1.602378497352187163e-04
-3.168709899908984701e-04
-1.029688537805224140e-03
-2.404093194293382106e-03
-3.973658462077468874e-03
-5.408911388172061956e-03
-6.610840707707114038e-03
-7.619311953718823673e-03
-8.581773295683475106e-03
-9.485141433154351681e-03
-1.028202607370092871e-02
-1.095329858542809336e-02
-1.150587801699330323e-02
-1.195886418449369423e-02
-1.233144592203186743e-02
-1.263527284275061009e-02
-1.288394552571784334e-02
-1.306475985184853833e-02
-1.319308177410830757e-02
-1.329975916945334499e-02
-1.338743397074484281e-02
-1.346710840903349825e-02
-1.359442649276675248e-02
-1.375984529854856579e-02
-1.393442804891157315e-02
-1.410253579214294263e-02
-1.424954945488174710e-02
-1.436464957263393870e-02
-1.458158489636737776e-02
-1.561364593230973007e-02
-1.815395369016020374e-02
-2.121404575297435730e-02
-2.421802469075601261e-02
-2.708878802483657283e-02
-2.972414535536731933e-02
-3.223349804979878247e-02
-3.473372318841782408e-02
-3.711709377665124709e-02
-3.924568093354009052e-02
-4.098255908659876462e-02
-4.230287011905427275e-02
-4.330378648013392950e-02
-4.423374555443386480e-02
-4.514151491194363930e-02
-4.596902607800564672e-02
-4.665132512610214305e-02
-4.717770754121743126e-02
-4.762342044872393265e-02
-4.834289958275972410e-02
-4.974388874246370856e-02
-5.132591081780283476e-02
-5.274377654242578400e-02
-5.391897231165618948e-02
-5.492193829391477100e-02
-5.577864797684566056e-02
-5.646389256612552310e-02
-5.699475096226227361e-02
-5.744408378873340493e-02
-5.802051757268635729e-02
-5.874871204488552046e-02
-5.942473942169796547e-02
-5.992419444426931585e-02
-6.022850353029663567e-02
-6.034919714596608670e-02
-6.030125082399081377e-02
-6.013972241644020833e-02
-5.997537192814843959e-02
-5.979935479416492727e-02
-5.956768933337208694e-02
-5.928348125480566166e-02
-5.897200918895902783e-02
-5.863034611980553340e-02
-5.823675518878861090e-02
-5.779495969618502621e-02
-5.737019477912004561e-02
-5.701378160917056764e-02
-5.666336986978134926e-02
-5.629415385335206218e-02
-5.593207362301898244e-02
-5.557119121534161155e-02
-5.518612773016405570e-02
-5.476239104876929470e-02
-5.427064296693679540e-02
-5.371352087676890125e-02
-5.310934298905769374e-02
-5.246270305324182703e-02
-5.178649518498332910e-02
-5.109518804157500010e-02
-5.043078065300999474e-02
-4.980548141141435958e-02
-4.918478376247600869e-02
-4.852907482915144038e-02
-4.782857614354314030e-02
-4.707282626290161531e-02
-4.625818660342252697e-02
-4.540699413095853482e-02
-4.455210123878336481e-02
-4.372462761334030418e-02
-4.294737687181928582e-02
-4.222304448795435178e-02
-4.155736856532677576e-02
-4.092173337928667332e-02
-4.028250866338427966e-02
-3.960443789101829315e-02
-3.885107491734979268e-02
-3.806164072134035625e-02
-3.733283064933796969e-02
-3.676400560202733314e-02
-3.648177063879970428e-02
-3.686994037923252421e-02
-3.806841668414748248e-02
-3.962335629515813251e-02
-4.115647030120503369e-02
-4.255272224792591707e-02
-4.394808938921596075e-02
-4.539613743805843288e-02
-4.669647733849927040e-02
-4.771133738861024071e-02
-4.846476917397140455e-02
-4.905842826916501781e-02
-4.961731632024229260e-02
-5.027524619416792045e-02
-5.085313588962058623e-02
-5.119605974513621871e-02
-5.129376735562464484e-02
-5.115552749529536647e-02
-5.076455080743097481e-02
-5.027596391454631358e-02
-5.027025803081949795e-02
-5.084207018311765608e-02
-5.142148636799045991e-02
-5.171658080192091667e-02
-5.172782198583157631e-02
-5.144802290830169378e-02
-5.084000354991304038e-02
-4.989551029736074422e-02
-4.881041336328358071e-02
-4.828963775209337006e-02
-4.878078538542238857e-02
-4.942463507210756446e-02
-4.970398867852917485e-02
-4.948491169107042953e-02
-4.879784884679886497e-02
-4.771619856877935828e-02
-4.623926406968156128e-02
-4.436627165446285076e-02
-4.220473746093697520e-02
-3.983065938164935538e-02
-3.733877021204182189e-02
-3.480274976017153077e-02
-3.224225581856626777e-02
-2.969866460077767029e-02
-2.718550242086029481e-02
-2.465219790108898190e-02
-2.202283400011244979e-02
-1.924331967247454658e-02
-1.628498409822828549e-02
-1.314369667281947013e-02
-9.809018294345231426e-03
-6.223677347785519509e-03
-2.399658417876552197e-03
1.663652874152800765e-03
5.966772954361052386e-03
1.050452545904442293e-02
1.525220303436537403e-02
