1.459524718618530825e-06
1.061597593305271714e-05
3.653600018983648595e-05
9.394744566285514423e-05
1.741571865179094409e-04
2.645628392142573642e-04
2.370736242365161818e-04
-2.916003263794595237e-04
-1.357040287270535814e-03
-2.474367425251796336e-03
-3.359445350948397913e-03
-3.968884979341162633e-03
-4.384893422853086697e-03
-4.769850749008311928e-03
-5.112198107115999320e-03
-5.368440704588158148e-03
-5.523294332833315369e-03
-5.590916796867617493e-03
-5.589120254716583268e-03
-5.533903444589592310e-03
-5.437453696288728142e-03
-5.309897888282371324e-03
-5.139896623005389166e-03
-4.941892568854913508e-03
-4.736966223233983822e-03
-4.522533380844876924e-03
-4.309888849104774773e-03
-4.146144562171215006e-03
-4.012750548690277065e-03
-3.877649390479937386e-03
-3.723093894647321739e-03
-3.535842333803146994e-03
-3.310193934214705064e-03
-3.179254157266974030e-03
-3.803673726518259218e-03
-5.730578728619079194e-03
-7.897607911019472599e-03
-9.800800176486686513e-03
-1.143849704374016660e-02
-1.276657458386913115e-02
-1.394191881803422302e-02
-1.509126178989687178e-02
-1.611918263493787584e-02
-1.691434574049370879e-02
-1.737215327727598818e-02
-1.749597543162542332e-02
-1.740224495276175912e-02
-1.732861926848216008e-02
-1.729079630593407038e-02
-1.721056379971118086e-02
-1.701374686992857682e-02
-1.669377699096850562e-02
-1.632840991411093137e-02
-1.624658718358490059e-02
-1.677677020771200719e-02
-1.737061425429021685e-02
-1.771487981678064941e-02
-1.777528149844853286e-02
-1.764624836784528528e-02
-1.737887663977877653e-02
-1.696006487621586761e-02
-1.641198700993739060e-02
-1.581654554229484921e-02
-1.536438275594935975e-02
-1.504822221571366740e-02
-1.467271573924408892e-02
-1.413748508919955051e-02
-1.343084834087525034e-02
-1.257054748430795968e-02
-1.158933804245033429e-02
-1.056529475041563006e-02
-9.591441566123461507e-03
-8.665079093410719274e-03
-7.726284648351064606e-03
-6.752956226295459864e-03
-5.771341868802562156e-03
-4.775460217339306743e-03
-3.736351134302304255e-03
-2.650321802639893538e-03
-1.577245005748212792e-03
-5.516688498052497742e-04
4.746562093185685040e-04
1.489259057190821028e-03
2.456367968850276147e-03
3.403561473477156180e-03
4.382626706256149626e-03
5.419421348355673955e-03
6.550187049181581400e-03
7.763161816146765815e-03
9.016440678491517008e-03
1.031774082258048522e-02
1.166749856786055209e-02
1.305299180485322043e-02
1.443476259666503711e-02
1.579865640890446010e-02
1.716270507683909097e-02
1.853066411016138920e-02
1.990977884088210997e-02
2.133562408863338977e-02
2.281863470614988940e-02
2.432284464264921828e-02
2.583349720301153854e-02
2.732582552884606567e-02
2.878941246849556906e-02
3.023148227191018930e-02
3.165343674517315242e-02
3.310138724603224614e-02
3.462131411018622151e-02
3.624121643383050595e-02
3.796926537666985013e-02
3.975870215932224283e-02
4.152638745177639895e-02
4.319163328376375566e-02
4.464684775190540245e-02
4.556754088646354506e-02
4.587766545868923740e-02
4.605598635203316665e-02
4.643799978340406448e-02
4.708040096061145985e-02
4.781171092625403213e-02
4.857212736257357499e-02
4.955644728691296907e-02
5.086065923079203382e-02
5.243789921073555710e-02
5.416261965317348270e-02
5.589232353713248502e-02
5.750286241404463372e-02
5.920342577224328717e-02
6.112968712368298252e-02
6.326606995898667596e-02
6.558958618620296110e-02
6.809539251838067631e-02
7.061151888698226353e-02
7.260963467209767541e-02
7.405703649926789756e-02
7.555388430581830295e-02
7.735243096909277805e-02
7.941055934171693809e-02
8.171992128441024628e-02
8.429018749713332315e-02
8.710226697763398529e-02
8.996932171840166248e-02
9.225696726975514406e-02
9.358269951936531994e-02
9.486181364340351418e-02
9.656526268509783850e-02
9.871895241156991574e-02
1.012384066651641767e-01
1.040762904234341091e-01
1.071897476146139311e-01
1.105001232408963779e-01
1.138904021054405746e-01
1.173240999453854100e-01
1.207753456321928737e-01
1.242144241537238847e-01
1.276416752898448248e-01
1.310432837592482580e-01
1.344230823646360151e-01
1.378105030142406096e-01
1.412455315606684914e-01
1.447487381595032874e-01
1.483441601797695630e-01
1.520344792326916994e-01
1.558330398517260851e-01
1.597655673638495588e-01
1.638120419009268247e-01
1.679516328628468114e-01
1.721803943110241653e-01
1.764987592989229748e-01
1.808971143185733044e-01
