-5.571763602385668701e-01
-5.573607084393163991e-01
-5.574497398720814623e-01
-5.576544236725738957e-01
-5.579177433906781225e-01
-5.583690779638942336e-01
-5.559573358668801202e-01
-5.570936355444845445e-01
-5.575033017496042742e-01
-5.579970305713086720e-01
-5.586458611769604676e-01
-5.594769819586764559e-01
-5.602068568884585043e-01
-5.607705969873026941e-01
-5.615860208397709386e-01
-5.627778837819171764e-01
-5.644290928156927567e-01
-5.666556693301839642e-01
-5.697730342335523002e-01
-5.744936771235009676e-01
-5.820364123712120641e-01
-6.000761394796403358e-01
-7.109916416652821702e-01
-3.895608581123868319e-01
-4.953106808771151615e-01
-5.198442116460096907e-01
-5.238829991342922598e-01
-5.208625678096443501e-01
-5.228485149582836611e-01
-5.283802681929801182e-01
-5.342473938686568280e-01
-5.394113291833331214e-01
-5.429693019222511241e-01
-4.443939306327626126e-01
-5.608734037459898181e-01
-5.593957223049763616e-01
-5.596585115875217786e-01
-5.601194516975690485e-01
-5.607142881576484550e-01
-5.613952635214500830e-01
-5.618565616535087237e-01
-5.623394696159161876e-01
-5.631420190761393663e-01
-5.644975615646528055e-01
-5.667891291428283074e-01
-5.704461305424596285e-01
-5.740193213602339251e-01
-5.759822408079021683e-01
-5.789266053441791682e-01
-5.854193387016353167e-01
-6.008544940023985426e-01
-6.472235956566795290e-01
-6.821099474663868678e-01
-5.887281794964501769e-01
-5.757903080770659932e-01
-5.772697050579653766e-01
-5.841657917495627350e-01
-5.980568813287849839e-01
-6.257145727064532537e-01
-7.966558136944492663e-01
-4.200984216915425451e-01
-5.016743041149358540e-01
-5.106889457803345245e-01
-4.987631944802699557e-01
-4.988797084475132260e-01
-5.181423119127600563e-01
-5.308845733469323980e-01
-5.380450840801573875e-01
-5.424202010089026471e-01
-5.451114178975557945e-01
-5.465288628930597969e-01
-5.473487714314492214e-01
-5.482571702586300777e-01
-5.493130151578063947e-01
-5.502364207903267523e-01
-5.510248429942182780e-01
-5.518231416622813024e-01
-5.526353292886490021e-01
-5.533439017791255132e-01
-5.539105609564339838e-01
-5.544720316115856473e-01
-5.550515491045771022e-01
-5.555854943007694224e-01
-5.561050735211638951e-01
-5.566377385768115360e-01
-5.571647832467354622e-01
-5.576673224537992413e-01
-5.581362616855262138e-01
-5.585946134198169766e-01
-5.590412253939063270e-01
-5.594624612448183543e-01
-5.598691603554593055e-01
-5.602896256428673283e-01
-5.607413370766645144e-01
-5.611867989604020224e-01
-5.616137494752241333e-01
-5.620392989022566788e-01
-5.624239682735289181e-01
-5.627421850253856439e-01
-5.630744518298181900e-01
-5.634431551060485877e-01
-5.638410883573361509e-01
-5.642872980489209711e-01
-5.647404809105721624e-01
-5.652061260095343487e-01
-5.656320084495298772e-01
-5.659290394133730251e-01
-5.661153565219960715e-01
-5.662182632134507010e-01
-5.663283712356730337e-01
-5.665708268308862205e-01
-5.670208071869669020e-01
-5.676564541431430300e-01
-5.690395172316521366e-01
-5.722178362014016528e-01
-5.760828242513793551e-01
-5.775851545216418303e-01
-5.771271877883892287e-01
-5.767978692389732487e-01
-5.774308720454245369e-01
-5.772673916334973843e-01
-5.756925640638146380e-01
-5.740419467540077703e-01
-5.729540716796714950e-01
-5.724589191976091618e-01
-5.727244533462745313e-01
-5.729306093641267639e-01
-5.723471054629668542e-01
-5.716352897135678068e-01
-5.710695633309407215e-01
-5.705687561688648213e-01
-5.701727798119948787e-01
-5.707494544199540609e-01
-5.726902570083305388e-01
-5.741109079798295545e-01
-5.738907347275222781e-01
-5.733722300142176653e-01
-5.729059213891850577e-01
-5.723707731361972195e-01
-5.718253083890381117e-01
-5.713998624355045575e-01
-5.718408317306035160e-01
-5.743686848130233891e-01
-5.770193645528364224e-01
-5.769236692151159529e-01
-5.759520418396201213e-01
-5.750255653443105963e-01
-5.742383889175554090e-01
-5.735383760300731826e-01
-5.729780487279780843e-01
-5.726762650571193269e-01
-5.725731234885660381e-01
-5.725520465842003359e-01
-5.726337599220253649e-01
-5.727788067099436331e-01
-5.729690701117604590e-01
-5.732097248739714823e-01
-5.734499212006389790e-01
-5.736379161054727671e-01
-5.737782449899462289e-01
-5.738744230584672534e-01
-5.739381710423168137e-01
-5.739898765829625216e-01
-5.739890367451291331e-01
-5.739708792323713338e-01
-5.739894927366722133e-01
-5.740277433446707711e-01
-5.740674531411105175e-01
-5.741187993934606659e-01
-5.741854070863873227e-01
