-6.757483041527657941e-04
-9.060990057084665223e-04
2.779709551392918303e-03
7.747105561429249235e-03
1.112182856749534786e-02
9.940159109121863082e-03
-4.756376887092685080e-02
-1.699364182629950482e-01
-2.462244771121355758e-01
-2.376685332420589714e-01
-1.968149735459027438e-01
-1.528498793967178471e-01
-1.332076144582990118e-01
-1.283561281755308814e-01
-1.139742837143844223e-01
-9.330240839655458418e-02
-7.208441969873480293e-02
-5.366691952895184803e-02
-3.854722343530349316e-02
-2.585068087325346348e-02
-1.610066969883043597e-02
-5.874278688024502093e-03
4.859877090394397123e-03
1.058469807490327805e-02
1.380567834603457257e-02
1.785492882917915150e-02
1.402565374977917008e-02
5.425343002764490899e-03
2.506734865174889675e-03
3.902293177362296112e-03
8.024461259933619861e-03
1.485465957319259678e-02
2.150380204435104955e-02
-3.925235878196720041e-02
-2.784674394100093986e-01
-4.706442825953464082e-01
-4.774328063777166231e-01
-4.505093064336562203e-01
-4.106019998397612003e-01
-3.703741725185771827e-01
-3.622950442244105007e-01
-3.543300207158965320e-01
-3.220494230182808226e-01
-2.648729002742779559e-01
-1.927846944990587175e-01
-1.254790031889427837e-01
-9.633411328005472840e-02
-9.715519177821999031e-02
-9.099297747226271771e-02
-7.045976107352504292e-02
-4.200976969510347714e-02
-1.599561794529972755e-02
-2.221920600194689926e-02
-1.240313693063685718e-01
-2.086320657320202554e-01
-1.930116600322544784e-01
-1.459464350220600615e-01
-1.033053285639678187e-01
-7.394709160745201182e-02
-4.351123975920201392e-02
-1.149457414215512147e-02
1.501734373944975734e-02
1.151691263720225865e-02
-1.965998538446411120e-02
-2.836804646074578967e-02
-4.082431457665566116e-03
3.057988436973903615e-02
6.518228688732380371e-02
9.742141734099581118e-02
1.226001336103512973e-01
1.288845540440184678e-01
1.238446241874319453e-01
1.261858586135438942e-01
1.359003565637553479e-01
1.428962573942055281e-01
1.468263111118887632e-01
1.545772933212228584e-01
1.668501119082325124e-01
1.734254683922109574e-01
1.666537345155298944e-01
1.625004080409208629e-01
1.658655348709890953e-01
1.634261708509026911e-01
1.584129481613886503e-01
1.607781295762150953e-01
1.689049294570562909e-01
1.831392489859991202e-01
2.017520259271703975e-01
2.151522086425350366e-01
2.259822080430617108e-01
2.376361516991225276e-01
2.483164316023240281e-01
2.535731522302112073e-01
2.521688013375992798e-01
2.521218343579441634e-01
2.563852468765654424e-01
2.617958144068036619e-01
2.703983271523932030e-01
2.839496063438241014e-01
2.949204545732807548e-01
3.007681430151361024e-01
3.023383519139226094e-01
2.990318707534305176e-01
2.951408087297832106e-01
2.904753860293292078e-01
2.889709871852910172e-01
2.963164054369458733e-01
3.106446632332100499e-01
3.313961438073558252e-01
3.512823702707364437e-01
3.584903940014112500e-01
3.475134728858620958e-01
3.239575807180579137e-01
2.535219622455461286e-01
1.189719399946022327e-01
2.253435214752126658e-02
1.532015917537537034e-02
5.117959417229524244e-02
7.784518853415674233e-02
7.600377777328924667e-02
9.223554175081573325e-02
1.456770964800585266e-01
2.071150940504267457e-01
2.536222934586944699e-01
2.788438850024688720e-01
2.701136200657695552e-01
2.671570180143221229e-01
3.050713025762477049e-01
3.540796850274662289e-01
3.989050805570183988e-01
4.445175418866622596e-01
4.882217814731696359e-01
4.543085871952309840e-01
3.361263803457871235e-01
2.805817442461708278e-01
3.201548130533828918e-01
3.745861348323787920e-01
4.249218712932735786e-01
4.808079069961724294e-01
5.409975179683058633e-01
5.947982995914249393e-01
5.704569137555514091e-01
3.989671570115418398e-01
2.815759654721514682e-01
3.225260986597927593e-01
4.065797847205298021e-01
4.902597240233484976e-01
5.643079811082536423e-01
6.336768830686649867e-01
6.999148669901498199e-01
7.491498941298267988e-01
7.816876321266886807e-01
8.061127721932705992e-01
8.195311994767622288e-01
8.279851180881407924e-01
8.332834854729498364e-01
8.341283836031425647e-01
8.376745066145758756e-01
8.502105712282094219e-01
8.704530358116393529e-01
8.967430786425479861e-01
9.261924473163902771e-01
9.560306333638830534e-01
9.926676713073908642e-01
1.032049981090572555e+00
1.068261475384242098e+00
1.100599174680893411e+00
1.128400724927776322e+00
1.154288131065765111e+00
1.180334535649072203e+00
1.208461505577328010e+00
1.238780103895572804e+00
1.270785438155344282e+00
1.303222968057333286e+00
1.334282439508692297e+00
1.362596349844170440e+00
1.387735326449699436e+00
1.410250417865799299e+00
1.431569362339256690e+00
1.452354307794985200e+00
1.472814812824717823e+00
1.493953325162252987e+00
1.516695615622823068e+00
1.542283459055568295e+00
1.571914331639408635e+00
1.603519765773967043e+00
1.635544889592752904e+00
1.666550623574267975e+00
1.695920763508278029e+00
1.723517783372013001e+00
1.748572658064437846e+00
1.771978169285981286e+00
1.795159325958476604e+00
1.819357359521214246e+00
1.845242191663938769e+00
1.874202612068061935e+00
1.906045438233022971e+00
1.939631771892235346e+00
1.973257506087565005e+00
2.004180732955343824e+00
2.031045506090616293e+00
2.054858969234699018e+00
2.077011329839526965e+00
2.098165153343558575e+00
2.119613503907317398e+00
2.142968234809467631e+00
2.168859117772114153e+00
2.195484963389415789e+00
2.221530393431087269e+00
2.247199442121538659e+00
2.271094148227488230e+00
2.292418733952954923e+00
2.312005851282840752e+00
2.330949659626997850e+00
2.350062281846583279e+00
2.369891643889949773e+00
2.391909634562602971e+00
2.416537198021403654e+00
2.442323161114000385e+00
2.467261205052237116e+00
2.489924141911299849e+00
2.509954857548098772e+00
2.528277136824082394e+00
2.545971479655834369e+00
2.563037795688442255e+00
2.579758619239043149e+00
2.596477485920554606e+00
2.613746967605421467e+00
2.632597155678872980e+00
2.653245965194893419e+00
2.674959267729517975e+00
2.696449159444486821e+00
2.716920063655785533e+00
2.735648514879734705e+00
2.752712449713460963e+00
2.767977404855692658e+00
2.781570319536978531e+00
2.794926470108331173e+00
2.808735844704203899e+00
2.823790378667090373e+00
2.841104057764839652e+00
2.860035386147776748e+00
2.879924107451696358e+00
2.898690050103719607e+00
2.913982553144948362e+00
2.926251181454013306e+00
2.936245966544148711e+00
2.945065705134788381e+00
2.953658892559354321e+00
2.962962792918301336e+00
2.974284914247391942e+00
