-3.884220734798686052e-06
-2.241022281186245998e-05
-4.039187281292531441e-05
-3.717217634175717131e-05
-2.118660971293930302e-05
-6.219719375869963413e-06
-1.133962945869033023e-04
-7.083300499347053129e-04
-1.803582551590035337e-03
-2.913483689371233407e-03
-3.775682923563712743e-03
-4.368115230862813780e-03
-4.783722042454660248e-03
-5.184159459494248889e-03
-5.552402186174293548e-03
-5.846024736561945996e-03
-6.054052541508028393e-03
-6.190458937431413990e-03
-6.274989949083287569e-03
-6.323738446422711053e-03
-6.345074940166538398e-03
-6.347509700494970500e-03
-6.316235541240194061e-03
-6.265011716694602988e-03
-6.217219525399650393e-03
-6.168704000316994375e-03
-6.127042409953408972e-03
-6.137888615622810740e-03
-6.180658178380548512e-03
-6.223994086446762997e-03
-6.253861241844083270e-03
-6.259405304625076903e-03
-6.235311346317173181e-03
-6.311869195928435268e-03
-7.126663725896411651e-03
-9.175951134350036204e-03
-1.138050115298481525e-02
-1.327441271473547499e-02
-1.489248874186010693e-02
-1.621590054452669988e-02
-1.741006252963649137e-02
-1.860073071232121178e-02
-1.968754042249376904e-02
-2.056207552244277564e-02
-2.112984604982276471e-02
-2.140640582439886502e-02
-2.150932037659759877e-02
-2.166633887078874693e-02
-2.188295176431669098e-02
-2.207777515260270912e-02
-2.218188693493536659e-02
-2.219039122440098766e-02
-2.217812948096290968e-02
-2.246232529882417200e-02
-2.334626079641290847e-02
-2.427351302298983923e-02
-2.495343668985669158e-02
-2.537431825978427730e-02
-2.564535929257273639e-02
-2.581113850346527031e-02
-2.585797913667703743e-02
-2.581038860976723331e-02
-2.574164874899317543e-02
-2.583250663713677550e-02
-2.606503193131547505e-02
-2.623272306572595886e-02
-2.624042854344853584e-02
-2.609411390647925488e-02
-2.582085251650678703e-02
-2.544738407447019388e-02
-2.503485725211750459e-02
-2.467553679750691259e-02
-2.434609739841137391e-02
-2.399329120522660994e-02
-2.361340623031696340e-02
-2.322971491293614188e-02
-2.283511727133624020e-02
-2.240599327090297965e-02
-2.194593188509155052e-02
-2.151483545418585858e-02
-2.114726622143479895e-02
-2.077885564961598139e-02
-2.039905104706659852e-02
-2.003734575889496924e-02
-1.968016873354510102e-02
-1.929688905900887527e-02
-1.887427559395971760e-02
-1.838712765080216180e-02
-1.784680239131496843e-02
-1.727993206170895871e-02
-1.668679318392240346e-02
-1.607508758497946250e-02
-1.545617915995356646e-02
-1.486558341827113987e-02
-1.430801821797239061e-02
-1.375048285762530027e-02
-1.316712271761537496e-02
-1.255409529473765565e-02
-1.189829029029963910e-02
-1.119855261378993778e-02
-1.048248363085269030e-02
-9.774370648128314146e-03
-9.097039139750502310e-03
-8.461817118194487133e-03
-7.862126189535823331e-03
-7.297091171229788502e-03
-6.731866684528482053e-03
-6.133616142793297740e-03
-5.476664431292825250e-03
-4.742680092434923417e-03
-3.979137913374716784e-03
-3.272293729902209323e-03
-2.697608491183284361e-03
-2.350823426764759097e-03
-2.545990471001007872e-03
-3.328419111967820861e-03
-4.216285411386746021e-03
-4.896493630241190859e-03
-5.337222197386102228e-03
-5.721609436400816422e-03
-6.110640422432686569e-03
-6.321497061854705092e-03
-6.265606617364270770e-03
-6.003521054770490605e-03
-5.651829732434993439e-03
-5.329466815640766450e-03
-5.139761520723425819e-03
-4.881158514427647206e-03
-4.423932609726663467e-03
-3.787718800975306294e-03
-2.998013265765215717e-03
-2.052674046365576734e-03
-1.110522838079526856e-03
-6.800111232205994193e-04
-7.461305379646221902e-04
-7.155716541869789173e-04
-3.672005465659209213e-04
2.343763275265908167e-04
1.061315690856513665e-03
2.119906916451909547e-03
3.392580584653976349e-03
4.685474277142925165e-03
5.378548538678406057e-03
5.178898737885763263e-03
5.010203923297920289e-03
5.293097772751626656e-03
6.040302653883687645e-03
7.145273966048860427e-03
8.513060134483121932e-03
1.011883692468788960e-02
1.193146759526820047e-02
1.384391462946755504e-02
1.580736027937582749e-02
1.776747953480947717e-02
1.968807300258337487e-02
2.157651191759914558e-02
2.341636595048136177e-02
2.521413951911908105e-02
2.702093603573674924e-02
2.889725588712676804e-02
3.087546655221991981e-02
3.296991387142716307e-02
3.517397103184573964e-02
3.749201772733808807e-02
3.996260610762517734e-02
4.256214601190676933e-02
4.528113494548415691e-02
4.811609021919810436e-02
5.106200098249698283e-02
5.409969070054628654e-02
