-6.915927919524464266e-04
-9.832018825358640034e-04
2.750741142987818758e-03
8.092522525852977044e-03
1.203750136232155203e-02
1.143490171038135522e-02
-4.708012939164350763e-02
-1.766931155479211091e-01
-2.663047316438599266e-01
-2.704925478322203758e-01
-2.382010859426452465e-01
-1.983689817637901143e-01
-1.798393751423159048e-01
-1.754070743402302013e-01
-1.607220139450993845e-01
-1.386110651712036956e-01
-1.147935619124548223e-01
-9.293326881505559189e-02
-7.388129424388367728e-02
-5.705189188525949806e-02
-4.315457894902838265e-02
-2.891409780701145044e-02
-1.414378367359702716e-02
-4.549372011012749184e-03
2.100058048223114870e-03
9.208794612638460109e-03
7.981912648769344532e-03
9.851511429310464210e-04
-9.974483838840753069e-04
1.140885029348182641e-03
6.057718909768580046e-03
1.390754441049898808e-02
2.187065282893109475e-02
-3.897522947753802314e-02
-2.878344148024814531e-01
-5.051092166408345241e-01
-5.377116276588931321e-01
-5.307621480670461356e-01
-5.053162493809255640e-01
-4.739458575131484386e-01
-4.715925628618794496e-01
-4.681603861572158354e-01
-4.382073888375129789e-01
-3.800234788089892901e-01
-3.026689374751389550e-01
-2.263720840307900661e-01
-1.864047983050663715e-01
-1.778012258391392098e-01
-1.637915289683031517e-01
-1.359377461132359188e-01
-9.976679151045120264e-02
-6.558186697506573903e-02
-6.418935372724451915e-02
-1.630151278639856427e-01
-2.529176078374842374e-01
-2.432684272952478077e-01
-1.987814922480223290e-01
-1.551172026022989425e-01
-1.226258066366080340e-01
-8.773022123034984743e-02
-4.990851402048318564e-02
-1.669352617678918765e-02
-1.370337484373889032e-02
-4.099054224337791985e-02
-4.810267452284987949e-02
-2.179415551788263863e-02
1.658736594127771871e-02
5.656312418722841961e-02
9.542926071681084865e-02
1.279956616059589602e-01
1.414550093873375436e-01
1.421839416844017656e-01
1.491288474417363230e-01
1.630896207270442766e-01
1.741893698999376627e-01
1.818032072812985900e-01
1.929501494868759992e-01
2.087044035617107163e-01
2.188587491011781683e-01
2.150095596410264431e-01
2.127374120601666641e-01
2.177390505581475455e-01
2.167273154454318063e-01
2.125642148601840364e-01
2.155236148470326407e-01
2.245480803703178152e-01
2.402284976156920382e-01
2.611922033516357877e-01
2.776341279890194857e-01
2.917007704164752413e-01
3.067977168441414215e-01
3.210485638709771328e-01
3.298254219533790499e-01
3.314083038045042562e-01
3.337272592895079715e-01
3.401074524183098080e-01
3.476094686422946389e-01
3.583711531036574138e-01
3.744648759443541253e-01
3.884124864036230251e-01
3.972378595483664898e-01
4.015299514433164352e-01
4.003983745509218650e-01
3.980347819534267861e-01
3.943883924858928025e-01
3.934617557987756253e-01
4.015054376883893106e-01
4.171624489816455617e-01
4.401818088178579558e-01
4.633767413541815539e-01
4.742513114686359721e-01
4.661724913552974803e-01
4.437831544791875360e-01
3.715948611856975670e-01
2.285489881513115551e-01
1.166333159893464116e-01
9.365804413175331244e-02
1.178185613301446361e-01
1.372831871651049307e-01
1.302216882892265060e-01
1.422616603243693767e-01
1.947802515201577100e-01
2.594424957945490329e-01
3.122623262370461394e-01
3.450088488206418669e-01
3.431343558972406727e-01
3.448690185767036565e-01
3.879935015878258620e-01
4.443735570972703330e-01
4.983616484681154812e-01
5.544655087103190771e-01
6.098303256145890527e-01
5.865029816897413539e-01
4.712918147044350414e-01
4.115015174349089810e-01
4.477613821657732696e-01
5.029486727581601313e-01
5.572891695814368163e-01
6.199935942240820674e-01
6.896781183400090276e-01
7.551591334187320870e-01
7.420139684234545729e-01
5.732122873121652251e-01
4.462749521929280094e-01
4.779985167800524515e-01
5.590486488859398584e-01
6.459668067200294850e-01
7.278893878723917688e-01
8.084586488795577619e-01
8.884244845867137474e-01
9.529035031833699154e-01
1.000554981585951353e+00
1.039327146622598175e+00
1.065814164369365713e+00
1.085682541486697295e+00
1.100892692924846594e+00
1.110084949091129314e+00
1.120624250644686404e+00
1.139463377267943001e+00
1.166050734946801004e+00
1.199127015291857390e+00
1.236084545631121356e+00
1.274086322391856596e+00
1.319621263028142755e+00
1.368976113033411268e+00
1.415898839504704743e+00
1.459380076954287730e+00
1.498348945662284049e+00
1.535227542527519251e+00
1.572059435086750723e+00
1.610888209665637172e+00
1.651995362753154950e+00
1.694985014534275969e+00
1.738650374023215095e+00
1.781100470516251200e+00
1.820802336384094611e+00
1.857121728332927990e+00
1.890455545451845687e+00
1.922164126180856192e+00
1.952946820845048226e+00
1.983046522712710091e+00
2.013543972317332731e+00
2.045493251215228181e+00
2.080309194829377262e+00
2.119420147911453611e+00
2.160942333534513260e+00
2.203287498582244375e+00
2.244954540796634035e+00
2.285142698589123889e+00
2.323602890501760942e+00
2.359396718095170264e+00
2.393302016874235161e+00
2.426722084411835567e+00
2.460980278957644707e+00
2.496869928163404584e+00
2.535942410167742800e+00
2.578207848027946891e+00
2.622613290669557617e+00
2.667459310411255391e+00
2.709838275437702837e+00
2.748117250885633744e+00
2.783062414969260434e+00
2.815971141179627324e+00
2.847485636798635866e+00
2.878943290445038272e+00
2.912096204095976137e+00
2.947769804195167875e+00
2.984291107920378661e+00
3.020307840013429779e+00
3.055983615695582856e+00
3.089856682089250572e+00
3.120973343806703770e+00
3.150059076141909831e+00
3.178180842331882250e+00
3.206199980617666867e+00
3.234741346083349178e+00
3.265402627396380986e+00
3.298795724394277151e+00
3.333575190313398107e+00
3.367706025027890959e+00
3.399612626733332643e+00
3.428763528858204346e+00
3.455952126875980746e+00
3.482237085174780145e+00
3.507631091373940802e+00
3.532425647368970356e+00
3.557005002600621246e+00
3.581971952352248412e+00
3.608459848172848261e+00
3.636817444916830233e+00
3.666396389413462575e+00
3.695910687797407501e+00
3.724487546944254213e+00
3.751303819422872721e+00
3.776314411465092391e+00
3.799311432184340642e+00
3.820329179958161347e+00
3.840798230153845250e+00
3.861479619097219818e+00
3.883258768931411087e+00
3.907298041726670945e+00
3.933098020231539316e+00
3.960045616272104052e+00
3.986046378959768433e+00
4.008542635456478820e+00
4.027765048575039586e+00
4.044340603227782438e+00
4.059312715154097084e+00
4.073671827469524054e+00
4.088432392012379069e+00
4.105053905483583065e+00
