-4.077691563152768254e-06
-2.448098141206303600e-05
-4.701211648086378949e-05
-4.843673848363388545e-05
-3.429168678221832228e-05
-1.808346203379579802e-05
-1.286896026336828110e-04
-7.778290887298156594e-04
-2.049389374319846371e-03
-3.469376771287454621e-03
-4.719873785361945046e-03
-5.718054426678486138e-03
-6.517388350460552766e-03
-7.271451138693450778e-03
-7.969203698827934113e-03
-8.565592377080471359e-03
-9.043547203700753184e-03
-9.412905871814987446e-03
-9.693083148995397524e-03
-9.902752876608458474e-03
-1.005398247909490735e-02
-1.015951036280586701e-02
-1.020707789083685584e-02
-1.021182796605312609e-02
-1.020165912484293468e-02
-1.017738101392402957e-02
-1.014979175278189066e-02
-1.017176799482275192e-02
-1.023071168148777070e-02
-1.029627136811488326e-02
-1.035172693077117401e-02
-1.038246870486702993e-02
-1.037894070641672169e-02
-1.047469761169148028e-02
-1.136755515491159364e-02
-1.370622260680134756e-02
-1.647642073894843920e-02
-1.911915126764635042e-02
-2.157819688194038271e-02
-2.376918377114412353e-02
-2.581737482286660182e-02
-2.784493954413723438e-02
-2.974978316921348537e-02
-3.140360937166222083e-02
-3.268094071185369959e-02
-3.356729193497204333e-02
-3.416763179909924203e-02
-3.472911766984137366e-02
-3.529179571575827290e-02
-3.579160393108847538e-02
-3.616031355146589327e-02
-3.638780488440120781e-02
-3.654970240508302604e-02
-3.699269860099572288e-02
-3.810022153269584932e-02
-3.935525804760030971e-02
-4.041925651006823828e-02
-4.122550978861887899e-02
-4.185149359472564723e-02
-4.233115237871707542e-02
-4.264379919511228356e-02
-4.280886915313697472e-02
-4.290270378684839236e-02
-4.312938068073700337e-02
-4.350418603485692315e-02
-4.382518470519800730e-02
-4.397493186752669120e-02
-4.393717527816568685e-02
-4.372554932126809790e-02
-4.336065566070753524e-02
-4.290520143894642480e-02
-4.246563808546097857e-02
-4.203535248781337108e-02
-4.156604144266309864e-02
-4.105302060574903683e-02
-4.052112352501363590e-02
-3.996603356981328486e-02
-3.936336013622025731e-02
-3.871400741213106012e-02
-3.808100335104604856e-02
-3.751004515497678021e-02
-3.694219662944751154e-02
-3.636369624130200706e-02
-3.580426101903566583e-02
-3.525221458801378743e-02
-3.467418063242194703e-02
-3.405154627340114398e-02
-3.335207797211563879e-02
-3.258031710924440966e-02
-3.176136544485528429e-02
-3.089641707058312509e-02
-2.999415771211319873e-02
-2.906808940698347651e-02
-2.815909520532043631e-02
-2.727966578019726945e-02
-2.640007828241424867e-02
-2.549186241972462713e-02
-2.454714624072874829e-02
-2.354867042986746872e-02
-2.249061951879260599e-02
-2.139928805500991918e-02
-2.030227718114419044e-02
-1.922846920923726097e-02
-1.819659964530765534e-02
-1.720581421830672322e-02
-1.625907764300404609e-02
-1.532185254494441984e-02
-1.435580134254148092e-02
-1.332676974822383231e-02
-1.220623449402759644e-02
-1.103593027689415453e-02
-9.908799641880485648e-03
-8.918539028786687944e-03
-8.185744704714423975e-03
-8.075908136328874970e-03
-8.708253235309165383e-03
-9.618954349714940039e-03
-1.043999769798508413e-02
-1.107294164223312713e-02
-1.166510350453715990e-02
-1.227329979886601988e-02
-1.269986649540283050e-02
-1.282039847938491045e-02
-1.266731045048173458e-02
-1.235104213559171278e-02
-1.200372288179666659e-02
-1.175816195344382871e-02
-1.142731085882121508e-02
-1.086195826525918756e-02
-1.006001873994810322e-02
-9.035702615415107386e-03
-7.779573407348775935e-03
-6.453076386177403721e-03
-5.622468106212098402e-03
-5.363919815128391846e-03
-5.097051421051613726e-03
-4.539829255743795498e-03
-3.704647462440799344e-03
-2.589393800311868589e-03
-1.165684252593422688e-03
5.655109814537292393e-04
2.409631001618215730e-03
3.682069208526670377e-03
3.955233755481062097e-03
4.106848952413713616e-03
4.643399772834920503e-03
5.667614859074697302e-03
7.131168183080275995e-03
8.966445959747307640e-03
1.116033378060056827e-02
1.368788823524149864e-02
1.643552772521088279e-02
1.933668744349124197e-02
2.231663660612051570e-02
2.531610002579125912e-02
2.832326118472102555e-02
3.130687949980499180e-02
3.426075359740267390e-02
3.723102800191949863e-02
4.028370203691068741e-02
4.346259280089670440e-02
4.679414717246255934e-02
5.028143358645428135e-02
5.393538640413297197e-02
5.780355724690893621e-02
6.187069391866747980e-02
6.613020127137750337e-02
7.058019770345648480e-02
7.521641135571809078e-02
8.001831997202280000e-02
