-2.143733623989752760e-03
-4.666106240440688786e-03
-2.495127500772578548e-03
1.304004671288888726e-03
3.384050132553638197e-03
1.039630219786474331e-03
-5.734463163474408376e-02
-1.808360196023257038e-01
-2.585177785481470591e-01
-2.512568647444315406e-01
-2.114781574239079920e-01
-1.683112545144990202e-01
-1.492079723474912245e-01
-1.447086459063341157e-01
-1.305659558418081068e-01
-1.103597167542908486e-01
-8.963435669448541199e-02
-7.172118881776214094e-02
-5.740197457991833008e-02
-4.543791090251563664e-02
-3.634298292390854973e-02
-2.667975320437548578e-02
-1.626684452143895010e-02
-1.108734968029045920e-02
-8.702099612825454911e-03
-5.293313862845479972e-03
-9.675008739469588559e-03
-1.896745773439847960e-02
-2.260623734279598729e-02
-2.209655044478932989e-02
-1.907347754073905610e-02
-1.333233877488669908e-02
-7.659413482203415550e-03
-6.928391918692410056e-02
-3.097401332497702886e-01
-5.038955481368740941e-01
-5.125454675207519184e-01
-4.872393777602975207e-01
-4.491963662691296211e-01
-4.106451144633397887e-01
-4.040878874805391985e-01
-3.975848661044312782e-01
-3.663404764615674769e-01
-3.099448388009668487e-01
-2.387584686091080988e-01
-1.724012450210761771e-01
-1.439727614097353892e-01
-1.457138966714947859e-01
-1.408034768026821260e-01
-1.219769108610325586e-01
-9.552775013212592981e-02
-7.133689622317146428e-02
-7.920858535718380833e-02
-1.829261189459801262e-01
-2.700514245458749407e-01
-2.572570823480103686e-01
-2.130355212908455476e-01
-1.736852647945091588e-01
-1.473909052076333159e-01
-1.193200006018416137e-01
-8.985525213676891221e-02
-6.560438759270391385e-02
-7.085232090180099140e-02
-1.040819588069728518e-01
-1.143980073827811916e-01
-9.064017713721968239e-02
-5.673738334646211828e-02
-2.370285950364295346e-02
6.934842244178552467e-03
3.208956388808339999e-02
3.866336402657309657e-02
3.446802464145171802e-02
3.853710780046331469e-02
4.834315147754066067e-02
5.470247032405861631e-02
5.832677276388369136e-02
6.549059493119553654e-02
7.648182193085391323e-02
8.143322873869460188e-02
7.252868935259668137e-02
6.637450082539737839e-02
6.991697424710212327e-02
6.957449913902419292e-02
6.642771882291859109e-02
6.889293730422636763e-02
7.563271289200962366e-02
8.745317906121385931e-02
1.029146871234115634e-01
1.142712663479272805e-01
1.234558780587506899e-01
1.322352543856505913e-01
1.396076913513251416e-01
1.415743890654323767e-01
1.371441295782733771e-01
1.348521789658981285e-01
1.390189425623089836e-01
1.459392410933740281e-01
1.548844784878820324e-01
1.670912517772746575e-01
1.771945933627713521e-01
1.820031301015850311e-01
1.817731790713972007e-01
1.765524485526601961e-01
1.702542819976547439e-01
1.630399479447502409e-01
1.583240270820105156e-01
1.611113021709058013e-01
1.700292282858228421e-01
1.861256757116362681e-01
2.021807942399993507e-01
2.051265591908862373e-01
1.892993139706879990e-01
1.610947918491208442e-01
8.550585729477823416e-02
-5.455663000000161855e-02
-1.563162959108708450e-01
-1.688987313680122282e-01
-1.382304907091959356e-01
-1.166950312417313895e-01
-1.235782007562923890e-01
-1.130955146457252314e-01
-6.544908207344618534e-02
-9.861473930657373155e-03
3.071560589811368064e-02
5.137640483170002187e-02
3.976056453142320923e-02
3.358833292521508362e-02
6.765597786384933143e-02
1.134218023530635111e-01
1.552089854022949134e-01
1.981835589840395540e-01
2.406593997138331831e-01
2.057538259683890369e-01
8.735678262090577906e-02
3.216107768753868196e-02
7.129392899990982801e-02
1.252701550314424261e-01
1.744885025421420988e-01
2.288080266895365367e-01
2.881090701682983979e-01
3.411655486191636499e-01
3.140833077767319348e-01
1.414971448712205038e-01
2.531530527221766136e-02
6.581583312920971651e-02
1.501079068336224620e-01
2.361623835281654316e-01
3.098158832777598293e-01
3.769369507361053917e-01
4.451423146080792925e-01
4.994376938965215951e-01
5.365413265277361177e-01
5.624514581621424814e-01
5.743663556804176062e-01
5.808727900288449542e-01
5.837720195688446134e-01
5.813170528693033523e-01
5.823525074876824137e-01
5.947740142525155260e-01
6.174964338805543074e-01
6.467015152544325352e-01
6.787222264845688136e-01
7.104170463873963337e-01
7.497028137648027446e-01
7.925345311900015011e-01
8.321774680873447183e-01
8.718242284355361971e-01
9.116216781830422944e-01
9.490915965082974415e-01
9.836054081794320947e-01
