1.237153034859533700e-02
2.114544948178935166e-02
6.327357864185383096e-02
4.216232916662572550e-02
4.223858388871108704e-02
-2.765753310249983998e-02
-8.493707094448206263e-01
-1.136839853001178735e+00
-2.106688688166018508e-01
2.150894195834152645e-01
3.073702168756574649e-01
2.697730147741953521e-01
-6.661044911428369575e-02
1.736962938221978114e-02
9.528521450406428339e-02
1.371754786430078865e-01
1.228003027465073421e-01
1.090146294407331184e-01
9.126189423663312594e-02
8.418905091973462318e-02
5.775703836145401615e-02
1.005778346721815930e-01
7.771243175547323800e-02
3.527502188811528633e-02
4.844100708483137230e-02
5.348458881157387018e-02
-6.952485417784302901e-02
-2.760397060894920901e-02
2.205670377259894704e-02
4.622347936416233705e-02
7.112445126504624016e-02
9.322076718677566043e-02
7.286725634598063828e-02
-9.616814053263607054e-01
-2.833744784099957226e+00
-4.917597830040078000e-01
1.470255690384655312e-01
3.185881641253590635e-02
3.187023378991578060e-01
5.472091075545165717e-02
-2.015155139264897532e-01
3.316406897653834118e-02
1.986476147409995674e-01
4.515656001656104812e-01
4.897449768961252836e-01
4.276422630887117826e-01
-6.588472335643606737e-02
-4.372459941189873328e-02
7.227389133695980017e-02
2.175706031797931261e-01
2.358946218432677600e-01
2.040126338790231031e-01
-2.493953627208962409e-01
-1.318750785382974744e+00
-1.001288142647851209e-01
3.165579582602781050e-01
4.203019725753537328e-01
2.764994036014822298e-01
2.173752274917809535e-01
2.989098450847826327e-01
2.765922614649420908e-01
2.332883206482317118e-01
-1.795377899842797720e-01
-2.192179196674574615e-01
1.577782650326380876e-01
3.126464037399204199e-01
3.494387634556683775e-01
3.475739689491229023e-01
3.368584103392020523e-01
2.371133968048866336e-01
5.075846650542170657e-02
4.936054331001460405e-02
1.589255830680819659e-01
2.057335620599505255e-01
1.397166295813671022e-01
1.538559563165099453e-01
2.105053887173776173e-01
2.469671943276100512e-01
1.386103280980653940e-01
4.354455865837414397e-02
1.704034317697635803e-01
1.386162690343889503e-01
4.856706430039448019e-02
9.254796435898576812e-02
1.918778356618175973e-01
2.138759399589507670e-01
3.084878675362719980e-01
3.097558908452007209e-01
2.214062573106602705e-01
2.668009163838299114e-01
2.679121821931645386e-01
2.696947366351592490e-01
1.940793230177930151e-01
1.635148370735851620e-01
2.055504380225299799e-01
2.050236199596197628e-01
2.024788564470805796e-01
2.766437284497839655e-01
3.178943657402739098e-01
2.406143086733215641e-01
2.417523623128377541e-01
1.917796011050452165e-01
1.669139514332758645e-01
1.893059426543678425e-01
1.587521692089730596e-01
2.452067688659792521e-01
3.256300870276716553e-01
3.791921074145446768e-01
4.284089411778239098e-01
3.711434283561112490e-01
2.471674145027240588e-01
9.594116181423051337e-02
3.620799638905652928e-02
-6.425897878978598099e-01
-1.053813873569778847e+00
-1.543266145934690803e-01
3.547985176709337329e-01
5.291003337338582302e-01
2.201588209198653834e-01
5.738380093250153302e-02
4.979226210158849697e-01
6.868560418937224021e-01
6.685772016500621806e-01
4.919697265092018990e-01
3.374841815302355164e-01
-4.830007231365102127e-02
4.135125372669961608e-01
6.526507542355115543e-01
6.247340754852306333e-01
6.157460224188153752e-01
6.661041110818003430e-01
6.064948492875368302e-01
-5.210073261609176054e-01
-8.213101763588824822e-01
3.792276709971398319e-01
7.482921014246680658e-01
6.456588419889977004e-01
7.036457464314412880e-01
7.702662998406225592e-01
8.005952721988655041e-01
7.116396304832475206e-01
-3.585612082107167420e-01
-1.704561048394370948e+00
2.678592313766056665e-01
9.017105267115481659e-01
9.764014472287561031e-01
8.912091473839416356e-01
8.984786597066271030e-01
8.919481700889713149e-01
8.328042204916337177e-01
6.222921024292056291e-01
6.035919111881278276e-01
5.684062577637347680e-01
4.997800578941133942e-01
5.182642708442899426e-01
4.761444241744567929e-01
4.744253016587853811e-01
5.146287922867269771e-01
5.932189625103794217e-01
6.187228397005621883e-01
6.847933424919843137e-01
6.926875194354056298e-01
7.220959090122347490e-01
8.091629281109407046e-01
7.819142958875764382e-01
7.641648449277271826e-01
7.739521248020582167e-01
7.952705480138957395e-01
7.852299158594242545e-01
7.972230961597561727e-01
