-1.854703571434658249e+00
-1.854170939756847103e+00
-1.851813290676080026e+00
-1.859723545423086710e+00
-1.856414344248448423e+00
-1.857394930229080199e+00
-1.854657118292599494e+00
-1.854326232484304615e+00
-1.853739225597745177e+00
-1.852758397389445033e+00
-1.851279807858271953e+00
-1.849154992248829288e+00
-1.847393740341096047e+00
-1.846278043900845267e+00
-1.844288709326706632e+00
-1.841046273626850249e+00
-1.836226647078586405e+00
-1.829554059346917283e+00
-1.820752693811107825e+00
-1.808227187531390223e+00
-1.791975562259987997e+00
-1.755083494044377357e+00
-1.584668081903513270e+00
-8.763535342864925415e-01
5.728142865056437216e+00
-2.463781383190467356e+00
-1.363937281164431470e+00
-1.742796101557948285e+00
-1.767592947659480718e+00
-1.763626074591306159e+00
-1.740420484086116604e+00
-1.642885646114582210e+00
-7.306709508008751852e-01
-1.832505413882817180e+00
-1.849828449412966203e+00
-1.851046053432243710e+00
-1.850140806353314904e+00
-1.848881062067400771e+00
-1.847305179253033725e+00
-1.845524710221958964e+00
-1.844474970844758754e+00
-1.843397605563432018e+00
-1.841334067807089303e+00
-1.837403635587824491e+00
-1.829847024440282022e+00
-1.815869108199699378e+00
-1.805669608929124870e+00
-1.807897645495814665e+00
-1.806328547481806934e+00
-1.796088686926853750e+00
-1.771744090821274487e+00
-1.724188473467849203e+00
-1.752390521100894549e+00
-1.822189563413046942e+00
-1.833114425715802964e+00
-1.830591887264177098e+00
-1.823140853450736731e+00
-1.812821301940204188e+00
-1.802088514365463023e+00
-1.783884513944240302e+00
-1.746447745300911736e+00
-1.669809844294801948e+00
-1.706716020970193481e+00
-1.776279499403527140e+00
-1.785314255881616852e+00
-1.756622495352988977e+00
-1.631801014344223422e+00
-2.978596602562320061e+00
-2.027314267759869004e+00
-1.956954460723014488e+00
-1.949149065537590930e+00
-1.958887001818034435e+00
-1.952761540134194895e+00
-1.938640036286542134e+00
-1.931346152802378091e+00
-1.927529246171134858e+00
-1.920651787762619689e+00
-1.912112142032405870e+00
-1.908635876665875752e+00
-1.913944552639284646e+00
-1.917915580253035879e+00
-1.914107720060365114e+00
-1.913460592761908385e+00
-1.914948229798411505e+00
-1.911965813227501698e+00
-1.906395498515484732e+00
-1.899135894588880324e+00
-1.892173906012746487e+00
-1.887970191527336805e+00
-1.884903275891295582e+00
-1.882241334434815005e+00
-1.880073801865464134e+00
-1.878949023766267601e+00
-1.878899107914612454e+00
-1.878431357410124569e+00
-1.876826676651804915e+00
-1.874897567990749359e+00
-1.872868125855455146e+00
-1.870694007056086461e+00
-1.868943840093947761e+00
-1.867724735027413319e+00
-1.866884577161034731e+00
-1.866371533966733942e+00
-1.865912511075105362e+00
-1.865501414650284406e+00
-1.864905467636996717e+00
-1.863809787581125033e+00
-1.862434875752611907e+00
-1.860903662275570580e+00
-1.859565294478199515e+00
-1.858629612215081828e+00
-1.858043352566192796e+00
-1.857667156877385040e+00
-1.859106142192050060e+00
-1.850905684948546126e+00
-1.852625002014352429e+00
-1.851809891575904254e+00
-1.849915764043932542e+00
-1.847783569013297544e+00
-1.847297414453514364e+00
-1.845385466481417769e+00
-1.834445683169027896e+00
-2.010125931431538948e+00
-1.876849793078570139e+00
-1.869818509546932628e+00
-1.873196919353385281e+00
-1.875757525037162754e+00
-1.865646194381882506e+00
-1.860903754334035431e+00
-1.858641279368017374e+00
-1.857107799239263057e+00
-1.855949875678315486e+00
-1.855124426126147918e+00
-1.853707436222596039e+00
-1.848820421878230702e+00
-1.852528763814094814e+00
-1.853018427087534725e+00
-1.852860021296682147e+00
-1.852615182229048196e+00
-1.852330132114284211e+00
-1.851934590050462903e+00
-1.850646823900067073e+00
-1.842200894223934515e+00
-7.723252404222122891e+00
-1.823523253155620694e+00
-1.843555457544415077e+00
-1.847349169480610342e+00
-1.848469919978345866e+00
-1.848860181839258487e+00
-1.849006822549138729e+00
-1.848821346345811856e+00
-1.848386299065195804e+00
-1.847814084865614825e+00
-1.847067418312631215e+00
-1.846263649307271715e+00
-1.845415420439381338e+00
-1.844480240491939593e+00
-1.843631327664206898e+00
-1.843052897494961817e+00
-1.842712178247939203e+00
-1.842499963709685051e+00
-1.842318709457995141e+00
-1.842101991652813853e+00
-1.842013460801318780e+00
-1.841945014922755863e+00
-1.841779167883116131e+00
-1.841588032501991101e+00
-1.841378852596354365e+00
-1.841113565130107377e+00
-1.840791805982113116e+00
