-6.689274790033136178e-04
-8.737309229188808301e-04
2.788958967416123140e-03
7.596831457694335626e-03
1.074037391675422906e-02
9.337676642133356519e-03
-4.769517021065255991e-02
-1.669859965834937787e-01
-2.378329341762691340e-01
-2.244181635286677801e-01
-1.806836836754833475e-01
-1.357286844890959465e-01
-1.162480993569047216e-01
-1.116686709302738140e-01
-9.771491690718511758e-02
-7.781984575815599492e-02
-5.773935024017230050e-02
-4.068776218712469306e-02
-2.702496139717912998e-02
-1.577420114452585120e-02
-7.403521514207991872e-03
1.549229782787915274e-03
1.102838595053855578e-02
1.558712995839453899e-02
1.783318371405300320e-02
2.104959969983374868e-02
1.655806456025752174e-02
7.685435871779972006e-03
4.719218201396504359e-03
6.085829053140332477e-03
1.010434698164045832e-02
1.669732075444186822e-02
2.296228505859972471e-02
-3.758160887373968029e-02
-2.725554045970468020e-01
-4.542641825105590003e-01
-4.509864662235961719e-01
-4.169503159940791126e-01
-3.724218125087329634e-01
-3.298861472857265165e-01
-3.206003571494088211e-01
-3.116759591748490266e-01
-2.791463597976505118e-01
-2.229006433538456011e-01
-1.532770883863714129e-01
-8.969045979773541954e-02
-6.469580357900124590e-02
-6.877792151475965732e-02
-6.504876125475675397e-02
-4.666307563283398491e-02
-2.050607477196341941e-02
3.048395587708349619e-03
-5.372703389080803540e-03
-1.074137389814815990e-01
-1.888829094599581426e-01
-1.702203279117865398e-01
-1.218227066096944922e-01
-7.946680173477804754e-02
-5.124892616940368573e-02
-2.243154063108216897e-02
7.492231946195186676e-03
3.163649322066458547e-02
2.595978946538815210e-02
-6.228778785148738478e-03
-1.502099349854148398e-02
8.894766849313029758e-03
4.240692290510396367e-02
7.516111283139473298e-02
1.050663675391453888e-01
1.276532046224455041e-01
1.315002446546135739e-01
1.246516510711856568e-01
1.256509833889971894e-01
1.341161824126059776e-01
1.398670829482449585e-01
1.426808024704408762e-01
1.493834674355901670e-01
1.605199244300237749e-01
1.658802319483155541e-01
1.581450486287031276e-01
1.534249482095930428e-01
1.562599702723079242e-01
1.533238514035517863e-01
1.480100950724901054e-01
1.501275741280787279e-01
1.578293595551888695e-01
1.713788821233672710e-01
1.889181712414782222e-01
2.009746734465248375e-01
2.104122359008007426e-01
2.206129534672068015e-01
2.298090321798056390e-01
2.336210539401137043e-01
2.310069132831081562e-01
2.300001581991382993e-01
2.333785125913121483e-01
2.378835985037463796e-01
2.455262184351675314e-01
2.579358937778718497e-01
2.675772970122720085e-01
2.721031941939769383e-01
2.724628655416777567e-01
2.681700204331853299e-01
2.635426174664162735e-01
2.583180207601555312e-01
2.563972214728095222e-01
2.632281145689783775e-01
2.767437350232890281e-01
2.962796989695898886e-01
3.145326684346215762e-01
3.200030482918773678e-01
3.076571251361460146e-01
2.834715187273713077e-01
2.136004890481223439e-01
8.236191752815238964e-02
-8.095125921749310449e-03
-9.624347843975663772e-03
2.991131922049899972e-02
5.827684343174134585e-02
5.738832257649176954e-02
7.426026520695325206e-02
1.270773468869382250e-01
1.863264683304503011e-01
2.296022470208872457e-01
2.513611281172240530e-01
2.396900267184501054e-01
2.348536235527794447e-01
2.706976160301397538e-01
3.167586810981390943e-01
3.579667224767422162e-01
3.995070675757348422e-01
4.387526276959254345e-01
4.009518996805904179e-01
2.821565137132244216e-01
2.288366071005973335e-01
2.698598635051215888e-01
3.237869723412761802e-01
3.721960450428509759e-01
4.250184748671965718e-01
4.811274892288496807e-01
5.300796168212139614e-01
5.012760222557293144e-01
3.290517853756820266e-01
2.159142554589238427e-01
2.604596908788174847e-01
3.451335770951862725e-01
4.267350424547743937e-01
4.968828721939566040e-01
5.611745950319370069e-01
6.215225724050003064e-01
6.644791428354129836e-01
6.910115677368457998e-01
7.098964709369430803e-01
7.183843142408828930e-01
7.226077925389490231e-01
7.242518570986159476e-01
7.220078527493418719e-01
7.229119933043059998e-01
7.329576434561640985e-01
7.505625199785546098e-01
7.739287735959807790e-01
8.000827551279120486e-01
8.263147108280846087e-01
8.590208851032518078e-01
8.940211271031920370e-01
9.255649040610987033e-01
9.530838395945439023e-01
9.760832205523964911e-01
9.972528714430366481e-01
1.018660594915763218e+00
1.042162453110375919e+00
1.067791169855477840e+00
1.094996257252989436e+00
1.122506488406936009e+00
1.148549763864008533e+00
1.171828973728827883e+00
1.191996778529689438e+00
1.209660030312440071e+00
1.226263753926758016e+00
1.242444603117252244e+00
1.258392537158167457e+00
1.275073971876135248e+00
1.293360853278863631e+00
1.314425956355059322e+00
1.339377234266038386e+00
1.366081222729025324e+00
1.393012078145452470e+00
1.418766370288885303e+00
1.442810937733420840e+00
1.465053242736931605e+00
1.484791354948456377e+00
1.502958096451959102e+00
1.520978117922987538e+00
1.540050481185793130e+00
1.560790158018289686e+00
1.584518687312450602e+00
1.610962881269006663e+00
1.638957947329703790e+00
1.666807709708086449e+00
1.691847816131349491e+00
1.712839735114607409e+00
1.730884235281778150e+00
1.747397723986102713e+00
1.763039597846673079e+00
1.779075164931521513e+00
1.797051849795507028e+00
1.817517388128938371e+00
1.838623150355199520e+00
1.859078151381218458e+00
1.879108485672638995e+00
1.897345972163606342e+00
1.913061937019220560e+00
1.927129774271125084e+00
1.940648888350086754e+00
1.954405519458535467e+00
1.968913126553125892e+00
1.985591241426435394e+00
2.004784534615986491e+00
2.025006393909701163e+00
2.044272539516689413e+00
2.061224842117675760e+00
2.075579994110527515e+00
2.088311791549839924e+00
2.100502509246457095e+00
2.112141034409740215e+00
2.123502602029213371e+00
2.134911403529247131e+00
2.146898629007616854e+00
2.160452090267102498e+00
2.175738629171421135e+00
2.191994989634060254e+00
2.207940263915280976e+00
2.222817189137324512e+00
2.235946270772694255e+00
2.247455876545231490e+00
2.257237901036988070e+00
2.265453167940510770e+00
2.273532274170833922e+00
2.282130534213993478e+00
2.291999282078501121e+00
2.304091743290201055e+00
2.317712461577650984e+00
2.332189922006765670e+00
2.345457787532149840e+00
2.355258457839863873e+00
2.362131538362914451e+00
2.366870949082132469e+00
2.370589651066421055e+00
2.374210301552511559e+00
2.378633223995963775e+00
2.385100882339394435e+00
