-6.913971536834130627e-04
-9.822022253841188651e-04
2.751291689701926106e-03
8.088395852575062592e-03
1.202554866946535170e-02
1.141403461223614545e-02
-4.709108440231759424e-02
-1.766136598920572676e-01
-2.660446818714419792e-01
-2.700364546277083666e-01
-2.375819614522744483e-01
-1.976311180993280681e-01
-1.790171267731131555e-01
-1.745100548148835196e-01
-1.597607428897371007e-01
-1.376022639607079601e-01
-1.137559200282794308e-01
-9.188307275273283059e-02
-7.283136189402306115e-02
-5.601179148077126135e-02
-4.213149114747637841e-02
-2.791300760490077193e-02
-1.317116305897545782e-02
-3.609186404021524908e-03
3.007815486871839340e-03
1.008412373292965312e-02
8.826547622308323487e-03
1.808545428026375572e-03
-1.882637758996072962e-04
1.937870067811464300e-03
6.841572928101044559e-03
1.467492775382566068e-02
2.261684569203540815e-02
-3.823448859398830002e-02
-2.869783171592422133e-01
-5.039237285835759250e-01
-5.361434796813736581e-01
-5.288441592727738394e-01
-5.030888829239593685e-01
-4.714609885288750801e-01
-4.688806959997181001e-01
-4.652320971702718078e-01
-4.350874734198755256e-01
-3.767544597623562197e-01
-2.993103176673890253e-01
-2.229832782104609057e-01
-1.830267868042889101e-01
-1.744358555776431008e-01
-1.604345698804387765e-01
-1.325949104218386021e-01
-9.645432593981381753e-02
-6.231709936424582180e-02
-6.097753303271940400e-02
-1.598089690863469248e-01
-2.496141849292155546e-01
-2.398470350815030405e-01
-1.952737199316144368e-01
-1.515641299909444017e-01
-1.190560096098715881e-01
-8.416566603673437952e-02
-4.637343277279351583e-02
-1.320854409733632912e-02
-1.027638346076693333e-02
-3.759831937081059561e-02
-4.472072938499051936e-02
-1.842864983920025970e-02
1.991293677328613912e-02
5.982271924013973785e-02
9.859918390063168725e-02
1.310565220382201856e-01
1.443986706256654706e-01
1.450181622122217739e-01
1.518611030836214681e-01
1.657191209195081616e-01
1.767130354732697750e-01
1.842216642658564552e-01
1.952630669874406144e-01
2.109071104543388808e-01
2.209460905256266094e-01
2.169856769929657814e-01
2.146125755091958520e-01
2.195151282037867413e-01
2.184058302553016084e-01
2.141516216180497090e-01
2.170232236372461598e-01
2.259563385615825926e-01
2.415380639777571781e-01
2.623901682054888274e-01
2.787086471575689339e-01
2.926452198702739760e-01
3.076051405809204220e-01
3.217127317810233311e-01
3.303422126278467985e-01
3.317798984448921962e-01
3.339580206694396369e-01
3.401981020653218613e-01
3.475582258996137708e-01
3.581750627728464975e-01
3.741168324645178234e-01
3.879039868126807900e-01
3.965651678340915698e-01
4.006926653234591518e-01
3.994002637272843215e-01
3.968818753297669866e-01
3.930860117418316646e-01
3.920151755944699667e-01
3.999134814379546321e-01
4.154170953912570963e-01
4.382699423922242765e-01
4.612822789614867691e-01
4.719650518996561517e-01
4.636990618867883884e-01
4.411409474003660236e-01
3.688200773654689568e-01
2.257311539860313854e-01
1.138770872337066531e-01
9.099431597096217794e-02
1.152215752273370725e-01
1.347132118414882118e-01
1.276627336595165529e-01
1.397069426279637927e-01
1.921930488637575707e-01
2.567692074366814126e-01
3.094559919201609333e-01
3.420417888425721364e-01
3.400014991917459928e-01
3.415865639417346444e-01
3.845480921526805984e-01
4.407299753461962344e-01
4.944858456256004953e-01
5.503267666984437145e-01
6.053981828086163475e-01
5.817733859066926971e-01
4.663461987208065707e-01
4.064309528417195949e-01
4.425653965582602156e-01
4.975834745568790130e-01
5.517137067145000406e-01
6.141668305897872715e-01
6.835561284679123606e-01
7.486999544325136924e-01
7.352057678260179863e-01
5.661461287967518574e-01
4.391060784191731514e-01
4.707438977901167165e-01
5.516468613044174241e-01
6.383442212333432231e-01
7.199819047691199403e-01
8.002113525037942710e-01
8.797876223456055911e-01
9.438365516316338244e-01
9.910366308546506575e-01
1.029345319357629851e+00
1.055365206955661384e+00
1.074770272664153037e+00
1.089522114985810086e+00
1.098264476076684426e+00
1.108362309488453823e+00
1.126762146630007733e+00
1.152904002981423703e+00
1.185523156505096098e+00
1.222007411723720960e+00
1.259519253435580133e+00
1.304545525635790515e+00
1.353367405764625442e+00
1.399735344531451098e+00
1.442642802923631118e+00
1.481023566593833829e+00
1.517302473866372958e+00
1.553523960665088577e+00
1.591730559009117085e+00
1.632201834365997195e+00
1.674540444498047620e+00
1.717538725800863642e+00
1.759306391651562107e+00
1.798312390510569347e+00
1.833925186932763740e+00
1.866544086146022075e+00
1.897530968735918533e+00
1.927585467822416021e+00
1.956950704932140184e+00
1.986707004911084429e+00
2.017907245423251172e+00
2.051964265571319501e+00
2.090303388584969113e+00
2.131038000055631709e+00
2.172579508323710051e+00
2.213426944172212085e+00
2.252781377563004561e+00
2.290394972412841845e+00
2.325331490440667892e+00
2.358370532205896541e+00
2.390916151096549314e+00
2.424291148223456371e+00
2.459287600123210460e+00
2.497454921348249979e+00
2.538800465018834274e+00
2.582269662401766919e+00
2.626162384096668578e+00
2.667572476772556822e+00
2.704870220749789667e+00
2.738825048639715654e+00
2.770736096146716676e+00
2.801246523044000014e+00
2.831693852134155254e+00
2.863828996226339463e+00
2.898475218855841362e+00
2.933957873226769930e+00
2.968924920320010763e+00
3.003540356863779515e+00
3.036343173680274177e+00
3.066381736146640336e+00
3.094383220004355728e+00
3.121415439707237116e+00
3.148339635513071499e+00
3.175780106764964916e+00
3.205333232326981197e+00
3.237608548411377463e+00
3.271258995222273036e+00
3.304249510962866232e+00
3.335006038217132929e+00
3.362999266995035708e+00
3.389024499263707302e+00
3.414141134557682644e+00
3.438362159631016990e+00
3.461979386822166216e+00
3.485376944843222358e+00
3.509157308498897176e+00
3.534452748674518752e+00
3.561610405016092606e+00
3.589980660183065275e+00
3.618277191602154552e+00
3.645627907780116583e+00
3.671210798940425679e+00
3.694982388544272744e+00
3.716735977550163383e+00
3.736507412671995709e+00
3.755727853840521213e+00
3.775157936633791067e+00
3.795682259278671644e+00
3.818461498110261143e+00
3.842994364229295190e+00
3.868666877523068592e+00
3.893384410103373661e+00
3.914591606314821615e+00
3.932521994776693397e+00
3.947804574764029795e+00
3.961484102604598156e+00
3.974551188783624234e+00
3.988019903808541322e+00
4.003348266656702847e+00
