7.911509932917070364e-04
2.849230110679145007e-03
8.058568439594005622e-03
1.423535096627420032e-02
1.896285818393017228e-02
1.899939315696607192e-02
-3.773512278280848065e-02
-1.597273961335928250e-01
-2.359334169518108593e-01
-2.272643426929780996e-01
-1.860447157463802070e-01
-1.415286172427385747e-01
-1.213052955319401938e-01
-1.160197198276883557e-01
-1.012699269183175571e-01
-7.991295053814273519e-02
-5.789063730219458359e-02
-3.859824130152549049e-02
-2.228317806586492880e-02
-8.461299961542706818e-03
2.319263307778601443e-03
1.345600176087317738e-02
2.484974735019153391e-02
3.143216181943889881e-02
3.575046583523173310e-02
4.066219909874578542e-02
3.756063831338553316e-02
2.972867278840801014e-02
2.754650982523785402e-02
2.983423455922837308e-02
3.507550863553041826e-02
4.304364994608134154e-02
5.075066247265901109e-02
-9.199879132365799961e-03
-2.482034081738243858e-01
-4.409342156584210581e-01
-4.483195626535372846e-01
-4.215338836596524419e-01
-3.809074831394516081e-01
-3.395718652645604019e-01
-3.302495885203224901e-01
-3.210181561599845246e-01
-2.877083021655490458e-01
-2.294596203001433021e-01
-1.557967310676234840e-01
-8.655603971184085144e-02
-5.559491264791605047e-02
-5.460465455966614229e-02
-4.650114825700257110e-02
-2.364830104732813104e-02
7.441023762882467002e-03
3.594749677899390650e-02
3.196863889487685378e-02
-6.782329694576941237e-02
-1.506045773248844144e-01
-1.328631863656029033e-01
-8.326244564154500205e-02
-3.725400868675441540e-02
-4.547853181918477816e-03
2.865356629288731000e-02
6.373710398778456576e-02
9.309050744864388882e-02
9.186948649495295383e-02
6.299310124654564080e-02
5.590902765765127375e-02
8.079470467448050808e-02
1.164666265175858112e-01
1.530494956712375454e-01
1.874161236675520037e-01
2.132029102866304648e-01
2.197389907898666672e-01
2.142379366311888134e-01
2.151123296075985458e-01
2.249641895161634819e-01
2.328174876230550139e-01
2.372366406222300717e-01
2.457353790656635062e-01
2.594659553052280909e-01
2.678560764715150477e-01
2.633439170155684184e-01
2.612188894919800219e-01
2.644186500675143048e-01
2.598786296702432774e-01
2.529414914599242281e-01
2.551322321025223938e-01
2.646127715189747764e-01
2.812903561806829877e-01
3.031784368578013811e-01
3.188122395115341456e-01
3.314884505382185709e-01
3.462313626650589393e-01
3.604401993173363961e-01
3.691959375584973890e-01
3.709667502676726736e-01
3.732487456988549113e-01
3.776675792903329554e-01
3.816233567010403616e-01
3.899442425153298863e-01
4.049410577007567791e-01
4.169233040807157065e-01
4.239495081318233050e-01
4.274306458404421027e-01
4.260928162486466442e-01
4.246002444797746245e-01
4.224292118239250104e-01
4.240441948669854133e-01
4.358767505648157292e-01
4.556147953274199969e-01
4.811164935453332570e-01
5.050271814178695085e-01
5.167141016827359046e-01
5.107137098835838884e-01
4.917513606823261663e-01
4.261214238609744021e-01
2.960709325181289930e-01
2.032901134381755459e-01
1.998354994860840061e-01
2.397542678992197196e-01
2.708983555234225071e-01
2.736391519288659535e-01
2.952479564182687310e-01
3.544264905246528596e-01
4.220425234328529229e-01
4.750686934606378475e-01
5.055028388339417589e-01
5.001858509952932241e-01
5.007131083403107974e-01
5.427787938150696601e-01
5.955359938116837615e-01
6.440594388922500357e-01
6.930716599664650257e-01
7.388500949498871817e-01
7.066282494555812255e-01
5.885632703514072084e-01
5.318691814147198382e-01
5.712431461295870427e-01
6.259457579066773913e-01
6.775532665803128962e-01
7.354347204781690461e-01
7.971880052586297616e-01
8.525936051940350424e-01
8.317620338993284568e-01
6.612424204372442382e-01
5.413014467694554632e-01
5.814905756002305415e-01
6.647956845772655665e-01
7.462375969468336701e-01
8.212619745075098177e-01
8.937552427751996875e-01
9.591048234835155561e-01
1.004391754511626544e+00
1.033335572742129171e+00
1.056598778327858978e+00
1.071451978913120495e+00
1.081938158492182778e+00
1.089639931655189242e+00
1.093884731447184011e+00
1.099992719519336193e+00
1.113002745812563532e+00
1.131710011596008592e+00
1.155470233070796882e+00
1.182765436327305242e+00
1.211391841868357133e+00
1.246166624052407412e+00
1.282928490119011888e+00
1.315423437950681729e+00
1.345965420599999129e+00
1.376922086528022060e+00
1.406955240852239220e+00
1.435658198551154952e+00
