-2.656680566127052501e+00
-2.654131617696328771e+00
-2.653007395357886544e+00
-2.649930490681589035e+00
-2.645840953231057391e+00
-2.637422753128868536e+00
-2.665877939571783095e+00
-2.656607709969360798e+00
-2.651034005488285938e+00
-2.642493714543860506e+00
-2.628253276159527196e+00
-2.603856569245019958e+00
-2.583990469472206897e+00
-2.575523998079120247e+00
-2.551828830450083352e+00
-2.498287019389711094e+00
-2.374585889569036379e+00
-1.975687533480705582e+00
-1.357197326802590176e+01
-3.410976383139395107e+00
-3.110902063748279822e+00
-2.962048607765621622e+00
-2.878718425061743691e+00
-2.852597364742883723e+00
-2.838402653882059479e+00
-2.819060299804625025e+00
-2.840081438859277885e+00
-2.908432284651184307e+00
-2.927691986585991835e+00
-2.887672986806357756e+00
-2.835596087550877442e+00
-2.790138334417370025e+00
-2.762194031097545910e+00
-2.484085587319822874e+00
-2.640449795884987072e+00
-2.641666478871129708e+00
-2.633173039844179275e+00
-2.622011620958490941e+00
-2.607385496306006800e+00
-2.590110413244831378e+00
-2.581097371523289663e+00
-2.571539375334945809e+00
-2.549673214989837344e+00
-2.497203606181706892e+00
-2.331631994945658981e+00
-6.542193724426006440e-01
-9.470267334922866098e+00
-3.899215645480547110e-01
-6.055372846129873921e-01
-6.551451118792069650e+00
-3.377812604526948981e+00
-3.075123392562203684e+00
-3.205550695736699041e+00
-2.363399214750490085e+00
-2.511318127109971599e+00
-2.462758202744553149e+00
-2.252314029692984221e+00
-3.337241519702824899e-01
-3.898533253719962843e+00
-3.150297365982598130e+00
-2.956854289760930676e+00
-2.883344116528106404e+00
-2.903841281609798486e+00
-3.073378647564933175e+00
-3.141091333883858638e+00
-2.946129868949132202e+00
-2.841998161956804658e+00
-2.790948739149203384e+00
-2.761259025838495695e+00
-2.744061834641349229e+00
-2.737634848561368628e+00
-2.735836277801540817e+00
-2.729809262345419540e+00
-2.719599087084797251e+00
-2.710728916333068561e+00
-2.703127678992128580e+00
-2.694651817144450234e+00
-2.685732984271333557e+00
-2.678120705158328008e+00
-2.671808505399563050e+00
-2.665166250407382531e+00
-2.658287694491440867e+00
-2.651336289295489479e+00
-2.644165777734627465e+00
-2.637799359854191117e+00
-2.632396824964135185e+00
-2.628129554214137187e+00
-2.624504838072804436e+00
-2.619757671939105137e+00
-2.614703121295024246e+00
-2.610155989613093919e+00
-2.605604808895351177e+00
-2.600007208063318309e+00
-2.593061737053728777e+00
-2.586559926178933821e+00
-2.580839034872597360e+00
-2.575118877801410022e+00
-2.570946381412687831e+00
-2.568764480988084742e+00
-2.565258917907766278e+00
-2.560230151256259745e+00
-2.554168864275989215e+00
-2.546651501434535447e+00
-2.539391474713739161e+00
-2.532006339057484290e+00
-2.526573812036346567e+00
-2.525628094415277136e+00
-2.527256726069657677e+00
-2.529923559320172544e+00
-2.530723654563147740e+00
-2.526707147083647520e+00
-2.516463066549675887e+00
-2.501178424658998978e+00
-2.456019311218620604e+00
-2.279832363528050188e+00
-1.906678541664636128e+00
-2.052793262666161134e+00
-2.271823855675059622e+00
-2.342925805409652895e+00
-2.342862304462812961e+00
-2.371751427528308476e+00
-2.428426772136740297e+00
-2.465531453069115919e+00
-2.481453945707837505e+00
-2.483478064346750891e+00
-2.468904508389893060e+00
-2.459984352485022008e+00
-2.473224001983015619e+00
-2.486546508514300591e+00
-2.494501606590576515e+00
-2.500575425507688188e+00
-2.504192430854279561e+00
-2.483311780838736826e+00
-2.419284469188025533e+00
-2.380451484066481882e+00
-2.412600416452376439e+00
-2.439680537242499891e+00
-2.455933489051446372e+00
-2.469417623981773779e+00
-2.480161598942970613e+00
-2.486258993096431169e+00
-2.469350364992033420e+00
-2.380226334529533361e+00
-2.281514598464740473e+00
-2.339370459912277322e+00
-2.398304669990401816e+00
-2.431006691404441700e+00
-2.450052507965335469e+00
-2.462813972554951825e+00
-2.470490852444789276e+00
-2.471652566842416299e+00
-2.468992942863836859e+00
-2.465561426397916645e+00
-2.460602891588571595e+00
-2.455216228931731859e+00
-2.449631221459249719e+00
-2.443598693981618553e+00
-2.438544522128752057e+00
-2.435733797388102584e+00
-2.434450765831767782e+00
-2.434327510985880405e+00
-2.434725447198184067e+00
-2.435050968431752061e+00
-2.436573209928230455e+00
-2.437967770244490850e+00
-2.437896932249540516e+00
-2.437215012658676461e+00
-2.436556613130166582e+00
-2.435592594612046025e+00
-2.434301285554627103e+00
