-2.132459843259322790e-03
-4.602759289324927401e-03
-2.386270950214018378e-03
1.393111846594844404e-03
3.417796762125841024e-03
1.025835123142589990e-03
-5.704775840516950608e-02
-1.788575984497544624e-01
-2.535826215769577119e-01
-2.436077889011402098e-01
-2.021094893976141393e-01
-1.582030799025321843e-01
-1.389786556890752478e-01
-1.344420628151052899e-01
-1.203666214215606683e-01
-1.004288726552411692e-01
-8.017615872680099176e-02
-6.287310105929246051e-02
-4.922547296101757036e-02
-3.793754924592726563e-02
-2.949552615359448543e-02
-2.043890630149367699e-02
-1.063315195412338661e-02
-6.023704628659068763e-03
-4.110390135660827414e-03
-1.098830431544261989e-03
-5.791031187687813511e-03
-1.518909421605619744e-02
-1.881005760589241765e-02
-1.826503546982255130e-02
-1.523614038950044103e-02
-9.550912163229632879e-03
-4.007224700547557666e-03
-6.545076921688082472e-02
-3.036140463398445677e-01
-4.921551184974343185e-01
-4.952714154549935355e-01
-4.658840468199903495e-01
-4.250165664576658342e-01
-3.848341688128027460e-01
-3.772360950401721369e-01
-3.698402280765320516e-01
-3.380944233416202649e-01
-2.818419353900571411e-01
-2.116364126401860668e-01
-1.469587354805597101e-01
-1.204865712178302267e-01
-1.237662447926170667e-01
-1.199846284627010817e-01
-1.021444776437145929e-01
-7.675522115346723739e-02
-5.371327713671802950e-02
-6.260524993101318492e-02
-1.663197023029576171e-01
-2.516583286499661232e-01
-2.370583536194643681e-01
-1.918742785306140342e-01
-1.523835677948276179e-01
-1.263880711965244819e-01
-9.887967211030807002e-02
-7.024412069581963125e-02
-4.698480613740035894e-02
-5.315195587918106201e-02
-8.671284742741589002e-02
-9.687619342388864574e-02
-7.312110567763535629e-02
-3.964502450177892490e-02
-7.412519124268518445e-03
2.215936937919285241e-02
4.608916450602137255e-02
5.147388623043111511e-02
4.638879168819366045e-02
4.977428345432750173e-02
5.892824208933624547e-02
6.464714347206135248e-02
6.770209788325456945e-02
7.433613139299569128e-02
8.476167425569039460e-02
8.912152626324475191e-02
7.977050764909152103e-02
7.339757505939602245e-02
7.674167952929296377e-02
7.618449298096810485e-02
7.288791281715117920e-02
7.522085664468684818e-02
8.175460725504353487e-02
9.326188333427284927e-02
1.082403701946449415e-01
1.189928907393949797e-01
1.275413609430523232e-01
1.356589122135314629e-01
1.423697306794045880e-01
1.437085816343808276e-01
1.387825128045332146e-01
1.361270513109583413e-01
1.399537275170556483e-01
1.464778340575767224e-01
1.549615657402043656e-01
1.666083153839200692e-01
1.760585300946696796e-01
1.802086534100206805e-01
1.793861092245419286e-01
1.736984427536479580e-01
1.670790210423911404e-01
1.596550403659450224e-01
1.548246506769224429e-01
1.574806599945779984e-01
1.661546526082420538e-01
1.818288992533456661e-01
1.972477216928104071e-01
1.995006422319370309e-01
1.831797399834093620e-01
1.548813687969132769e-01
7.983919743607960362e-02
-5.820058165165016562e-02
-1.564801233331874486e-01
-1.656541981989707590e-01
-1.325659084911372521e-01
-1.096152259497611553e-01
-1.154696305294672376e-01
-1.041194614158976600e-01
-5.625492423715879042e-02
-1.276692174672591773e-03
3.812927469069702507e-02
5.746231628535081182e-02
4.473762366957086817e-02
3.796185745790473659e-02
7.131483519959777584e-02
1.158909604311274821e-01
1.561085137325085026e-01
1.972421059551018041e-01
2.376288505031675657e-01
2.008725403964519152e-01
8.229684505099756076e-02
2.839319590248211289e-02
6.844222489828710732e-02
1.223300020445032554e-01
1.707114373501178173e-01
2.235935192150149686e-01
2.809033619487909528e-01
3.315288834926883310e-01
3.021886558300353465e-01
1.292895135281019736e-01
1.539342385737473007e-02
5.788834359164997390e-02
1.426653396772196714e-01
2.277671045860276688e-01
2.994662103526604113e-01
3.640122954622226903e-01
4.291735917636275155e-01
4.801098997509338773e-01
5.138900472056789903e-01
5.366602967456731710e-01
5.457615839681378977e-01
5.498510888052373646e-01
5.506646199446343370e-01
5.464589701519970699e-01
5.460147236877550547e-01
5.570414862910850751e-01
5.782590971058041429e-01
6.057550088480159189e-01
6.358324314923112786e-01
6.653866598029731794e-01
7.023386926692219978e-01
7.425521047662472229e-01
7.793861208145853592e-01
8.160797186690436078e-01
8.528043536386540335e-01
8.871075905311134324e-01
9.184233265285495218e-01
