-2.152704563655246251e-03
-4.716125495945047881e-03
-2.579807991017680612e-03
1.237517511251506018e-03
3.363876160572245189e-03
1.058542644783089324e-03
-5.757247390118808150e-02
-1.823912360784345488e-01
-2.623740101866074981e-01
-2.571530686243438391e-01
-2.185544505481059607e-01
-1.757337190399840821e-01
-1.564493368700980991e-01
-1.516812121163452209e-01
-1.371727377716183416e-01
-1.164341185387170047e-01
-9.501574748927837932e-02
-7.630985305943749353e-02
-6.116491266413690009e-02
-4.839173138603145713e-02
-3.852906045827318715e-02
-2.815907810460262922e-02
-1.706360990335555050e-02
-1.125627495250387453e-02
-8.345713304086139345e-03
-4.493513729421165157e-03
-8.521308727420328841e-03
-1.764024849513952040e-02
-2.121598547218924921e-02
-2.066566018123417933e-02
-1.758491665668299175e-02
-1.174263376464357300e-02
-5.916153273541928208e-03
-6.764064916335392474e-02
-3.098726771790978884e-01
-5.083883862984581725e-01
-5.212106889023473411e-01
-4.987873607862603476e-01
-4.625078446426332257e-01
-4.246727728155358372e-01
-4.182891923567292336e-01
-4.117860468675713648e-01
-3.801858441312624959e-01
-3.228932638730103721e-01
-2.501363119353849918e-01
-1.816703286446877952e-01
-1.509532638877027766e-01
-1.507911110708755886e-01
-1.443554997379900839e-01
-1.241660070761567425e-01
-9.634379147270009935e-02
-7.075925893781356835e-02
-7.739149231406258767e-02
-1.807310409831867359e-01
-2.689179512303354613e-01
-2.571854157228464222e-01
-2.133332534173525419e-01
-1.736862038611906578e-01
-1.467459738572992056e-01
-1.178291644358570450e-01
-8.732419236573819854e-02
-6.192998522622510105e-02
-6.612435089247675757e-02
-9.879986713646174423e-02
-1.089677946428792982e-01
-8.495045912934823251e-02
-5.046480198278992246e-02
-1.656969328910048306e-02
1.511004139929929269e-02
4.139829835114774981e-02
4.903714258972553114e-02
4.562860128920712133e-02
5.028520611291915215e-02
6.062241822158191684e-02
6.747414060504867972e-02
7.150667423508141884e-02
7.902229143330281869e-02
9.037078414311455754e-02
9.567738713519206850e-02
8.699094055997133590e-02
8.085632820437206603e-02
8.439000816297696772e-02
8.404156057556817772e-02
8.082862626726965150e-02
8.320770644354194556e-02
8.991516566970474134e-02
1.017831514388071734e-01
1.174199210128600707e-01
1.290372682594956577e-01
1.384946672646926447e-01
1.475522379631798164e-01
1.551865003174901503e-01
1.573714151970090902e-01
1.530382920446673733e-01
1.507249917717511101e-01
1.548414645999042216e-01
1.617469451384310752e-01
1.707199279610747134e-01
1.830225294407881176e-01
1.932835844850766260e-01
1.982400597135256515e-01
1.980914146566001566e-01
1.928390296275986349e-01
1.863831417796174839e-01
1.789156058947725392e-01
1.738674918158754079e-01
1.763355931925575659e-01
1.850243161391502134e-01
2.010322121060764688e-01
2.171643338233640863e-01
2.202228575080591721e-01
2.043391990934824154e-01
1.757533331218046613e-01
9.927483829322261699e-02
-4.283242584998603331e-02
-1.477416990086762860e-01
-1.633288748987551664e-01
-1.347850768932299936e-01
-1.144933967221205690e-01
-1.222481497597274064e-01
-1.124531790339549087e-01
-6.493135968479624154e-02
-8.782091132143510226e-03
3.280937791117592012e-02
5.459715505013468251e-02
4.391183115247456609e-02
3.824535717275701074e-02
7.288877347027500342e-02
1.195847782489303790e-01
1.625703319003612979e-01
2.069153624114159762e-01
2.509065570614719687e-01
2.172661660905962355e-01
9.875067680652666047e-02
4.224789840554913495e-02
8.038338074524335741e-02
1.341713109928801273e-01
1.837934062213111841e-01
2.389773891704980446e-01
2.995520115951699758e-01
3.541853849066132764e-01
3.284826740868458383e-01
1.556725879350245867e-01
3.718628111891321419e-02
7.564989750076005215e-02
1.591439972035955386e-01
2.455610678776971589e-01
3.203643550851135724e-01
3.890955382352026537e-01
4.592312650830453480e-01
5.156373628657641150e-01
5.547404192581264493e-01
5.824156480401878611e-01
5.957476241837975639e-01
6.032720559268602845e-01
6.068502792024432768e-01
6.047411980701566936e-01
6.058504826843988944e-01
6.182309462558249757e-01
6.409581559946490037e-01
6.702902917600651600e-01
7.025825233107663159e-01
7.346609343380250401e-01
7.744357019846094259e-01
8.179300049947092477e-01
8.583282088061421344e-01
8.987810579881735373e-01
9.394115914679240786e-01
9.777173874542172127e-01
1.013017415203881777e+00
