-1.315775014433313428e-06
-6.974438468926496367e-06
-4.733687265137383619e-06
2.693157179759741304e-05
8.362423888625325138e-05
1.531349981970517369e-04
1.010177699036816728e-04
-5.103620357422170104e-04
-1.807897213225534167e-03
-3.335105593816033338e-03
-4.754809694130580737e-03
-5.954187482690940711e-03
-6.962094527354431225e-03
-7.921284621336290369e-03
-8.818291141807205538e-03
-9.601639244567035381e-03
-1.024541589073910651e-02
-1.075368834022366951e-02
-1.114079982273268044e-02
-1.142290438676945089e-02
-1.161297725746822038e-02
-1.172482036331124605e-02
-1.174842341712313727e-02
-1.169995367673742036e-02
-1.160793501629463556e-02
-1.147622263842346634e-02
-1.131975214268103429e-02
-1.119613371692553677e-02
-1.109854282252525220e-02
-1.099909895098568485e-02
-1.088020146926584227e-02
-1.072577967033997055e-02
-1.052502768715777096e-02
-1.041370286433663563e-02
-1.112230132085463216e-02
-1.338698717372097807e-02
-1.624822328136938873e-02
-1.912060929520998515e-02
-2.190602493341465076e-02
-2.448002131509724455e-02
-2.693864586955582036e-02
-2.939042132081153003e-02
-3.172465445306174581e-02
-3.379640054760403578e-02
-3.545531601171645480e-02
-3.665936270622668913e-02
-3.749620185185990190e-02
-3.821405273204937086e-02
-3.886405992617586458e-02
-3.938881901644358113e-02
-3.971845211885264432e-02
-3.984057905881002726e-02
-3.983238397258680868e-02
-4.005683812716374914e-02
-4.094245687835481456e-02
-4.200232332325139900e-02
-4.288347964893563652e-02
-4.349320058282631074e-02
-4.388750977392158470e-02
-4.409436823657499060e-02
-4.408607542542578028e-02
-4.387447155856421394e-02
-4.353718648763645754e-02
-4.328921130361477326e-02
-4.316390089593116763e-02
-4.297160316794028379e-02
-4.258963794629004596e-02
-4.198628969751436180e-02
-4.116353488749995015e-02
-4.013968297360980680e-02
-3.898456484356340596e-02
-3.780932815339178160e-02
-3.662519392420963971e-02
-3.538612493033017198e-02
-3.408013087837642036e-02
-3.273511462193677557e-02
-3.134966295928631741e-02
-2.989767317918515591e-02
-2.837579175068115009e-02
-2.684780751960822234e-02
-2.536330099486825557e-02
-2.387493037316860620e-02
-2.238312170286644795e-02
-2.092500668607619185e-02
-1.948560916948975652e-02
-1.802101996514963306e-02
-1.650354889092746705e-02
-1.489077892846414619e-02
-1.318209949712360537e-02
-1.140756440770049167e-02
-9.563229984002493550e-03
-7.652064083788733852e-03
-5.687170023065496634e-03
-3.712245340180196380e-03
-1.747423674189708086e-03
2.264344780931746084e-04
2.223964288251772427e-03
4.252335545427953986e-03
6.340054027709287471e-03
8.499972585984023193e-03
1.070293135829551365e-02
1.292579501049972643e-02
1.513747536506405977e-02
1.731713774264580924e-02
1.946348393463804075e-02
2.157154923895240536e-02
2.368081648460359720e-02
2.583875089354644924e-02
2.808535742099763782e-02
3.044933376039030831e-02
3.289309578137562112e-02
3.532527707787357779e-02
3.764456584269772199e-02
3.971475376967227577e-02
4.114358188950673068e-02
4.176152906794555753e-02
4.200882505214102725e-02
4.227001449099622443e-02
4.267530563166097718e-02
4.310029502527210066e-02
4.349761931545224197e-02
4.408297591416807798e-02
4.500453077802262641e-02
4.625687152862170692e-02
4.773854137812057891e-02
4.930934493694558857e-02
5.081907171942866980e-02
5.245300569686435488e-02
5.436884938899190500e-02
5.657928670260233689e-02
5.907828645502283954e-02
6.187746082683188292e-02
6.481033741516126212e-02
6.728121647979425080e-02
6.915059233755832535e-02
7.098093423267225199e-02
7.307778895084177107e-02
7.545534705483473992e-02
7.814005368247312067e-02
8.117654442245300639e-02
8.457622620648813649e-02
8.815575943756753796e-02
9.120801764286806668e-02
9.320874411115341596e-02
9.499439958993750877e-02
9.710682561908698385e-02
9.968161217465699997e-02
1.027066224610967277e-01
1.061600181713871077e-01
1.100377841335824364e-01
1.143022330454675217e-01
1.188375884006191152e-01
1.235814803837876202e-01
1.284712070011974627e-01
1.334447051969276654e-01
1.384790729067663373e-01
1.435366915750092009e-01
1.486017204435125805e-01
1.537027853082270079e-01
1.588891358728677095e-01
1.641960168050897173e-01
1.696563841093225167e-01
1.752784749920823504e-01
1.810806768322042182e-01
1.871068887002361458e-01
1.933489968067351183e-01
1.997935979546474339e-01
2.064121011316762955e-01
2.131853698996947766e-01
2.201052588120395725e-01
2.271763734134529811e-01
2.344103153282212915e-01
2.418168779808358426e-01
2.494027574410973003e-01
2.571644058106858921e-01
2.650890978236586371e-01
2.731571625069122433e-01
2.813490972878557872e-01
2.896498321659737307e-01
2.980522551826376709e-01
3.065498470712359480e-01
3.151406853252297080e-01
3.238289174740024423e-01
3.326252578278350303e-01
3.415490506316604113e-01
3.506206612159066260e-01
3.598450419181152826e-01
3.692237927730163127e-01
3.787464106203579650e-01
3.884048632240253984e-01
3.981838920504158774e-01
4.080693470423763514e-01
4.180529002564674634e-01
4.281349617805793040e-01
4.383213717588443914e-01
4.486238809314772591e-01
4.590612994275409808e-01
4.696464169628516983e-01
4.803866241007505589e-01
4.912745377829306759e-01
5.022894093464445042e-01
5.134077017786317088e-01
5.246139269256840931e-01
5.358972385036531172e-01
5.472520593488847673e-01
5.586821686093994543e-01
5.701992484543227935e-01
5.818133761088700728e-01
5.935227372619564790e-01
6.053242292849673190e-01
6.172120604502167041e-01
6.291708464933299938e-01
6.411862372633431173e-01
6.532487422941543054e-01
6.653551149589861380e-01
6.775056523372339212e-01
6.897064555744387704e-01
7.019720482196758482e-01
7.143136243723731127e-01
7.267327812002052356e-01
7.392199290289697133e-01
7.517600167032858494e-01
7.643381579581609575e-01
7.769463362223130165e-01
7.895793229082349596e-01
8.022318490652916578e-01
8.149016472215077078e-01
8.275881552830407495e-01
8.402964642877615020e-01
8.530363172526118642e-01
8.658163003415264569e-01
8.786394431695682128e-01
8.915017955319596288e-01
9.043958170925219253e-01
9.173098075301879817e-01
9.302339208556179573e-01
9.431551685936815366e-01
9.560662594289718319e-01
9.689666051068236419e-01
9.818590970035258048e-01
9.947533531757475345e-01
1.007661681167132617e+00
1.020590981198661540e+00
1.033543825392602811e+00
1.046505634381121874e+00
1.059456186918847687e+00
1.072379182194527658e+00
1.085261784578697819e+00
1.098098644353058484e+00
1.110888464375813678e+00
1.123638094579546776e+00
