1.269638130821734365e-02
2.221128990678479173e-02
6.618494102480712571e-02
4.680147851306591666e-02
4.768746890874120403e-02
-2.346348765691737628e-02
-8.692332064826099325e-01
-1.200024628941122495e+00
-2.878410225874432071e-01
1.592031852118800939e-01
2.793359562439065025e-01
2.636879868727143306e-01
-6.592572793429157807e-02
1.799137256612261260e-02
9.974924208423172067e-02
1.473005373376476412e-01
1.376550274642489025e-01
1.266710060304327978e-01
1.101763054389416768e-01
1.033968560851327989e-01
7.626046160348724789e-02
1.190308816531160524e-01
9.638708769894697992e-02
5.242646508748020906e-02
6.380645675489242385e-02
6.787383685733576477e-02
-5.904340965540189057e-02
-2.166153874964425394e-02
2.680750348411063341e-02
5.178500421227960615e-02
7.845057720405382296e-02
1.029573349842264618e-01
8.430903690744379064e-02
-9.766250108815401898e-01
-2.940014847566486011e+00
-6.450039242842023901e-01
2.725944091523303803e-02
-5.145833281344743687e-02
2.680147007225756606e-01
2.796887740066870964e-02
-2.227283595532337235e-01
1.679853906977051003e-02
1.954767202040569307e-01
4.685474055583764286e-01
5.282479978780310059e-01
4.812750995757970607e-01
-1.547670970001247155e-02
-6.089683828428621958e-03
1.037706431358177001e-01
2.507212201873331159e-01
2.738092801802356480e-01
2.449028373741352071e-01
-2.190426298402409488e-01
-1.334335408865330530e+00
-1.412082488052612828e-01
2.941715322640080510e-01
4.238035085214839071e-01
2.978204265189988154e-01
2.472412685026875168e-01
3.358992395110895202e-01
3.199491999780905149e-01
2.796029840346070938e-01
-1.429861925690989466e-01
-2.001368988395610948e-01
1.727894280947868400e-01
3.368553614543756680e-01
3.847614375358693883e-01
3.917993080770046932e-01
3.872187913223745781e-01
2.889822556344214810e-01
9.645852030625490237e-02
8.615634392126836349e-02
1.917588685348804167e-01
2.390786646951412742e-01
1.725775576949755141e-01
1.851349672428123094e-01
2.422518295041441172e-01
2.811027103542351191e-01
1.723132350163041060e-01
7.190118375846824006e-02
1.958860806571410262e-01
1.637526895504100299e-01
7.025536798115752934e-02
1.107366803817510514e-01
2.109177616059737526e-01
2.361843969025652079e-01
3.360733895054880960e-01
3.432233104012756830e-01
2.567901531939613124e-01
3.026892891635642457e-01
3.049988806312787237e-01
3.075416846512183944e-01
2.303356073179429475e-01
1.959262790825483935e-01
2.353378616439689430e-01
2.335722456584665707e-01
2.298447519062912225e-01
3.048418830976877825e-01
3.492300186741387202e-01
2.729610477928350321e-01
2.729914051774527395e-01
2.206992594997847223e-01
1.921629102425220781e-01
2.116779581983201652e-01
1.784900046724376410e-01
2.644195140953684020e-01
3.482838971262496863e-01
4.073919476785657356e-01
4.629982166652788500e-01
4.098287642098943362e-01
2.841426372292741864e-01
1.247079511852353662e-01
5.375930962907188304e-02
-6.527109440568853449e-01
-1.110232774924245325e+00
-2.304826873339215765e-01
2.971383110343260303e-01
5.010854947551315330e-01
2.099895070564721522e-01
4.947821385237437253e-02
4.996699729101701237e-01
7.102698156495244053e-01
7.115967722230877035e-01
5.442910546661733351e-01
3.885011571272123931e-01
-1.209219505425907643e-02
4.421107187243234482e-01
6.916711269196861300e-01
6.757156976931327774e-01
6.744545952356820750e-01
7.313105436338355192e-01
6.756528670621417820e-01
-4.802595957412425509e-01
-8.345561496848068472e-01
3.505781906181814067e-01
7.439875557789527027e-01
6.647399132519112852e-01
7.392238457194880707e-01
8.208502000014871181e-01
8.642345582586296038e-01
7.828905942706262389e-01
-3.121675634179978398e-01
-1.735778639259054845e+00
2.011349912285039510e-01
8.682465377309954713e-01
9.835043559551428505e-01
9.277596067487839937e-01
9.549845406302830408e-01
9.628832512771562380e-01
9.122902113279848235e-01
7.007746309612605806e-01
6.756748761642539236e-01
6.338322158774613024e-01
5.571421256388230381e-01
5.681003953030319131e-01
5.191908724889769955e-01
5.109957328962344558e-01
5.469620430639114961e-01
6.249209642736147652e-01
6.519244874943446177e-01
7.209802931696431827e-01
7.323055980491868233e-01
7.647528221081314470e-01
8.565285658656811574e-01
8.334616968182754215e-01
8.172321770633284022e-01
8.274686949231457866e-01
8.493306118062601273e-01
8.393214017845190833e-01
8.508507448087182512e-01
