-4.385929208524297872e-03
-1.096110972422383208e-02
-1.196533391152434199e-02
-1.051454854275908624e-02
-1.075888374800043797e-02
-1.533953940708479569e-02
-7.808986451125739248e-02
-2.163101966799794162e-01
-3.193539945503812150e-01
-3.372002550477585792e-01
-3.160938647960587211e-01
-2.842744934239019861e-01
-2.710927357952447880e-01
-2.707115850854894812e-01
-2.589225756298177417e-01
-2.391576805210518242e-01
-2.166915702857998005e-01
-1.953012903733010175e-01
-1.768101400781168508e-01
-1.599938300769485067e-01
-1.456377547820120466e-01
-1.305702967404681614e-01
-1.141353984818477552e-01
-1.033061733766030693e-01
-9.632003073131931159e-02
-8.861023394957080745e-02
-8.924836420763800071e-02
-9.660801239293601017e-02
-9.951960076781483922e-02
-9.896983871748113448e-02
-9.632296973950719987e-02
-9.077971590407939162e-02
-8.480709122513187259e-02
-1.482708960812612331e-01
-4.064591950584771629e-01
-6.449370398564467921e-01
-7.006154924276771778e-01
-7.139829949279613563e-01
-7.068962298088389273e-01
-6.904046893123552131e-01
-7.005044996601818008e-01
-7.083404530462804605e-01
-6.868675487717267325e-01
-6.339445805491812358e-01
-5.588545747120571283e-01
-4.818748777158433083e-01
-4.386039757194168387e-01
-4.270960418025422367e-01
-4.113411486193205846e-01
-3.828480221766490388e-01
-3.464195742549441293e-01
-3.111906114086965269e-01
-3.085149926462129599e-01
-4.093479432498461912e-01
-5.080631629227199131e-01
-5.092929617729295977e-01
-4.745407282660381587e-01
-4.400769662119223824e-01
-4.153306811973028201e-01
-3.856865081608662482e-01
-3.526353536286672141e-01
-3.228018485670779980e-01
-3.217423884520621002e-01
-3.529677552919567862e-01
-3.642843564913330057e-01
-3.391616570865902958e-01
-3.012152013998260491e-01
-2.624861227565594701e-01
-2.240982282551661209e-01
-1.874158719591737798e-01
-1.684994918835588940e-01
-1.613189081630479194e-01
-1.457865867720014030e-01
-1.270408358911704616e-01
-1.131330582935927004e-01
-1.022525400683567398e-01
-8.881130857196881112e-02
-7.264913002316622515e-02
-6.325018460458478597e-02
-6.987589085716482129e-02
-7.575213622731347130e-02
-6.942214515036995715e-02
-6.413498198851468046e-02
-6.230295971957761775e-02
-5.759875883514170569e-02
-5.059347205036510142e-02
-3.966804695207769293e-02
-2.543258367890935401e-02
-1.319369590858597389e-02
-2.355154453314758922e-03
6.367409659895970422e-03
1.278808968009216909e-02
1.331025720484843231e-02
6.594699098549529521e-03
1.928363351319550487e-03
6.505737742503478992e-03
1.679509548173740291e-02
2.821511570749141162e-02
4.121134239193285226e-02
5.338130524718549125e-02
6.015145240939089033e-02
6.023574444456879229e-02
5.410252430225142434e-02
4.484798472749173398e-02
3.326969054573199192e-02
2.211032157177893892e-02
1.603770894283868681e-02
1.498964163276389309e-02
2.291629162660040880e-02
3.332513488649185840e-02
3.040540604983599932e-02
6.358184079920028292e-03
-3.291444711214110141e-02
-1.253110001720328937e-01
-2.941510962172103616e-01
-4.364914554143222714e-01
-4.913680799063973037e-01
-4.971966366754944633e-01
-5.053759246606771560e-01
-5.387967646407801903e-01
-5.542311163141562247e-01
-5.274892481810795619e-01
-4.860654434760411369e-01
-4.545397765817747460e-01
-4.384148352421901595e-01
-4.522232796628670726e-01
-4.634235483168855918e-01
-4.339300523936575060e-01
-3.878801994348968774e-01
-3.419480168876032899e-01
-2.913952965293977737e-01
-2.365376945581071366e-01
-2.592557384026065725e-01
-3.756125106263196733e-01
-4.388399222557693991e-01
-4.073775606659279513e-01
-3.545953919718602965e-01
-3.021219912955707687e-01
-2.405721469430898152e-01
-1.684871346950389814e-01
-9.839349460761113997e-02
-1.116596488103256540e-01
-2.817075201016909780e-01
-4.112878418393472457e-01
-3.865362796038176452e-01
-3.076985263884217670e-01
-2.136908495905847083e-01
-1.278850426312060362e-01
-4.602601914457399301e-02
4.743990585956746331e-02
1.355895941917257819e-01
2.074861823383271076e-01
2.640453476628861762e-01
3.004218006420543152e-01
3.272800639734308459e-01
3.467375441658783752e-01
3.559378755490096302e-01
3.665229937419398620e-01
3.900394273601544004e-01
4.273552414328662952e-01
4.735103242148440139e-01
5.236287543200359718e-01
5.736815299124817802e-01
6.337271758916522835e-01
7.007844901540448701e-01
7.671543811813167357e-01
8.364735769141896649e-01
9.070961906133148123e-01
9.753998193646256087e-01
1.039903724922285333e+00
