-2.106685251627431477e+00
-2.102474994264544428e+00
-2.082719852506073721e+00
-2.141558388505120369e+00
-2.119125916426543910e+00
-2.126066491442415884e+00
-2.106363022606672075e+00
-2.103728876107696433e+00
-2.099054178364432310e+00
-2.091120787828315564e+00
-2.078908575562527616e+00
-2.060957483968548054e+00
-2.046485383128043622e+00
-2.038024688199895795e+00
-2.021873801942613902e+00
-1.994848542278099046e+00
-1.954221499819675634e+00
-1.898018734547345598e+00
-1.825078421635572212e+00
-1.723164128005861606e+00
-1.598013988614385816e+00
-1.311606562345892790e+00
-3.122972813560553895e-02
2.916035397244405303e+00
4.853306148937301501e+00
-2.314446089961579389e+01
-1.013691449924697396e-01
-1.417066022764375877e+00
-1.545159979418049279e+00
-1.516785844850874865e+00
-1.383548422890711338e+00
-9.153520556263794461e-01
8.481728656710356695e-01
-1.948387571767945303e+00
-2.070467853546033687e+00
-2.078814427650840457e+00
-2.071141754111508693e+00
-2.060657746109543886e+00
-2.047568067620345822e+00
-2.032881420521315263e+00
-2.024689072736864937e+00
-2.016294138418573745e+00
-1.999566806388680451e+00
-1.966998798197644227e+00
-1.903181506285728020e+00
-1.783194919324732952e+00
-1.706244260784764322e+00
-1.739899939088644043e+00
-1.736023137362833424e+00
-1.663978234897387720e+00
-1.493243055838472166e+00
-1.186681391745666225e+00
-1.402694504820968024e+00
-1.872267364254717847e+00
-1.947447765967114108e+00
-1.926206783671396527e+00
-1.868046626829082957e+00
-1.789364235384929280e+00
-1.710804262077163740e+00
-1.581959409149925833e+00
-1.333271980244828736e+00
-8.946187148839880310e-01
-1.151951300134222311e+00
-1.570558499285030107e+00
-1.625503259603014339e+00
-1.445456904656568398e+00
-8.033577795573011437e-01
9.880649980047287784e+00
-4.005908940584873790e+00
-3.098952738469498147e+00
-3.043216241297186375e+00
-3.214023603600549617e+00
-3.149773437667546361e+00
-2.967331875515051287e+00
-2.883811934352294770e+00
-2.845125755128318445e+00
-2.764528489911937115e+00
-2.665446798058097144e+00
-2.630988595615548320e+00
-2.705916582414274352e+00
-2.764207470325441562e+00
-2.716005759838303835e+00
-2.712122966082805675e+00
-2.736732156388629100e+00
-2.699393108644648542e+00
-2.630133564697092474e+00
-2.544017611976971516e+00
-2.466797289516660996e+00
-2.423937682619658140e+00
-2.394090099969650609e+00
-2.368682831535978917e+00
-2.348580775263776843e+00
-2.339899803076807672e+00
-2.343006228508972555e+00
-2.340902190958333406e+00
-2.325389317500029307e+00
-2.306358879042040400e+00
-2.286408639700244549e+00
-2.265051232236957368e+00
-2.248677954434453952e+00
-2.238271180736144395e+00
-2.232096605930801836e+00
-2.229674366742790959e+00
-2.227828865817136794e+00
-2.226613778115814846e+00
-2.222987203984369664e+00
-2.212785772036350629e+00
-2.198937730637442911e+00
-2.182985855422065580e+00
-2.169662991890616510e+00
-2.162098383134778423e+00
-2.160461658310905975e+00
-2.164063477604401875e+00
-2.229860682368187241e+00
-2.032941567585721643e+00
-2.067167395870680657e+00
-2.060024679423825500e+00
-2.036992723525265170e+00
-2.011282279798229489e+00
-2.008996760775166646e+00
-1.987993722311185651e+00
-1.847965809183873986e+00
-3.517114707661794792e+00
-2.369693688078656990e+00
-2.295925888519994906e+00
-2.358450500958577667e+00
-2.412618822582912159e+00
-2.259323751187580331e+00
-2.194831081798836792e+00
-2.166832025965789832e+00
-2.148741645863692540e+00
-2.135788142992739225e+00
-2.133966782295804165e+00
-2.173306436667579167e+00
-2.674760049673874818e+00
-2.172365104517842482e+00
-2.134077981374375099e+00
-2.120515939318940113e+00
-2.111690108357640927e+00
-2.105031051899004968e+00
-2.099326075525726143e+00
-2.090545118012304471e+00
-2.040772686993690854e+00
-2.491006391179780177e+00
-1.929849267351665620e+00
-2.054501898755652256e+00
-2.071311695139436804e+00
-2.074714844558735116e+00
-2.074694250694047781e+00
-2.073666942601039676e+00
-2.070861240874981579e+00
-2.066634872393357192e+00
-2.061603902231936125e+00
-2.055442124340340015e+00
-2.048954062445318858e+00
-2.042203402548300240e+00
-2.034870097040005543e+00
-2.028257833671150756e+00
-2.023738331217735720e+00
-2.021004592004104872e+00
-2.019196002286411051e+00
-2.017569311421042677e+00
-2.015640704738558053e+00
-2.014685517695799621e+00
-2.013850862624044336e+00
-2.012264454911957046e+00
-2.010497261121594104e+00
-2.008609598335433510e+00
-2.006305635836473478e+00
-2.003591502708082395e+00
