-1.316373106695669925e-06
-6.981844696216435702e-06
-4.753774178520380037e-06
2.692668488405566008e-05
8.371073125001026111e-05
1.534218301266469678e-04
1.015593465083640835e-04
-5.100810089711682203e-04
-1.809528805677958728e-03
-3.341082339642057093e-03
-4.767574826005713598e-03
-5.975834542433571331e-03
-6.994311343602304179e-03
-7.965540340145292261e-03
-8.875969195594555355e-03
-9.673962069847073797e-03
-1.033338104057927517e-02
-1.085805681294278041e-02
-1.126211905882162391e-02
-1.156153912620600487e-02
-1.176913601174921047e-02
-1.189858276242857817e-02
-1.193974223413613901e-02
-1.190865578479843520e-02
-1.183376647921162081e-02
-1.171887705018847051e-02
-1.157887607974911019e-02
-1.147139595785418888e-02
-1.138968255940218943e-02
-1.130588325303003364e-02
-1.120238429491063684e-02
-1.106307393102313151e-02
-1.087708030991909637e-02
-1.078015200152821276e-02
-1.150347405991129258e-02
-1.378539287580014469e-02
-1.666827651972316998e-02
-1.956702217124460866e-02
-2.238333090441228107e-02
-2.499241280869144224e-02
-2.748994720116036336e-02
-2.998433095081701541e-02
-3.236474847551833872e-02
-3.448590035501961082e-02
-3.619684003171942666e-02
-3.745476849144781240e-02
-3.834663187400247364e-02
-3.912026476920079515e-02
-3.982671433691382934e-02
-4.040844647760814812e-02
-4.079533236341215119e-02
-4.097466826022896913e-02
-4.102335822685711231e-02
-4.130444216342794156e-02
-4.224730685212522985e-02
-4.336582693417155576e-02
-4.430696844087729513e-02
-4.497757911386521951e-02
-4.543325616033062897e-02
-4.570163560663938196e-02
-4.575468837682569040e-02
-4.560391122658141033e-02
-4.532665903718059025e-02
-4.513791903237966002e-02
-4.507129142172158071e-02
-4.493719790600358283e-02
-4.461273293756211344e-02
-4.406583703470008662e-02
-4.329813021980689902e-02
-4.232758697941303022e-02
-4.122377713035747099e-02
-4.009775857460273069e-02
-3.896077569634624760e-02
-3.776676590538385198e-02
-3.650365286365324369e-02
-3.519927352004317139e-02
-3.385217683093325741e-02
-3.243619253906889627e-02
-3.094786515215311104e-02
-2.945093471225598489e-02
-2.799504767312907538e-02
-2.653291974608456075e-02
-2.506497573267528131e-02
-2.362839000209022988e-02
-2.220825240850460291e-02
-2.076065832714277942e-02
-1.925786153493957986e-02
-1.765732936327530159e-02
-1.595829434976965208e-02
-1.419069099858620217e-02
-1.235048198248522161e-02
-1.044053703200286537e-02
-8.473874210215089423e-03
-6.494156803442169626e-03
-4.521545821863506148e-03
-2.536924390765661879e-03
-5.256443479896193496e-04
1.519492289712598421e-03
3.627049749013012015e-03
5.809981498458248288e-03
8.039209451114283367e-03
1.029163114670520601e-02
1.253614677317221350e-02
1.475186297907144645e-02
1.693740942500021954e-02
1.908774349574116069e-02
2.124229940227311680e-02
2.344857533627374077e-02
2.574668198610885819e-02
2.816548386616314625e-02
3.066755673136357593e-02
3.316157608515795524e-02
3.554609897681464126e-02
3.768461767400763801e-02
3.918412202274425965e-02
3.987378091347622278e-02
4.019280555163402824e-02
4.052552679106809219e-02
4.100238098598295994e-02
4.149916102068298973e-02
4.196848866598171940e-02
4.262620363763803405e-02
4.362095861076305953e-02
4.494793122324370477e-02
4.650613574423125701e-02
4.815563554437068960e-02
4.974618818481999633e-02
5.146307631947571321e-02
5.346435073634424329e-02
5.576317260362262385e-02
5.835396818365890664e-02
6.124881012284732335e-02
6.428160545902453227e-02
6.685633324092016272e-02
6.883242354799389007e-02
7.077175327760669432e-02
7.298013023941297972e-02
7.547222381136144131e-02
7.827495546322627007e-02
8.143349581520242797e-02
8.495983153504892138e-02
8.867109373302703434e-02
9.185986446932167815e-02
9.400034516637198467e-02
9.592781388874872806e-02
9.818432356154664642e-02
1.009061872710411284e-01
1.040820485923962396e-01
1.076907889979927674e-01
1.117290776978273337e-01
1.161598180953366533e-01
1.208674920748936815e-01
1.257894319174588105e-01
1.308614201514938513e-01
1.360219206027337147e-01
1.412486217409044675e-01
1.465041298177158224e-01
1.517733879087385940e-01
1.570851219265514132e-01
1.624905581337844074e-01
1.680253044331274648e-01
1.737206924618297232e-01
1.795863747888479800e-01
1.856405511664458163e-01
1.919282131573877559e-01
1.984396084305802277e-01
2.051645996055932453e-01
2.121019919567241063e-01
2.192511472622178936e-01
2.265970524790320295e-01
