-1.283264427886545217e-06
-6.617174847177967406e-06
-3.865447141638830646e-06
2.682003325049018134e-05
7.907914626602856507e-05
1.399758702500616568e-04
7.898102260527016245e-05
-5.137286654132442246e-04
-1.717092003092882862e-03
-3.055480204305109464e-03
-4.213774312102725600e-03
-5.112776553121451718e-03
-5.809461715711053062e-03
-6.459187660194124110e-03
-7.051958009534599336e-03
-7.542749380912826089e-03
-7.913652127494747585e-03
-8.175432486306954613e-03
-8.346497613184102049e-03
-8.444692535043029150e-03
-8.483063387420634524e-03
-8.474214487653583192e-03
-8.407148959673243355e-03
-8.297231330694069748e-03
-8.170210721299942316e-03
-8.026486612923261835e-03
-7.878053481425022556e-03
-7.776945508271823453e-03
-7.709789044412624498e-03
-7.645751891988902989e-03
-7.566892956377007512e-03
-7.458181586140508017e-03
-7.310765034549671602e-03
-7.258750653599790187e-03
-7.997191177515293112e-03
-1.016452379888196748e-02
-1.274069437521782762e-02
-1.517092002093982026e-02
-1.740221064268299492e-02
-1.935209617865094739e-02
-2.114996013339710823e-02
-2.291834705687661664e-02
-2.455746244649907595e-02
-2.594207782729522280e-02
-2.694883860610815945e-02
-2.756391548949494244e-02
-2.789422742356294227e-02
-2.818703636559479614e-02
-2.847929179077015108e-02
-2.870458340179544987e-02
-2.879196762995882286e-02
-2.873166531938952870e-02
-2.860056444693223968e-02
-2.874430209793917695e-02
-2.954015295050479994e-02
-3.046635935714129065e-02
-3.118492213116366013e-02
-3.163066534281164244e-02
-3.188043519495577932e-02
-3.197330450004814278e-02
-3.189033859406768812e-02
-3.165081984635859103e-02
-3.133465064958163709e-02
-3.114558414506111983e-02
-3.109669142332741401e-02
-3.099123296709054357e-02
-3.071534243332908753e-02
-3.024952198194658798e-02
-2.960562808478385544e-02
-2.880848039721880735e-02
-2.792929877724041957e-02
-2.707212042647257760e-02
-2.623742037737656491e-02
-2.537333888360963213e-02
-2.446625443049199600e-02
-2.354178334361968494e-02
-2.259541296759684861e-02
-2.160009498395151425e-02
-2.055331802437873959e-02
-1.951687498027596807e-02
-1.853335698132070955e-02
-1.755051671764038673e-02
-1.656778468906393298e-02
-1.561935342108168243e-02
-1.468690387362590888e-02
-1.372691609287078271e-02
-1.271487622219033206e-02
-1.161360737775498850e-02
-1.042842906427767814e-02
-9.192114428179529520e-03
-7.901595440786005758e-03
-6.560750097168786647e-03
-5.182727651459180691e-03
-3.808809310463430811e-03
-2.454358710960796545e-03
-1.096850370860227852e-03
2.792512397312085174e-04
1.681095846445263779e-03
3.135731276270610230e-03
4.652916027522957867e-03
6.202065613509090414e-03
7.761313649991451007e-03
9.302664638576626024e-03
1.080989052287363410e-02
1.228586324833252225e-02
1.372907294444465631e-02
1.518023553776970402e-02
1.668385498632995664e-02
1.827421511296044646e-02
1.997276511745737018e-02
2.173677969986160738e-02
2.347666752705562798e-02
2.510073036051038708e-02
2.648835513077377538e-02
2.728100271528982948e-02
2.736131545416087968e-02
2.719502586839243202e-02
2.714775833302036229e-02
2.731472911471263115e-02
2.754659941011260160e-02
2.778684985958439213e-02
2.823633906508192515e-02
2.901535129317791076e-02
3.009236641866461573e-02
3.135165592188228489e-02
3.265224513969200437e-02
3.385691720094290841e-02
3.515912190906680251e-02
3.670599036512583319e-02
3.849613335437761935e-02
4.051371587530146895e-02
4.276264939224067724e-02
4.507482397405427471e-02
4.688698496039615110e-02
4.811936944670378025e-02
4.935697085474288065e-02
5.088201200469083529e-02
5.268100359000434801e-02
5.475942494870998656e-02
5.714298370906467639e-02
5.982647874126000714e-02
6.261946318399236322e-02
6.484635018815736174e-02
6.606598778269039129e-02
6.716030684902285497e-02
6.863923842084447557e-02
7.059046300102024551e-02
7.296271525673234115e-02
7.570707014930481982e-02
7.880034987301730298e-02
8.219183875363478275e-02
8.576277253877043205e-02
8.945592229252960492e-02
9.321595715559538586e-02
9.699358119954822055e-02
1.007789867917897736e-01
1.045464627216045744e-01
1.082921994499954910e-01
1.120526971564195229e-01
1.158813646120279567e-01
1.198117852405564676e-01
1.238710425091329725e-01
1.280639287317505148e-01
1.324042124214589999e-01
1.369306123568367617e-01
1.416271303556597416e-01
1.464802441415657408e-01
1.514866565978824353e-01
1.566441590289922581e-01
1.619372974517205022e-01
