-1.159133485828856870e-02
4.578660464699205353e-03
5.634377534316776376e-02
4.237820008558994961e-02
4.268566019859612592e-02
-2.632456309907587472e-02
-9.341643048746168798e-01
-1.393767420431132331e+00
-5.516555647003686946e-01
-7.993254425581078348e-02
9.580851231627379727e-02
1.365642049971610428e-01
-1.675549484748037887e-01
-7.407255435129135590e-02
2.463400239614069176e-02
9.113990205297481384e-02
1.057818656232351190e-01
1.095512247106174009e-01
1.038068259775219715e-01
1.098985678481031458e-01
8.757476251343176976e-02
1.401337993311051189e-01
1.258469365370308846e-01
7.919394735485725534e-02
8.933772740848486271e-02
9.722676747646105677e-02
-3.919019221734942882e-02
-1.419103782165249787e-02
2.908318980543994625e-02
5.118657339713605231e-02
7.936603461636805579e-02
1.101594991558400988e-01
9.709104031394319434e-02
-1.030056553058792845e+00
-3.250266908562196910e+00
-1.141711982642009238e+00
-4.460213033400400873e-01
-4.732146468741605383e-01
-9.643667777513115213e-02
-2.745712877619453374e-01
-5.099391030115920653e-01
-2.495840066587391992e-01
-2.678017809972865759e-02
3.121451243186339486e-01
4.446519013786439656e-01
4.661525205339211997e-01
-6.565057614277877707e-03
-1.069247581538970704e-02
9.701123501818938177e-02
2.525150275447720638e-01
2.984677953334459177e-01
2.902774378576931658e-01
-1.889033658652889969e-01
-1.424182180619925520e+00
-3.232875646510695589e-01
1.317067055373133400e-01
3.144587277024809002e-01
2.242044962222337900e-01
2.117366281930554428e-01
3.286897521719019388e-01
3.362472848919147439e-01
3.243245052616128832e-01
-1.097361676582924023e-01
-2.114083387897149335e-01
1.603737925825558797e-01
3.535738750678000253e-01
4.248818086047496667e-01
4.580224445953972601e-01
4.830102856509750908e-01
4.246411431706839656e-01
2.154629353111724710e-01
2.148364207369233836e-01
3.107241843050495000e-01
3.430438198917167281e-01
2.840235947682553386e-01
2.942955855751206440e-01
3.503035524413207202e-01
3.888679519117235195e-01
2.820405016951422761e-01
1.590368798232188741e-01
2.840758076251241881e-01
2.761771017400795891e-01
1.855908175736654953e-01
2.084865117176996629e-01
2.913389256626218726e-01
3.153127956270400656e-01
4.167817494891783436e-01
4.358173080786788001e-01
3.778347799731714973e-01
4.179756437692294102e-01
4.178727678580937410e-01
4.257690226120396382e-01
3.464956314965825235e-01
3.087129358575750881e-01
3.504333384321578482e-01
3.753058389883003887e-01
3.752710441232252059e-01
4.367442399315970558e-01
4.818694740163800283e-01
4.275411949976163917e-01
4.116784206049212691e-01
3.589119556061701743e-01
3.166202528720424847e-01
3.240366728081198189e-01
2.820545611434192579e-01
3.514153062637516700e-01
4.272409182906116154e-01
4.927480487422193356e-01
5.788807420992235775e-01
5.394402277414933611e-01
4.075616936802369250e-01
2.252657898519448421e-01
1.295713771498199218e-01
-6.700264130685327224e-01
-1.261734265075769024e+00
-4.776592272587907306e-01
5.717884595066385911e-02
3.106045878399249505e-01
5.425556159619107643e-02
-1.026031636075095121e-01
3.560300038150323032e-01
6.342000664482073669e-01
6.869407115912838924e-01
5.697074488908604462e-01
4.457289778851284412e-01
4.062055483168749981e-02
4.682327230312604560e-01
7.565426647286590534e-01
7.880096113493237908e-01
8.226289519449987431e-01
9.222579406291118165e-01
9.150321288800957742e-01
-3.023232861603275534e-01
-7.676761228793038683e-01
3.480326762100034443e-01
7.829563575170632728e-01
7.616207747341567913e-01
8.725609549379402807e-01
1.009009176879666070e+00
1.112463602349031078e+00
1.070472397025547195e+00
-9.422871251479547627e-02
-1.659306637874179868e+00
1.489382819013427839e-01
8.489889662126901548e-01
1.084008751590493702e+00
1.123742401946030922e+00
1.171043763805011739e+00
1.257099329273275501e+00
1.312368345902958477e+00
1.141512971469784476e+00
1.125200510042025037e+00
1.056990054953759639e+00
9.630091304716184020e-01
9.675853769783109293e-01
8.978825728624076907e-01
8.678449392240318305e-01
9.116900195610293522e-01
1.009110426016366802e+00
1.067131720330240618e+00
1.147534322526099437e+00
1.179829268934978748e+00
1.218745746156496335e+00
1.360742267276327855e+00
1.357360501203621617e+00
1.382076693764313191e+00
1.414843669824280337e+00
1.457286359829849332e+00
1.457701232251386703e+00
1.481574932205256712e+00
