-1.334913966828779778e-06
-7.199995679146310318e-06
-5.317337719995558511e-06
2.688365901050795799e-05
8.637795050638015027e-05
1.617048464985851850e-04
1.163604949216108595e-04
-5.048176965907730891e-04
-1.861489495842570587e-03
-3.515533097879814002e-03
-5.122851199294209054e-03
-6.553576877847584747e-03
-7.819663646916207370e-03
-9.054413624920489359e-03
-1.023990521511394629e-02
-1.131837618413778293e-02
-1.225637458882482787e-02
-1.305089185773471681e-02
-1.371065644588950923e-02
-1.424774861114120640e-02
-1.467231675039184016e-02
-1.499647201615985671e-02
-1.520876313898733220e-02
-1.532411255129276922e-02
-1.537130861776010542e-02
-1.535530249407377791e-02
-1.529218765423456632e-02
-1.524271415044845847e-02
-1.520431617828945335e-02
-1.515161978780660279e-02
-1.506802219522805110e-02
-1.493749290224493861e-02
-1.474850121014634717e-02
-1.463798420018642271e-02
-1.535887273139143958e-02
-1.771250723152874643e-02
-2.078893276753524672e-02
-2.399831384160091424e-02
-2.722428469680911178e-02
-3.032115193250417909e-02
-3.336514159600090235e-02
-3.645437410661568622e-02
-3.946889968165698953e-02
-4.224842332257649352e-02
-4.462137059981755721e-02
-4.652196885843559726e-02
-4.801812575266756200e-02
-4.935045502056664007e-02
-5.057200227827809286e-02
-5.162606760451043941e-02
-5.243975732676828261e-02
-5.299583004647748230e-02
-5.336850823404500760e-02
-5.392882029461971288e-02
-5.513675713720175148e-02
-5.653096955187991018e-02
-5.775501573524936816e-02
-5.870252302695120467e-02
-5.941733905484106182e-02
-5.991957776787905365e-02
-6.017438038576493342e-02
-6.018672718547705275e-02
-6.003022828451774762e-02
-5.992451692474560360e-02
-5.991460114224597677e-02
-5.981598780737411303e-02
-5.950154230120315024e-02
-5.893199232635090018e-02
-5.810217211403667648e-02
-5.702464708071507821e-02
-5.576636076029214961e-02
-5.444106774182385505e-02
-5.306571935381656363e-02
-5.159790024109522921e-02
-5.002702298571514578e-02
-4.838285419336097598e-02
-4.666647770190505279e-02
-4.485309973730974842e-02
-4.293949090563987936e-02
-4.099116706358445217e-02
-3.906270676734981823e-02
-3.711095103463121075e-02
-3.513827933589119823e-02
-3.318489833411435858e-02
-3.123926102589849249e-02
-2.925863836153027447e-02
-2.721454153492958855e-02
-2.506201954728538156e-02
-2.279694195341145507e-02
-2.044734683778826403e-02
-1.800825059985563040e-02
-1.548154394279919847e-02
-1.287975995882937111e-02
-1.024763238606570502e-02
-7.608078544816420166e-03
-4.944289044080183229e-03
-2.242627367681306050e-03
5.036508189881984572e-04
3.323599867710340210e-03
6.231843457808730093e-03
9.200232480859892731e-03
1.220505567323971682e-02
1.521336605063584868e-02
1.820124784192436729e-02
2.116424554480500486e-02
2.409440615888754425e-02
2.702944312995525511e-02
3.001772620104524794e-02
3.310228312083660085e-02
3.631636667261460560e-02
3.962624326493094373e-02
4.294039634680445888e-02
4.615213233090226241e-02
4.911527298112892265e-02
5.141488007429846629e-02
5.284429452824977724e-02
5.381951472821317611e-02
5.472784041953562828e-02
5.571525181862676396e-02
5.667044531138887287e-02
5.755142695964732269e-02
5.858353865827930357e-02
5.993401149901890490e-02
6.161755557958754209e-02
6.354706490276211539e-02
6.558869599716556087e-02
6.758912346857189057e-02
6.973181675131213952e-02
7.218344587724669081e-02
7.496856443484511967e-02
7.809113866399171322e-02
8.157180924149036449e-02
8.524960291452246541e-02
8.851239945119629415e-02
9.118361231075387818e-02
9.380701840355383514e-02
9.669728444454311900e-02
9.988327545858308176e-02
1.034045072849233415e-01
1.073191249674205344e-01
1.116519775686491411e-01
1.162283386418731940e-01
1.203255041835202682e-01
1.233675382806869586e-01
1.261558374771570290e-01
1.292431812888612530e-01
1.327903060263352919e-01
1.368092967382188718e-01
1.412981782055953706e-01
1.462696579760590920e-01
1.516998432705843336e-01
1.574805070781578054e-01
1.635505662627552981e-01
1.698442439705779017e-01
1.762952580345192866e-01
1.828751330660702279e-01
1.895396922613771518e-01
1.962664532408498475e-01
2.030780372540195999e-01
2.100225289922962313e-01
2.171349951501177211e-01
2.244479402530316359e-01
2.319730408527538867e-01
2.397307143387587269e-01
2.477696469937759050e-01
2.560842236748460676e-01
2.646671248021677525e-01
2.735193211638134447e-01
2.826420396968786219e-01
2.920214306788707082e-01
