-2.158521036345953641e-03
-4.748510693401665136e-03
-2.634459369792771944e-03
1.195120144806048265e-03
3.352146743578269996e-03
1.072777826016592384e-03
-5.771774683932870409e-02
-1.833955947761138350e-01
-2.648633222821270006e-01
-2.609457490801927460e-01
-2.230748760675117515e-01
-1.804213721234258494e-01
-1.609443639256400993e-01
-1.559123144140928396e-01
-1.410662428271820257e-01
-1.198743853312167068e-01
-9.789409304687474167e-02
-7.856016215899504218e-02
-6.276720623678166966e-02
-4.936066963197009022e-02
-3.889732644041286880e-02
-2.797349834709507432e-02
-1.634813139566692469e-02
-1.005528392800676338e-02
-6.734945113106211023e-03
-2.535303441638066431e-03
-6.282597707120257322e-03
-1.524625484868389128e-02
-1.874555614001213733e-02
-1.813924086283833295e-02
-1.499620536048188769e-02
-9.067311523931267936e-03
-3.123578240110863602e-03
-6.489832339912524062e-02
-3.082688105443631144e-01
-5.095932318981526432e-01
-5.250837901094138616e-01
-5.044608050040877423e-01
-4.692178970737150845e-01
-4.317020265735987961e-01
-4.252509632479393731e-01
-4.185378922062015783e-01
-3.864725131210328124e-01
-3.283444410676505942e-01
-2.543018843344236890e-01
-1.841952930308602965e-01
-1.517229538344767592e-01
-1.500643887442439928e-01
-1.423914298568904335e-01
-1.210861133629575342e-01
-9.215901484079025430e-02
-6.547462626481030668e-02
-7.112624749713319927e-02
-1.740630453815489309e-01
-2.627968414263415209e-01
-2.516210664051112822e-01
-2.078796242924749738e-01
-1.679110901843090531e-01
-1.404228207949790863e-01
-1.108297602387070813e-01
-7.952631411993391075e-02
-5.327307064329450670e-02
-5.667543147421227889e-02
-8.889322640189872837e-02
-9.887699792796060538e-02
-7.461203683098233119e-02
-3.967654560032229244e-02
-5.159087422111893750e-03
2.725184398028874383e-02
5.432001393774230080e-02
6.268187306503630873e-02
5.980213659716144409e-02
6.484425057440526552e-02
7.551691480364269848e-02
8.266620138497413062e-02
8.692970804116066652e-02
9.462849277455874508e-02
1.061533163023594545e-01
1.116251819403524248e-01
1.030059220421114530e-01
9.680143607213968771e-02
1.002397516158935881e-01
9.979196775074741788e-02
9.643591330982685672e-02
9.865509480229878170e-02
1.052345680392675203e-01
1.170238692110925072e-01
1.326623803990176764e-01
1.443341260854005825e-01
1.538502550936747815e-01
1.629659068336713201e-01
1.706429141766659940e-01
1.728371363149192319e-01
1.684294726114001495e-01
1.659596871023271691e-01
1.698963819946883169e-01
1.766411949178980922e-01
1.854776321350115054e-01
1.976844789248425327e-01
2.078863928263526839e-01
2.127735158015386374e-01
2.125081082694900425e-01
2.070614599090112029e-01
2.003256573274093677e-01
1.925131101373118436e-01
1.870665662349902669e-01
1.891435201737275140e-01
1.974991212645095251e-01
2.132651513815324029e-01
2.292625606749238987e-01
2.322085958408637296e-01
2.161009694213953669e-01
1.870785244624198485e-01
1.098330049198043140e-01
-3.378820992794641376e-02
-1.409193904981110301e-01
-1.586172684251352383e-01
-1.315883486895063348e-01
-1.122120949043975136e-01
-1.206129830905700306e-01
-1.113191827963096181e-01
-6.391044608774643088e-02
-7.410210515653603558e-03
3.483926181517774806e-02
5.736521236056786599e-02
4.729213185744343684e-02
4.196008497381427393e-02
7.697892895926838897e-02
1.242744145855656235e-01
1.680253801762756349e-01
2.132364727803176541e-01
2.581735625013219515e-01
2.252996145458669164e-01
1.066348978358706845e-01
4.919665316071036160e-02
8.658852768691209512e-02
1.401540891702897917e-01
1.899359911787954214e-01
2.455754984939596541e-01
3.068649621845439546e-01
3.623998854267776459e-01
3.374563625952628487e-01
1.643487555314840642e-01
4.420199550803032007e-02
8.117346038941347652e-02
1.639821484763022141e-01
2.504723241241882392e-01
3.258626190460196526e-01
3.954774128196116290e-01
4.666961472262614596e-01
5.242874787544028470e-01
5.644829851691489653e-01
5.930734347008863594e-01
6.070667557194521224e-01
6.149643731560960891e-01
6.186670004540579804e-01
6.164390157791866942e-01
6.172281562082906348e-01
6.291920972305127258e-01
6.515134112871499017e-01
6.805019388833016825e-01
7.125284085143117618e-01
7.443982174710684907e-01
7.840169362130273711e-01
8.274511583590208330e-01
8.678315505714665479e-01
9.082801618535056853e-01
9.489030362518515727e-01
9.871806009110539737e-01
1.022396541057519981e+00
