-2.635145543494830545e+00
-2.629815772015823505e+00
-2.601238328485570239e+00
-2.670030643897200129e+00
-2.648429632429935232e+00
-2.654909743973426828e+00
-2.634840350182482638e+00
-2.631469253206988768e+00
-2.625461533547972071e+00
-2.614912793403553870e+00
-2.597877745455942744e+00
-2.571385586827621861e+00
-2.551298403871303577e+00
-2.541769955137478831e+00
-2.519463157512561224e+00
-2.479216417106142156e+00
-2.415390629714807780e+00
-2.323119044896862384e+00
-2.199878143233322980e+00
-2.018186129050866917e+00
-1.794940826770490272e+00
-1.118798277449516432e+00
1.706417715786504274e+01
-1.220510769665605544e+01
-1.596476850673640158e+01
-7.686563446301895475e+00
6.324907885443020739e-02
-1.848345527452458281e+00
-1.987298742057191925e+00
-1.933268173581599525e+00
-1.733630533306601995e+00
-9.596199570945735946e-01
4.052521409851010503e+00
-2.465010070147096499e+00
-2.596099667165076674e+00
-2.603469586557724647e+00
-2.592525245781732934e+00
-2.577910039700763711e+00
-2.559548458730779963e+00
-2.539055053685232544e+00
-2.528964692274812798e+00
-2.518456680917148915e+00
-2.495242296073376664e+00
-2.446858056041881113e+00
-2.343267336115279154e+00
-2.119138189960890983e+00
-2.004534024651291269e+00
-2.120976716635197601e+00
-2.136291440241151918e+00
-2.029921961243626338e+00
-1.743542590756426147e+00
-1.156926174047265388e+00
-1.692322150190882279e+00
-2.370385069092431962e+00
-2.454365228517904285e+00
-2.421498623052256161e+00
-2.337146740878261575e+00
-2.219071431188559096e+00
-2.100524216528875332e+00
-1.892939966761209458e+00
-1.440609307996303157e+00
-4.842350953127190216e-01
-1.288810899895458384e+00
-1.987659081361506264e+00
-2.055660343695573378e+00
-1.784080620378770909e+00
-5.835965613319876732e-01
-1.120827853169033972e+01
-4.203990792144709054e+00
-3.606075592836631039e+00
-3.612907090682655031e+00
-3.848347631203505870e+00
-3.803061492578601488e+00
-3.604484144702674975e+00
-3.520901222752151227e+00
-3.486666822332735727e+00
-3.394263337730656360e+00
-3.277616253898555598e+00
-3.243637391641284395e+00
-3.352618075506756945e+00
-3.433786411794505611e+00
-3.364494510399383742e+00
-3.361153563682669265e+00
-3.395855890116475706e+00
-3.342935595580651231e+00
-3.251341826529417389e+00
-3.142266246515774242e+00
-3.048951713720610801e+00
-3.000392007537408201e+00
-2.967201738629440477e+00
-2.938743606879007153e+00
-2.916302247920462776e+00
-2.908282161808090738e+00
-2.915145767125413290e+00
-2.913803908335093062e+00
-2.893728614439464497e+00
-2.869558701358089881e+00
-2.844687213166204653e+00
-2.818420294477642862e+00
-2.799017191835831753e+00
-2.787264044008357367e+00
-2.780755691014089592e+00
-2.778885138715731173e+00
-2.777374826929062568e+00
-2.776476476541013483e+00
-2.771934078502207743e+00
-2.758433303882176002e+00
-2.740623644416860571e+00
-2.720745852886130578e+00
-2.704760282238215297e+00
-2.696046118179735274e+00
-2.694607474445642747e+00
-2.699842926559195888e+00
-2.822449037869148469e+00
-2.576760532608696863e+00
-2.597280986550536852e+00
-2.585755299381187200e+00
-2.555217919491768797e+00
-2.519753349290786204e+00
-2.517047958589244239e+00
-2.487089342784940094e+00
-2.239661276015232794e+00
-3.266501486981285396e+00
-2.871316505215210313e+00
-2.821877811511748657e+00
-2.898723109564543599e+00
-2.968602816835521629e+00
-2.797082382766513220e+00
-2.728105766626105932e+00
-2.698393180236081434e+00
-2.678823121067831714e+00
-2.664535098529794865e+00
-2.662181580099879152e+00
-2.725717431532483914e+00
-2.357696156565039836e+00
-2.708034150372041537e+00
-2.660738951200260161e+00
-2.646323965664719502e+00
-2.636912429302676664e+00
-2.629630621245222066e+00
-2.623059662644586343e+00
-2.610980359270965945e+00
-2.504844569523006381e+00
-2.819634190863797407e+00
-2.259655518517527995e+00
-2.568038528888007210e+00
-2.591320147183092004e+00
-2.595485960890177246e+00
-2.595222437110741076e+00
-2.593762452909210481e+00
-2.589957086664672392e+00
-2.584304261524991375e+00
-2.577628379625743538e+00
-2.569441411380585905e+00
-2.560930589922604916e+00
-2.552148863714866156e+00
-2.542623787629620935e+00
-2.534309069718169827e+00
-2.529138651972743901e+00
-2.526438467697026624e+00
-2.524843445235313233e+00
-2.523283489907504507e+00
-2.521142160161436330e+00
-2.520324672028350754e+00
-2.519533387608662078e+00
-2.517612995577864332e+00
-2.515431833064868172e+00
-2.513089106809911488e+00
-2.510163399414345520e+00
-2.506693268401908981e+00
