-1.146885839754290155e-02
4.745054643037548842e-03
5.584173597926157806e-02
4.096308409425465646e-02
4.064600556398804271e-02
-2.815272117036165742e-02
-9.255451974470908505e-01
-1.362754428906323811e+00
-5.064739110255535026e-01
-3.626258631438427499e-02
1.316244683013903516e-01
1.635676604662656131e-01
-1.451789158748470476e-01
-5.365968430679004392e-02
4.138090423721425826e-02
1.030995675006015772e-01
1.128943220957327326e-01
1.124008505926789997e-01
1.031001467770847058e-01
1.062032211839966239e-01
8.155817619537836238e-02
1.318455768300006992e-01
1.153119891855464985e-01
6.743360813690707500e-02
7.692344667645008294e-02
8.410793897689798626e-02
-5.150648530803901559e-02
-2.474863339374502175e-02
1.931071978071341108e-02
4.143048414010593039e-02
6.912734024383444809e-02
9.893683722057391994e-02
8.490745340327217339e-02
-1.030979439134531717e+00
-3.207359587152058378e+00
-1.063022833476600093e+00
-3.656373144264238872e-01
-3.981754536018072277e-01
-2.982651928202517677e-02
-2.170154621837436237e-01
-4.559223905999800763e-01
-1.991779017252051087e-01
1.552880806851025808e-02
3.417746414966685853e-01
4.588644194852075642e-01
4.658939931523314315e-01
-1.415856154560073132e-02
-1.978022906349593407e-02
8.555766184562030308e-02
2.363804394846770462e-01
2.764265024348672162e-01
2.629648180121031409e-01
-2.154364430781145479e-01
-1.432309998809623952e+00
-3.156768730631345221e-01
1.368384618770977501e-01
3.110910510954103536e-01
2.128775675046268856e-01
1.947637386939753967e-01
3.058923159282112003e-01
3.073887771854986739e-01
2.904985569974394832e-01
-1.429510037360887664e-01
-2.387568613217447011e-01
1.350166297706389684e-01
3.242423412670273897e-01
3.896399361211692058e-01
4.168652313785136676e-01
4.364109029839519649e-01
3.739726614259467619e-01
1.642909348670490433e-01
1.654052373502205020e-01
2.618504691455292299e-01
2.934715429805063724e-01
2.342935739137679274e-01
2.450195131793571901e-01
3.008337761177339864e-01
3.384053226958858573e-01
2.316296628886651832e-01
1.111392641276955223e-01
2.382761742273168670e-01
2.311118560219714291e-01
1.422914036930690851e-01
1.674168232597841866e-01
2.511415484521175578e-01
2.748922242687610873e-01
3.749815659648757515e-01
3.917946041789713840e-01
3.325123560440068626e-01
3.718433490246847439e-01
3.708129176323359255e-01
3.779963134812294734e-01
2.990368804214426079e-01
2.628374870818737663e-01
3.059534120986241446e-01
3.314661341964116881e-01
3.318692822941309295e-01
3.932056142924288955e-01
4.372906024510924139e-01
3.823842996454114296e-01
3.668963691420907836e-01
3.153162916379495528e-01
2.751360897864675858e-01
2.848047096710175086e-01
2.452253878717341462e-01
3.164147037179816935e-01
3.924332207428008479e-01
4.568165092780306358e-01
5.406153733202190281e-01
4.989671144604402864e-01
3.671961096395852109e-01
1.883755104203169717e-01
9.853463840549649133e-02
-6.866471330255685679e-01
-1.252173553257724947e+00
-4.487430293425230809e-01
8.892174263582811045e-02
3.367778908774597957e-01
7.599994521072755971e-02
-8.040572385021893531e-02
3.752788526663960456e-01
6.435794742142895153e-01
6.848478282054775157e-01
5.588338655344362582e-01
4.300762010266850344e-01
2.657946182349257835e-02
4.550732173471235820e-01
7.370108613880409498e-01
7.601466229920457174e-01
7.872981909785219390e-01
8.794876904932922290e-01
8.653673746786199050e-01
-3.445752865856327452e-01
-7.867497806199643673e-01
3.411876817078717816e-01
7.709538970914657785e-01
7.414295529958062625e-01
8.447284354222605041e-01
9.724595097173227565e-01
1.066429097121856406e+00
1.016203673261983464e+00
-1.423785483772313232e-01
-1.674204789956055928e+00
1.580891567563192379e-01
8.532727204658059339e-01
1.075031822799418002e+00
1.101140425447769688e+00
1.136380472114143281e+00
1.211236416592115894e+00
1.256010675538599353e+00
1.078475942179281555e+00
1.058563013958676358e+00
9.928694848093444492e-01
8.980821708778377044e-01
9.036687652070087839e-01
8.369139737425619341e-01
8.081695473607810598e-01
8.564780728115616304e-01
9.510070274729546247e-01
1.007769626298606891e+00
1.092344612013537830e+00
1.118383518541009147e+00
1.158326293512618399e+00
1.293995894168704863e+00
1.290489115237085205e+00
1.319325331328379924e+00
1.296019773612347548e+00
1.297236667586421088e+00
1.307449585976996342e+00
1.339267596943465533e+00
1.384427765845797076e+00
1.424906624403555533e+00
1.466748461780069457e+00
1.490077596233191137e+00
1.500073544450669871e+00
1.494618073974032013e+00
1.488089385988429658e+00
1.483176166064125390e+00
1.494155652342345597e+00
1.499097711517412446e+00
1.512211205875259035e+00
1.534488030278060577e+00
1.566378614443062922e+00
1.615174160367144118e+00
1.676565775128638469e+00
1.701939834837350007e+00
1.738392193321176560e+00
1.740458024618401378e+00
1.759828217504691761e+00
1.755911432322064147e+00
1.754994974223682114e+00
1.759404620574118727e+00
1.778769290760371824e+00
1.805182750867595720e+00
1.839505215643932878e+00
1.894786074201270321e+00
1.935773400376487707e+00
1.977755494588231855e+00
1.993776178471513116e+00
1.986129807351985743e+00
1.968907836154615065e+00
1.966071395263970345e+00
1.965464386051341883e+00
1.969950224294346741e+00
1.989525260438322007e+00
2.023988403478989451e+00
2.061091383978447489e+00
2.072174134937225354e+00
2.086463154543533260e+00
2.099378765672597957e+00
2.088564040996487403e+00
2.080945836048962327e+00
2.077598595907345747e+00
2.084517468730536116e+00
2.094544152327165065e+00
2.111935298999704003e+00
2.149863788509416285e+00
2.182285853433588940e+00
2.202074460230508457e+00
2.202073741269275686e+00
2.193117882151782272e+00
2.179748412347730202e+00
2.178889884394046739e+00
2.180538316700395995e+00
2.178584793907830441e+00
2.183415486459716615e+00
2.187339414023795392e+00
2.201839033105652099e+00
2.225952408077964240e+00
2.249445607168091943e+00
2.265880359378606990e+00
2.269531472907911684e+00
2.270393721228102013e+00
2.258459861124574974e+00
2.254671369013105497e+00
2.236703867320499306e+00
2.229220315576904365e+00
2.232389670717753738e+00
2.237432508204896919e+00
2.255920377967616020e+00
2.283057369728465957e+00
2.297673511466551410e+00
2.316767917832960322e+00
2.298726344922139564e+00
2.271291067278762732e+00
2.250430558115753321e+00
2.228302242427041335e+00
2.220355622888933400e+00
2.213084032452208749e+00
2.221252964674684804e+00
2.240103437283066601e+00
