-1.818814530876699198e+00
-1.815330748563290797e+00
-1.820830209254815646e+00
-1.817810245824331261e+00
-1.815464556272464947e+00
-1.810798081925847125e+00
-1.820984558707646750e+00
-1.818089433536552946e+00
-1.815549783263363359e+00
-1.811642599788713337e+00
-1.805737476879225811e+00
-1.797046122353233910e+00
-1.789690579531847403e+00
-1.785082600878150405e+00
-1.776600945286544331e+00
-1.761939312228551824e+00
-1.738299757215435504e+00
-1.701063652102968282e+00
-1.639228726745280085e+00
-1.513448584796891705e+00
-1.200232550706596291e+00
-8.600519619575036856e+00
-2.310053839707478573e+00
-2.154994512572420362e+00
-2.106677403542415838e+00
-2.056588746187235639e+00
-2.120443235026741036e+00
-2.523269367633313109e+00
-3.102870426997926590e+00
-2.733295904750375538e+00
-2.315708570127936294e+00
-2.100774600260602920e+00
-2.015961920529840690e+00
-1.710824578503421733e+00
-1.802852887394392312e+00
-1.806754178949789624e+00
-1.803161474487489313e+00
-1.798255810195858118e+00
-1.792062620775427106e+00
-1.784962628118593519e+00
-1.780670557260573439e+00
-1.776241859403590695e+00
-1.767758111357006889e+00
-1.751095680841857405e+00
-1.716475283640067406e+00
-1.641133672130506760e+00
-1.572950758370780688e+00
-1.586488283330702354e+00
-1.572449895311164081e+00
-1.479630905712742805e+00
-1.105676607963259395e+00
4.537527066947012599e+01
4.373894353401963642e-02
-1.668480904472984694e+00
-1.729999672752661422e+00
-1.717026597511873032e+00
-1.673789195672464425e+00
-1.596197463568824304e+00
-1.479300495655547110e+00
-1.105771880708851018e+00
-7.147167503414288525e+00
-2.494106839059901048e+00
-2.667983987474856988e+00
-1.243244077148757398e-01
-8.904595205833445437e-01
-5.921574314610227319e+00
-2.292501395601386882e+00
-2.069580706734472031e+00
-1.991507975173970824e+00
-1.956148064557825750e+00
-1.947887009852554918e+00
-1.950919136347256000e+00
-1.945654190759979141e+00
-1.933362702480132533e+00
-1.924463560977584198e+00
-1.918271833590529107e+00
-1.909753858141324478e+00
-1.899475750734104018e+00
-1.892919709723383193e+00
-1.892532035096574194e+00
-1.890850749499955796e+00
-1.885627108535525842e+00
-1.882953678272435649e+00
-1.881315513894625813e+00
-1.876590248195433297e+00
-1.870015750336094129e+00
-1.862354117868182835e+00
-1.854786582234273284e+00
-1.849073650383499245e+00
-1.844180961781278771e+00
-1.839502013189956431e+00
-1.835183467574754257e+00
-1.831374212556616143e+00
-1.827926176982485273e+00
-1.824428076688357381e+00
-1.820881323209249558e+00
-1.817408214180175063e+00
-1.814084412634483945e+00
-1.811011408169031611e+00
-1.807961737062435681e+00
-1.804779346167146414e+00
-1.801405985271211208e+00
-1.797709197587737284e+00
-1.793948378751647699e+00
-1.790066675237231841e+00
-1.786551424932556253e+00
-1.784204450919880003e+00
-1.782781637624898163e+00
-1.782095241278921272e+00
-1.781125352671912854e+00
-1.778552535825604908e+00
-1.773581730186589489e+00
-1.766304685381899331e+00
-1.745079907339983860e+00
-1.621997554601955605e+00
-4.304892047640806574e+00
-3.982512354925519027e+00
-1.317176021997252811e+00
-1.551523127166599902e+00
-1.546057905164926805e+00
-1.604621391297830879e+00
-1.690139387693446738e+00
-1.728300222651820928e+00
-1.742551599642210736e+00
-1.746184176740507965e+00
-1.739411788340063936e+00
-1.734789695540295273e+00
-1.743170703135559885e+00
-1.751382425217805183e+00
-1.756271653784436726e+00
-1.759869625462480158e+00
-1.762185178585618850e+00
-1.753374136610747591e+00
-1.721938055872292317e+00
-1.696595546584225955e+00
-1.712717891509531576e+00
-1.727753200015507362e+00
-1.736852718020525543e+00
-1.744245541854152037e+00
-1.750102181911464605e+00
-1.753529979210783019e+00
-1.746478166230907680e+00
-1.704681777513902929e+00
-1.642955891795567336e+00
-1.670732198543986913e+00
-1.704456402910995649e+00
-1.723633869695254894e+00
-1.734292053648454068e+00
-1.741136410160919468e+00
-1.745792457846129020e+00
-1.747546179236010744e+00
-1.747277635089453884e+00
-1.746161743011317879e+00
-1.743987531835513805e+00
-1.741407697568972957e+00
-1.738578767129729474e+00
-1.735341841221256676e+00
-1.732494232671085932e+00
-1.730763669577493946e+00
-1.729934181153295558e+00
-1.729733722311440847e+00
-1.729759225720529647e+00
-1.729696189006269424e+00
-1.730208853210356779e+00
-1.730787103732357446e+00
-1.730886994313642457e+00
-1.730516448731290291e+00
-1.729685180291687052e+00
-1.728669100832046501e+00
-1.727663041888078066e+00
-1.726826651446911054e+00
-1.726148651270501322e+00
-1.725569385386894528e+00
-1.724974832729494700e+00
-1.724223651774154931e+00
-1.723225038110606455e+00
-1.721968330353321530e+00
-1.720514846223583749e+00
-1.718987470827253894e+00
-1.717438478833470894e+00
-1.715883916219425043e+00
-1.714401174782441695e+00
-1.713057524459119074e+00
-1.711940951295411129e+00
-1.711127007682734735e+00
-1.710429490205823466e+00
-1.709725071461443147e+00
-1.708907265036293088e+00
-1.707945138178606825e+00
-1.706839198021699033e+00
-1.705545164525583690e+00
-1.704139901944789592e+00
-1.702733273392851299e+00
-1.701414148190322884e+00
-1.700224945977928392e+00
-1.699257911110177544e+00
-1.698481097688067543e+00
-1.697800034012924897e+00
-1.697087744969786982e+00
-1.696158791685300704e+00
-1.694937931865102332e+00
-1.693514416705621306e+00
-1.691993514478921545e+00
-1.690423939738578740e+00
-1.688896442757881644e+00
-1.687519783698796738e+00
-1.686328209413834767e+00
-1.685184363899946858e+00
-1.683996542935615848e+00
-1.682782303900417720e+00
-1.681446239015099486e+00
-1.679941126407329843e+00
-1.678332077568644554e+00
-1.676698644892149037e+00
-1.675096775561961460e+00
-1.673562540799172105e+00
-1.672196399276039802e+00
-1.671018430918707276e+00
-1.669917227605138388e+00
-1.668749676036304752e+00
-1.667421961907168182e+00
-1.665918040086683094e+00
-1.664310799934157314e+00
-1.662678862015187553e+00
-1.661021338948525328e+00
-1.659358382144598298e+00
-1.657713261989896658e+00
-1.656124616911605285e+00
-1.654663950321700439e+00
-1.653341170133773241e+00
-1.652097501363607890e+00
-1.650837449156155268e+00
-1.649506302081685138e+00
-1.648055548658833747e+00
-1.646496902668616702e+00
-1.644823101175144853e+00
-1.643047198233976047e+00
-1.641276564070792920e+00
-1.639560082658818363e+00
-1.637954276889083793e+00
-1.636530263164820198e+00
-1.635232269721855314e+00
-1.634007470355567149e+00
-1.632696987466086380e+00
-1.631130941091023967e+00
-1.629353390232008980e+00
-1.627425846435988976e+00
-1.625434572136795985e+00
-1.623451090144887310e+00
-1.621546528601763404e+00
-1.619819580137293213e+00
