-3.856465997351110033e-06
-2.213752346950655675e-05
-3.956119827203196748e-05
-3.584595089378687412e-05
-1.978066537327532705e-05
-5.107883870823681075e-06
-1.118300393581259349e-04
-6.996272734214405197e-04
-1.772732751235310458e-03
-2.845954913718836202e-03
-3.665686326930968873e-03
-4.217606881606557334e-03
-4.598522818683214823e-03
-4.969638511552242587e-03
-5.312070494452369139e-03
-5.583212515472731063e-03
-5.772498826239986190e-03
-5.894078958518469968e-03
-5.967432871171524621e-03
-6.008116443308242523e-03
-6.023936447260179981e-03
-6.022871673401376282e-03
-5.989865081496284147e-03
-5.938590277159000279e-03
-5.891917633625121109e-03
-5.845175341028186790e-03
-5.805685793516975751e-03
-5.818326516344235130e-03
-5.861705029344223272e-03
-5.904637223202306370e-03
-5.933642074501124276e-03
-5.938428470779461357e-03
-5.914207620614562663e-03
-5.990670108096094598e-03
-6.797389204902265329e-03
-8.811979033304686432e-03
-1.095036985430124753e-02
-1.276245178314111203e-02
-1.429525814338249330e-02
-1.553698853594896040e-02
-1.665616995575998696e-02
-1.777697623169633215e-02
-1.879796348010704179e-02
-1.961251062419186106e-02
-2.012927727699412306e-02
-2.036658893821556224e-02
-2.044232449319480574e-02
-2.058065115436824230e-02
-2.078225515906631168e-02
-2.096398995556726999e-02
-2.105745544039518483e-02
-2.105880885783052020e-02
-2.104287157413406439e-02
-2.132301584447627782e-02
-2.219272820989814932e-02
-2.309234785857041533e-02
-2.373950179990551301e-02
-2.412989079194883743e-02
-2.437596309237603787e-02
-2.452254846695019891e-02
-2.455599606703689000e-02
-2.450079589829281396e-02
-2.442927295606797319e-02
-2.451884989262788708e-02
-2.474754284758283462e-02
-2.490907482299087664e-02
-2.491179682980196666e-02
-2.476448939161380453e-02
-2.449550179492810537e-02
-2.413182353601275171e-02
-2.373392855979211680e-02
-2.339197289116738687e-02
-2.308055574278193925e-02
-2.274617124401041510e-02
-2.238555300658540484e-02
-2.202193966950776252e-02
-2.164800190945339112e-02
-2.124035790618014272e-02
-2.080300668807959219e-02
-2.039541934149977434e-02
-2.005075867191202094e-02
-1.970418962445654940e-02
-1.934583431931226685e-02
-1.900524571535459201e-02
-1.866866677305307337e-02
-1.830590407166950151e-02
-1.790443089579468391e-02
-1.743985706538581440e-02
-1.692422956251270552e-02
-1.638412620376801174e-02
-1.581951490128504986e-02
-1.523787317134131514e-02
-1.465023410689465441e-02
-1.409142098196793612e-02
-1.356524342777379495e-02
-1.303848988732618855e-02
-1.248584171985637342e-02
-1.190405175715675626e-02
-1.128051517460651812e-02
-1.061458220498711844e-02
-9.933870316627612176e-03
-9.262108661892236999e-03
-8.621317482531280427e-03
-8.021964296676757297e-03
-7.456926014365385623e-03
-6.925066215860123733e-03
-6.391718807806434817e-03
-5.824912555570608413e-03
-5.200068013701522086e-03
-4.500009275409590226e-03
-3.772653037203935623e-03
-3.103071022676747413e-03
-2.564280797877257264e-03
-2.249036617587409862e-03
-2.465306570450597791e-03
-3.250172803428703731e-03
-4.121782122697414778e-03
-4.776027396141876644e-03
-5.189797653804938474e-03
-5.549656596067913811e-03
-5.915729263693236296e-03
-6.106225737858313359e-03
-6.036424887565691386e-03
-5.769329383031687221e-03
-5.421030536607814899e-03
-5.107797988597345337e-03
-4.928826729843462442e-03
-4.681038008972652695e-03
-4.237769735663329471e-03
-3.621408552579754962e-03
-2.858448804059599262e-03
-1.947191725846733439e-03
-1.045577606173413773e-03
-6.542382883004869108e-04
-7.472418975852504258e-04
-7.319684517266112451e-04
-3.969566425980477565e-04
1.865316463253652779e-04
9.878289121994601220e-04
2.011550971621896625e-03
3.239133229666893085e-03
4.477929275771999271e-03
5.117074186719884447e-03
4.880332044429413520e-03
4.694267781424132230e-03
4.965405285012591645e-03
5.694699047112891828e-03
6.769700137102330380e-03
8.094012021153776035e-03
9.643095171277251895e-03
1.138635891811687340e-02
1.321858258920824251e-02
1.509376626110118733e-02
1.696022853253780285e-02
1.878439916386987971e-02
2.057549886512163514e-02
2.231826945288109890e-02
2.402013292367603456e-02
2.573213949092492334e-02
2.751354639682791411e-02
2.939500900889575191e-02
3.138938292026089566e-02
3.348906151952767141e-02
3.569792248428531323e-02
3.805369626234133412e-02
4.053208989434177456e-02
4.312363368026275734e-02
4.582494568518111905e-02
4.863115198622925545e-02
5.152341736211407675e-02
