-6.986308317441007826e-04
-1.018358972920061379e-03
2.734292757882761903e-03
8.243936853075541082e-03
1.245771617594791311e-02
1.214436292111710329e-02
-4.677721351383632570e-02
-1.796391461020236391e-01
-2.754885787770230965e-01
-2.860452963491091349e-01
-2.585123020671006855e-01
-2.215136176717260319e-01
-2.043581514372003749e-01
-2.008055001046947785e-01
-1.865028626054971717e-01
-1.640922316410803328e-01
-1.392712898566288438e-01
-1.158398885067994655e-01
-9.481561664181328841e-02
-7.576171979032624015e-02
-5.949720818289680468e-02
-4.284180968339484918e-02
-2.556707651916884094e-02
-1.348135046498395197e-02
-4.500160414944321535e-03
4.785641939254786995e-03
5.523305209999161344e-03
1.469403284566194595e-05
-8.413373127455560678e-04
2.261816882179294719e-03
8.096420028030397453e-03
1.690610610797995544e-02
2.591767311963088377e-02
-3.453207146458218968e-02
-2.873507925853577838e-01
-5.159397039655393424e-01
-5.610045018524224547e-01
-5.645194724141946452e-01
-5.473551991945032613e-01
-5.217872672178252014e-01
-5.236575382272321555e-01
-5.236637781028758987e-01
-4.959034498935672719e-01
-4.381166161029447226e-01
-3.588799506008102380e-01
-2.785810943818834429e-01
-2.333005967515066337e-01
-2.195642481086374775e-01
-2.008244032816407232e-01
-1.682837773517632252e-01
-1.271094456250465576e-01
-8.760126894644545970e-02
-8.103171843497311566e-02
-1.767034438142726926e-01
-2.673165124900779288e-01
-2.590717000871180509e-01
-2.147827904092775853e-01
-1.698418197944838171e-01
-1.351302892890805796e-01
-9.736292228050458242e-02
-5.598220174500130597e-02
-1.869939715798675517e-02
-1.162809218580540191e-02
-3.593458928574173872e-02
-4.114333046945297528e-02
-1.285547904850950843e-02
2.818847916310438309e-02
7.155535136368562643e-02
1.144088185068456720e-01
1.513620049966765135e-01
1.691736818112943574e-01
1.736510712524717559e-01
1.837834412784834226e-01
2.006940381175790211e-01
2.145976442945179974e-01
2.247448294653740797e-01
2.382047372496195192e-01
2.562183677013598615e-01
2.685968405227272537e-01
2.666068794516176510e-01
2.656357882023240302e-01
2.717142378806213787e-01
2.715809414932512378e-01
2.679376665419593295e-01
2.711958376526781289e-01
2.805578205863638597e-01
2.967492923564332141e-01
3.185860311530446798e-01
3.362017832232382375e-01
3.515383942503157999e-01
3.680055606113242228e-01
3.836920018285761569e-01
3.938874365631946928e-01
3.966461510757829934e-01
3.998344585109261939e-01
4.069246187877295640e-01
4.150748132751204134e-01
4.264684316118290686e-01
4.433261016338350124e-01
4.582093765695872678e-01
4.679606504081553764e-01
4.730494814509774715e-01
4.724436066417532776e-01
4.702707965422429082e-01
4.665259540493568169e-01
4.652326333454615548e-01
4.728894119633039739e-01
4.883851131603265117e-01
5.116368271990334726e-01
5.355376460414168482e-01
5.473146194657193542e-01
5.398278635736063480e-01
5.172486279763357508e-01
4.434987975001017935e-01
2.957122792503819597e-01
1.755609198233342716e-01
1.437164407630645013e-01
1.604447545243579409e-01
1.743387698158316013e-01
1.626244392010892659e-01
1.705614906068702863e-01
2.205629658347800781e-01
2.847915713412266236e-01
3.388884466321427924e-01
3.738204080187462197e-01
3.741642328892968994e-01
3.773832876724698138e-01
4.223447580965997705e-01
4.816541129995777770e-01
5.395421024947640865e-01
6.003258468114673896e-01
6.610775946977220929e-01
6.428360715450309737e-01
5.293776315788537579e-01
4.678826659074404315e-01
5.024508080601242099e-01
5.574954473510851383e-01
6.130553284512492151e-01
6.782594876522989313e-01
7.517429931537729093e-01
8.221615925423465532e-01
8.139296370483014575e-01
6.463423258329770160e-01
5.148919191982703758e-01
5.416589089376593336e-01
6.201223617607046767e-01
7.071221546101444932e-01
7.912965697915046448e-01
8.758239923412610706e-01
9.611536051440795481e-01
1.031968309319432064e+00
1.086165093159798589e+00
1.131331732478457752e+00
1.163752812085163901e+00
1.188842234305827139e+00
1.208549445461035932e+00
1.221428552618515573e+00
1.234888773976751786e+00
1.256149460152826691e+00
1.284986211569220771e+00
1.320341840673445954e+00
1.359766191973397875e+00
1.400426653807985478e+00
1.448871699559635573e+00
1.501565191484979689e+00
1.552133778830141697e+00
1.599441373251643261e+00
1.642231951407249202e+00
1.682822394389906773e+00
1.723224261249329592e+00
1.765519924304387978e+00
1.810058675282180785e+00
1.856491819641944652e+00
1.903635816454390284e+00
1.949566026140700625e+00
1.992674071165756455e+00
2.032227007549466169e+00
2.068540297593185251e+00
2.102929281636940040e+00
2.136096487828811341e+00
2.168290488044597009e+00
2.200621045753393012e+00
2.234198015098954215e+00
2.270517102570367651e+00
2.311119001123760341e+00
2.354218093748235319e+00
2.398229002361229156e+00
2.441635836769634693e+00
2.483563104983302683e+00
2.523712036800299874e+00
2.561064892809836735e+00
2.596339442870846614e+00
2.630918878856707277e+00
2.666154764170363567e+00
2.702891894719731791e+00
2.742755600821826345e+00
2.785853798030510031e+00
2.831183963033523820e+00
2.877060843430464754e+00
2.920511939343261254e+00
2.959781508920802828e+00
2.995519308955694626e+00
3.028966812657571950e+00
3.060743059147141398e+00
3.092193591260329111e+00
3.125125887229182720e+00
3.160452285682457507e+00
3.196563533112111166e+00
3.232099705463057582e+00
3.267212094678962675e+00
3.300414138918193352e+00
3.330682152691217812e+00
3.358689082134840298e+00
3.385483119364285809e+00
3.411942112395207172e+00
3.438723075049560318e+00
3.467481102406977822e+00
3.498919358406227254e+00
3.531751007033172129e+00
3.563940532739944267e+00
3.593854467651413920e+00
3.620885149182620388e+00
3.645763493435571156e+00
3.669531378876323746e+00
3.692201467765188205e+00
3.714065302149230252e+00
3.735522865578083440e+00
3.757199158340781775e+00
3.780275646136011414e+00
3.805165176356902101e+00
3.831266837641378764e+00
3.857305581795452909e+00
3.882382013307929203e+00
3.905632245470172847e+00
3.926955900488987350e+00
3.946108338186170350e+00
3.963076998926592598e+00
3.979283269109598287e+00
3.995514887751897781e+00
4.012697780138092973e+00
4.032063191074365172e+00
4.053182741547797896e+00
4.075475020246245528e+00
4.096849343635620144e+00
4.114662601022636146e+00
4.129045982405841642e+00
4.140563513292975450e+00
4.150223941318857079e+00
4.159027414831946601e+00
4.168017589017130931e+00
4.178720835725068028e+00
