-6.253321677335771725e-04
-6.807521720175532679e-04
2.793278890157604478e-03
6.615293758168258598e-03
8.533901345101927924e-03
6.178029933059046505e-03
-4.730673399529791712e-02
-1.476178594438946612e-01
-1.888343809388091654e-01
-1.546571514637334610e-01
-1.045855619490052568e-01
-6.390785615991348423e-02
-5.295847340894895006e-02
-5.461249660899448327e-02
-4.608597813237572116e-02
-3.249946476542087820e-02
-1.974644577632427705e-02
-1.025659690047237872e-02
-3.725178726954212101e-03
1.186101839935329791e-03
4.076755221037927160e-03
8.418049276219637805e-03
1.343454269421131414e-02
1.413226021748984103e-02
1.364363489232602727e-02
1.475761666536393700e-02
8.951679458651612062e-03
8.277119095193123666e-04
-6.981625565482905277e-04
1.570509230385789320e-03
5.638278118324088414e-03
1.131755466406489039e-02
1.585039322713735488e-02
-4.236138759981591950e-02
-2.503785420195814848e-01
-3.723390508447305125e-01
-3.232014106953043919e-01
-2.671458008791031125e-01
-2.158766344738604348e-01
-1.780602293738291486e-01
-1.758834429761952090e-01
-1.718801033251990129e-01
-1.462945223674803619e-01
-1.019964194566967686e-01
-5.098533540962277982e-02
-1.016384228223039810e-02
-6.855579218651994614e-03
-2.436458051348120574e-02
-2.844242619937997762e-02
-1.669134038942188952e-02
1.360037477496744973e-03
1.572385899929530650e-02
2.021788192850190735e-05
-9.710258532503174278e-02
-1.555086663973704597e-01
-1.201989174770030644e-01
-6.868978724484486875e-02
-3.286060653132025916e-02
-1.433965752212987624e-02
4.017501124764604609e-03
2.242529342155209424e-02
3.509565980215190173e-02
2.057423981694344456e-02
-1.260325634259693711e-02
-1.778290081132992764e-02
6.233604812238304621e-03
3.447847313011716264e-02
5.831237407578766796e-02
7.754067050494481417e-02
8.921024057573062604e-02
8.427012405482646462e-02
7.304844041091214379e-02
7.210155328197433156e-02
7.842384318396251885e-02
8.156991319205721125e-02
8.230888627950620762e-02
8.704428805569550121e-02
9.542863513619208315e-02
9.756498004968544580e-02
8.829988747494058043e-02
8.424575019157752587e-02
8.734269059060316420e-02
8.452613252240633035e-02
8.029172719830073024e-02
8.339958726059146232e-02
9.070267206836561680e-02
1.022997305112834654e-01
1.158313938330490511e-01
1.229191335107690519e-01
1.278292098234504737e-01
1.336224976674189602e-01
1.386189991754895601e-01
1.387798232981320434e-01
1.341245398091500396e-01
1.324266791379394848e-01
1.351747121116918249e-01
1.386299160794734475e-01
1.447478676859411673e-01
1.544992981712059177e-01
1.605694654273016331e-01
1.619631794081566600e-01
1.601019866118099377e-01
1.549898017007699247e-01
1.508292251845264609e-01
1.467246605235552614e-01
1.463369827489158503e-01
1.536333706700990509e-01
1.656358669854704757e-01
1.814555931936593924e-01
1.940869748769769032e-01
1.942319142307681046e-01
1.795334278298540420e-01
1.575195041109241911e-01
9.636030414264695754e-02
-1.108872156659745922e-02
-6.602775930224341616e-02
-4.006727263583227672e-02
1.141175425285852890e-02
4.010537657806358819e-02
3.757078516184127193e-02
5.307210607935704261e-02
9.828371233724603195e-02
1.428289512006133966e-01
1.684126415177698011e-01
1.743569627971789104e-01
1.523711795542274650e-01
1.444511986018617855e-01
1.751039151721164311e-01
2.104440099588799906e-01
2.378804782278173546e-01
2.643073692021948862e-01
2.875282891956686959e-01
2.388136996178165938e-01
1.296535934860306716e-01
9.933404288699113072e-02
1.526943926057923728e-01
2.047224997027961291e-01
2.435274592343132649e-01
2.819770853900471774e-01
3.201390202688912945e-01
3.492864955045441033e-01
3.059093869356565576e-01
1.435528692673121720e-01
6.691387740674646645e-02
1.351117806165117174e-01
2.212684823572263482e-01
2.890614919269432481e-01
3.381255832520781435e-01
3.785474193592400782e-01
4.140905550748705810e-01
4.333406160333779233e-01
4.404827102561104102e-01
4.441393209029618760e-01
4.414961679020859564e-01
4.384676165863930497e-01
4.353995179515834368e-01
4.307344583156205164e-01
4.306323993046009546e-01
4.393153545231674451e-01
4.537557120527289656e-01
4.718855877502265983e-01
4.907091413733413177e-01
5.082995068507789593e-01
5.311116351497479071e-01
5.543205159761390721e-01
5.734546687278101462e-01
5.887006283435148868e-01
6.004098990188277973e-01
6.113683546888590836e-01
6.233479656151884596e-01
6.376514400796610138e-01
6.538224609841196688e-01
6.711195054138845428e-01
6.882753025202257291e-01
7.038381416982055772e-01
7.169472058074836118e-01
7.276762631863703534e-01
7.368247243196585083e-01
7.457854657557352329e-01
7.549228206173487221e-01
7.642681021414878817e-01
7.745592838438146721e-01
7.863737366455916256e-01
8.005425835904087517e-01
8.177528289711299969e-01
8.356634947307580719e-01
8.531210398903730230e-01
8.690176993091737190e-01
8.833397155117747035e-01
8.961736351078408713e-01
9.071271431878603630e-01
9.172311223031626159e-01
9.277715648851874164e-01
9.396065051928416123e-01
9.530153082241090701e-01
9.689687099795586400e-01
9.868210001742904192e-01
1.005419617380372221e+00
1.023249375692504737e+00
1.038198604228839583e+00
1.049700468943002285e+00
1.059256592104982797e+00
1.068228261278814761e+00
1.077098907215216173e+00
1.086869229586748364e+00
1.098663221286926284e+00
1.112584821165517601e+00
1.126631924373758586e+00
1.139800357816166176e+00
1.152496240965504848e+00
1.163540737691590943e+00
1.172586150015995976e+00
1.180650360884652583e+00
1.188753378236468095e+00
1.197448844087303232e+00
1.207024776783739872e+00
1.218606607581577572e+00
1.232149232700417762e+00
1.246092177674122059e+00
1.258714671870078794e+00
1.269131924834750569e+00
1.277458381512760477e+00
1.284852093814450980e+00
1.292272448047670164e+00
1.299562220225024989e+00
1.306915544163570475e+00
1.314521251165050808e+00
1.322790643252089504e+00
1.332479838538080275e+00
1.343510200240604746e+00
1.355043243854061608e+00
1.365938506755021375e+00
1.375722984001107152e+00
1.383970545474214386e+00
1.391057125762692026e+00
1.396938493784080304e+00
1.401895344450391656e+00
1.407229281639065022e+00
1.413329671466613258e+00
1.420706476368870153e+00
1.429988775001236556e+00
1.440254676485688501e+00
1.450890801746959724e+00
1.460006373577597438e+00
1.465958025535659015e+00
1.469742925787977272e+00
1.472260520072853129e+00
1.474561129371344759e+00
1.477299872230395383e+00
1.481114968830042011e+00
1.486866654409721544e+00
