-4.067131224026373394e-06
-2.435848929125725325e-05
-4.660169232222650807e-05
-4.769492317156892830e-05
-3.335357842053745039e-05
-1.713305340251348373e-05
-1.274993314858373079e-04
-7.733957315695151082e-04
-2.034004395316523287e-03
-3.433624598512767696e-03
-4.656720521529079081e-03
-5.623823645218686655e-03
-6.391055051129211628e-03
-7.113018781976227292e-03
-7.778806228982210018e-03
-8.343841595805303810e-03
-8.791700867705865008e-03
-9.132752028810664849e-03
-9.386699171956129975e-03
-9.572288928957365869e-03
-9.701538834007650269e-03
-9.787050027182719880e-03
-9.816481605589712223e-03
-9.804941206559447675e-03
-9.780097001251434469e-03
-9.742465781074481634e-03
-9.702626741366291926e-03
-9.712984386509101661e-03
-9.760376546104154380e-03
-9.814255359545680582e-03
-9.857948396764662849e-03
-9.877006416514873613e-03
-9.862110330563483157e-03
-9.946675261832406759e-03
-1.082498683662823195e-02
-1.313610399561251918e-02
-1.586007792320668491e-02
-1.844139472967459836e-02
-2.082842561463855297e-02
-2.294077633913260000e-02
-2.490666446949969109e-02
-2.684921981487040782e-02
-2.866703699027043500e-02
-3.023345753504060041e-02
-3.142538466489597920e-02
-3.223082199719403546e-02
-3.275633395670841247e-02
-3.324871669231411336e-02
-3.374644663405926281e-02
-3.418453832967749406e-02
-3.449469396657599274e-02
-3.466710988183537012e-02
-3.477745411710997381e-02
-3.517077778375504726e-02
-3.622554304242216888e-02
-3.742155088385281519e-02
-3.842207646816427763e-02
-3.916331939037812765e-02
-3.972481831265317620e-02
-4.014154974455465263e-02
-4.039364766816457702e-02
-4.050123581473693418e-02
-4.054084932724820456e-02
-4.071545830640267705e-02
-4.103839654144220833e-02
-4.130719507739991775e-02
-4.140550201094309046e-02
-4.131841230745854354e-02
-4.106058050798749165e-02
-4.065327467896757280e-02
-4.015941942916171487e-02
-3.968486697192045304e-02
-3.922209628899078065e-02
-3.872244854564571570e-02
-3.818122552557073890e-02
-3.762313370209449670e-02
-3.704365979200555103e-02
-3.641841892040016682e-02
-3.574846264249441352e-02
-3.509665720539231759e-02
-3.450803114273157113e-02
-3.392322930518315571e-02
-3.332856344140802674e-02
-3.275367714108254336e-02
-3.218673145977650474e-02
-3.159445713585220389e-02
-3.095853998249882902e-02
-3.024719757104621723e-02
-2.946546599062390207e-02
-2.863867061378628717e-02
-2.776807380552585858e-02
-2.686239654778132396e-02
-2.593508926720786839e-02
-2.502676318860999963e-02
-2.414944265442380000e-02
-2.327314293300550285e-02
-2.236947324180174265e-02
-2.143076737364784864e-02
-2.044002407455009981e-02
-1.939175396179140462e-02
-1.831241277205702261e-02
-1.722948732134746419e-02
-1.617154066744273810e-02
-1.515685126483981397e-02
-1.418415165749281961e-02
-1.325607075290383824e-02
-1.233793510551995688e-02
-1.139163629641081789e-02
-1.038349253691193269e-02
-9.285636977654186663e-03
-8.140276831984046002e-03
-7.040115511738929445e-03
-6.077832372159206256e-03
-5.372460028149526022e-03
-5.286144531995795939e-03
-5.933001505299303514e-03
-6.846894829624770862e-03
-7.661904323063647645e-03
-8.283086982343165414e-03
-8.860059073274004909e-03
-9.450272746675755092e-03
-9.857251427933701529e-03
-9.959073132890869026e-03
-9.790418097005202866e-03
-9.462805480101008776e-03
-9.108210944552073973e-03
-8.858068950127598318e-03
-8.524527976538937013e-03
-7.959472644662205984e-03
-7.162255968074544323e-03
-6.148081307705296691e-03
-4.908317304599709753e-03
-3.604665545007686503e-03
-2.800265134612836635e-03
-2.565602773086144740e-03
-2.318532190162516694e-03
-1.779755043932186500e-03
-9.646159424463404165e-04
1.268952622382212882e-04
1.521343609516091116e-03
3.216168661443999117e-03
5.016180673782225617e-03
6.240046482141125596e-03
6.468349136268440082e-03
6.582838274958064707e-03
7.086327932342519065e-03
8.076547154299448111e-03
9.501223866001221735e-03
1.129024792738674704e-02
1.342888162419344882e-02
1.589095290427551890e-02
1.856250323468221566e-02
2.137743049801887202e-02
2.426186185072839660e-02
2.715774763201318776e-02
3.005445491160564295e-02
3.292178979630816515e-02
3.575453791267196868e-02
3.859941215000614601e-02
4.152232668604526750e-02
4.456654682676790269e-02
4.775778896271093421e-02
5.109841953871853415e-02
5.459878995159560960e-02
5.830568810866325336e-02
6.220308969399480220e-02
6.628391140836625839e-02
7.054587939045074696e-02
7.498440029131514528e-02
7.957877728567414044e-02
