-3.632664447457440549e+00
-3.628900809885171164e+00
-3.627323408182018039e+00
-3.622626834118889416e+00
-3.616359745947884896e+00
-3.602375371181705699e+00
-3.643854691100524512e+00
-3.632051428481578359e+00
-3.623725888316602806e+00
-3.609780596558309185e+00
-3.584039782451888811e+00
-3.533333700638080277e+00
-3.498666460720586180e+00
-3.494576340851441199e+00
-3.452793730632475633e+00
-3.336359171532897960e+00
-2.971170587582474987e+00
2.266014078861915859e+00
-4.882827716675294027e+00
-4.275855824574623654e+00
-4.120125807175046617e+00
-3.992579911305342844e+00
-3.906978024189150300e+00
-3.884747147567236603e+00
-3.872962164070759883e+00
-3.849443134967915459e+00
-3.892396299384079050e+00
-4.026194093899139403e+00
-4.050290176937652475e+00
-3.962787401351400618e+00
-3.874588096284485417e+00
-3.807499094539329221e+00
-3.769957703537508031e+00
-3.485572072981137470e+00
-3.614115115318254468e+00
-3.612811813835464125e+00
-3.598456078677567227e+00
-3.579407714922782091e+00
-3.553655157989879410e+00
-3.523437840740679672e+00
-3.512389847969560108e+00
-3.499263864324898776e+00
-3.460947743983800784e+00
-3.352672819014129946e+00
-2.831680308255769773e+00
-5.465568621101961178e+00
-5.036112869003226855e+00
2.796493109747961370e+01
2.031237284897902118e+00
-6.122720017843256812e+00
-4.412432239363706543e+00
-4.127964124909372146e+00
-4.363315982432172113e+00
-3.323937936312551855e+00
-3.459338631469120351e+00
-3.373747959981962197e+00
-2.953339314024796991e+00
-1.022137660056982078e+01
-4.612161642468558753e+00
-4.162474113327550462e+00
-3.986800636306100820e+00
-3.913358113626271173e+00
-3.961825724864084020e+00
-4.290579521702907684e+00
-4.395256180442718374e+00
-4.020436757562602104e+00
-3.870484415433250724e+00
-3.804123659557626880e+00
-3.766724114426843961e+00
-3.745750823649665939e+00
-3.739671040756324505e+00
-3.739632337534351425e+00
-3.731463420830540834e+00
-3.716268223211668165e+00
-3.703665305653104589e+00
-3.693034403597229343e+00
-3.680923699076888322e+00
-3.668252393005830392e+00
-3.657609898870203935e+00
-3.648628978359326869e+00
-3.639074680877664392e+00
-3.629302456847777858e+00
-3.619069728129830743e+00
-3.608444738643265204e+00
-3.599777602335484161e+00
-3.592854728113475726e+00
-3.587743862727561073e+00
-3.583311972861475070e+00
-3.576461673537923325e+00
-3.569080754950114898e+00
-3.562620262280170813e+00
-3.556103972951254022e+00
-3.547637778627990901e+00
-3.536870526912710755e+00
-3.527226204089400241e+00
-3.519093703589495803e+00
-3.510921569084888283e+00
-3.505583963036087436e+00
-3.503506748677820859e+00
-3.498555716199097887e+00
-3.490910404049479165e+00
-3.481533818456238549e+00
-3.469785593985766248e+00
-3.458887551923542247e+00
-3.447885537812323875e+00
-3.440696481893903425e+00
-3.441296423183953124e+00
-3.445526122615675035e+00
-3.450677792234563057e+00
-3.451943366440656469e+00
-3.444782869351091570e+00
-3.427081852315619237e+00
-3.401194196186491325e+00
-3.316504915671546705e+00
-2.879441783906328656e+00
-1.370775638439192035e+00
-2.548686736390372243e+00
-3.083339201697592014e+00
-3.199657085050710670e+00
-3.191605613554910015e+00
-3.237039281386099532e+00
-3.323371473386502739e+00
-3.374522112499994009e+00
-3.393002151001987432e+00
-3.391137320941308708e+00
-3.362785075721665518e+00
-3.347711143948825629e+00
-3.371848943368068507e+00
-3.393195421280974067e+00
-3.404457536423509012e+00
-3.412672578297112125e+00
-3.416930049847693773e+00
-3.378167307886416726e+00
-3.256151239556142940e+00
-3.195265457437427070e+00
-3.274315735277582906e+00
-3.324687185894292796e+00
-3.350642565467298439e+00
-3.370588625921469905e+00
-3.385621476657910023e+00
-3.393034338357026058e+00
-3.360931215151434337e+00
-3.185261986919556421e+00
-2.994286422305703965e+00
-3.157148362171900313e+00
-3.269055928332093686e+00
-3.320205847638640684e+00
-3.346676147010333224e+00
-3.363218879910824022e+00
-3.372177618856357917e+00
-3.371106895083709531e+00
-3.364772490920279413e+00
-3.358100919693986164e+00
-3.349428729175017772e+00
-3.340651626015469056e+00
-3.331891023222508075e+00
-3.322641434828943030e+00
-3.315389772551633030e+00
-3.312148426641050580e+00
-3.311246547087615344e+00
-3.312011146858672817e+00
-3.313253559286125416e+00
-3.314095525505809547e+00
-3.316890960530184174e+00
-3.319143184781490064e+00
-3.318750975528788061e+00
-3.317432296797187874e+00
-3.316302884126394623e+00
-3.314702793104086442e+00
-3.312631146737937460e+00
