7.799286425497787287e-04
2.770768953826783891e-03
7.797574880231895877e-03
1.358655004105353836e-02
1.781974603921998579e-02
1.736759264618020077e-02
-3.887419163064745331e-02
-1.566967927724919329e-01
-2.254359996515412079e-01
-2.101546300700914693e-01
-1.651268446860776340e-01
-1.194660522968531702e-01
-9.970314314831613123e-02
-9.501038488432313189e-02
-8.104927008525747434e-02
-6.095566009190646339e-02
-4.069949635172630253e-02
-2.348500379746398456e-02
-9.375614176799312166e-03
2.251817545777553067e-03
1.093625262125524217e-02
2.012961909923619702e-02
2.961923940630255964e-02
3.443487514811618272e-02
3.725110552226272576e-02
4.085637467112614163e-02
3.669469004706152337e-02
2.835215598514866792e-02
2.597217735015915768e-02
2.808220134011839286e-02
3.302676471959792304e-02
4.049608429682608618e-02
4.749088300024977699e-02
-1.233172800009293968e-02
-2.455396402103662834e-01
-4.237581577533040544e-01
-4.172790293964711017e-01
-3.808410913485776317e-01
-3.341067340439319300e-01
-2.899496337979952654e-01
-2.793586571891243375e-01
-2.692096171761826362e-01
-2.359725342061853026e-01
-1.794351435339249512e-01
-1.096184025415771479e-01
-4.597163410867320665e-02
-2.118418344266107325e-02
-2.508856761400756613e-02
-2.070891887771612525e-02
-1.187225748774327350e-03
2.634109975143701307e-02
5.103640221728429627e-02
4.361478315762810226e-02
-5.684796542110739231e-02
-1.355967688896566048e-01
-1.140030009745683220e-01
-6.300452652382126928e-02
-1.791101890922433548e-02
1.263998335468760961e-02
4.301955253225912823e-02
7.462724360946454416e-02
1.001265272028229875e-01
9.535360035047672767e-02
6.459205967444750507e-02
5.693894617817488180e-02
8.089727248758236955e-02
1.145967341311903143e-01
1.482383636608148036e-01
1.789772711840675878e-01
2.008019172967039079e-01
2.036762099651846236e-01
1.954483124813469752e-01
1.943453595745885942e-01
2.023948523296419388e-01
2.084247473512975957e-01
2.111897201488069642e-01
2.181205631390407962e-01
2.301336884139346117e-01
2.366527558460040093e-01
2.305842105788388219e-01
2.274120088002206108e-01
2.296281799150285685e-01
2.242533399736236777e-01
2.168654520005595110e-01
2.187142508232197691e-01
2.275579241726024271e-01
2.431569145020533729e-01
2.633255423036208742e-01
2.767943359536343961e-01
2.872410564648367748e-01
2.996401680422556280e-01
3.114065756800045159e-01
3.177318047341896046e-01
3.173733383971347188e-01
3.178770486888562452e-01
3.206736295440839601e-01
3.231072256821807542e-01
3.299292635005699470e-01
3.431772289690862010e-01
3.531243374171467719e-01
3.581401565966137457e-01
3.597378437814336416e-01
3.568055892854825606e-01
3.540336302357203202e-01
3.507913383596247270e-01
3.514943331820888917e-01
3.621998139972039121e-01
3.802873708092530114e-01
4.034901443841078517e-01
4.244989929292961039e-01
4.331297561529839912e-01
4.245631890269322417e-01
4.040420008163628784e-01
3.385119099668848497e-01
2.123708558883926345e-01
1.272096434055554337e-01
1.309026223458293336e-01
1.750999852676051183e-01
2.077164805571974082e-01
2.108653700046297930e-01
2.324246742284518108e-01
2.897292200651009342e-01
3.532546343681838286e-01
4.006980693893051892e-01
4.252415775011575416e-01
4.148460253019101152e-01
4.118811064261228561e-01
4.502103501086760495e-01
4.980261070255184164e-01
5.407084017470752402e-01
5.832825811745155908e-01
6.221509982999803290e-01
5.839273905072991377e-01
4.645438036197558906e-01
4.106225908051073237e-01
4.517149867107443928e-01
5.054010832416766519e-01
5.540025583021783717e-01
6.072594218968865309e-01
6.629598367202494957e-01
7.112620681637410458e-01
6.838672851459753899e-01
5.119861413436863629e-01
3.977927901918166254e-01
4.428329093296621277e-01
5.267849185846278370e-01
6.051568811997398711e-01
6.746178770463402419e-01
7.398109271194327485e-01
7.967315488966904002e-01
8.332379670746787870e-01
8.539746045628345827e-01
8.697731174222484984e-01
8.779694815630005866e-01
8.826824590544340987e-01
8.853338060593193282e-01
8.852218046837615484e-01
8.875081407754290552e-01
8.969099213343346699e-01
9.118783068224283195e-01
9.316260892452746800e-01
9.544916720181720882e-01
9.783117314826917932e-01
1.007855752335546695e+00
1.038835384099102033e+00
1.065231118708529268e+00
1.089555082953932885e+00
1.114215568135521695e+00
1.137876821083388501e+00
1.160207439060274348e+00
