-1.523520560613201180e+00
-1.520904483248435302e+00
-1.510180055324998438e+00
-1.554041523683843629e+00
-1.533076286957237855e+00
-1.539224255144395315e+00
-1.523242920132053868e+00
-1.521641326143276185e+00
-1.518790982472130402e+00
-1.514136926883042022e+00
-1.507352817649572962e+00
-1.497993449981434688e+00
-1.490128284921964585e+00
-1.484768292496019937e+00
-1.475976471864443695e+00
-1.462422438092383148e+00
-1.443286889156832231e+00
-1.418161575694080190e+00
-1.386757658412566041e+00
-1.345377259153669680e+00
-1.295295095664649843e+00
-1.204686281149980775e+00
-9.805607957795183793e-01
-6.966033284629320477e-01
-4.389220257852720075e-01
4.414933559616773806e-01
-5.750032583963329280e-01
-1.069146860319887260e+00
-1.144254502572651377e+00
-1.132566548835720610e+00
-1.064055798949603560e+00
-8.452909749204138290e-01
-2.561657473716467681e-01
-1.402458365801208195e+00
-1.495684728709095079e+00
-1.503357796167964056e+00
-1.499434845310860798e+00
-1.493758469961050661e+00
-1.486679372483626249e+00
-1.478718257789507273e+00
-1.473831688300721865e+00
-1.468826181539968356e+00
-1.459721073988052620e+00
-1.443271533910309490e+00
-1.413973390929668561e+00
-1.365745473884128813e+00
-1.329812352405735698e+00
-1.329074248305601724e+00
-1.318745260598604752e+00
-1.282347330962868792e+00
-1.208788400266221696e+00
-1.092177353698873477e+00
-1.136353820110745927e+00
-1.360089619354260426e+00
-1.410838539485261833e+00
-1.401072155550265430e+00
-1.370633054345873791e+00
-1.330780304873347752e+00
-1.291387897654872940e+00
-1.230675739950561676e+00
-1.125617735807121989e+00
-9.640310352215313294e-01
-1.008200566073567783e+00
-1.179807606185263147e+00
-1.209650456518646555e+00
-1.119199195288426818e+00
-8.511106184167742672e-01
3.344104312374183152e-01
-4.448371243071020942e+00
-2.455183876725114178e+00
-2.307915700678635496e+00
-2.384516146329748842e+00
-2.296365705368296428e+00
-2.146662462975251984e+00
-2.073262852327725003e+00
-2.035054472310549478e+00
-1.976484186037108071e+00
-1.909117323840702207e+00
-1.880926495712249569e+00
-1.915807817209114861e+00
-1.943486168841569661e+00
-1.917187701578643155e+00
-1.912669389503730111e+00
-1.923591676733143352e+00
-1.903887180268207802e+00
-1.865804241890048232e+00
-1.816082184501735641e+00
-1.768569861446502411e+00
-1.739859081266541985e+00
-1.719152289068789141e+00
-1.701478764156076906e+00
-1.687313323643521823e+00
-1.679977987970090236e+00
-1.679662013764617878e+00
-1.677079053297980682e+00
-1.667593646547401276e+00
-1.656019055598797252e+00
-1.643737856970302502e+00
-1.630449796786671790e+00
-1.619779376100876078e+00
-1.612542513835138358e+00
-1.607847864522793380e+00
-1.605415809752697154e+00
-1.603505623151098680e+00
-1.602065188619343994e+00
-1.599526425018296560e+00
-1.593569241510009338e+00
-1.585440571718415681e+00
-1.575821640094023479e+00
-1.567379069053109308e+00
-1.562210157360275575e+00
-1.560527137720371327e+00
-1.561749833481731908e+00
-1.586918589206477659e+00
-1.427409184745531245e+00
-1.488257690114135112e+00
-1.486797344309803037e+00
-1.473483734695262726e+00
-1.459427553465807659e+00
-1.459246382758306648e+00
-1.448623210254261107e+00
-1.385459195613814032e+00
-3.391970262601693431e-01
-1.791513791417231438e+00
-1.684663301201630992e+00
-1.722967895754764500e+00
-1.752202991913047070e+00
-1.637350585549490312e+00
-1.588943944780778939e+00
-1.567923110042527268e+00
-1.554656462826712549e+00
-1.545354751265535898e+00
-1.543706120220781575e+00
-1.561215040147641453e+00
-1.614851869929586847e+00
-1.562885007881609223e+00
-1.543096225168651525e+00
-1.534211583822164382e+00
-1.528166804892745256e+00
-1.523597574895954487e+00
-1.519785765327255067e+00
-1.514652796550013836e+00
-1.494690383305964376e+00
-1.343619205242363890e+00
-1.453867995113022449e+00
-1.490959476344047907e+00
-1.499905227549794384e+00
-1.502113940073297460e+00
-1.502316143940835236e+00
-1.501867919060771328e+00
-1.500345473831725229e+00
-1.497953336569465055e+00
-1.495060879207856575e+00
-1.491505647514132615e+00
-1.487712585817789090e+00
-1.483729738220521011e+00
-1.479391899227531670e+00
-1.475354001219982170e+00
-1.472340972946018178e+00
-1.470278148285747211e+00
-1.468778076751678707e+00
-1.467468146401738061e+00
-1.466072490971926712e+00
-1.465232180497968884e+00
-1.464531052616860674e+00
-1.463471979189202132e+00
-1.462330600326852803e+00
-1.461129524717070804e+00
-1.459708402352905221e+00
-1.458055550241561082e+00
