-9.716127124802921219e-03
6.489501983043176325e-03
4.776027849280150422e-02
2.294896320598528022e-02
1.859710985755877455e-02
-4.205872542144233062e-02
-7.889106024341735468e-01
-9.580713941563833158e-01
-1.837447896105609546e-02
3.235457794538695864e-01
3.309019884559761815e-01
2.413507542275442619e-01
-9.667227709173462080e-02
1.712148869098858994e-03
7.497168928907657626e-02
1.024667078131222819e-01
8.267898867633656501e-02
6.338565799967002534e-02
4.434039929533932500e-02
4.229921837140240837e-02
1.795591327931417985e-02
6.378753036978035418e-02
4.087060588396974198e-02
-1.458617023113721600e-03
1.582510868845259447e-02
2.537651624233369652e-02
-8.899983046140549914e-02
-3.683103040904044806e-02
1.233661182990536224e-02
2.865495103347254213e-02
4.590967142799549927e-02
6.149122422052706594e-02
3.741032219557967331e-02
-9.122044341633386288e-01
-2.518243805804683433e+00
-9.105297264395639800e-02
4.025422001323218923e-01
1.669041999508588670e-01
3.618637603432167116e-01
5.413857246955744440e-02
-1.969273460856829083e-01
4.300341180584632550e-02
1.830250788364541914e-01
3.882116263670487566e-01
3.746728916160310674e-01
2.881251465279184854e-01
-1.753072892575426867e-01
-1.105966056641499995e-01
2.129762126503565584e-02
1.518337542267358675e-01
1.549206361009340949e-01
1.164714978172222137e-01
-3.020803892939020741e-01
-1.237907273957649767e+00
2.684643479777570896e-02
3.600557767900195438e-01
3.803441136562032976e-01
1.836383337500414881e-01
1.216981889751568846e-01
1.919252210662960589e-01
1.549746695031503085e-01
1.175139878218739165e-01
-2.598974328637233544e-01
-2.538409167565672253e-01
1.354860413802588537e-01
2.586844542362577992e-01
2.511897168224449528e-01
2.226186193541491443e-01
2.024744797228800186e-01
1.234358458787216395e-01
-5.639141402533129344e-02
-1.163606305573366972e-02
9.595251981210117798e-02
1.174001064442157793e-01
5.724801052179548377e-02
7.307581511631691673e-02
1.220522726639091671e-01
1.428520442428013182e-01
3.769831388138766837e-02
-5.018198038544094408e-02
9.192064580370867821e-02
7.898585659672269221e-02
1.166869957441585282e-03
4.002483286024688391e-02
1.160164022634227743e-01
1.211156286753249101e-01
1.918123990620115848e-01
1.760714474957915665e-01
1.043092491388397935e-01
1.375120707496966244e-01
1.280726884010292832e-01
1.292391284249266026e-01
5.783499079141216082e-02
4.144799356738693152e-02
9.426534028858610248e-02
1.162932719504162493e-01
1.113642755522151195e-01
1.600696746894624267e-01
1.822404958571959832e-01
1.171468170746528537e-01
1.047303030313853633e-01
6.475820179221680739e-02
4.401922424330209638e-02
6.877335051181573955e-02
4.302177673711204964e-02
1.164740572025955156e-01
1.733687703663812363e-01
2.070416569215786651e-01
2.516885650728343804e-01
1.826075618119596955e-01
5.973648379927437579e-02
-7.012502055986546967e-02
-9.485317442568766411e-02
-7.100513989483631105e-01
-9.902582068590477515e-01
-6.911517460720964512e-02
3.569672934732731617e-01
4.336641658816951517e-01
7.985102090652514140e-02
-7.580383067483378867e-02
3.301036406265905887e-01
4.711371329353138959e-01
3.968308137834021254e-01
2.159472295148046339e-01
8.972097200661161009e-02
-2.346608365312717881e-01
2.256100723645567130e-01
4.302179989292864715e-01
3.686431912596799254e-01
3.381752306586823242e-01
3.784674278909533340e-01
3.240333425896445019e-01
-7.233690295114223456e-01
-8.508445354848669373e-01
3.473955222627801986e-01
6.134553020925378464e-01
4.373952738117474204e-01
4.410906282353363461e-01
4.769945563983366554e-01
4.858934953640654530e-01
3.808457705028225337e-01
-6.272329081693130970e-01
-1.691403233585144772e+00
3.300753672744336509e-01
8.045402589962269424e-01
7.744124139254042749e-01
6.186583844480868510e-01
5.366876666898443560e-01
5.257127942781179009e-01
5.030528194141589138e-01
3.067622346439534686e-01
3.006438958941592965e-01
2.556064659260597338e-01
1.957014572653396067e-01
2.329364154529068864e-01
1.945027895194035850e-01
1.952674568330828864e-01
2.573050585419254244e-01
3.395214014546870107e-01
3.684643983882189833e-01
4.163991591356781541e-01
4.060235356922339278e-01
4.148222334419831014e-01
5.061343025152773567e-01
4.597682628403466643e-01
4.589647543941909325e-01
4.178596727327711369e-01
4.110648819329810744e-01
4.146884128275716286e-01
4.363472138033982484e-01
4.644965942428060934e-01
4.829337012488832404e-01
5.001018522035353131e-01
4.998440503155200387e-01
4.912343909379129903e-01
4.741603509883383083e-01
4.622635288162471046e-01
4.555984415201990156e-01
4.643551703470134573e-01
4.657439309088242663e-01
4.740106745862244786e-01
4.882541911331150786e-01
5.076027988171150085e-01
5.373879337441496151e-01
5.718839329027083362e-01
5.695948507329775534e-01
5.807001166180583152e-01
5.626784866535192720e-01
5.667211870052197842e-01
5.517273087297784873e-01
5.447010684650297474e-01
5.447787388592868485e-01
5.579258619605620417e-01
5.740629750465866543e-01
5.936026284069080283e-01
6.272254366395944025e-01
6.420327939313115184e-01
6.567555259399211476e-01
6.487138750557492894e-01
6.257495854133650059e-01
6.028274872376948590e-01
5.990203927198509692e-01
5.981395271146847659e-01
6.017128980864518972e-01
6.170567488092089103e-01
6.411602144687822413e-01
6.619942389723203480e-01
6.569289362009580469e-01
6.578799333938816218e-01
6.589452853544119915e-01
6.409642617670991971e-01
6.314313491968468472e-01
6.282542974535543223e-01
6.344891630069640076e-01
6.415734646950992381e-01
6.531634770690406544e-01
6.795319704037270370e-01
6.952489828364469826e-01
6.978746240893716202e-01
6.850282649563477211e-01
6.696267626630227898e-01
6.554166560059564439e-01
6.556986394973756127e-01
6.577347092857808164e-01
6.559594545307729785e-01
6.602542663260464462e-01
6.625131653447229318e-01
6.731705180231095653e-01
6.893605447186701429e-01
7.013960169804556166e-01
7.054185379629192010e-01
6.989164046779348105e-01
6.929855088910052974e-01
6.785650623719765573e-01
6.752035332165904347e-01
6.605582760480288584e-01
6.582832835325227450e-01
6.648588632014356126e-01
6.706248158835124151e-01
6.859479087417037491e-01
7.046095272980561486e-01
7.084205163434234009e-01
7.161880845207333479e-01
6.916268824278219984e-01
6.665849921590911720e-01
6.535987631570685519e-01
6.419948143912799221e-01
6.441459057713936343e-01
6.448558976712197577e-01
6.573015462110338714e-01
6.746700019193920816e-01
