-6.229419299981874122e-04
-6.706847538000768874e-04
2.791425358417955627e-03
6.560975398106634604e-03
8.422609561180261287e-03
6.030725068852337695e-03
-4.724324791045986238e-02
-1.465475658026074712e-01
-1.863434772197345990e-01
-1.513987373610146125e-01
-1.013449316947401535e-01
-6.113847161390432300e-02
-5.073540867438186552e-02
-5.269283373413917448e-02
-4.438300586373951362e-02
-3.104058025186771930e-02
-1.856719206624764251e-02
-9.350832195357984891e-03
-3.058547106369660477e-03
1.657729724378502641e-03
4.392889645960813133e-03
8.613461285590810756e-03
1.350228192463781562e-02
1.409512831247722482e-02
1.355060360232478861e-02
1.462563768251139498e-02
8.808712062204425430e-03
7.695968432476999604e-04
-6.617854078725274401e-04
1.652138573941597200e-03
5.712808993948396453e-03
1.133647176456106971e-02
1.577957086869924419e-02
-4.228664267105608499e-02
-2.488503323684703450e-01
-3.678274605180871237e-01
-3.168716659027703830e-01
-2.603553286910115228e-01
-2.092894523546363905e-01
-1.720812493280586275e-01
-1.704228419764727831e-01
-1.666826555114815089e-01
-1.414122851236997436e-01
-9.764632536694645149e-02
-4.745441418227499403e-02
-7.579342119411774936e-03
-5.072401380603575385e-03
-2.290255509690003466e-02
-2.705604055204053476e-02
-1.539567624734597406e-02
2.432688166869510088e-03
1.649725790079081822e-02
5.956018490145369160e-04
-9.608320265535091886e-02
-1.531895524075932713e-01
-1.171542410086560682e-01
-6.570151627729337029e-02
-3.036295690791248475e-02
-1.237815216980106547e-02
5.493933729927940463e-03
2.341701904000745987e-02
3.564634090295278057e-02
2.084818754025023757e-02
-1.219384245498763425e-02
-1.706857417633006815e-02
6.982592413051387503e-03
3.496192003785755786e-02
5.837146379355094561e-02
7.713033172250995106e-02
8.835833920360590399e-02
8.311546252118340306e-02
7.182212871315152292e-02
7.089058435276139603e-02
7.717360095429579014e-02
8.023354533778673248e-02
8.090555671309000718e-02
8.556833877968154922e-02
9.383029369827269872e-02
9.582174846726779216e-02
8.650844990967485049e-02
8.251082618598810925e-02
8.561590024898939333e-02
8.279074471171943284e-02
7.859465164616052935e-02
8.172396708603273108e-02
8.896849943630742719e-02
1.004325280924393271e-01
1.137382304449887777e-01
1.205759983230662302e-01
1.252822278065739148e-01
1.308855859250586118e-01
1.357066688483933026e-01
1.357213148930070945e-01
1.310013378210736767e-01
1.292935676636764730e-01
1.320133634858186855e-01
1.354056976007897428e-01
1.414315667721567915e-01
1.510311862462419275e-01
1.569110512683341008e-01
1.581513442949761261e-01
1.561883354369782984e-01
1.510434121661030360e-01
1.469033731597908510e-01
1.428347986519406254e-01
1.424889591364070229e-01
1.497565006983251068e-01
1.616259628332956111e-01
1.772119214896553940e-01
1.895353801561202312e-01
1.894204408512610294e-01
1.746365132540858567e-01
1.527624101376516552e-01
9.204888467309596534e-02
-1.422091840390458939e-02
-6.752812530030068150e-02
-4.056519730858068606e-02
1.105203284505668765e-02
3.937855650341746949e-02
3.653443643542880759e-02
5.184273901631993725e-02
9.657975575572448623e-02
1.403570783096659003e-01
1.651213103910945390e-01
1.704305137878290854e-01
1.481342307703051031e-01
1.402589213355154019e-01
1.707584666578516042e-01
2.056244782365327928e-01
2.324553957883424560e-01
2.582440548060629393e-01
2.808086459154991998e-01
2.317408842293790516e-01
1.233048787250738548e-01
9.422330362569189544e-02
1.480241073391351803e-01
1.997084655250085661e-01
2.378622606090648184e-01
2.755225564966840568e-01
3.128075834859396220e-01
3.410660077302266058e-01
2.971486709289598016e-01
1.355632757983278314e-01
6.090189954026516139e-02
1.300284461419611015e-01
2.158601883181912595e-01
2.826566095954200497e-01
3.305395142351625348e-01
3.698020477433059394e-01
4.042524821563314719e-01
4.225411613742274808e-01
4.289828437784927173e-01
4.321384720519352296e-01
4.291649791286517579e-01
4.259501313901680186e-01
4.227616543744040500e-01
4.180379201431901892e-01
4.178977002503244109e-01
4.264791913771259768e-01
4.406992634213287019e-01
4.584998999433657074e-01
4.768993303124336447e-01
4.940217482140840666e-01
5.163225154057493604e-01
5.389408206157054737e-01
5.574793864722280556e-01
5.721557103312863157e-01
5.833559164472338354e-01
5.938573115018059845e-01
6.054079801636804703e-01
6.192788984945912789e-01
6.349911486817878536e-01
6.517990576141494685e-01
6.684404680875606353e-01
6.834836455818965595e-01
6.960899499923796085e-01
7.063514275934009712e-01
7.150718825007631452e-01
7.236365697870277280e-01
7.323930856309613935e-01
7.413655213339952477e-01
7.512814941375174360e-01
7.627056325770575906e-01
7.764549006170754497e-01
7.931988641365030901e-01
8.105920156523790387e-01
8.275061620289496656e-01
8.428488898631120163e-01
8.566317712029608566e-01
8.689448918376126985e-01
8.794080448392399552e-01
8.890519699247014795e-01
8.991514913209635029e-01
9.105454819500251595e-01
9.234977796732013466e-01
9.389643750987192172e-01
9.562848194050275197e-01
9.743133833654020748e-01
9.915477149142430946e-01
1.005906173141775772e+00
1.016853344081977362e+00
1.025904035757609245e+00
1.034408680894040700e+00
1.042837604983389843e+00
1.052176685082489183e+00
1.063529046747511586e+00
1.076979516035922568e+00
1.090524269149598213e+00
1.103179375358315006e+00
1.115360616867770327e+00
1.125898105001937877e+00
1.134462364990115768e+00
1.142074384846793134e+00
1.149746278299347280e+00
1.158017928018440834e+00
1.167166574552500613e+00
1.178304384001992444e+00
1.191369251034845700e+00
1.204802390872816931e+00
1.216900830828494540e+00
1.226804926300314236e+00
1.234646269381737049e+00
1.241587151282633084e+00
1.248575726856252954e+00
1.255445599324754191e+00
1.262387004175179683e+00
1.269582404632591421e+00
1.277438377084977983e+00
1.286700495359221375e+00
1.297280053238694109e+00
1.308338377783544004e+00
1.318745285688847968e+00
1.328043302104247481e+00
1.335817628236068089e+00
1.342454144201774113e+00
1.347908094106501364e+00
1.352464036957090610e+00
1.357414032766920853e+00
1.363132999756812902e+00
1.370120120455316837e+00
1.378990224910168205e+00
1.388813893489848184e+00
1.398985323898229716e+00
1.407625093441743136e+00
1.413122577772560451e+00
1.416493842689878768e+00
1.418637169762903216e+00
1.420595005324198912e+00
1.423006133158220443e+00
1.426495975570396313e+00
1.431907059896492029e+00
