-4.096375240068697167e-06
-2.469162011357005620e-05
-4.770265701070229743e-05
-4.964538578468993628e-05
-3.574403122609870123e-05
-1.943777453558143741e-05
-1.303472660455736777e-04
-7.849439194220059462e-04
-2.074816307939249347e-03
-3.527931819438155127e-03
-4.821087413170299998e-03
-5.864764605289036516e-03
-6.707359006395807038e-03
-7.500495374440157084e-03
-8.232881246948159024e-03
-8.858665985549738983e-03
-9.359785162054871932e-03
-9.745384972365607468e-03
-1.003468814954799893e-02
-1.024660038558229506e-02
-1.039365338975138491e-02
-1.048920039005781131e-02
-1.052148951760907558e-02
-1.050607931385650305e-02
-1.047160958199853421e-02
-1.041970324158859179e-02
-1.036180282469315386e-02
-1.035182613418020488e-02
-1.037830374892878549e-02
-1.041130052495668583e-02
-1.043405676146403130e-02
-1.043172299411925137e-02
-1.039438244049100714e-02
-1.045591440062850624e-02
-1.132028393537459418e-02
-1.365236359224636375e-02
-1.644599104378893437e-02
-1.913384887768066964e-02
-2.164987328442305112e-02
-2.390141835423878480e-02
-2.600773773197078906e-02
-2.808881606745370144e-02
-3.004101308199148487e-02
-3.173300220413496214e-02
-3.303525709587656900e-02
-3.392940049220241616e-02
-3.451840281674558447e-02
-3.505102064727993322e-02
-3.557096430171328288e-02
-3.601655723807111603e-02
-3.632038396421547605e-02
-3.647246131510806233e-02
-3.654904945561062574e-02
-3.690037401311532794e-02
-3.791885714731609014e-02
-3.909278340221475356e-02
-4.007987137332498506e-02
-4.080801303532910485e-02
-4.135105095883528231e-02
-4.174130552868327015e-02
-4.195696243775211276e-02
-4.201667185790332326e-02
-4.199694466368466411e-02
-4.210429470443537159e-02
-4.235775617436440821e-02
-4.255646363155613648e-02
-4.258117458930807397e-02
-4.241352088362305289e-02
-4.206573525936076891e-02
-4.155774722265950100e-02
-4.095244894815339154e-02
-4.035790579461437377e-02
-3.976957200871631543e-02
-3.914014700426174387e-02
-3.846530823448094522e-02
-3.777042741840381385e-02
-3.705181314447822394e-02
-3.628531391036617093e-02
-3.547181900548770916e-02
-3.467487896679326970e-02
-3.394154936111564574e-02
-3.321373103754494960e-02
-3.247759388160748745e-02
-3.176303436703946381e-02
-3.105868709590400151e-02
-3.033099563590910958e-02
-2.956084331998235643e-02
-2.871526286686661503e-02
-2.779804064798961985e-02
-2.683404856369391023e-02
-2.582454653875623785e-02
-2.477835322649134947e-02
-2.370925927384420068e-02
-2.265880743355045204e-02
-2.164044497321756383e-02
-2.062499254096448673e-02
-1.958389946840458432e-02
-1.850899873285492478e-02
-1.738266450634483665e-02
-1.619862614617766788e-02
-1.498304392328628047e-02
-1.376387648851371340e-02
-1.257070082163041363e-02
-1.142314209536808914e-02
-1.032110093313932941e-02
-9.268106444477603942e-03
-8.229793506104619155e-03
-7.167345466797757879e-03
-6.045732335193894184e-03
-4.835295140341997443e-03
-3.577031193302508162e-03
-2.364429853602439523e-03
-1.293044148307281741e-03
-4.861536497859831772e-04
-3.148002020995875616e-04
-9.063428399723407912e-04
-1.799633369456026021e-03
-2.621463465298720652e-03
-3.266016628758660646e-03
-3.875710476881492287e-03
-4.505604101396884671e-03
-4.955438945392879810e-03
-5.096181741306590740e-03
-4.956341649770274436e-03
-4.644810560574252900e-03
-4.294468568009159742e-03
-4.040984072659495677e-03
-3.699042191918280355e-03
-3.117824262965948438e-03
-2.293187975363444441e-03
-1.238225865995455600e-03
5.716802204002889229e-05
1.431152518393362947e-03
2.311250205888488920e-03
2.611074631994537987e-03
2.908234555296795951e-03
3.489964499338134990e-03
4.349150594239303141e-03
5.491399835477178866e-03
6.947852155762626776e-03
8.719664120351026254e-03
1.061252093379998901e-02
1.193525431748594309e-02
1.224573225075944148e-02
1.241528198291193263e-02
1.295772468413837648e-02
1.398500643796725396e-02
1.545563501362695082e-02
1.730585867269959430e-02
1.952459420526542894e-02
2.208801323207377348e-02
2.488200358391913850e-02
2.783795741533093976e-02
3.087846505559902269e-02
3.394104793125346520e-02
3.701092139159490452e-02
4.005428139086072287e-02
4.306262816582569208e-02
4.608068607130371558e-02
4.917426367714615443e-02
5.238781369755386719e-02
5.574868789563024868e-02
5.926074423919110157e-02
6.293543480114206778e-02
6.682107767261355469e-02
7.090311594216061608e-02
7.517507445169627212e-02
7.963497305184581709e-02
8.427827720055285077e-02
8.908391854062741588e-02
