-2.099753595902531966e+00
-2.095999163240171992e+00
-2.101803956176370836e+00
-2.098659570057557211e+00
-2.096160795074172523e+00
-2.091010910086758212e+00
-2.101938050707926386e+00
-2.098956854027009822e+00
-2.096245780182846907e+00
-2.091972802595218006e+00
-2.085325406250384095e+00
-2.075190150105608033e+00
-2.066769304039286936e+00
-2.061932702584493349e+00
-2.052210018676491110e+00
-2.034538500891893253e+00
-2.004618377201177193e+00
-1.954466217100590208e+00
-1.862970542207075697e+00
-1.636026862085580014e+00
-6.729534493634845571e-01
-3.193572045421325889e+00
-2.472502284997879052e+00
-2.387432757241489512e+00
-2.359826051299997118e+00
-2.322500717945270132e+00
-2.390753921097577006e+00
-2.818880420570476275e+00
-3.469557021127905649e+00
-3.020293077393999326e+00
-2.584374328211161753e+00
-2.372811726443065261e+00
-2.291459380112373712e+00
-2.000505748229809200e+00
-2.084565682967924882e+00
-2.087823255235166986e+00
-2.083713425971263078e+00
-2.078181662285302433e+00
-2.071158800308949832e+00
-2.063087641979430842e+00
-2.058439898044157612e+00
-2.053632861654392183e+00
-2.043956263962483977e+00
-2.024091306999205919e+00
-1.979908479486626627e+00
-1.870130180803413422e+00
-1.769830441976310675e+00
-1.814624422530737746e+00
-1.806370299252054279e+00
-1.677397425528499131e+00
-9.448629035943452159e-01
-4.271523748832418477e+00
2.787617940290066265e+00
-1.950557490240462100e+00
-2.011843810885207695e+00
-1.996257856429464628e+00
-1.946067416797088390e+00
-1.850442728182849716e+00
-1.693644428860427098e+00
-1.026639569313389844e+00
-3.674733954895748944e+00
-2.630984832674529983e+00
-2.790684889685731029e+00
-2.676955629811539339e-02
-1.091278458275489749e+00
-4.543215913198560330e+00
-2.525882806224320820e+00
-2.334659621808573338e+00
-2.264615897919322052e+00
-2.232565359676448757e+00
-2.226302305698421247e+00
-2.231036130664940664e+00
-2.226522924965177008e+00
-2.214231411738269983e+00
-2.205484467153679962e+00
-2.199487590989502195e+00
-2.190843906797466545e+00
-2.180284193038862117e+00
-2.173750262741217743e+00
-2.173804641675462168e+00
-2.172265814851844556e+00
-2.166789882909233356e+00
-2.164130782516046736e+00
-2.162541666066433166e+00
-2.157505925328965457e+00
-2.150529048512367591e+00
-2.142492505196839758e+00
-2.134681223103331860e+00
-2.128871244993076672e+00
-2.123900030297871666e+00
-2.119135224645916971e+00
-2.114727702098893047e+00
-2.110811716988806985e+00
-2.107216206662673841e+00
-2.103559464434993753e+00
-2.099879539562905073e+00
-2.096284959373829970e+00
-2.092878395441999828e+00
-2.089777570754210778e+00
-2.086653211687781173e+00
-2.083326048288180132e+00
-2.079746416905877027e+00
-2.075766597275320979e+00
-2.071724759855661624e+00
-2.067548628280391210e+00
-2.063844557154021597e+00
-2.061559602092448706e+00
-2.060331318086550123e+00
-2.059897982334661481e+00
-2.059042879913790536e+00
-2.056264195143170603e+00
-2.050666679696632411e+00
-2.042363145695582638e+00
-2.016568779755870899e+00
-1.823244715369338742e+00
-2.708037079570944528e+00
-2.835105473499432094e+00
-1.393252272461296792e+00
-1.799505028331742862e+00
-1.796154363004176968e+00
-1.871020394299772960e+00
-1.967796596398579734e+00
-2.007808094816898148e+00
-2.021969655698171220e+00
-2.024993550955523247e+00
-2.016714180024045788e+00
-2.011176101957220741e+00
-2.020599461429545940e+00
-2.029552244616037004e+00
-2.034678707620849458e+00
-2.038386872974467412e+00
-2.040697663063308021e+00
-2.030365373715505850e+00
-1.992606037610865410e+00
-1.962259978985584130e+00
-1.984756143840149978e+00
-2.003289406033574416e+00
-2.013799430917454281e+00
-2.021989000529460956e+00
-2.028286686000065231e+00
-2.031815587703808657e+00
-2.023476094671610603e+00
-1.972813332006717157e+00
-1.893137234045442652e+00
-1.935899967459407067e+00
-1.978545444446637713e+00
-2.000592157962869599e+00
-2.012176847528191370e+00
-2.019354051121888816e+00
-2.024106092740620255e+00
-2.025672813479953760e+00
-2.025072509150203093e+00
-2.023609713896823870e+00
-2.021021567414726050e+00
-2.018050307865995485e+00
-2.014853118061971315e+00
-2.011237485658709634e+00
-2.008128361711791321e+00
-2.006349964730331781e+00
-2.005604308724838081e+00
-2.005551664819404944e+00
-2.005711084448720705e+00
-2.005730353126265353e+00
-2.006392001808876557e+00
-2.007088296141637418e+00
-2.007212148240721916e+00
-2.006790550996475631e+00
-2.005850993194718601e+00
-2.004718523736813474e+00
-2.003616958968989614e+00
-2.002724302021617220e+00
-2.002018374707366544e+00
-2.001424825891890524e+00
-2.000809094104877950e+00
-2.000010034527971214e+00
-1.998927798855411275e+00
-1.997556282662631411e+00
-1.995970534613962011e+00
-1.994314508223314908e+00
-1.992645677395135095e+00
-1.990980124688362052e+00
-1.989405056138478178e+00
-1.987994497897128010e+00
-1.986845866080550138e+00
-1.986040324290791803e+00
-1.985353720001274969e+00
-1.984645794140770025e+00
-1.983796089721566069e+00
-1.982776599854698674e+00
-1.981591570099437760e+00
-1.980194002200619696e+00
-1.978676612151521130e+00
-1.977167568138737508e+00
-1.975767038233998019e+00
-1.974519845624853831e+00
-1.973529000938152755e+00
-1.972750314533963323e+00
-1.972071417175982111e+00
-1.971344792371556354e+00
-1.970359738620261814e+00
-1.969037480032553411e+00
-1.967489775612254466e+00
-1.965841240286084091e+00
-1.964147682571013576e+00
-1.962512998645923101e+00
-1.961059782912354166e+00
-1.959821529488193548e+00
-1.958632297022153690e+00
-1.957386606404219354e+00
-1.956107555730073999e+00
-1.954684961921247854e+00
-1.953068430603132954e+00
-1.951337697834469420e+00
-1.949586567778906376e+00
-1.947878478954851778e+00
-1.946252936113291643e+00
-1.944824512614104828e+00
-1.943610690233702920e+00
-1.942477138156591510e+00
-1.941257156689399910e+00
-1.939846141347929986e+00
-1.938231236999039986e+00
-1.936502410057101775e+00
-1.934752172086138700e+00
-1.932977856159021623e+00
-1.931202327398653606e+00
-1.929451238817140091e+00
-1.927768527873598536e+00
-1.926235475360283056e+00
-1.924859610042508384e+00
-1.923569081078686294e+00
-1.922251763161725524e+00
-1.920846599506847774e+00
-1.919299945731614665e+00
-1.917629921861226716e+00
-1.915829594423008153e+00
-1.913916852386320144e+00
-1.912018315042422145e+00
-1.910188563520528238e+00
-1.908491087002593067e+00
-1.907005138520004639e+00
-1.905659772284936881e+00
-1.904391825001919392e+00
-1.903014110831615868e+00
-1.901333420861710088e+00
-1.899410069663240330e+00
-1.897320349961472585e+00
-1.895167411911104827e+00
-1.893033347566182245e+00
-1.890999182341235096e+00
-1.889176457940501708e+00
