-1.009062692016120949e-02
6.222628825419647576e-03
4.961128629596426448e-02
2.638135702839948526e-02
2.218678437762337807e-02
-4.082735171073414299e-02
-8.197062439516248356e-01
-1.037228192328425891e+00
-9.743912898961326619e-02
2.842322726060497740e-01
3.272788359670942837e-01
2.576133733824956806e-01
-8.307549864549768071e-02
7.835358548659826505e-03
8.185413504285699027e-02
1.129705633750235638e-01
9.554533103503036473e-02
7.648334086620012240e-02
5.631177071717009819e-02
5.292657794320847209e-02
2.671822659171465414e-02
7.242209604901905795e-02
4.983413693482158235e-02
5.441099091391912723e-03
2.085977925288356322e-02
3.005924873003161524e-02
-8.868348436912873445e-02
-4.056203931312676869e-02
9.349660418309915441e-03
2.816643193571383846e-02
4.816580469826269029e-02
6.661395392000113436e-02
4.390313470404304252e-02
-9.421046034997569985e-01
-2.660440946495543635e+00
-2.578253963362445722e-01
3.073544133974983605e-01
1.229437830787327712e-01
3.519600213646842390e-01
5.994811457110377217e-02
-1.992947360671170065e-01
3.749983264943795858e-02
1.876594969715544292e-01
4.112795468823252643e-01
4.149617663897737785e-01
3.358637418013104003e-01
-1.430378846556732142e-01
-9.893309704072168753e-02
2.652000762162323722e-02
1.616374229313294053e-01
1.714985933730254763e-01
1.360475153584409513e-01
-2.977762877425640387e-01
-1.291384354023110914e+00
-4.175046494154005527e-02
3.301926462840282239e-01
3.857657636528509792e-01
2.049188379695879580e-01
1.453204070075695964e-01
2.180277523002537854e-01
1.832470824514129959e-01
1.447103735997576079e-01
-2.489984462684205480e-01
-2.639214288864790703e-01
1.269851827429567814e-01
2.669437263616293299e-01
2.735002581250713938e-01
2.527257509473979646e-01
2.360558505325074108e-01
1.556585616307927800e-01
-3.420688970544175089e-02
6.951996723644771059e-04
1.073097490003398491e-01
1.319906645924842081e-01
7.222235279264443975e-02
8.721264050893384745e-02
1.379822826799956548e-01
1.621299552960699664e-01
5.568206679123385849e-02
-3.939035303852531089e-02
1.010488529087353871e-01
9.054908391556745761e-02
1.094447121784875021e-02
4.794709819833839481e-02
1.267625291097496942e-01
1.360341109866180509e-01
2.123051583965040456e-01
2.015677717757522192e-01
1.298409065257515038e-01
1.623238249905468722e-01
1.529940972538856858e-01
1.540128999368911566e-01
7.979649737091448758e-02
5.894210470719057904e-02
1.104390660256615586e-01
1.339524630997471766e-01
1.304194006763055858e-01
1.817693210842686591e-01
2.078853672774460537e-01
1.434679181033474971e-01
1.291764447669931648e-01
8.610051438507895782e-02
6.142434106156705043e-02
8.399694591433107260e-02
5.653869154544238773e-02
1.309898991321276074e-01
1.927990689496368593e-01
2.325622469398621051e-01
2.838299121034372763e-01
2.176406426299014596e-01
8.996164969200021178e-02
-5.148613202612783990e-02
-8.834021537476516306e-02
-7.358076133687363463e-01
-1.065097337116083898e+00
-1.481802576793362636e-01
3.175738590507169445e-01
4.349565363177174682e-01
9.603753611500430443e-02
-6.594908054559113497e-02
3.471082658554123790e-01
5.096710442534660990e-01
4.504393904522530079e-01
2.702635062743835581e-01
1.345326619945914626e-01
-2.120685468160589116e-01
2.423899656873767794e-01
4.641107296779388713e-01
4.170319625749607240e-01
3.930520033318831707e-01
4.382488328051538651e-01
3.860399950815670556e-01
-7.018202765192724790e-01
-8.899912836738452793e-01
3.114935205464700041e-01
6.237256297363055202e-01
4.783116362083222328e-01
4.970451116625379528e-01
5.441899384294397457e-01
5.617387730369807208e-01
4.585086994436211039e-01
-5.902028504732088621e-01
-1.750174183973144615e+00
2.570869123797523415e-01
7.976713644200119635e-01
8.226209669386281842e-01
6.957123462881712461e-01
6.248895968701406733e-01
6.184143466384321997e-01
5.974994053477786782e-01
3.937054169439173634e-01
3.771431505536756434e-01
3.196681750770790087e-01
2.525323868820387174e-01
2.844218031306464667e-01
2.411735580106961763e-01
2.400041593047755883e-01
3.003688587606245797e-01
3.913044993622776246e-01
4.272069238418483295e-01
4.767901936551049991e-01
4.764313904255458310e-01
4.859181145528846946e-01
5.865129935095531044e-01
5.415596466516497953e-01
5.368549988378820137e-01
5.439618948447852986e-01
5.610551592470907067e-01
5.407152976081528450e-01
5.483692117451042236e-01
