-1.294781976024534229e-06
-6.740533749054558677e-06
-4.158409484253315327e-06
2.688042636511913771e-05
8.066759302470345922e-05
1.444650060281399081e-04
8.631902495842680282e-05
-5.131852245258877775e-04
-1.749056129802105397e-03
-3.151131747915926831e-03
-4.395533671025133975e-03
-5.390987490845334726e-03
-6.184968820047946104e-03
-6.929090252462676361e-03
-7.612816574449763479e-03
-8.189450608934440226e-03
-8.638851777706015381e-03
-8.970009369725142137e-03
-9.200440818884245836e-03
-9.347857800597211136e-03
-9.425646231574002359e-03
-9.447093607572893195e-03
-9.401723393396265935e-03
-9.305291430967888369e-03
-9.184570668312181177e-03
-9.041149855268507118e-03
-8.887975499530208212e-03
-8.778902208752084949e-03
-8.702640082413856323e-03
-8.629128839682583679e-03
-8.540307234895518421e-03
-8.420596337715812590e-03
-8.260339126629901232e-03
-8.194169856708011235e-03
-8.929355746862883969e-03
-1.113739584648120416e-02
-1.381704103356521871e-02
-1.640042166712859725e-02
-1.881764362725794892e-02
-2.097150346718422431e-02
-2.298038342585181915e-02
-2.496291546987097418e-02
-2.681647530323432588e-02
-2.840991756001932586e-02
-2.961158261070231251e-02
-3.039911470990123293e-02
-3.087417014876218946e-02
-3.128568408087935987e-02
-3.167648836168507342e-02
-3.198377507111747897e-02
-3.213719226917733512e-02
-3.212620750417586463e-02
-3.202796106140300830e-02
-3.219418955535174182e-02
-3.301960102282777698e-02
-3.399342668043168342e-02
-3.477115130485341349e-02
-3.527734468977636317e-02
-3.558154126134344120e-02
-3.571920273104844945e-02
-3.566870304714656742e-02
-3.544714020367142893e-02
-3.513404492789257844e-02
-3.493738313051489297e-02
-3.487727480987074663e-02
-3.475912118470743384e-02
-3.446566774570999914e-02
-3.397308137848684129e-02
-3.328990537715863229e-02
-3.243893224838492739e-02
-3.149116340675350151e-02
-3.055329274984177820e-02
-2.962952492460557696e-02
-2.866983841252206469e-02
-2.766094537267194120e-02
-2.662904256448303530e-02
-2.557048014515827736e-02
-2.445831809819687050e-02
-2.328956890672871302e-02
-2.212658157500433515e-02
-2.101421343842165695e-02
-1.990167902101445951e-02
-1.878849480976103881e-02
-1.770965386183052589e-02
-1.664777456816667056e-02
-1.555898095277479139e-02
-1.441749823477053195e-02
-1.318426709342591235e-02
-1.186258746337667640e-02
-1.048440552286594198e-02
-9.046474223563676781e-03
-7.552458897667142616e-03
-6.015582988771203156e-03
-4.478025711353199496e-03
-2.956800150845440185e-03
-1.430469385340711564e-03
1.163092272883576098e-04
1.690799459881194532e-03
3.320636699114938757e-03
5.016689473847957791e-03
6.748850116888298334e-03
8.494783347596936152e-03
1.022542834498337168e-02
1.192302266702373673e-02
1.358911718849071561e-02
1.522117005576173465e-02
1.685965008706660079e-02
1.855023962984374969e-02
2.032926796355719046e-02
2.222064608639823594e-02
2.418327537899415958e-02
2.612675744574820616e-02
2.795596284850475344e-02
2.954495037693785631e-02
3.052382978739900943e-02
3.075802273348541421e-02
3.070589399716686096e-02
3.074106786292590821e-02
3.097158983187010134e-02
3.125671001119194325e-02
3.154265901802610211e-02
3.203495734863422845e-02
3.286291020284085734e-02
3.400308074756721449e-02
3.534353803972612590e-02
3.674248863867465853e-02
3.805741793481388219e-02
3.947855942815127472e-02
4.115652561507636420e-02
4.309448113187101803e-02
4.527952891001107982e-02
4.771775883197834633e-02
5.024112534815717429e-02
5.227478933727001953e-02
5.371865332118001130e-02
5.515113834899471740e-02
5.686377160741389741e-02
5.885316702270342037e-02
6.113202131780353515e-02
6.373224207467380331e-02
6.665381410603689327e-02
6.970804756857215678e-02
7.220781874967448222e-02
7.368339182909726393e-02
7.500243886229743251e-02
7.668771198439425230e-02
7.884421981798057921e-02
8.143403133774056168e-02
8.441682865088646903e-02
8.777506838729633165e-02
9.146152927773811003e-02
9.535764806975953467e-02
9.940404170259722894e-02
1.035434220874047184e-01
1.077215233709412079e-01
1.119236958998101189e-01
1.161202363633062479e-01
1.203030783506936208e-01
1.245064748459743104e-01
1.287817529038134678e-01
1.331635067328648114e-01
1.376823999130558640e-01
1.423438438618931379e-01
1.471636088494872041e-01
1.521817304324694642e-01
1.573861557654391563e-01
1.627616573056677729e-01
1.682816638265253739e-01
1.739343412570171221e-01
1.797236601572372305e-01
1.856697708883708053e-01
1.917970414529686085e-01
1.981161692481245296e-01
2.046330997225022097e-01
2.113452378054985759e-01
2.182426217182079076e-01
2.253100005419873542e-01
2.325335179072727521e-01
2.399044826950586240e-01
2.474225337306107386e-01
2.550876281166007953e-01
2.629021570962445931e-01
2.708668985295886733e-01
2.789889864496842842e-01
2.872856979503537467e-01
2.957762082483481603e-01
3.044653849617312558e-01
3.133560756840606532e-01
3.224403040978705559e-01
3.317137068759284935e-01
3.411656588444771931e-01
3.507874707882967513e-01
3.605765767408807276e-01
3.705389458578184914e-01
3.806856143153852789e-01
3.910329206770799537e-01
4.016034158297914214e-01
4.124128597461628187e-01
4.234712289039647137e-01
4.347741425974858132e-01
4.463049259002606073e-01
4.580449601151868055e-01
4.699833952063546261e-01
4.821141957397258038e-01
4.944364902444610688e-01
5.069583255863104876e-01
5.196948176017736065e-01
5.326586538267680249e-01
5.458503313966238668e-01
5.592692879884779700e-01
5.729125237211332156e-01
5.867682011067637537e-01
6.008273695194134012e-01
6.150861250675633274e-01
6.295462803163963672e-01
6.442126196095879775e-01
6.590951420517903170e-01
6.742112189784045251e-01
6.895739868935825134e-01
7.051865520663549436e-01
7.210411422039453289e-01
7.371257610134162030e-01
7.534307751465671998e-01
7.699535525272184211e-01
7.866935307904683317e-01
8.036494060605998691e-01
8.208223444357163334e-01
8.382147916688362788e-01
8.558341347363621621e-01
8.736917426782291329e-01
8.917971735580108028e-01
9.101538211314182947e-01
9.287572618251550560e-01
9.475993987845401367e-01
9.666680182122444620e-01
9.859528558423550360e-01
1.005440601819968638e+00
1.025123772059578720e+00
1.045001332625677959e+00
1.065075270202730406e+00
1.085353813457691885e+00
1.105847471263652571e+00
1.126562090071526079e+00
1.147499097607318941e+00
1.168642744635370434e+00
1.189972502552776534e+00
1.211472335366944542e+00
1.233129776970798286e+00
1.254939852431596670e+00
1.276901316870415526e+00
1.299020460818991252e+00
