-1.109649298418646790e+00
-1.110775188200335162e+00
-1.114999573234733088e+00
-1.091338506697984378e+00
-1.104785521107410240e+00
-1.101329874691344468e+00
-1.109799326815958942e+00
-1.110472951917057083e+00
-1.111681771091737048e+00
-1.113602780290358973e+00
-1.116299145583694141e+00
-1.119864819082368346e+00
-1.122923690513452977e+00
-1.125179652721981949e+00
-1.128604198216349053e+00
-1.133624867401376024e+00
-1.140460370503112442e+00
-1.149214105690524068e+00
-1.160027998757331869e+00
-1.174028925724649230e+00
-1.191193407155411110e+00
-1.219666396880698223e+00
-1.279419241854801825e+00
-1.357095647279304318e+00
-1.448010286732167140e+00
-1.695367229990383917e+00
-1.531568767253980390e+00
-1.339690934255595822e+00
-1.306343353803958829e+00
-1.314921416748528582e+00
-1.355234362333818776e+00
-1.491338705965960409e+00
-1.979666368462690507e+00
-1.173739241962005853e+00
-1.123749404154662290e+00
-1.119393078099014005e+00
-1.120755136388172701e+00
-1.122907173152583038e+00
-1.125621308513092389e+00
-1.128692480660485220e+00
-1.130672847332400810e+00
-1.132719410875412613e+00
-1.136277855592622288e+00
-1.142442734914608682e+00
-1.152892747954065600e+00
-1.169145386709601553e+00
-1.182502989418856565e+00
-1.186166813624202288e+00
-1.192505654519713243e+00
-1.207662382148838143e+00
-1.236197909572795739e+00
-1.281277792023020279e+00
-1.276730202879438281e+00
-1.188190616885012929e+00
-1.164069912717441868e+00
-1.167498334659589521e+00
-1.180018904457284190e+00
-1.196617297914128075e+00
-1.213511964717152170e+00
-1.239738145432623728e+00
-1.285554930656571671e+00
-1.359475677881117672e+00
-1.355718109208262190e+00
-1.280876554815753687e+00
-1.267002873696711607e+00
-1.313727847773864532e+00
-1.463102587701122115e+00
-2.421790632534765564e+00
-2.900445699895477514e-01
-7.698367428520658251e-01
-8.331618263627063037e-01
-8.330715872548192236e-01
-8.636128457996314900e-01
-9.040412057444903171e-01
-9.268816692011502267e-01
-9.404924991041420101e-01
-9.577055026772554047e-01
-9.768740547616509007e-01
-9.866554525097116501e-01
-9.812189040610932445e-01
-9.772425217025503263e-01
-9.842982256782100148e-01
-9.868437506073055587e-01
-9.860039491366303643e-01
-9.911537668353553876e-01
-1.000377561988230690e+00
-1.012823387537902464e+00
-1.025740102916390617e+00
-1.034544733948942419e+00
-1.041358506123164718e+00
-1.047366299162204584e+00
-1.052391728852464237e+00
-1.055534684183080163e+00
-1.056730498924208561e+00
-1.058383802325390199e+00
-1.061692892441560065e+00
-1.065544142124984495e+00
-1.069606209641372097e+00
-1.073974417008876525e+00
-1.077705616208473494e+00
-1.080529184033704793e+00
-1.082662847812764895e+00
-1.084194892481744610e+00
-1.085568062703534231e+00
-1.086820819923686177e+00
-1.088296804250231453e+00
-1.090495045872232005e+00
-1.093161204867870717e+00
-1.096150922990891896e+00
-1.098912424022830958e+00
-1.101025569680222471e+00
-1.102551937760807288e+00
-1.103764946370342059e+00
-1.103356416889287095e+00
-1.162959780162023726e+00
-1.115224439023992264e+00
-1.116012435673257475e+00
-1.119268746315484009e+00
-1.122651237803925284e+00
-1.123155243300026029e+00
-1.125960113066460488e+00
-1.139574135243697883e+00
-1.274910457315985512e+00
-1.037381957389016618e+00
-1.071133369339057451e+00
-1.067036901878502420e+00
-1.064993886804302958e+00
-1.086762546231850646e+00
-1.096946029953072665e+00
-1.101867555879908034e+00
-1.105152070251615548e+00
-1.107607128573449007e+00
-1.109576179859881329e+00
-1.112975268327107248e+00
-1.118942472805979804e+00
-1.116912297879971483e+00
-1.115751987742443330e+00
-1.115729892763307696e+00
-1.115925986896034505e+00
-1.116260248043840608e+00
-1.116885545053269979e+00
-1.119323843027276499e+00
-1.131247263248073454e+00
-1.172974584987845015e+00
-1.153801673870062716e+00
-1.135464313296401961e+00
-1.128488938746165626e+00
-1.125770157360789669e+00
-1.124533686856045822e+00
-1.123866249855241861e+00
-1.123942337242660905e+00
-1.124586897857768442e+00
-1.125550235379304542e+00
-1.126881547166901365e+00
-1.128363246966022970e+00
-1.129960595078431052e+00
-1.131742776155816310e+00
-1.133427994135503658e+00
-1.134704782870799455e+00
-1.135586826984993136e+00
-1.136222041523479831e+00
-1.136760128027395789e+00
-1.137320155775120023e+00
-1.137640843238256982e+00
-1.137885019782886697e+00
-1.138269556133479021e+00
-1.138687137367190294e+00
-1.139131393592079267e+00
-1.139669758530693855e+00
-1.140311570017158882e+00
