-6.358788161343404332e-04
-7.257028218418214291e-04
2.799193734346015587e-03
6.854549728239144914e-03
9.035882936170637827e-03
6.855547663814891973e-03
-4.754433844030303558e-02
-1.523369476337886330e-01
-2.000452122774886154e-01
-1.696402226780988065e-01
-1.198245383674846343e-01
-7.722610482053532399e-02
-6.384393806969226870e-02
-6.402491999298114134e-02
-5.439140418611117939e-02
-3.957968958373547785e-02
-2.544167982595157973e-02
-1.458852612244744724e-02
-6.846886675375122092e-03
-9.303082502181269503e-04
2.774732276894063040e-03
7.757829638810588568e-03
1.342757684785977554e-02
1.466684285580961700e-02
1.449044904457544476e-02
1.582366355370925376e-02
1.009962792597721842e-02
1.619665753992182225e-03
-3.322490217137067433e-04
1.712148122970145276e-03
5.787556411563103166e-03
1.169872880147373312e-02
1.662887745271815140e-02
-4.220955478091847901e-02
-2.566689962814205916e-01
-3.921114105278473705e-01
-3.517373989831620307e-01
-2.984220769582087152e-01
-2.466955276740002700e-01
-2.063617006025736667e-01
-2.018294727237079922e-01
-1.964847096414500671e-01
-1.693086088922147181e-01
-1.224360701370271476e-01
-6.752899135249851303e-02
-2.216950305279178496e-02
-1.490324522888700556e-02
-3.057810519804885288e-02
-3.400673231853871409e-02
-2.164211843705048099e-02
-2.449878729357906487e-03
1.338011290719423943e-02
-1.301632199657339756e-03
-1.002606302749069062e-01
-1.644262375002444321e-01
-1.325766917979130932e-01
-8.107498639774979310e-02
-4.319303515965908918e-02
-2.226196157187085647e-02
-1.627052189419019024e-03
1.910040989118577323e-02
3.392150808254492528e-02
2.082696534750175937e-02
-1.277936224905670826e-02
-1.923879019976136931e-02
4.606208831993793829e-03
3.401169263439327017e-02
5.976369285448356050e-02
8.116648142090612805e-02
9.492532167711013880e-02
9.147467321381333449e-02
8.069892616815889375e-02
7.975456022602785133e-02
8.627167864557092058e-02
8.980159161638184839e-02
9.083582094623504632e-02
9.588359909654978197e-02
1.047967150152281368e-01
1.075683582768077740e-01
9.851813840593259819e-02
9.419944057631988998e-02
9.721691663167646158e-02
9.438971964059728048e-02
8.993600564376245943e-02
9.288875257219927906e-02
1.003890691733258789e-01
1.125272288507774554e-01
1.270323643553018245e-01
1.352291740504331374e-01
1.410635802954973150e-01
1.477202055657087509e-01
1.535131629329936354e-01
1.543354391142700566e-01
1.499711619923060346e-01
1.482991611050154812e-01
1.511305267783681350e-01
1.548124025458445796e-01
1.612862215522287146e-01
1.716622431159103013e-01
1.785409018764601008e-01
1.805938584680153447e-01
1.791630213127291260e-01
1.741652701731336572e-01
1.698638999875742295e-01
1.655290724481309483e-01
1.648705534649024806e-01
1.721989247544326584e-01
1.847027156760792099e-01
2.014932438291924532e-01
2.154551610292371466e-01
2.167492185603496213e-01
2.024349342093365589e-01
1.797784518010397126e-01
1.165658658304583040e-01
3.731364744342269280e-03
-5.878531057592097098e-02
-3.780196852934804286e-02
1.255505207126803718e-02
4.254511145218204532e-02
4.125026860902882703e-02
5.757452826017022546e-02
1.048919610069377201e-01
1.529203423330439682e-01
1.823118842625629787e-01
1.913070556447184767e-01
1.709299749614994202e-01
1.629785446860098075e-01
1.943645210528195388e-01
2.318358502890575101e-01
2.620278311876191313e-01
2.913963086634878130e-01
3.176640394226660224e-01
2.706718055882903484e-01
1.584168463245927416e-01
1.224857843776029354e-01
1.735378076184039831e-01
2.267643195802533096e-01
2.682890050665149295e-01
3.102118384608164581e-01
3.523399532743999862e-01
3.855815510649771571e-01
3.447982206624616297e-01
1.791909158013855474e-01
9.367962090134432374e-02
1.572609800248580547e-01
2.443571898470929260e-01
3.162930598266812110e-01
3.705657535725854212e-01
4.162705721158206917e-01
4.568920937000155447e-01
4.806466953972461376e-01
4.911002398265454372e-01
4.968806457211937255e-01
4.954707937770350124e-01
4.931429895465999635e-01
4.904383645471662168e-01
4.859180944915373890e-01
4.858294872842307544e-01
4.949329781080967772e-01
5.105285972361784941e-01
5.299655058726675527e-01
5.505484071837022375e-01
5.701860587371773148e-01
5.952992154445364559e-01
6.211290721870696974e-01
6.423891548544344854e-01
6.624655831671544259e-01
6.827391782619042226e-01
7.013675168814091920e-01
7.182626588580454108e-01
