-4.248399083908480783e-03
-1.013731704208569936e-02
-1.025939387343871058e-02
-8.214950369828648985e-03
-8.043021318857555835e-03
-1.212368437134719867e-02
-7.215489562700841408e-02
-1.988182386581067995e-01
-2.811363573215641676e-01
-2.780818857187298820e-01
-2.412380086113649069e-01
-1.996769372015063382e-01
-1.812082728216710403e-01
-1.769592289943697772e-01
-1.627769783157108352e-01
-1.426524032410922127e-01
-1.218643447614508601e-01
-1.037889439405262487e-01
-8.969332516463471294e-02
-7.788234484715354788e-02
-6.887844735473150348e-02
-5.924613624262276002e-02
-4.854458602831285968e-02
-4.345156288138210532e-02
-4.168615646815109627e-02
-3.871931370302736375e-02
-4.351743245369197460e-02
-5.362673100168445506e-02
-5.824857618200667692e-02
-5.898683207394167516e-02
-5.750557529955097752e-02
-5.325496084418194359e-02
-4.886076522916842080e-02
-1.118923976317452995e-01
-3.561343266607065461e-01
-5.579845670950545067e-01
-5.739659243594197324e-01
-5.542141958378036248e-01
-5.208288825570470681e-01
-4.855058890937321570e-01
-4.813408668083919428e-01
-4.769394554062130198e-01
-4.467797411834874555e-01
-3.904837066467489182e-01
-3.188035022976964394e-01
-2.514156653171075728e-01
-2.214211746426686944e-01
-2.223050692858756228e-01
-2.174333645377419244e-01
-1.994865259778063893e-01
-1.743518606640603597e-01
-1.512253215804371664e-01
-1.600980763908182725e-01
-2.661443620334893456e-01
-3.580865105779767465e-01
-3.505637653929128961e-01
-3.108978400327792602e-01
-2.760220624933666378e-01
-2.535218244947746724e-01
-2.280329550048595666e-01
-2.011955000730999699e-01
-1.790461652668945136e-01
-1.857511235956035567e-01
-2.214078394541655892e-01
-2.339619853198585120e-01
-2.107547003868864288e-01
-1.773338150005437375e-01
-1.456107578049056772e-01
-1.161379839341661613e-01
-8.979895758396978789e-02
-8.162215142137141388e-02
-8.370677828009767674e-02
-7.643498221911498858e-02
-6.577828114669075077e-02
-5.966578365328080447e-02
-5.592647032839925814e-02
-4.912121506365344642e-02
-3.949080664868100110e-02
-3.642520303191720821e-02
-4.812387532451238570e-02
-5.714607958557999662e-02
-5.341331563647096214e-02
-5.077377798368746392e-02
-5.125541726667140474e-02
-4.862357545882355081e-02
-4.379548038574762603e-02
-3.530850146253823596e-02
-2.415464129524985681e-02
-1.549485847303125156e-02
-8.434290753126780227e-03
-3.541650556942756156e-03
-7.337108562020158015e-04
-3.392329237378545557e-03
-1.223445262390626502e-02
-1.796754795402329130e-02
-1.419579309694083379e-02
-5.263447490059970993e-03
4.161182550782569975e-03
1.453937157059643701e-02
2.354388167202607976e-02
2.700853868679703104e-02
2.426046232400432337e-02
1.621437338166478032e-02
6.225519609854533731e-03
-5.016192176192360228e-03
-1.481554420187405734e-02
-1.905970104761774142e-02
-1.835554042548973724e-02
-9.307233600994571643e-03
1.036179702480851186e-03
-2.309470240924838338e-03
-2.547063316821854967e-02
-6.110518278505706197e-02
-1.454118880379736967e-01
-2.960054565642223356e-01
-4.092546277901686902e-01
-4.332346473011237653e-01
-4.127335597694664626e-01
-4.002929171364666416e-01
-4.157191193183492617e-01
-4.145680461438934206e-01
-3.757070485935213866e-01
-3.282211520234217805e-01
-2.953686982459461374e-01
-2.803530296826202695e-01
-2.954010579134260239e-01
-3.058718419618304818e-01
-2.768942716698347684e-01
-2.349449135577148240e-01
-1.963569341693425785e-01
-1.557965221542594314e-01
-1.135325510422448003e-01
-1.485262042776538949e-01
-2.673896312061532221e-01
-3.234876464952821662e-01
-2.859884971081171900e-01
-2.327478526947149573e-01
-1.845348887227883650e-01
-1.313624044612321795e-01
-7.180165500540719448e-02
-1.793800935223906906e-02
-4.728051620970753766e-02
-2.216164477803734822e-01
-3.385159583908146086e-01
-3.007458918995687402e-01
-2.168354887761562710e-01
-1.267906759453548693e-01
-5.215447492082313230e-02
1.376322466799041744e-02
8.708174421341989546e-02
1.512269526210204273e-01
1.975144618940292973e-01
2.283939563031233688e-01
2.407548572357390282e-01
2.462973871899314104e-01
2.470769952561365501e-01
2.405862633726886524e-01
2.382660003508985935e-01
2.503267189669539095e-01
2.760634636717707036e-01
3.095557211996697311e-01
3.456277217635437271e-01
3.804049847947043039e-01
4.239709624811481281e-01
4.724972906511801796e-01
5.187781441329725185e-01
5.665850019417311145e-01
6.144480277643641353e-01
6.590251994126690160e-01
6.994241232870394009e-01
