-1.335645325561778174e+00
-1.334645452855102388e+00
-1.336285790591834832e+00
-1.335363802341370754e+00
-1.334677425644246851e+00
-1.333392239424611825e+00
-1.336348315022944711e+00
-1.335446089843346229e+00
-1.334705121197037103e+00
-1.333612929062454988e+00
-1.332042418208518209e+00
-1.329863470232569123e+00
-1.327979625991636548e+00
-1.326658465962778921e+00
-1.324498886054750857e+00
-1.321055543771709750e+00
-1.315911969304668805e+00
-1.308493416768836015e+00
-1.297545287878976383e+00
-1.279452578144238295e+00
-1.248056731614469950e+00
-1.135931700565323332e+00
-1.959661272895823370e+00
-1.519042348810982546e+00
-1.462365004061330742e+00
-1.428185546946287854e+00
-1.444601856269756013e+00
-1.559988769275505005e+00
-1.685763260094962579e+00
-1.599983176398808826e+00
-1.491786585391673636e+00
-1.428063495528071991e+00
-1.400675998811706569e+00
-1.292512717653385934e+00
-1.329853541543949413e+00
-1.331563063052658702e+00
-1.330674805247710202e+00
-1.329399465585545892e+00
-1.327794544347248307e+00
-1.325961195583066132e+00
-1.324780424048681793e+00
-1.323559123103296820e+00
-1.321378679223771169e+00
-1.317385888780223002e+00
-1.309894140411887564e+00
-1.296136484029656089e+00
-1.283553957367688181e+00
-1.281581083281382982e+00
-1.276049295030333042e+00
-1.257710144117606843e+00
-1.206033456955712735e+00
-1.009518976013474845e+00
-1.066121904601906589e+00
-1.286065732694919639e+00
-1.305876836219265869e+00
-1.302868778114377069e+00
-1.291698573916484349e+00
-1.272997025611474875e+00
-1.247178412765283184e+00
-1.183073505804327574e+00
-7.024902971739566127e-01
-1.715599580571374849e+00
-1.746081606776821893e+00
-8.461219387969716177e-01
-1.033052222417189636e+00
-3.767925386061574677e+00
-1.507436718363745598e+00
-1.423038727300265593e+00
-1.394480557332088200e+00
-1.381539659587630586e+00
-1.377658721684797305e+00
-1.377419041733889404e+00
-1.375192182432456445e+00
-1.371286789021263441e+00
-1.368367307018931500e+00
-1.366259100228195633e+00
-1.363636073884528566e+00
-1.360588599003337285e+00
-1.358511288175483944e+00
-1.358059421628955654e+00
-1.357361975850571723e+00
-1.355819903576144236e+00
-1.354907417478435239e+00
-1.354278704405100342e+00
-1.352929461722473636e+00
-1.351106794763462515e+00
-1.348972666264064424e+00
-1.346808977422852882e+00
-1.345100690183069325e+00
-1.343615209749023487e+00
-1.342195877014425553e+00
-1.340881829145163406e+00
-1.339714644675641608e+00
-1.338658166717049403e+00
-1.337598312827017688e+00
-1.336528250092665848e+00
-1.335479675475576444e+00
-1.334469662272916191e+00
-1.333524522657796085e+00
-1.332595869920544240e+00
-1.331642901470143858e+00
-1.330647527256200835e+00
-1.329573857271493242e+00
-1.328479538578009489e+00
-1.327351323059256405e+00
-1.326302006413077272e+00
-1.325532759473559530e+00
-1.325006431478374047e+00
-1.324691895393744767e+00
-1.324340129147660639e+00
-1.323600073935926380e+00
-1.322255201847010397e+00
-1.320326130981602120e+00
-1.315235934703061771e+00
-1.293888010399163013e+00
-1.188541898160904386e+00
-1.124053730414950270e+00
-1.235752137209293000e+00
-1.264012207007136235e+00
-1.260406005091825765e+00
-1.271590623130101960e+00
-1.293833800384959876e+00
-1.305509733885228618e+00
-1.310358169480588586e+00
-1.311930302425065920e+00
-1.310417743599888940e+00
-1.309363135809535894e+00
-1.311784426935771464e+00
-1.314254167960913655e+00
-1.315833838586178750e+00
-1.317036687546132789e+00
-1.317861432165670088e+00
-1.315681351248274567e+00
-1.307990335375961877e+00
-1.301756324170098011e+00
-1.304713041788384320e+00
-1.308144149620375396e+00
-1.310469355653617773e+00
-1.312513571939816437e+00
-1.314230144853260285e+00
-1.315319385419641218e+00
-1.313610380340262784e+00
-1.303574137890048057e+00
-1.289889381337798735e+00
-1.294084868265660271e+00
-1.301390679097570224e+00
-1.306270944303548065e+00
-1.309273881436201714e+00
-1.311340860430711519e+00
-1.312825155497890028e+00
-1.313503219921154708e+00
-1.313593415301859801e+00
-1.313416660765445165e+00
-1.312925229756452428e+00
-1.312291529407163759e+00
-1.311564661995619163e+00
-1.310707276702323121e+00
-1.309922391784166695e+00
-1.309402246437956885e+00
-1.309109990864434803e+00
-1.308987346056840861e+00
-1.308939234863050860e+00
-1.308883014605612072e+00
-1.308983500771632835e+00
-1.309118115913809000e+00
-1.309140398590493470e+00
-1.309045104373793178e+00
-1.308827721438428737e+00
-1.308555444885646457e+00
-1.308277883408409004e+00
-1.308037905702208237e+00
-1.307836040885765660e+00
-1.307659283224235081e+00
-1.307479819755831718e+00
-1.307260917176031434e+00
-1.306977457479235882e+00
-1.306624170536108576e+00
-1.306214819505091551e+00
-1.305779758071072827e+00
-1.305333237359719289e+00
-1.304880224160691604e+00
-1.304441371618573209e+00
-1.304035423177180242e+00
-1.303686765075972032e+00
-1.303417456450893352e+00
-1.303183775687386969e+00
-1.302953816506599471e+00
-1.302699548728993850e+00
-1.302410127919348959e+00
-1.302084065155524328e+00
-1.301708146318504511e+00
-1.301300250992432739e+00
-1.300887801391773513e+00
-1.300494389652446348e+00
-1.300132502794471900e+00
-1.299827357611848200e+00
-1.299573796213597365e+00
-1.299349151262410906e+00
-1.299121383923077744e+00
-1.298841575082702260e+00
-1.298487096906991267e+00
-1.298077240897374640e+00
-1.297637524065455183e+00
-1.297180331140237897e+00
-1.296729212173969081e+00
-1.296313335405772538e+00
-1.295943985677758592e+00
-1.295588744405562487e+00
-1.295224051447511737e+00
-1.294853513585444427e+00
-1.294452477497013643e+00
-1.294007069386037490e+00
-1.293532203585972873e+00
-1.293047533560623963e+00
-1.292567862981344184e+00
-1.292103346070663017e+00
-1.291680706388297128e+00
-1.291307549331284443e+00
-1.290957427418337522e+00
-1.290593975441864494e+00
-1.290191478851571372e+00
-1.289743471400727870e+00
-1.289266459378825669e+00
-1.288779987164713203e+00
-1.288284253865036089e+00
-1.287784565620455624e+00
-1.287287411151524008e+00
-1.286803174625669843e+00
-1.286351140833369433e+00
-1.285935591690544388e+00
-1.285542932290985485e+00
-1.285149105983980355e+00
-1.284739097653194495e+00
-1.284299246168436825e+00
-1.283830722720321393e+00
-1.283330816777146444e+00
-1.282801639159466767e+00
-1.282270172746462045e+00
-1.281749862614281810e+00
-1.281256296663067396e+00
-1.280809462623578643e+00
-1.280397435155255170e+00
-1.280007444792901294e+00
-1.279599205747987467e+00
-1.279126778164342060e+00
-1.278597937761012826e+00
-1.278026517195469225e+00
-1.277433605004936412e+00
-1.276838046303712781e+00
-1.276259020685210022e+00
-1.275723711663224735e+00
