-9.356462745345834886e-01
-9.352733616625269475e-01
-9.350958620539248090e-01
-9.346749308078283747e-01
-9.341288667333973450e-01
-9.331603472130400867e-01
-9.377922146764590128e-01
-9.357707715203207322e-01
-9.349500208960156433e-01
-9.339107890429898529e-01
-9.324824117451341321e-01
-9.305559149825542997e-01
-9.288542664223790046e-01
-9.275941966004324080e-01
-9.256344397521772960e-01
-9.225536496758958149e-01
-9.179359271645615159e-01
-9.110780992543795476e-01
-9.000736964758198067e-01
-8.792963805365021646e-01
-8.303894870642666293e-01
-1.801004559290579898e-01
-1.078379576000465301e+00
-1.013382239509565741e+00
-9.927378444347273456e-01
-9.798929917307834803e-01
-9.788615986202144903e-01
-9.850553926916503222e-01
-9.851836707302379370e-01
-9.794240640572386969e-01
-9.717712051952291930e-01
-9.642283172391571400e-01
-9.588119552146623370e-01
-2.072779100281184395e+00
-9.301765710115018626e-01
-9.320598751007365124e-01
-9.313070304833424018e-01
-9.302056174047098613e-01
-9.288165801459353776e-01
-9.272232352319549342e-01
-9.261425093957156296e-01
-9.250157689191025323e-01
-9.230934002906624469e-01
-9.196713322669528567e-01
-9.133504776594758567e-01
-9.017452377370063221e-01
-8.895244125309615946e-01
-8.844638411070202544e-01
-8.752752301539244995e-01
-8.477837419814379105e-01
-7.330058490602844312e-01
-1.835569521058976639e+00
-1.491512192800692471e+00
-8.646686563493892752e-01
-9.000651482573240880e-01
-8.962723049613361415e-01
-8.782086642499554729e-01
-8.338461576808111619e-01
-6.942800430490420061e-01
-1.496902589408060980e+00
-1.056445539691149182e+00
-1.005958840001000443e+00
-1.000165977781859450e+00
-1.020092043532706771e+00
-1.024373272199710527e+00
-9.973663706085358349e-01
-9.780394225642168315e-01
-9.668740790567393883e-01
-9.599375086198880247e-01
-9.556577973181777930e-01
-9.534977909281882047e-01
-9.523251769092487828e-01
-9.508725506789671433e-01
-9.490441828189779550e-01
-9.474248517226944166e-01
-9.460296826022022154e-01
-9.445769517383499903e-01
-9.430734649445918771e-01
-9.417595025011135101e-01
-9.407005926800093842e-01
-9.396326284795201156e-01
-9.385211396642731962e-01
-9.374760208867265465e-01
-9.364407384849831040e-01
-9.353966377765090545e-01
-9.343877667987803282e-01
-9.334573510199866142e-01
-9.326131627625724452e-01
-9.317606363139023795e-01
-9.309165054176845588e-01
-9.301277188951586616e-01
-9.293612942171760594e-01
-9.285394281658310156e-01
-9.276210867735831256e-01
-9.267172505197706078e-01
-9.258613952106171663e-01
-9.250057820929264984e-01
-9.242589007697623593e-01
-9.236830180706900872e-01
-9.230550565479012093e-01
-9.223227839098881997e-01
-9.215098299444199892e-01
-9.205702181025404718e-01
-9.196180271561680275e-01
-9.186375626320484322e-01
-9.177710129477452128e-01
-9.172476658729585841e-01
-9.169998475272491678e-01
-9.169407587626141609e-01
-9.168295244396750254e-01
-9.163585293112841423e-01
-9.153544738875226683e-01
-9.138845217272806298e-01
-9.104178047569695398e-01
-9.016265226166485514e-01
-8.900970468686111303e-01
-8.868755971424264750e-01
-8.902362737792710590e-01
-8.924948874949000244e-01
-8.915688029312985874e-01
-8.928888114618606098e-01
-8.977135846773067751e-01
-9.021119761279562388e-01
-9.047514936196390245e-01
-9.058396287893113463e-01
-9.050907725911766510e-01
-9.045402343408943668e-01
-9.059074155007217355e-01
-9.075085171143316698e-01
-9.087094036812510822e-01
-9.097334817420118513e-01
-9.105008009071622332e-01
-9.089807358780879198e-01
-9.041259654522154632e-01
-9.006257962054808885e-01
-9.014803375567002064e-01
-9.029788838558958641e-01
-9.042262573244950197e-01
-9.055551931708964997e-01
-9.068341341131236355e-01
-9.077718075843681511e-01
-9.066082434614676222e-01
-9.001938532753808175e-01
-8.933627867071662898e-01
-8.942255215323191564e-01
-8.972200884193051174e-01
-8.997795048115106997e-01
-9.017860002860772495e-01
-9.034540425299419919e-01
-9.047097723134215341e-01
-9.053132076992740362e-01
-9.054454035879893059e-01
-9.053960372671689960e-01
-9.051173190604147045e-01
-9.047078546426702284e-01
-9.042093712987069321e-01
-9.036087264230090454e-01
-9.030306315959638619e-01
-9.025998884489551122e-01
-9.022972089138817653e-01
-9.021088258968814610e-01
-9.019995146430423993e-01
-9.019164990567559714e-01
-9.019597681153836977e-01
-9.020358415872231639e-01
-9.020127838353511063e-01
-9.019383829291363064e-01
-9.018597769878837767e-01
-9.017517909401349119e-01
-9.016071605525591837e-01
