7.470822099982368314e-04
2.549387263268476644e-03
7.084748249784476176e-03
1.186708872460254249e-02
1.492932838257959860e-02
1.346071523760624181e-02
-4.085467507378538754e-02
-1.466052497796982990e-01
-1.958553888546075983e-01
-1.662578336389906597e-01
-1.161960039667528644e-01
-7.272241530471015847e-02
-5.836592116612424747e-02
-5.795226360531209597e-02
-4.786847340970106640e-02
-3.228779497661052322e-02
-1.729415512906456315e-02
-5.560636271480479467e-03
3.280381321098081032e-03
1.011366630766217384e-02
1.458434671478040998e-02
2.016840959594714752e-02
2.622542867691753446e-02
2.805546039679214509e-02
2.863215686202590440e-02
3.045011209027551416e-02
2.508061620104398703e-02
1.692220670979236591e-02
1.526281948438353020e-02
1.780549329018132898e-02
2.262439225551999764e-02
2.930711095068391434e-02
3.494675920916724687e-02
-2.364207101486397872e-02
-2.395928077140487555e-01
-3.785825323058035763e-01
-3.405649865550165467e-01
-2.877513844707074719e-01
-2.350370915471259592e-01
-1.930534699654777031e-01
-1.869068571021672287e-01
-1.802725783610458210e-01
-1.520511566097100808e-01
-1.039149663812920510e-01
-4.703527732611598178e-02
6.504506236648041617e-04
9.890127994298383504e-03
-4.323042366058228031e-03
-6.462778455847672729e-03
7.507746064250715029e-03
2.863455471502469873e-02
4.625296075504665289e-02
3.300604167884896301e-02
-6.531339312917028295e-02
-1.297980715234186289e-01
-9.741470591784207045e-02
-4.425293072698383012e-02
-3.547148480152612082e-03
2.008243510315653110e-02
4.277652088627258847e-02
6.585546451098767129e-02
8.271901249197230466e-02
7.100857554608594469e-02
3.848702209161449644e-02
3.233300982715670707e-02
5.591651903240717203e-02
8.594327535767977422e-02
1.134231750640868480e-01
1.366495505647370434e-01
1.507169788404051358e-01
1.473242668550245049e-01
1.357859421301790270e-01
1.332957750173542066e-01
1.400306710900009743e-01
1.443825652568891671e-01
1.457863279875689089e-01
1.514241830544262313e-01
1.615823709007594144e-01
1.658145657202141632e-01
1.584457205049677464e-01
1.553320021595443745e-01
1.575149589118257643e-01
1.523625860614158667e-01
1.461144130359569027e-01
1.491198636073203798e-01
1.580550729699159995e-01
1.724762593665314647e-01
1.898266047117331823e-01
1.996223544879609790e-01
2.066690594225670807e-01
2.156619310867248784e-01
2.240165177476039771e-01
2.272033461433551060e-01
2.247302382054664760e-01
2.240986195297702266e-01
2.260539513845827297e-01
2.277878769957804028e-01
2.338463921288247704e-01
2.455319432773936383e-01
2.531773662758656229e-01
2.561450363343639181e-01
2.561645790717792526e-01
2.525055490649274481e-01
2.498000144536589584e-01
2.470240174893405249e-01
2.484374167520480015e-01
2.590332531738561705e-01
2.754918628359653843e-01
2.954343493464481885e-01
3.118972462578964988e-01
3.161002123438956257e-01
3.049387085115556340e-01
2.847643152545842327e-01
2.239651573351037761e-01
1.124986338411041592e-01
5.019738720412954269e-02
7.219764876780282448e-02
1.247558350670263660e-01
1.578476010674110253e-01
1.596682297814109863e-01
1.797128315049820180e-01
2.311689753869575481e-01
2.839253829019072750e-01
3.182255103183222467e-01
3.306082813822995847e-01
3.117216833800520170e-01
3.052901823705005957e-01
3.390860616921911319e-01
3.789188710824785145e-01
4.116211036283480840e-01
4.432852770568679324e-01
4.706941758649649254e-01
4.244449481551489933e-01
3.105721213827968841e-01
2.717340972947025479e-01
3.218181817674761747e-01
3.753668806486373244e-01
4.184858617034106221e-01
4.626664839770392446e-01
5.065769576320185985e-01
5.416124318573453111e-01
5.040231589810483248e-01
3.376233669476318977e-01
2.472130939498777824e-01
3.090312845877202785e-01
3.956101083145685537e-01
4.664543343214995197e-01
5.231100948699697328e-01
5.727628366948676053e-01
6.131142605743216123e-01
6.339888165495436434e-01
6.421653031477309037e-01
6.482332730544658750e-01
6.492113342673887511e-01
6.490673230515264791e-01
6.484911152664241119e-01
6.465919467534488874e-01
6.480042944741510880e-01
6.565448672297229393e-01
6.698363557323279149e-01
6.869251235538216260e-01
7.059507908681982302e-01
7.250659359256247383e-01
7.490053292332811141e-01
7.732201331705702563e-01
7.924868501699573464e-01
8.098487832011764809e-01
8.277299389912119443e-01
8.447287490665704723e-01
8.606806568072327135e-01
