1.203728335914056903e-02
2.007516393361841525e-02
6.036639780425179236e-02
3.764140838070687695e-02
3.705279865796289041e-02
-3.143013399022610843e-02
-8.284686381088547380e-01
-1.073337077286377950e+00
-1.365304493415221143e-01
2.651494504083625747e-01
3.293619348237910027e-01
2.716145110537785956e-01
-6.867336133908877316e-02
1.765304138540972623e-02
9.323630547396768997e-02
1.306858711446193810e-01
1.127128715336215281e-01
9.710107058599157237e-02
7.882454091176727129e-02
7.191671010307752743e-02
4.641401022145397182e-02
8.924146006567483524e-02
6.602133961296116627e-02
2.493708691453202717e-02
3.955484112584384954e-02
4.513490255389956962e-02
-7.432650103071268555e-02
-2.845488341934161031e-02
2.165419414420271388e-02
4.439226277860278125e-02
6.710756669179969436e-02
8.655175949744634001e-02
6.442514374669316979e-02
-9.429770857701190723e-01
-2.723320333778253222e+00
-3.407047051439714425e-01
2.583044753610798105e-01
1.055015355080382577e-01
3.615546713396528555e-01
7.750606613431065828e-02
-1.797660503793807318e-01
5.348005056415568170e-02
2.084548051748224273e-01
4.437495898848667908e-01
4.632705931382417597e-01
3.891096079336548441e-01
-9.816032809499822265e-02
-6.172924582087313539e-02
6.034377777412376631e-02
2.032924006103093706e-01
2.162845736702176391e-01
1.811238798848456844e-01
-2.616871850377521236e-01
-1.285100068131021178e+00
-4.458746932601399815e-02
3.495428031627124676e-01
4.260756077478164983e-01
2.652615940540957173e-01
1.991436483596872586e-01
2.748833100903014803e-01
2.473222795907850657e-01
2.019590393886465107e-01
-2.003109110299526874e-01
-2.228050138323027229e-01
1.566169979341601182e-01
3.007558974721581402e-01
3.257848749844189373e-01
3.150168519877463713e-01
2.984061611763524358e-01
1.974053012564706555e-01
1.724494619310673604e-02
2.405498730973547328e-02
1.362219718072716357e-01
1.810865362007610391e-01
1.144182714429947401e-01
1.290762283258338194e-01
1.841588670371593350e-01
2.172426058858063225e-01
1.086072855868458753e-01
1.817454975331626865e-02
1.467647148135773072e-01
1.141926028953763189e-01
2.665397934107664735e-02
7.305804467474608099e-02
1.703532819597487480e-01
1.881429955419728350e-01
2.767615635608281499e-01
2.717372272433386526e-01
1.813186976950965090e-01
2.258660285853599514e-01
2.252561463190353719e-01
2.256586591173520007e-01
1.509703988484302484e-01
1.233835175340207702e-01
1.668737030547175204e-01
1.663374730688723380e-01
1.637611927423721914e-01
2.358522091428192080e-01
2.728464678724565884e-01
1.937187551708386413e-01
1.951113136493216882e-01
1.465130959830664992e-01
1.242283002654921975e-01
1.482162842715958051e-01
1.189947585205617664e-01
2.045962927367442064e-01
2.802883781044911427e-01
3.273035232341474643e-01
3.694088524927212625e-01
3.075928378268458219e-01
1.849228580217113227e-01
4.120782282891399806e-02
-8.613507064250347511e-03
-6.610797342760548201e-01
-1.028405947781107610e+00
-1.140550538157541205e-01
3.721612999433797642e-01
5.151193329159525769e-01
1.892720948623886623e-01
2.597272746926050646e-02
4.577329605595018558e-01
6.258914215514109758e-01
5.896110884866528901e-01
4.056200265200101684e-01
2.538444652749692887e-01
-1.165329603153360538e-01
3.515692819532630908e-01
5.783759376237104233e-01
5.373819042682064229e-01
5.200526585497610155e-01
5.632732436211971283e-01
4.990110593168169961e-01
-6.002132346764704751e-01
-8.487180103141340748e-01
3.613975807376303417e-01
7.010037670854691871e-01
5.728730762272611354e-01
6.138951223773294608e-01
6.656148966130425171e-01
6.832000432961418124e-01
5.869480273747645915e-01
-4.577361066326426919e-01
-1.726871450393555385e+00
2.742070913167817814e-01
8.678561117199307118e-01
8.992139649848879257e-01
7.848574091613540471e-01
7.735432978147418481e-01
7.539791070252814809e-01
6.872831883259655772e-01
4.781858031550319521e-01
4.651608466641358741e-01
4.348729992189628302e-01
3.718964507997180036e-01
3.949435977282772514e-01
3.564076800733353423e-01
3.578440429916891485e-01
3.989142443071310717e-01
4.748618930711197006e-01
4.959134193921841405e-01
5.563368275503719484e-01
5.584393891898792317e-01
5.826232931451280628e-01
6.628147677032163454e-01
6.293751552770923130e-01
6.081135950834308801e-01
6.152662327583247048e-01
6.336371276656178608e-01
6.210260710414989838e-01
6.307894273633856130e-01
