-1.045295003204571360e+00
-1.045606791868701979e+00
-1.045754560719753812e+00
-1.046108193779871076e+00
-1.046568096684927118e+00
-1.047392271544577591e+00
-1.043568254583491672e+00
-1.045200701648342001e+00
-1.045885444974459677e+00
-1.046764936951477543e+00
-1.047990571279302729e+00
-1.049671737153220485e+00
-1.051161751905954400e+00
-1.052251230586073172e+00
-1.053988915670204474e+00
-1.056793633755571671e+00
-1.061134176612911428e+00
-1.067872157937981736e+00
-1.079470872118410529e+00
-1.104499070871879596e+00
-1.186500253699026786e+00
-6.813464266488344911e-01
-9.675139272981327920e-01
-9.950102008469254855e-01
-1.006002268153184609e+00
-1.013690967082466976e+00
-1.014053157530453442e+00
-1.009558523125281715e+00
-1.009230761312882363e+00
-1.013090577555711747e+00
-1.018459341377406568e+00
-1.023902992889846653e+00
-1.027880369768912505e+00
-6.936875048085955342e-02
-1.049420123167156715e+00
-1.048074572192412734e+00
-1.048749167640904867e+00
-1.049706344545231929e+00
-1.050911684469242990e+00
-1.052299685633083737e+00
-1.053241640965988601e+00
-1.054224935500910787e+00
-1.055923291285077337e+00
-1.059012926632448170e+00
-1.064943602399917033e+00
-1.076611517062154855e+00
-1.089676435052470360e+00
-1.094590796282535861e+00
-1.104493929717189404e+00
-1.139621524408076958e+00
-1.423036872969407618e+00
-8.379177253937950542e-01
-8.595481572868730602e-01
-1.109699872034375812e+00
-1.074923369862638811e+00
-1.078523389059382609e+00
-1.096171690419075917e+00
-1.146859062134306217e+00
-1.433240314989814079e+00
-8.451143150761843970e-01
-9.701657999242578878e-01
-9.974655424631621026e-01
-1.000592387200941902e+00
-9.876792548786993420e-01
-9.846804593478315493e-01
-1.001773642893524885e+00
-1.014743003944277078e+00
-1.022520429603299252e+00
-1.027470705941900375e+00
-1.030577737179510844e+00
-1.032169559575189854e+00
-1.033054433459484445e+00
-1.034163738325381665e+00
-1.035563721089036493e+00
-1.036816063081583028e+00
-1.037908969650699342e+00
-1.039047286710964135e+00
-1.040221521297864271e+00
-1.041261049622340007e+00
-1.042129484560753383e+00
-1.043005878798769048e+00
-1.043908149689783738e+00
-1.044780267180647426e+00
-1.045656181741061008e+00
-1.046514354210818176e+00
-1.047321089824566176e+00
-1.048042284076855291e+00
-1.048681626853978921e+00
-1.049350373679825754e+00
-1.050023198033119831e+00
-1.050647992680142861e+00
-1.051258648928542705e+00
-1.051930897308706481e+00
-1.052701715372431623e+00
-1.053460282968628814e+00
-1.054174290171700168e+00
-1.054890146614809510e+00
-1.055503709205239948e+00
-1.055957579641903177e+00
-1.056465674218839856e+00
-1.057075317765246991e+00
-1.057762801528126406e+00
-1.058570443795799898e+00
-1.059389597128413740e+00
-1.060235456371305229e+00
-1.060972940782820562e+00
-1.061387131229108549e+00
-1.061546794002789396e+00
-1.061537360449604117e+00
-1.061585462364409649e+00
-1.061974026029090412e+00
-1.062860255451759439e+00
-1.064181080785107314e+00
-1.067405864692383632e+00
-1.075969978670516580e+00
-1.087789771412724704e+00
-1.090754811196568141e+00
-1.086682830534798860e+00
-1.084046162371747668e+00
-1.084768598729522804e+00
-1.083241448069885760e+00
-1.078371727793322465e+00
-1.074128429966251019e+00
-1.071658639467132579e+00
-1.070664602780911689e+00
-1.071374525422301272e+00
-1.071884662565923518e+00
-1.070605230291444387e+00
-1.069132014811599252e+00
-1.068044455318212682e+00
-1.067127105552686306e+00
-1.066448354128043841e+00
-1.067855274587270031e+00
-1.072373091794432964e+00
-1.075643123592541661e+00
-1.074729783146952000e+00
-1.073246703120924517e+00
-1.072040580836347790e+00
-1.070787300431967237e+00
-1.069604402841693336e+00
-1.068751489462637094e+00
-1.069830646012339681e+00
-1.075850257685449840e+00
-1.082406465661843953e+00
-1.081380071664985509e+00
-1.078358212658081516e+00
-1.075868290308887865e+00
-1.073967938500395514e+00
-1.072422377875907440e+00
-1.071280145646277049e+00
-1.070745762812256530e+00
-1.070641483067674038e+00
-1.070699213213139434e+00
-1.070962617105743142e+00
-1.071340735572390956e+00
-1.071796134264265010e+00
-1.072341414236258617e+00
-1.072861436691736392e+00
-1.073241033287158919e+00
-1.073499964759488279e+00
-1.073652167137965519e+00
-1.073731879754221019e+00
-1.073788620166751917e+00
-1.073729474816210505e+00
-1.073642869535206268e+00
-1.073650593539106080e+00
-1.073706776580821032e+00
-1.073767106852379527e+00
-1.073854941240316441e+00
-1.073976584023061731e+00
