-8.452945831926581555e-01
-8.460915332434495451e-01
-8.447262140989265644e-01
-8.455119402140751639e-01
-8.460695006156710996e-01
-8.470506562771471515e-01
-8.446567881386661814e-01
-8.454438906593412240e-01
-8.460446312197648089e-01
-8.468904653440081365e-01
-8.480449222871306869e-01
-8.495519660785478822e-01
-8.508629934052465149e-01
-8.518539532201030440e-01
-8.533250469244498815e-01
-8.554866981212875254e-01
-8.584688590571613043e-01
-8.624107806609240257e-01
-8.676396159190435942e-01
-8.750119761500932958e-01
-8.853683972336853225e-01
-9.056645281516939594e-01
-9.671947210793798710e-01
-1.219006531630229428e+00
-6.090951140216660509e-02
-6.626023633375017763e-01
-6.559274733535900292e-01
-3.100398988711604575e-01
1.285000279556920422e-01
-4.255716825970855544e-01
-6.557564738188538245e-01
-7.440241406359664467e-01
-7.773424621300238924e-01
-8.955833763273159942e-01
-8.515355116015737025e-01
-8.493780145731155695e-01
-8.499085516552102870e-01
-8.507832349753851053e-01
-8.518988883941847057e-01
-8.531704086252447361e-01
-8.540140152424727793e-01
-8.548917212488096329e-01
-8.563826047445000089e-01
-8.589370896939664268e-01
-8.632761964598362203e-01
-8.701497544264533701e-01
-8.763639214890821538e-01
-8.789343035884410460e-01
-8.828882006159999296e-01
-8.917519435382422754e-01
-9.101899544449105761e-01
-9.475529908259431311e-01
-9.536979958379386835e-01
-8.871133706097492633e-01
-8.724531066792406975e-01
-8.742528810678015239e-01
-8.817159662344125071e-01
-8.932487351862381519e-01
-9.077046401997502789e-01
-9.362870472659833299e-01
-1.022868873084872732e+00
-1.943592040873396876e+00
-4.329238030289090489e+00
-1.103691036949647986e+00
-1.055634178497092179e+00
-1.804712304362052766e+00
-6.179143271475477928e-01
-7.473084477444253970e-01
-7.831330570031080907e-01
-7.984983747192766490e-01
-8.038689026739090915e-01
-8.054612689780492607e-01
-8.083450386764856610e-01
-8.122791069676614795e-01
-8.152593379207073720e-01
-8.174658835229120513e-01
-8.199342259817040679e-01
-8.226424637084771563e-01
-8.245907211964180750e-01
-8.252990152918437960e-01
-8.261093490742590362e-01
-8.274666928877991712e-01
-8.283700229069737020e-01
-8.290463571591084602e-01
-8.301783200856077682e-01
-8.316330122310986450e-01
-8.333232573283375633e-01
-8.350719627100784415e-01
-8.365130603671980802e-01
-8.377872022216605874e-01
-8.390065305108160842e-01
-8.401398259826765580e-01
-8.411502082909950717e-01
-8.420593660664990043e-01
-8.429614306051882444e-01
-8.438704777957377612e-01
-8.447615159038645016e-01
-8.456273415026835938e-01
-8.464522495669496438e-01
-8.472540292508455861e-01
-8.480579894618167636e-01
-8.488796096065273078e-01
-8.497438970543867987e-01
-8.506217932878934462e-01
-8.515218979572379832e-01
-8.523805359701293050e-01
-8.530736310980974180e-01
-8.536086428103796253e-01
-8.539916305254825479e-01
-8.543710796101422478e-01
-8.549820983155129728e-01
-8.559775204438111462e-01
-8.573479524724592071e-01
-8.605376667838992022e-01
-8.706610436544134357e-01
-8.940172838540052513e-01
-9.070539190290565212e-01
-8.972270368248354000e-01
-8.915758818487180548e-01
-8.953242281129509816e-01
-8.922830725182403500e-01
-8.804427444411455639e-01
-8.723024102468667218e-01
-8.683507166595177962e-01
-8.668180225331816313e-01
-8.676554030441157028e-01
-8.682528521340714400e-01
-8.663689980002923230e-01
-8.643580999302965528e-01
-8.629678653372736541e-01
-8.618635334616904231e-01
-8.610563207749432069e-01
-8.624575557790756797e-01
-8.674928269586430485e-01
-8.715250515876780124e-01
-8.701777770639176346e-01
-8.681830984052901767e-01
-8.666644436693710096e-01
-8.652021221304864174e-01
-8.638844941494228102e-01
-8.629737419326549697e-01
-8.640485603382628277e-01
-8.704495149104169993e-01
-8.784789979202873855e-01
-8.771188690703772828e-01
-8.732376412502691476e-01
-8.701570298144558624e-01
-8.680266761322681379e-01
-8.664297719321895075e-01
-8.652024816851613398e-01
-8.645483788370484923e-01
-8.643394228371665822e-01
-8.643479764962916922e-01
-8.646047432693581003e-01
-8.649886612553461251e-01
-8.654602469279558674e-01
-8.660426031745426245e-01
-8.665987031675463914e-01
-8.669958014892998888e-01
-8.672475675224586844e-01
-8.673849676558180732e-01
-8.674647773943097162e-01
-8.675419325425330896e-01
-8.675080598962514600e-01
-8.674388292014847401e-01
-8.674364175338218352e-01
-8.675093508387071717e-01
-8.676659129238133428e-01
-8.678639767654776627e-01
-8.680709937141342092e-01
-8.682572532961287948e-01
-8.684202967020564490e-01
-8.685672855169292994e-01
-8.687158061954518562e-01
-8.688907187138745769e-01
-8.691100993807840958e-01
-8.693792990479810578e-01
-8.696906107193156377e-01
-8.700246983821263713e-01
-8.703716861365574653e-01
-8.707278156968104588e-01
-8.710787896958198662e-01
-8.714110663216508845e-01
-8.717070061825986649e-01
-8.719498160226530903e-01
-8.721655699804168327e-01
-8.723752086776421777e-01
-8.725975838994677325e-01
-8.728417050696279933e-01
-8.731097119366587611e-01
-8.734118256540329694e-01
-8.737375709943381308e-01
-8.740694013367463766e-01
-8.743912479032276419e-01
-8.746937969192386531e-01
-8.749591274956223241e-01
-8.751884666547369296e-01
-8.753955473272730936e-01
-8.756010672897421854e-01
-8.758383764859862808e-01
-8.761248336947330406e-01
-8.764502131407927443e-01
-8.767988356995445320e-01
-8.771628463157604694e-01
-8.775266115204707340e-01
-8.778699949564675586e-01
-8.781838205366172545e-01
-8.784876604713887094e-01
-8.787969850096460922e-01
-8.791098233716799770e-01
-8.794426437076162673e-01
-8.798058542897508882e-01
-8.801908316566039447e-01
-8.805851647589368891e-01
-8.809788548378876261e-01
-8.813646219994331066e-01
-8.817240370374906933e-01
-8.820502858759859954e-01
-8.823592675835980614e-01
-8.826746357445648394e-01
-8.830144037674597657e-01
-8.833844395206066347e-01
-8.837753725284706041e-01
-8.841748401566517090e-01
-8.845826124643363375e-01
-8.849951972759761976e-01
-8.854080237064297920e-01
-8.858139038333427973e-01
-8.861993685500134665e-01
-8.865602929577374169e-01
-8.869044983819311945e-01
-8.872474227493144516e-01
-8.875995124044852025e-01
-8.879706016312516326e-01
-8.883611938301702038e-01
-8.887738147258450461e-01
-8.892080741022844181e-01
-8.896466447620966500e-01
-8.900801658706695152e-01
-8.904976237525710214e-01
-8.908845370421600851e-01
-8.912470401933908493e-01
-8.915927937876412246e-01
-8.919479640335464810e-01
-8.923444766743522383e-01
-8.927796360862798597e-01
-8.932458452392124659e-01
-8.937301262980623662e-01
-8.942199378076747251e-01
-8.947021192760220565e-01
-8.951574608864343308e-01
