-2.067885368577960462e-03
-4.252166925545182094e-03
-1.821145919684642820e-03
1.789060983546032248e-03
3.475386311195985227e-03
8.328360906376289056e-04
-5.542394960482598110e-02
-1.679103283279275716e-01
-2.272374805969823996e-01
-2.048164032433612836e-01
-1.573922057378688011e-01
-1.131325044794872225e-01
-9.650153795281439517e-02
-9.432237374149916864e-02
-8.268361301955245990e-02
-6.588923085447803696e-02
-4.949859999250286191e-02
-3.639558477343547704e-02
-2.689382946033602728e-02
-1.944607341731250869e-02
-1.446112047181266971e-02
-8.421872657052496131e-03
-1.519904443477045758e-03
5.005629132151970077e-04
4.429588263761656541e-04
1.903501049456875161e-03
-3.876428221815299106e-03
-1.327110076006226408e-02
-1.636250912837380195e-02
-1.537100456546408589e-02
-1.219190607844563602e-02
-6.773316021964887086e-03
-1.914563805845950067e-03
-6.221802630828535130e-02
-2.874633509093836858e-01
-4.460009949483858538e-01
-4.228579128492983563e-01
-3.775096345446995461e-01
-3.284290292786909427e-01
-2.865419739092354701e-01
-2.797370865280302543e-01
-2.731177409652436605e-01
-2.437163597060865716e-01
-1.927553145860128325e-01
-1.316733533296927938e-01
-7.889267803719493544e-02
-6.459712851240111131e-02
-7.662206719125806698e-02
-7.877452925652778104e-02
-6.591599568774517137e-02
-4.584910960647667344e-02
-2.848523747256856767e-02
-4.212357980557712017e-02
-1.447047825241793706e-01
-2.195000312297411549e-01
-1.958255266282239448e-01
-1.473282730308212163e-01
-1.093305415406186781e-01
-8.693749220158282498e-02
-6.401419196988454574e-02
-4.094501252854533535e-02
-2.361813457461746715e-02
-3.479730531297592355e-02
-6.973689455091885980e-02
-7.871277537918838774e-02
-5.502944228467837595e-02
-2.413875813589367106e-02
3.587512834902491926e-03
2.754577845749727610e-02
4.541235277434325923e-02
4.537527267557733834e-02
3.685393733072445804e-02
3.800105492471017588e-02
4.502674025714486356e-02
4.864783933767688473e-02
4.999013611959968878e-02
5.509201631210130373e-02
6.374740667920425485e-02
6.621068505255688075e-02
5.582405011839994963e-02
4.963475481945729684e-02
5.310017852293074520e-02
5.245782881058387581e-02
4.937324496344035196e-02
5.192551198940103391e-02
5.819535253047417728e-02
6.883765473240804900e-02
8.206815230568484387e-02
9.055815913668416317e-02
9.685822202098584577e-02
1.027455303878111736e-01
1.073690194052747543e-01
1.069227619622718922e-01
1.010225565861645053e-01
9.810624925541025498e-02
1.017086475628770775e-01
1.076246721414886170e-01
1.151274260895500806e-01
1.252807489053915924e-01
1.328149700919800669e-01
1.351564544757110353e-01
1.330007788458382467e-01
1.267273690438472378e-01
1.202969151749204435e-01
1.135746228086613047e-01
1.098342455397138262e-01
1.133231385089680660e-01
1.220968772009868863e-01
1.368689394103754786e-01
1.502986391925903442e-01
1.504689834946282834e-01
1.333799995940753991e-01
1.065696012265383019e-01
3.639446011515891366e-02
-8.904066244041820843e-02
-1.679336891046364633e-01
-1.600695375303717860e-01
-1.168044549665661347e-01
-8.965615449096199507e-02
-9.315790414801118635e-02
-7.998928569688898427e-02
-3.364171090523938173e-02
1.579905641336877553e-02
4.746411181516512617e-02
5.918649664547975808e-02
4.089857082360125184e-02
3.182715192767276990e-02
6.224844393155823385e-02
1.013446056169439169e-01
1.343610035083298848e-01
1.673120594054624544e-01
1.987040552521105174e-01
1.549380444941598212e-01
3.907613955839600584e-02
-4.745135828953250812e-03
4.176092455244535123e-02
9.572665549885839287e-02
1.400875127043214874e-01
1.860920790885452480e-01
2.341552199500072651e-01
2.739550942093846864e-01
2.357322034787419640e-01
6.550699478574856238e-02
-3.201462294883682114e-02
2.294016773259861114e-02
1.104193753256478283e-01
1.901860650417616094e-01
2.518183838830807542e-01
3.040458153485209869e-01
3.555155468477637637e-01
3.922158970773971243e-01
4.130668055672279126e-01
4.247448377692870647e-01
4.251055360030258079e-01
4.229018323020846681e-01
4.192498603479166697e-01
4.122885739557445306e-01
4.103212488218497267e-01
4.199652048282430661e-01
4.389278182687095242e-01
4.629418850415943920e-01
4.883203901609279307e-01
5.123080153798144076e-01
5.429214152546687489e-01
5.755716688580796436e-01
6.042523405290580740e-01
6.324722037727218416e-01
6.605279767879939090e-01
6.860926044923001399e-01
7.089224304847390190e-01
