-3.977632496124686723e-01
-3.990434255687003717e-01
-4.031965551445899631e-01
-3.304189245123560492e-01
-3.897808351640701940e-01
-3.816870459567371365e-01
-3.980207556239923616e-01
-3.987375787868204791e-01
-4.000710175872949637e-01
-4.020884751262366330e-01
-4.047238069707028707e-01
-4.079295952097695133e-01
-4.106798622251120467e-01
-4.128625944059657882e-01
-4.158082392469238942e-01
-4.196980889654292612e-01
-4.245092023886530286e-01
-4.301412084468781427e-01
-4.365405242636566929e-01
-4.440025107105719515e-01
-4.523931723772242619e-01
-4.634698773214186440e-01
-4.794143199402753353e-01
-4.960569999894791082e-01
-5.132402360262002805e-01
-5.374341568128306879e-01
-5.447138665969757376e-01
-5.344876777043446880e-01
-5.352356952201101636e-01
-5.449853902873758038e-01
-5.635338270694203455e-01
-6.003653439345335574e-01
-6.595610685981677657e-01
-4.875830243698936473e-01
-4.220716305976865979e-01
-4.136115361922410583e-01
-4.141347731167561164e-01
-4.157803459756658770e-01
-4.180274830946842934e-01
-4.206107046902545776e-01
-4.222765803772303705e-01
-4.240289948347110704e-01
-4.269797041225728007e-01
-4.317212453151391127e-01
-4.388651539573353855e-01
-4.483913619675864992e-01
-4.563603948340720917e-01
-4.607063284513276402e-01
-4.661700794292836791e-01
-4.751216607588359953e-01
-4.884731940278996265e-01
-5.056238905538733563e-01
-5.115635083055356525e-01
-4.808190603036713306e-01
-4.642003065281394281e-01
-4.665660360167478427e-01
-4.756309437006631113e-01
-4.868607914634600631e-01
-4.978397902230287109e-01
-5.128734823907138418e-01
-5.345074495359494193e-01
-5.620832300467480946e-01
-5.707018530678285018e-01
-5.525812920721246968e-01
-5.500652142914512766e-01
-5.747554928681274378e-01
-6.267194452960809237e-01
-7.267488807140329854e-01
-9.793845349286628421e-01
-2.369536099963088560e+00
5.319965172976022671e+00
1.681544047497771643e+00
6.214407946347200173e-01
2.100589964940451360e-01
5.514896325564522250e-02
-2.370905812926638045e-02
-8.907232895376138160e-02
-1.440546579341089872e-01
-1.742962811034662884e-01
-1.771289950891377085e-01
-1.804435369343343476e-01
-1.965795584480410918e-01
-2.058504402826992763e-01
-2.100818334695350176e-01
-2.199803133471108785e-01
-2.337132149123755109e-01
-2.506541673352756794e-01
-2.682744612064041911e-01
-2.813043021225940521e-01
-2.917729927633432307e-01
-3.010254508447928745e-01
-3.088744169945500939e-01
-3.143717898170574898e-01
-3.174678451803647494e-01
-3.207439257016344025e-01
-3.254893810840419066e-01
-3.306976777311789184e-01
-3.360771799536390603e-01
-3.417813413517561405e-01
-3.468303117995377161e-01
-3.508470030918665605e-01
-3.540166070641519447e-01
-3.564214866655006086e-01
-3.585380481966288224e-01
-3.604301460510957456e-01
-3.624574842717678824e-01
-3.651806028616200739e-01
-3.684291800692384711e-01
-3.721481128567166730e-01
-3.757299068802313902e-01
-3.784934975917323974e-01
-3.803188966116230474e-01
-3.814797979860711785e-01
-3.797959070644642554e-01
-3.619065159776610474e-01
-7.871079629014431367e-01
-4.682777831030765503e-01
-4.696006884335569009e-01
-4.692288795672048818e-01
-4.494424397041940633e-01
-4.474745550827602392e-01
-4.796574435290056893e-01
-9.648564312495666595e-01
-2.525923126848061973e-01
-3.184905663833454414e-01
-3.152015994014422673e-01
-3.144814678400432162e-01
-3.506994464466251515e-01
-3.698500613961951400e-01
-3.792869588300393779e-01
-3.853898186064410591e-01
-3.897218432523288367e-01
-3.918434357852856875e-01
-3.920262504359349198e-01
-3.924917161950531863e-01
-3.953494704249388980e-01
-3.977493518376075121e-01
-3.996374140563379029e-01
-4.011721513243946546e-01
-4.024628527732357353e-01
-4.037163830077339366e-01
-4.060518796713544765e-01
-4.132316498802420246e-01
-4.260504932930710420e-01
-4.250996004252041716e-01
-4.199355263717632347e-01
-4.166405396761786450e-01
-4.150756741472055311e-01
-4.143101521568422485e-01
-4.138762575293838952e-01
-4.140206688000128699e-01
-4.146579714842235087e-01
-4.155848255824369786e-01
-4.168397446831573205e-01
-4.182449532087537114e-01
-4.197652628547305920e-01
-4.214516206597088144e-01
-4.230969288420976526e-01
-4.244719330378137756e-01
-4.255678326185675653e-01
-4.264715966575666206e-01
-4.272792863195996604e-01
-4.280776348850236501e-01
-4.286777764546020331e-01
-4.291833763767822774e-01
-4.297656964060624363e-01
-4.303543945331387288e-01
-4.309496562252901342e-01
-4.316062864635138996e-01
-4.323395333588507805e-01
