-4.028301959366526082e-03
-8.899596511913184654e-03
-7.928866668516078992e-03
-5.429467683290984878e-03
-5.095933829858526054e-03
-8.842160766340206521e-03
-6.502340776673859457e-02
-1.749051255041280672e-01
-2.299159403180313366e-01
-2.045871120937407528e-01
-1.566652722074836912e-01
-1.136163542568642826e-01
-9.878585558412107670e-02
-9.785528604086521365e-02
-8.725994051101709781e-02
-7.204437970903615485e-02
-5.744856405913020825e-02
-4.621544383333290457e-02
-3.888406165032011474e-02
-3.330372895847432541e-02
-2.991222431920279382e-02
-2.516696549996800050e-02
-1.923233435537440375e-02
-1.842097847348172363e-02
-1.983736657137564682e-02
-1.929993276277567130e-02
-2.575327029091848893e-02
-3.562576156582147185e-02
-3.908034820117363417e-02
-3.875810658178049234e-02
-3.664743017155328020e-02
-3.240686190507980485e-02
-2.870520581466341759e-02
-8.926869269930587381e-02
-3.106745932517472886e-01
-4.600370521282999281e-01
-4.298198893864094705e-01
-3.814663237810946850e-01
-3.326448438962398280e-01
-2.929346754852606427e-01
-2.886556453345893725e-01
-2.841156498680823539e-01
-2.566441749733399114e-01
-2.083076509023642220e-01
-1.513743621849661936e-01
-1.036326243454232798e-01
-9.391519675249759835e-02
-1.093052544401796472e-01
-1.141594672315341813e-01
-1.042977385295491000e-01
-8.774060054408654163e-02
-7.373915556712073993e-02
-9.012064794890890795e-02
-1.935112226102912447e-01
-2.664386359151225125e-01
-2.422667177333259758e-01
-1.956879705839172368e-01
-1.619837290278325070e-01
-1.440638469944627575e-01
-1.248678753716929157e-01
-1.060829647445153678e-01
-9.265795050658955090e-02
-1.066672574336336027e-01
-1.434942573299224922e-01
-1.528700312983642673e-01
-1.289177818970992373e-01
-9.934467305406617654e-02
-7.479431080522505604e-02
-5.433121224019266116e-02
-3.788262933738614779e-02
-3.887076915150353140e-02
-4.689241962414819609e-02
-4.392532298091916115e-02
-3.754778635304233114e-02
-3.545124755667346944e-02
-3.495403942710405276e-02
-3.099508440367194917e-02
-2.446094150041223589e-02
-2.446767260472319100e-02
-3.753983775891823332e-02
-4.558830821012352374e-02
-4.108385567802737282e-02
-3.855736032666832319e-02
-3.914639799358147348e-02
-3.671295432521719942e-02
-3.262017163442221951e-02
-2.548262756554090652e-02
-1.672126786542593377e-02
-1.103510326228450758e-02
-6.983654701382110107e-03
-4.944943949253953475e-03
-4.490439960883208653e-03
-8.797812289436775235e-03
-1.778222248676807060e-02
-2.246921586078558242e-02
-1.788699573803037915e-02
-9.470502480446644708e-03
-1.662297225736184166e-03
6.263346557979170177e-03
1.225419670301458597e-02
1.285304053194296844e-02
8.241473276126794201e-03
-2.374132087058205415e-04
-9.142062037179089079e-03
-1.822628870873396756e-02
-2.501396604081544683e-02
-2.633086342102920058e-02
-2.348126425777947307e-02
-1.366745947094545263e-02
-4.429093354707971594e-03
-9.048563175890837404e-03
-3.110450516675811183e-02
-6.162353696600982034e-02
-1.349336658224639107e-01
-2.609515252202958546e-01
-3.378155568000424380e-01
-3.293456255170755798e-01
-2.881215384520950940e-01
-2.651753750699766821e-01
-2.732111294169657367e-01
-2.655349280659465294e-01
-2.257521458336788078e-01
-1.842821216002121509e-01
-1.611760551399339103e-01
-1.558376489027284428e-01
-1.774955749297688623e-01
-1.894677411414010804e-01
-1.632630281183456711e-01
-1.286580121828130585e-01
-1.005881463471841319e-01
-7.242420521670962785e-02
-4.428764874507290505e-02
-9.044943952431080958e-02
-2.039945210749846694e-01
-2.425599710019427091e-01
-1.939875468539236369e-01
-1.406913636138649726e-01
-9.943120494499027573e-02
-5.792844427799476864e-02
-1.405913416317153275e-02
2.129797281012580507e-02
-2.310582403474832625e-02
-1.922793525839570639e-01
-2.809106846285387427e-01
-2.219287567253057092e-01
-1.335574000293544561e-01
-5.323768717018854957e-02
3.311772947295170411e-03
4.782527561311122888e-02
9.734955802317118989e-02
1.358047940648249297e-01
1.578064532782650076e-01
1.672833411538301174e-01
1.627591118350917576e-01
1.562591648118399901e-01
1.486193129156250237e-01
1.371765109574940578e-01
1.324589641847327415e-01
1.423084115872648991e-01
1.638600962220002066e-01
1.903967730627895427e-01
2.170195809737423820e-01
2.406585328688188308e-01
2.717234245987780739e-01
3.052972482461807635e-01
3.353615401902027005e-01
3.659691213282247890e-01
3.959497865127294403e-01
4.223548392828388454e-01
4.450757299750205953e-01
