-2.747739451494436658e+00
-2.744469833744489051e+00
-2.741693966749842559e+00
-2.738331963407690139e+00
-2.734498562468999694e+00
-2.727893275181617838e+00
-2.775764221436763712e+00
-2.751120677788144064e+00
-2.744747531398705753e+00
-2.736496393595510224e+00
-2.722136854132397588e+00
-2.693557073487733877e+00
-2.667102168650872684e+00
-2.657789065106018533e+00
-2.620905051882314929e+00
-2.481429141018829831e+00
2.917430752325789811e+01
-3.084634359560207706e+00
-2.926497049839089648e+00
-2.873358251197466906e+00
-2.847397397860564006e+00
-2.826309747344389223e+00
-2.809769088205704257e+00
-2.799650167656459132e+00
-2.791010968270755122e+00
-2.782370627569286547e+00
-2.777701872884540624e+00
-2.774569301354891326e+00
-2.768293215926485029e+00
-2.760572733284752722e+00
-2.753132549849858446e+00
-2.746530015183004991e+00
-2.740555129374009802e+00
-2.686521325630038426e+00
-2.752800149700805221e+00
-2.745885923521259819e+00
-2.738396652829266920e+00
-2.729014516463542428e+00
-2.716196029426900083e+00
-2.699835987584936259e+00
-2.690461649263086841e+00
-2.680162518802751137e+00
-2.654908196631048156e+00
-2.573053333714256929e+00
-2.559086880584828805e-01
-2.991812705182165466e+00
-2.931150797955303755e+00
-2.962132226096426457e+00
-2.951378686027630316e+00
-2.893489588427200054e+00
-2.848433430993288162e+00
-2.823558436453718734e+00
-2.822845155244380067e+00
-3.561632634520073726e+00
-2.617676427754059176e+00
-2.408353222118479575e+00
-2.971239510887058621e+00
-2.838286675426336725e+00
-2.808561217413636069e+00
-2.790759897493145125e+00
-2.777551052720253377e+00
-2.767988393790347779e+00
-2.761806095238644954e+00
-2.756821758651291088e+00
-2.750463589056989289e+00
-2.744285536259624791e+00
-2.739128843561723592e+00
-2.734479471172973852e+00
-2.729921036713662374e+00
-2.724659188528419484e+00
-2.717818163246315422e+00
-2.709589643027444428e+00
-2.702261574573395109e+00
-2.697345279503088555e+00
-2.692288770602995207e+00
-2.686518162476946969e+00
-2.681972076092754786e+00
-2.678945426182434808e+00
-2.674583560992025433e+00
-2.667390654972676689e+00
-2.661179739449304193e+00
-2.655296683284636750e+00
-2.645790114716262131e+00
-2.635835250586782141e+00
-2.631183941758562739e+00
-2.630300455974332152e+00
-2.632112930292128894e+00
-2.634788659849250259e+00
-2.633455136938607666e+00
-2.630878025066664350e+00
-2.629662583744925008e+00
-2.628288999355667066e+00
-2.625092647057273965e+00
-2.619820301197133716e+00
-2.614637412811119610e+00
-2.608995654132274300e+00
-2.602437843971679765e+00
-2.598675720304721715e+00
-2.598340910287595840e+00
-2.596023791281258042e+00
-2.592147363652921754e+00
-2.587643625108607903e+00
-2.581724076613408414e+00
-2.576441771945285453e+00
-2.571145946257510584e+00
-2.568091080173747098e+00
-2.569737826629773902e+00
-2.573743969282237920e+00
-2.577697177619595603e+00
-2.579420432463947588e+00
-2.577242832914772741e+00
-2.570296608483807699e+00
-2.559698166163289823e+00
-2.531314291349358925e+00
-2.459394634653107037e+00
-2.394402369715493251e+00
-2.417079963511134189e+00
-2.462978863522110373e+00
-2.485348319719371979e+00
-2.485583906260392162e+00
-2.496988676096390414e+00
-2.521708662751183549e+00
-2.541464858787814585e+00
-2.551235679891960206e+00
-2.552022899419878144e+00
-2.541720955412590133e+00
-2.535459155579402601e+00
-2.542866911785121253e+00
-2.550722882417868931e+00
-2.555551980298059522e+00
-2.559276131443406488e+00
-2.560895509151064786e+00
-2.544332576069795682e+00
-2.501974244055968022e+00
-2.478750779235710411e+00
-2.493585394219995699e+00
-2.507973831971561651e+00
-2.517604602932244973e+00
-2.526478578141637232e+00
-2.533713701820704323e+00
-2.537832423534955417e+00
-2.524798327607296500e+00
-2.465035755067553236e+00
-2.412515797336981294e+00
-2.437829954990420767e+00
-2.469002492647792479e+00
-2.487799062210051648e+00
-2.501234965760319451e+00
-2.511623131651117280e+00
-2.516305968182774855e+00
-2.514652937598063520e+00
-2.510248781548034991e+00
-2.506631229210201983e+00
-2.502896686297232165e+00
-2.498879366732258411e+00
-2.494788037242788636e+00
-2.490679664023711215e+00
-2.486886300781601111e+00
-2.483852913250053085e+00
-2.481094824119359110e+00
-2.479245027555703196e+00
-2.478251442940403226e+00
-2.477761662159444711e+00
-2.478072260760277423e+00
-2.478107704836769010e+00
-2.476705903108729956e+00
-2.474479197740907299e+00
-2.472523400169788665e+00
-2.470722873950038867e+00
-2.469015903571996517e+00
