-4.183430343379876595e-06
-2.574107369339272014e-05
-5.129718167244043121e-05
-5.631861732664338862e-05
-4.447385174980434644e-05
-2.864460432517953420e-05
-1.417714268749983028e-04
-8.242781866768702625e-04
-2.210084715606979236e-03
-3.846113625334273041e-03
-5.392726059234793749e-03
-6.732734155613080348e-03
-7.890229696061568099e-03
-9.004997291873505227e-03
-1.006153131158851743e-02
-1.100731119091048413e-02
-1.181633918731340993e-02
-1.249091295236901510e-02
-1.304567275261928408e-02
-1.349714938813151473e-02
-1.385698322344504872e-02
-1.413882711044385683e-02
-1.433115361235114300e-02
-1.444962669458204653e-02
-1.452487143704551086e-02
-1.456131950484219374e-02
-1.457282746102358910e-02
-1.461805540686955500e-02
-1.469132625447903268e-02
-1.476557753411691411e-02
-1.482474635754551379e-02
-1.485349009767888973e-02
-1.484049277478930416e-02
-1.492111740529552914e-02
-1.582986659181944561e-02
-1.831726511584541930e-02
-2.143382677155046545e-02
-2.459145323367733366e-02
-2.768868894526592406e-02
-3.059829771471043666e-02
-3.341084772709520395e-02
-3.623327347460329056e-02
-3.895137461515663091e-02
-4.141545100002215485e-02
-4.347089403619933817e-02
-4.507272533458747676e-02
-4.630455474020001710e-02
-4.741303896744882007e-02
-4.845181728109058256e-02
-4.936565359155921373e-02
-5.008736268639508993e-02
-5.060424157516798388e-02
-5.099219577895099803e-02
-5.161574757718216666e-02
-5.291164608656218071e-02
-5.440014250441508464e-02
-5.572884347589802251e-02
-5.680364262456411711e-02
-5.768112977889735399e-02
-5.838390420232655864e-02
-5.888188729795618137e-02
-5.918647187648951036e-02
-5.937113339728411487e-02
-5.965091696034793139e-02
-6.006179891530635806e-02
-6.040901586619911584e-02
-6.056551655814455121e-02
-6.050196196597067838e-02
-6.022158036989636032e-02
-5.973792822289805682e-02
-5.911130115157699205e-02
-5.845446147186546954e-02
-5.777093999340077862e-02
-5.701749751107664660e-02
-5.619111117527374882e-02
-5.531935315903255268e-02
-5.440134972893140991e-02
-5.341407082037236825e-02
-5.235818508405217647e-02
-5.129949227847832582e-02
-5.029173030193849481e-02
-4.928167290801936662e-02
-4.825619862313182407e-02
-4.724689823578134135e-02
-4.624475248227268714e-02
-4.521618204837514476e-02
-4.414018028451858339e-02
-4.298027593104728622e-02
-4.173605576380463866e-02
-4.043026434060248420e-02
-3.906335161523406818e-02
-3.764370452278294893e-02
-3.618551115648193511e-02
-3.473273943455109508e-02
-3.330317852016628083e-02
-3.187053457964957037e-02
-3.040628672006833247e-02
-2.890105498087908176e-02
-2.733535067643781680e-02
-2.570026811541533882e-02
-2.402057024798421106e-02
-2.232515868851173493e-02
-2.064647296224036629e-02
-1.900843178464314137e-02
-1.741510916924576130e-02
-1.587370781454667396e-02
-1.435187373682297006e-02
-1.280956692749327629e-02
-1.120813066809513495e-02
-9.512296152479957426e-03
-7.758618116424631332e-03
-6.042074131050195578e-03
-4.466724961067282222e-03
-3.169707034945810041e-03
-2.552098667923583235e-03
-2.788272806053981000e-03
-3.442346092422427992e-03
-4.128308008070374902e-03
-4.712365676280005564e-03
-5.316147195146636063e-03
-5.986703628295285060e-03
-6.510903360625805436e-03
-6.735244346933792065e-03
-6.664508560734693464e-03
-6.393470341885224180e-03
-6.051867210494278095e-03
-5.783942501534472189e-03
-5.409709310331547311e-03
-4.768269394219775206e-03
-3.841960804169586123e-03
-2.633693936150196743e-03
-1.124761655916472558e-03
5.268650329772887105e-04
1.723041262125111790e-03
2.327003575303024201e-03
2.896238838604651630e-03
3.736621916044621967e-03
4.864453310448070382e-03
6.303689538691191821e-03
8.102498941424210802e-03
1.027776453537830766e-02
1.264304921621032390e-02
1.448114263696391978e-02
1.527864018596631138e-02
1.586619753624278484e-02
1.678206889546487654e-02
1.817832682971526337e-02
2.004839346878450543e-02
2.235312597332997711e-02
2.509920989704720121e-02
2.827711058067151201e-02
3.177927774254458992e-02
3.553553717590381827e-02
3.946222300868518218e-02
4.348618324488699727e-02
4.758113261311483488e-02
5.170207070091902002e-02
5.582925930670422365e-02
5.999942449092261765e-02
6.427603476980504882e-02
6.870569025068853919e-02
7.332010325547785867e-02
7.812787602387280539e-02
8.314462731506340465e-02
8.842467792699877649e-02
9.395984818442912334e-02
9.974782417913886923e-02
1.057899179806462142e-01
1.120841772880735304e-01
1.186107046241011570e-01
