-1.008280107474686209e-02
6.228056290707146767e-03
4.957211342063927439e-02
2.630965260456927246e-02
2.211418777403465624e-02
-4.084688454537605679e-02
-8.190527825285173202e-01
-1.035574094737736761e+00
-9.583644873081764715e-02
2.849190922287296313e-01
3.271344158965091564e-01
2.569920595022375798e-01
-8.367220668361122216e-02
7.385258085170917641e-03
8.138655820026588494e-02
1.124304518059098257e-01
9.496417334745657635e-02
7.591082511091713780e-02
5.577996974638326638e-02
5.244186741974821153e-02
2.629177058864695313e-02
7.201674208059205551e-02
4.943920097245589618e-02
5.106273501029053030e-03
2.057976829770589988e-02
2.980024512744283011e-02
-8.883937778559766740e-02
-4.062438869878215453e-02
9.275588657784607574e-03
2.804057747228019468e-02
4.798232324904486146e-02
6.637152747032457056e-02
4.363561040796236357e-02
-9.416052450281303665e-01
-2.657601150777030075e+00
-2.545448855259337950e-01
3.089807974924304590e-01
1.233281205869392050e-01
3.514900984028750397e-01
5.904750611389808501e-02
-2.000866949915954263e-01
3.673454327480202286e-02
1.866539743589269440e-01
4.098724299047988850e-01
4.131964052501169715e-01
3.339677481461068576e-01
-1.445644005378784736e-01
-9.997458120566272977e-02
2.565832058696745910e-02
1.607132519398229709e-01
1.704599600228932366e-01
1.349738496650052522e-01
-2.985004051575741446e-01
-1.290874646799144543e+00
-4.092998640990586079e-02
3.301545198138184367e-01
3.849345923974536454e-01
2.037201541171572983e-01
1.440624154323764672e-01
2.167266334531748884e-01
1.819225938699924883e-01
1.434407239082593488e-01
-2.498888056194811524e-01
-2.643375527461864771e-01
1.265558188235925696e-01
2.661702724906360729e-01
2.724403419094331147e-01
2.515203639018891435e-01
2.348076196297245455e-01
1.544790238664372484e-01
-3.512963258860105076e-02
2.485263524565350934e-05
1.066987489121862809e-01
1.313443138150230116e-01
7.159769014384073649e-02
8.663445912682379846e-02
1.373944148338237803e-01
1.614997918572144142e-01
5.510853766461998315e-02
-3.978252077557450916e-02
1.007195654480750324e-01
9.019245761706320974e-02
1.064742818180930417e-02
4.770990282319534370e-02
1.264849736275226733e-01
1.356874965453829796e-01
2.118625842195521747e-01
2.010457313655170108e-01
1.293496969934405105e-01
1.618842139193125418e-01
1.525911302388519575e-01
1.536536062093967481e-01
7.953748300936155924e-02
5.881737638790060507e-02
1.103796245382649144e-01
1.338960737655943700e-01
1.303663126723954291e-01
1.816933643707361878e-01
2.077605627581521341e-01
1.433657460063925138e-01
1.291533980721983332e-01
8.618319477612768065e-02
6.162904405069968838e-02
8.428378596264329836e-02
5.689389505181907669e-02
1.313535077505732784e-01
1.930869217241855673e-01
2.327509227659398383e-01
2.839128060076531734e-01
2.177025653052387377e-01
9.017062308134865534e-02
-5.098578676044690505e-02
-8.754195272003340023e-02
-7.343015423347032389e-01
-1.062554567506932335e+00
-1.455827412302456714e-01
3.192671699590687862e-01
4.357194013717060055e-01
9.643248203993624867e-02
-6.544914500681989211e-02
3.474481075469851854e-01
5.095615803989737014e-01
4.500356486004029044e-01
2.698897508678174129e-01
1.344203239819861673e-01
-2.116471721375995652e-01
2.429948359803192626e-01
4.644063923905152325e-01
4.170733509776822223e-01
3.930170523810131988e-01
4.381822613686914281e-01
3.860081817468010157e-01
-7.009166629539522742e-01
-8.877399031519304096e-01
3.137102433716068006e-01
6.249697814366910187e-01
4.789090647328541062e-01
4.973456775059269530e-01
5.442987124499674145e-01
5.617337718610141417e-01
4.585538466116755307e-01
-5.892045024439416245e-01
-1.747076213596426397e+00
2.605223059900614313e-01
7.996970204587772191e-01
8.234619867345700506e-01
6.959510754737725513e-01
6.249394860093557824e-01
6.184511319960127596e-01
5.976075986868490952e-01
3.940881530682507350e-01
3.778784829275454449e-01
3.207215582275120269e-01
2.539083212434009029e-01
2.860455907941334974e-01
2.429974785849501329e-01
2.420065239816817648e-01
3.024619108120936151e-01
3.933759571908499453e-01
4.292170913313950731e-01
4.787400965825653332e-01
4.783568680721602684e-01
4.878652460946460989e-01
5.884357085528600928e-01
5.434949904987319558e-01
5.388805207536703223e-01
5.460932674576159940e-01
5.632881145703897419e-01
5.430715666531813479e-01
5.508619909167730144e-01
