1.475158195784673481e-06
1.080620641883809693e-05
3.740582318897831210e-05
9.668947228929150595e-05
1.805703578878327734e-04
2.765160603406339990e-04
2.547009238324502204e-04
-2.784434417840495730e-04
-1.374355568804538907e-03
-2.550943689130297926e-03
-3.512066826393591898e-03
-4.201109235036684306e-03
-4.691697554906483492e-03
-5.144552536435616566e-03
-5.549584446092751047e-03
-5.862865146862351363e-03
-6.067784424515491881e-03
-6.177550893006854629e-03
-6.209838749758212623e-03
-6.181060450454906388e-03
-6.104105383690540572e-03
-5.989967961821817191e-03
-5.827836619877413589e-03
-5.632473607319622363e-03
-5.425867188827658387e-03
-5.206365950145517077e-03
-4.985906796861963586e-03
-4.813163608241992006e-03
-4.671283920187689967e-03
-4.528378894305713255e-03
-4.366013376585709850e-03
-4.169977943169217265e-03
-3.933536593231497409e-03
-3.790468448803789234e-03
-4.414687225384407790e-03
-6.386971273706057786e-03
-8.659528127134746844e-03
-1.070830320752018394e-02
-1.251182612714397957e-02
-1.401156490500207567e-02
-1.535559651131582909e-02
-1.666995083425190302e-02
-1.785896675235702086e-02
-1.880718179095654252e-02
-1.940336876233974064e-02
-1.964428581632413420e-02
-1.964346829853053089e-02
-1.964274375624907101e-02
-1.966526931820061774e-02
-1.963642962103662876e-02
-1.948187830182417438e-02
-1.919352399832216158e-02
-1.884903125632594878e-02
-1.878365021136009852e-02
-1.934332976706557017e-02
-1.998827432899335024e-02
-2.039457935683378770e-02
-2.051563688705413877e-02
-2.043853702560943092e-02
-2.021181685129682173e-02
-1.982087630750078294e-02
-1.928673411621190451e-02
-1.869198234320470706e-02
-1.823253185950871394e-02
-1.790846718372133065e-02
-1.752566255253194816e-02
-1.697926034084816863e-02
-1.625281058269854861e-02
-1.536084715142473252e-02
-1.433458299950285397e-02
-1.325271294326971216e-02
-1.221170243242289746e-02
-1.121288014916014056e-02
-1.019786196195184361e-02
-9.144105377825260256e-03
-8.077766690725374579e-03
-6.993263157010640163e-03
-5.861212268277860189e-03
-4.676929846232680960e-03
-3.500558520027624229e-03
-2.368693252080253213e-03
-1.234133330430263768e-03
-1.092514698305458755e-04
9.691538134273794316e-04
2.027715560968127665e-03
3.119064940754041025e-03
4.270923394834048523e-03
5.521874290777462405e-03
6.862372757854957005e-03
8.251020182423181998e-03
9.695326638517671666e-03
1.119589521476537994e-02
1.273994643988554144e-02
1.428710250356246894e-02
1.582156315539295921e-02
1.736036322197417534e-02
1.890698492264342515e-02
2.046855689726786651e-02
2.208131751683705540e-02
2.375710208545947499e-02
2.546041633387795960e-02
2.717594002209047441e-02
2.887793662570495648e-02
3.055463913401484932e-02
3.221233398291288574e-02
3.385185222844422359e-02
3.551963891625301711e-02
3.726357657758919834e-02
3.911422946131905276e-02
4.108225431855158649e-02
4.312208254735081653e-02
4.514920731485617261e-02
4.707915969286068092e-02
4.879897355786783769e-02
4.997296671640103632e-02
5.050887206736594942e-02
5.088124059546621225e-02
5.143741292369820306e-02
5.224859115482220068e-02
5.315111922143087725e-02
5.408607123908866499e-02
5.525163123509781865e-02
5.675181583680946606e-02
5.854611627550644626e-02
6.051050620135501462e-02
6.249927264762957652e-02
6.438108756452924630e-02
6.636155248673862583e-02
6.858060635809058725e-02
7.102736807682959175e-02
7.368129402366745129e-02
7.653904378889571369e-02
7.942768029215570291e-02
8.180580148139247887e-02
8.362009400166570128e-02
8.546717441178142138e-02
8.761250722753680109e-02
9.002553952835523621e-02
9.270486801595988202e-02
9.566545743482321451e-02
9.889202723166064246e-02
1.021977831826731825e-01
1.049347840412142990e-01
1.066906899936968384e-01
1.083695505792967861e-01
1.104608402155314167e-01
1.130100193713680506e-01
1.159448870903884016e-01
1.192246854092359337e-01
1.228100715945958515e-01
1.266231297958877178e-01
1.305440754451357155e-01
1.345319308035872186e-01
1.385569349142782847e-01
1.425856551349367340e-01
1.466153584742208860e-01
1.506299000687580103e-01
1.546312045723642614e-01
1.586479242347006990e-01
1.627207225488138675e-01
1.668716561711408308e-01
1.711265563669840395e-01
1.754898705750975729e-01
1.799763999954218929e-01
1.846137146162068199e-01
1.893832908163118611e-01
1.942646009553813113e-01
1.992535816777071533e-01
2.043506386857325552e-01
2.095460326517579464e-01
