-1.386354792488231569e+00
-1.387359399223615952e+00
-1.385718452625337438e+00
-1.386638482093193403e+00
-1.387326789563789298e+00
-1.388624481353162743e+00
-1.385657976791548007e+00
-1.386556114097686532e+00
-1.387299325217441037e+00
-1.388400413918188470e+00
-1.389993811772398669e+00
-1.392222830998056882e+00
-1.394153008931085846e+00
-1.395497381466423992e+00
-1.397724510208081306e+00
-1.401322300098434281e+00
-1.406782672328630301e+00
-1.414828040855885760e+00
-1.427070959291875774e+00
-1.448351830325512957e+00
-1.488608773660808460e+00
-1.684047821711502912e+00
-1.082974326571214174e+00
-1.246266746185263008e+00
-1.281674865394570872e+00
-1.306240329416674228e+00
-1.293121293493764812e+00
-1.213547997782327137e+00
-1.142645696333574268e+00
-1.188534335417355425e+00
-1.257712502153639722e+00
-1.305473337611583240e+00
-1.327886998436471622e+00
-1.429303965553531341e+00
-1.391927750485995263e+00
-1.390314651206477015e+00
-1.391227661580854980e+00
-1.392526068423613372e+00
-1.394161603837401842e+00
-1.396035164231253178e+00
-1.397241088458598623e+00
-1.398490123307644328e+00
-1.400737445353529731e+00
-1.404903039907487550e+00
-1.412887439531551159e+00
-1.428120445728887411e+00
-1.442483633691963973e+00
-1.444352963267818701e+00
-1.450513475769986460e+00
-1.472562207698444814e+00
-1.542825638403076738e+00
-1.990752692956772929e+00
-1.801734808281592271e+00
-1.437372854994673599e+00
-1.416160474615502762e+00
-1.419383520420163247e+00
-1.431452507381123063e+00
-1.452522919566491044e+00
-1.483496210527127435e+00
-1.572113970227281721e+00
-5.610665789159843264e+00
-1.143366304114029397e+00
-1.126892916800616096e+00
-2.511369874340620534e+00
-1.834662641668200367e+00
-7.875050239675387420e-01
-1.250322701754315924e+00
-1.310925643362366833e+00
-1.334006384406024592e+00
-1.344961965588100439e+00
-1.348308129019950119e+00
-1.348519819127237396e+00
-1.350495845809083884e+00
-1.353975547946624003e+00
-1.356606421526781903e+00
-1.358531801763103619e+00
-1.360928052005046851e+00
-1.363713855209276238e+00
-1.365638250919137153e+00
-1.366112706375993913e+00
-1.366814508582869347e+00
-1.368274410598950164e+00
-1.369176135921233772e+00
-1.369830616570546722e+00
-1.371124289928387974e+00
-1.372831809535836278e+00
-1.374804966720857724e+00
-1.376795197823402095e+00
-1.378387844096635284e+00
-1.379786319671972628e+00
-1.381124103566001127e+00
-1.382370062590285720e+00
-1.383499065348255952e+00
-1.384549370168424165e+00
-1.385600210466277016e+00
-1.386645197152403419e+00
-1.387666163350853354e+00
-1.388638237040450196e+00
-1.389530351732992219e+00
-1.390419785770643291e+00
-1.391353844733956846e+00
-1.392346492225499999e+00
-1.393435967724148128e+00
-1.394550162372349300e+00
-1.395703525463509065e+00
-1.396766355017409866e+00
-1.397511830066573202e+00
-1.397988193318325800e+00
-1.398235076308932401e+00
-1.398531708984370514e+00
-1.399262830051524187e+00
-1.400661648947099991e+00
-1.402704188159271892e+00
-1.408272732464163512e+00
-1.433084109657605243e+00
-1.594257250622043376e+00
-1.724842873958263745e+00
-1.506987474953557671e+00
-1.467807760733386147e+00
-1.471898554877872245e+00
-1.457538139774003039e+00
-1.431166526492954727e+00
-1.418074394399354787e+00
-1.412771712420211045e+00
-1.411062790130971134e+00
-1.412690513446191343e+00
-1.413811005849886726e+00
-1.411152764285511063e+00
-1.408474205295081383e+00
-1.406770659583950200e+00
-1.405477747276516753e+00
-1.404591169684685559e+00
-1.406895606229366713e+00
-1.415180773452315854e+00
-1.421985312162598269e+00
-1.418600792454045578e+00
-1.414791128023821898e+00
-1.412246377600091307e+00
-1.410038023978368971e+00
-1.408201890862169403e+00
-1.407043005783923162e+00
-1.408845356983422503e+00
-1.419667233331823208e+00
-1.434929818592305839e+00
-1.429961869312909029e+00
-1.421755669704745095e+00
-1.416427355548759204e+00
-1.413204807915275030e+00
-1.411011511479544511e+00
-1.409448936130528907e+00
-1.408740928664007352e+00
-1.408649831296307831e+00
-1.408843465469174605e+00
-1.409368228861156869e+00
-1.410035312405407470e+00
-1.410797778720737972e+00
-1.411693338048468860e+00
-1.412508942223920538e+00
-1.413035368128466862e+00
-1.413310210966499891e+00
-1.413415419174804732e+00
-1.413443966618263437e+00
-1.413480808438912550e+00
-1.413352041361391365e+00
-1.413190828167333324e+00
-1.413165505394443855e+00
-1.413194086182526288e+00
-1.413241741702219390e+00
-1.413351178311185175e+00
-1.413528120763226870e+00
