-1.273096859426454486e-06
-6.510651367670874300e-06
-3.617160573291924280e-06
2.675351074597306475e-05
7.769660840062847041e-05
1.361393943062639829e-04
7.282670502422694363e-05
-5.138016729291154617e-04
-1.689147058404355788e-03
-2.973595749242095333e-03
-4.060229894807348278e-03
-4.880374347886639458e-03
-5.498839012026944702e-03
-6.073641394364340078e-03
-6.594722683048239407e-03
-7.018119800213503713e-03
-7.327522379298847047e-03
-7.534934188964731092e-03
-7.659276308479188826e-03
-7.718318252934886631e-03
-7.724692810842393245e-03
-7.690362269344951790e-03
-7.603884782257738610e-03
-7.480326106807926902e-03
-7.344610819971036930e-03
-7.196205525361161481e-03
-7.046401799805243615e-03
-6.945792946934725189e-03
-6.879369559537888007e-03
-6.815825268749926141e-03
-6.737487104789721508e-03
-6.629913151054726318e-03
-6.485011957957828241e-03
-6.436440118351650398e-03
-7.168699522254302903e-03
-9.292133516672790652e-03
-1.177179276660055875e-02
-1.406565977905722790e-02
-1.613580096995386251e-02
-1.791215322811744171e-02
-1.953284852088340087e-02
-2.112289278833254236e-02
-2.258414464022186555e-02
-2.379582523168211755e-02
-2.464108044430879732e-02
-2.511270734668010277e-02
-2.532138960478564141e-02
-2.551227488753720837e-02
-2.571686895489195060e-02
-2.586563838262054965e-02
-2.588727106734525080e-02
-2.577279144059270097e-02
-2.559898093957826623e-02
-2.570631913477930408e-02
-2.645737350002983629e-02
-2.732171965587874146e-02
-2.796791451218536007e-02
-2.834003033536921026e-02
-2.852116476138821105e-02
-2.855324040146595133e-02
-2.841935912510418216e-02
-2.814042074380017355e-02
-2.779640445510932895e-02
-2.758727500250611128e-02
-2.752008267424071661e-02
-2.739653590818292433e-02
-2.710597817085610983e-02
-2.663274899094087919e-02
-2.599150875397790092e-02
-2.520870427857021742e-02
-2.435561825280868967e-02
-2.353393254074881424e-02
-2.274097721200151606e-02
-2.192350524014531968e-02
-2.106782358581445885e-02
-2.019922743147195901e-02
-1.931262238234629502e-02
-1.838102565619868789e-02
-1.740246306662153464e-02
-1.643833225069139814e-02
-1.552936212492945882e-02
-1.462219318358176645e-02
-1.371634008484416863e-02
-1.284542155651800105e-02
-1.199042283003325972e-02
-1.110824358847426960e-02
-1.017552696564704914e-02
-9.156727780526468033e-03
-8.058855445101386489e-03
-6.915301428425403227e-03
-5.723067934232070261e-03
-4.486163539373823859e-03
-3.217638224390651121e-03
-1.957987839712781956e-03
-7.211865305398377189e-04
5.161428019526406123e-04
1.769598224309422646e-03
3.046145545540608450e-03
4.372263234186495214e-03
5.756721966212292700e-03
7.168533735166608516e-03
8.586250387366876555e-03
9.982780731169850486e-03
1.134316819252330355e-02
1.267133359405540373e-02
1.396654649777380984e-02
1.526962417069904245e-02
1.662396689556210061e-02
1.806207115011341374e-02
1.960331248899558829e-02
2.120367392011986499e-02
2.277438599946780828e-02
2.422676293638095779e-02
2.544472195699929579e-02
2.607930429906478095e-02
2.602749309498896338e-02
2.576048652691634647e-02
2.563620008634999101e-02
2.573856175824819695e-02
2.591113954342202930e-02
2.609556789225454115e-02
2.648916117175766777e-02
2.720492573134544040e-02
2.820503139580653185e-02
2.937119500858749802e-02
3.056376229458909743e-02
3.165045133172369324e-02
3.282754442477755358e-02
3.423908028945923943e-02
3.587977632236327014e-02
3.773140489962641120e-02
3.979615351493404063e-02
4.190601631573591390e-02
4.350780347399530595e-02
4.453891325935131762e-02
4.558905716227960869e-02
4.693156327935277955e-02
4.854394809888379347e-02
5.042559328143891850e-02
5.259716060369364066e-02
5.504936463489169818e-02
5.759067272663217357e-02
5.955579246611048677e-02
6.052802192081655625e-02
6.140050933235921549e-02
6.267091488657748621e-02
6.441160934154416262e-02
6.656014594640630166e-02
6.906081697920168905e-02
7.188628258473311883e-02
7.498349701050360805e-02
7.823422769495905205e-02
8.158392552568027867e-02
8.498043992843194727e-02
8.837818913905787221e-02
9.177075822999397614e-02
9.513529888599693563e-02
9.847055673851019819e-02
1.018144562529790798e-01
1.052202136726939768e-01
1.087201496942936524e-01
1.123396599012888436e-01
1.160818825790045777e-01
1.199592197260280352e-01
1.240085962753071508e-01
1.282123493193964847e-01
1.325562126200218460e-01
1.370364987028744319e-01
1.416507192829516981e-01
1.463834224953802499e-01
