1.633149511391134012e-02
2.199240671413688411e-02
6.002804035476159289e-02
3.617305113066020261e-02
3.601814618992639494e-02
-3.201888224948386263e-02
-8.099009114448426638e-01
-1.023722273075085454e+00
-8.345014592835908740e-02
2.959548177403059088e-01
3.379274183118924357e-01
2.657753196013762365e-01
-7.531299987225434367e-02
1.402308339588728692e-02
8.882813702476044515e-02
1.244414207489386998e-01
1.040766056234215808e-01
8.851179747595047664e-02
7.100992868613263675e-02
6.418240248298887063e-02
4.017274648017178651e-02
8.268946699536797174e-02
5.930004879154346376e-02
2.042487859945905926e-02
3.630593733692220881e-02
4.163407460660240034e-02
-7.466662580964458784e-02
-2.595288005830968803e-02
2.411873505707261278e-02
4.604429791800369182e-02
6.724786947791756841e-02
8.462599732790436480e-02
6.136544502511408899e-02
-9.248554961014858744e-01
-2.635865706845597511e+00
-2.311752210410070729e-01
3.287623868066646970e-01
1.448537878326657813e-01
3.786801181796644045e-01
8.064506419829028938e-02
-1.739911793456876132e-01
5.900656845851179333e-02
2.066745995067064690e-01
4.299481413292145504e-01
4.383891704307193438e-01
3.576490773100549081e-01
-1.220981132546843928e-01
-7.253983639600578015e-02
5.444120931824257548e-02
1.965434932180583627e-01
2.054697080624277028e-01
1.680444437858904794e-01
-2.659549910911995774e-01
-1.253537314414233883e+00
1.983196617509619397e-04
3.738031843335725135e-01
4.287501886091260594e-01
2.581155731830179767e-01
1.866036609641193444e-01
2.598042699312352322e-01
2.309917002309002099e-01
1.842293943739550244e-01
-2.084579947106914577e-01
-2.166568935428386244e-01
1.612105956058006995e-01
2.955370110105270953e-01
3.140967386492112823e-01
2.986341114030490185e-01
2.784055801839989686e-01
1.738099458249712514e-01
2.851996605596679446e-03
1.186774526905218230e-02
1.273797048936830267e-01
1.745068239967316748e-01
1.060273708516983326e-01
1.213663287826125814e-01
1.761606322731562313e-01
2.084461167116932467e-01
9.984993364844182984e-02
1.523607704381199635e-02
1.429817667627651112e-01
1.051937337858902810e-01
1.855764372513002414e-02
6.912616959217754431e-02
1.682761225586963671e-01
1.842016698538111730e-01
2.704598139884683006e-01
2.618904787207913532e-01
1.670454695841863124e-01
2.144784253340867308e-01
2.151198353554797382e-01
2.151007646304998189e-01
1.421163622984197294e-01
1.165397701591134316e-01
1.600354911031212635e-01
1.547775005550217631e-01
1.527249989560014454e-01
2.275849362897636174e-01
2.635182523227367346e-01
1.805694084921625753e-01
1.863453273713721048e-01
1.385994798675902473e-01
1.196954272350486681e-01
1.457005029247952499e-01
1.175440154809981874e-01
2.048014577552564885e-01
2.793537245583776474e-01
3.226388446015828193e-01
3.575344242389990046e-01
2.940841348054663573e-01
1.753056480778105719e-01
3.916294532164543707e-02
-4.006372154813586661e-03
-6.336596779262442247e-01
-9.712506634639513914e-01
-4.972304493717492196e-02
4.149214438787229287e-01
5.332642389839100661e-01
1.965264610750447061e-01
3.492918590202501172e-02
4.639802405432797983e-01
6.162373712997425423e-01
5.715036659622764192e-01
3.838281317182843377e-01
2.345606674425697591e-01
-1.243278891840920442e-01
3.524974685191127888e-01
5.690824361772444107e-01
5.187946631613556958e-01
4.974674117772679427e-01
5.361963226767870738e-01
4.677688294349413578e-01
-6.050955406124615132e-01
-8.195003772963774802e-01
3.960038771362462406e-01
7.108531986475310482e-01
5.634141263717316050e-01
5.959631882081725118e-01
6.382065426173144651e-01
6.477947463698802144e-01
5.501784525064624676e-01
-4.664424643394212699e-01
-1.687334139740395145e+00
3.314118158936870673e-01
8.932215294806281625e-01
8.858517649221222534e-01
7.508657545519049625e-01
7.397521644111670902e-01
7.105478389112970250e-01
6.322174346301514536e-01
4.276178808498265482e-01
4.235964658548067030e-01
4.054816877722896562e-01
3.499206780317434262e-01
3.761238511659231731e-01
3.424494322418216719e-01
3.477660547794404478e-01
3.859913082208196178e-01
4.569262806516746211e-01
4.717597613194911554e-01
5.306003847002941365e-01
5.296436353965832122e-01
5.540843618234315704e-01
6.258420516726259653e-01
5.915740561719714519e-01
5.661877074243393260e-01
5.733440140869487944e-01
5.915473035407472491e-01
5.804156224134749964e-01
5.907181591671496479e-01
