-3.990094903988954126e-06
-2.350399266179266120e-05
-4.381613408549402556e-05
-4.283821490955984628e-05
-2.751439384185296424e-05
-1.161602373840285371e-05
-1.205443243791595091e-04
-7.440523841974061321e-04
-1.930498888181120991e-03
-3.196648068187181013e-03
-4.247830111853144117e-03
-5.029740513558310019e-03
-5.616398738563583432e-03
-6.167760215975035161e-03
-6.671996688189444150e-03
-7.086502567044124928e-03
-7.398058021049004444e-03
-7.619365126146826830e-03
-7.770792931540265389e-03
-7.870383394327676307e-03
-7.928807364365143481e-03
-7.956940751510190035e-03
-7.941304184620226816e-03
-7.896312116159697261e-03
-7.847647168516292196e-03
-7.793577670120933887e-03
-7.743102157003360804e-03
-7.745378970759564559e-03
-7.783587597113430546e-03
-7.826315712420667953e-03
-7.857676512543437450e-03
-7.864622833028403134e-03
-7.839583352009548908e-03
-7.914814827696316918e-03
-8.759844890789051167e-03
-1.094897094265494947e-02
-1.343046745587092410e-02
-1.568229373479617522e-02
-1.768955942016627036e-02
-1.940067705407462484e-02
-2.096321676407515711e-02
-2.250463224786618602e-02
-2.392622854771620997e-02
-2.511093979472838258e-02
-2.594994997802035214e-02
-2.644546634031781987e-02
-2.671127030473961078e-02
-2.698776764222000218e-02
-2.729975754381446656e-02
-2.757460651859626466e-02
-2.774298858857675645e-02
-2.779675309647529693e-02
-2.781107337870098936e-02
-2.811873941962722556e-02
-2.906410769813245337e-02
-3.010805371512938894e-02
-3.093084107584031031e-02
-3.149082498259074547e-02
-3.188163520069785956e-02
-3.214407351156362003e-02
-3.226239318747171902e-02
-3.225981670599025602e-02
-3.221246296533372688e-02
-3.231412909305198672e-02
-3.256411851885490649e-02
-3.275703108205225284e-02
-3.278492573986310082e-02
-3.264212547211028242e-02
-3.234942369524394096e-02
-3.193135245847418535e-02
-3.145084720072914564e-02
-3.100828017730609953e-02
-3.058912034760005727e-02
-3.014217194042033421e-02
-2.966269508729394919e-02
-2.917447638545452027e-02
-2.867162088486366681e-02
-2.812983184636308823e-02
-2.755114525124338978e-02
-2.699712211946181731e-02
-2.650808027303173595e-02
-2.602206932445848969e-02
-2.552635650586559946e-02
-2.505032796089230046e-02
-2.458123874317674415e-02
-2.408682096645463691e-02
-2.355095976256607257e-02
-2.294490684107789585e-02
-2.227677926201424713e-02
-2.157288213778463248e-02
-2.083437219798943071e-02
-2.006972050269751826e-02
-1.929158486016176871e-02
-1.853836099141945026e-02
-1.781872254749429507e-02
-1.710103671336914502e-02
-1.635771705476390600e-02
-1.558264169793206408e-02
-1.476054490272054112e-02
-1.388798400331953814e-02
-1.299215319370082902e-02
-1.209933797688191558e-02
-1.123562481082230648e-02
-1.041609227605363834e-02
-9.636830658200463626e-03
-8.898542906240463485e-03
-8.166105051114265490e-03
-7.403453316333703099e-03
-6.580393698709924473e-03
-5.673484433059690010e-03
-4.727711151768223749e-03
-3.833438406090284006e-03
-3.075915456427719651e-03
-2.563569792992788973e-03
-2.636418003514822295e-03
-3.376053184852045082e-03
-4.305700370960268558e-03
-5.079536235260354547e-03
-5.629877313328679987e-03
-6.122625914749431179e-03
-6.618796968686608932e-03
-6.929382022974823856e-03
-6.948556202937657827e-03
-6.724442799459898201e-03
-6.373039043914958957e-03
-6.022343520351807963e-03
-5.792201660588669129e-03
-5.488441211899579633e-03
-4.970418165144901111e-03
-4.246592151353324393e-03
-3.337460630756693396e-03
-2.238108108293656966e-03
-1.109900026678803083e-03
-4.924641054846390018e-04
-4.172947005288701753e-04
-2.937215538056924284e-04
1.348132383461766288e-04
8.314275797046783920e-04
1.782485962646658453e-03
3.003845644353465762e-03
4.484458410651124410e-03
6.027813298773877955e-03
6.978164312404706512e-03
6.972894533651023859e-03
6.916848354079022793e-03
7.281304514539411674e-03
8.127134209448915944e-03
9.375989619610631404e-03
1.094368139627070399e-02
1.280808871233106265e-02
1.493845286138794845e-02
1.722199956357444231e-02
1.959908475975485204e-02
2.200413273691273139e-02
2.438905502257354696e-02
2.675201088076832601e-02
2.906999883957204350e-02
3.134415662241935713e-02
3.362432047159525511e-02
3.597498286333324080e-02
3.843511329111031632e-02
4.102543048356649402e-02
4.374399585233559179e-02
4.659802072794224509e-02
4.963010728680274791e-02
5.282025202987868789e-02
5.615959307717708487e-02
5.964474073384901098e-02
6.327044558361676063e-02
6.701631520066261838e-02
