-6.672986863182680389e-04
-8.661982063292913156e-04
2.790386355734674525e-03
7.560494602756078625e-03
1.065218682748292345e-02
9.203655205185796995e-03
-4.770736008973796433e-02
-1.662689910237530322e-01
-2.358854250550777576e-01
-2.214638428867882203e-01
-1.772503638205686904e-01
-1.322829170414121236e-01
-1.130500435363217537e-01
-1.087191821154940147e-01
-9.503077058113060249e-02
-7.546449940653877919e-02
-5.577650906614612519e-02
-3.914734553133708550e-02
-2.590421826894329094e-02
-1.504800307867178687e-02
-7.036436455612998797e-03
1.598762092655759900e-03
1.077838638415097930e-02
1.507136845343582179e-02
1.710729827869694741e-02
2.015408654573134367e-02
1.553833900434384643e-02
6.636031884420353494e-03
3.689494870814929908e-03
5.074536527615346529e-03
9.089636714435560955e-03
1.564590014439204771e-02
2.184070785208026486e-02
-3.862689268335928183e-02
-2.725767496960131986e-01
-4.518721103604390610e-01
-4.464500903591485104e-01
-4.110998024720780575e-01
-3.659130291409082858e-01
-3.232873061263699666e-01
-3.141569877992431703e-01
-3.054230466484330608e-01
-2.732323192940973033e-01
-2.175780082056527343e-01
-1.488675768977088532e-01
-8.643090851363946503e-02
-6.261651283758018494e-02
-6.760158842601873830e-02
-6.453738977112979947e-02
-4.672397809112857625e-02
-2.115330287413652241e-02
1.798457122803145958e-03
-7.137764263551836172e-03
-1.092081122707310586e-01
-1.899309831331381926e-01
-1.706132713614928187e-01
-1.220153489479256226e-01
-7.985448512858825398e-02
-5.201894788337883824e-02
-2.367172121276785515e-02
5.698983354930048373e-03
2.925855975919729179e-02
2.307652507490372609e-02
-9.316105889030468906e-03
-1.809083685552657916e-02
5.764024466147408404e-03
3.902962246946875546e-02
7.138567318194061206e-02
1.008018097361549487e-01
1.228678834243762813e-01
1.262612791762070252e-01
1.191319274463989858e-01
1.199721953088037502e-01
1.283045498259886008e-01
1.339281764981798128e-01
1.366503501789280151e-01
1.432811076498300973e-01
1.543282253490709799e-01
1.595865357019298769e-01
1.518162185743242854e-01
1.471570124345196739e-01
1.500579826613244461e-01
1.471935276303691920e-01
1.419957597507728597e-01
1.442369091568924122e-01
1.520162415218315743e-01
1.655817174505489764e-01
1.830496228003767323e-01
1.949816979116822668e-01
2.042969303337572873e-01
2.143735728421723163e-01
2.234506862796462601e-01
2.271649556284653371e-01
2.245186878731661451e-01
2.235440604268227049e-01
2.269733856903511926e-01
2.315254789798733837e-01
2.392040210150340462e-01
2.516097689599160470e-01
2.612094181096089041e-01
2.657045610142197423e-01
2.660678367960253032e-01
2.618371445050914903e-01
2.573324445340635092e-01
2.522702096809308348e-01
2.505411737203981359e-01
2.575349964587238527e-01
2.711405748210090061e-01
2.906744622754101615e-01
3.088364812267725412e-01
3.142069390212050006e-01
3.018633012423833639e-01
2.778612413589368613e-01
2.084505443440438088e-01
7.829659074712252975e-02
-1.051600253893637815e-02
-1.057500489088149948e-02
2.987519318160977710e-02
5.865192855770715030e-02
5.799583463862338639e-02
7.503064708993717469e-02
1.277177002107093839e-01
1.864926703912101746e-01
2.290942904274655689e-01
2.501793900284906003e-01
2.380078864748464418e-01
2.329544706045407199e-01
2.685475677742661937e-01
3.141671798556011641e-01
3.548064150004793804e-01
3.957092122899159570e-01
4.342684031497650587e-01
3.959630680605416009e-01
2.774674179754790249e-01
2.250862483679709758e-01
2.667961628496222648e-01
3.209095171232875243e-01
3.691691477371005226e-01
4.215964608553873783e-01
4.771085101986583532e-01
5.253325725146813507e-01
4.959504903064352876e-01
3.240726933751232330e-01
2.124285673469586966e-01
2.582047058290795616e-01
3.433364593074355042e-01
4.247492592530876521e-01
4.943131953477294949e-01
5.578012030633958673e-01
6.172218866393940351e-01
6.592321968878568361e-01
6.849526427241059423e-01
7.031923908483656005e-01
7.112233630786128913e-01
7.151864312866873519e-01
7.167249088725278217e-01
7.145191550691397664e-01
7.155697572004843243e-01
7.257956332332118343e-01
7.435447694939355534e-01
7.669916263788248978e-01
7.931486758556722805e-01
8.193270135889797467e-01
8.519237671007553470e-01
8.867332015831989045e-01
9.180495631748791796e-01
9.450720870322607547e-01
9.667777149418773641e-01
9.855343050417436634e-01
1.003588102973692608e+00
1.022545290562829390e+00
1.044130184631336444e+00
1.069434155372015471e+00
1.096769065830825562e+00
1.124034940055089526e+00
1.149690803278494711e+00
1.173216932930296164e+00
1.195070365162238302e+00
1.216583178704218948e+00
1.238294946445599898e+00
1.260305766480772638e+00
1.283016737082902203e+00
1.306921814798979842e+00
1.333379934814657330e+00
1.363632293446042976e+00
1.395637102892440584e+00
1.427957810510402714e+00
1.459268391436951307e+00
1.489087960997240057e+00
1.517350665910550900e+00
1.543395344131475833e+00
1.568012242164271042e+00
1.592507205203904208e+00
1.618139093798160788e+00
1.645591099706926297e+00
1.676224842341249355e+00
1.709774598804173040e+00
1.745079890454040328e+00
1.780473640578666528e+00
1.813332315307567333e+00
1.842436753935374760e+00
1.869284676805694101e+00
1.895560617216656807e+00
1.921770725394160051e+00
1.949047471029264456e+00
1.978836229203556396e+00
2.011612055860446002e+00
2.045453309384086982e+00
2.079036994232401181e+00
2.112586060641114649e+00
2.144711159118590782e+00
2.174804714655431237e+00
2.203810963100012454e+00
2.232744755533224712e+00
2.262336297173753952e+00
2.293079706226962333e+00
2.326352527078948462e+00
2.362446038622838529e+00
2.399854749958575173e+00
2.436577668338420821e+00
2.471258924774505150e+00
2.503599190872024760e+00
2.534565605123364929e+00
2.565298198390498108e+00
2.595827695912559019e+00
2.626444366192222546e+00
2.657494832815091801e+00
2.689502743049131173e+00
2.723450161459231911e+00
2.759519010876115175e+00
2.796915412447283256e+00
2.834352685168284758e+00
2.871086817166079719e+00
2.906450434071155886e+00
2.940600763617066349e+00
2.973437711827523700e+00
3.005118388295926035e+00
3.037069051423585186e+00
3.069941904117416964e+00
3.104488077420840764e+00
3.141656162357209237e+00
3.181013061846006185e+00
3.222064776726885516e+00
3.262593246838112027e+00
3.300235442301524991e+00
3.335472541467104257e+00
3.369033038342873709e+00
3.402009346167175874e+00
3.435302131002390791e+00
3.469767238650335095e+00
3.506619907509006762e+00
