-9.789462414225326425e-03
6.440614826342952286e-03
4.812519689736155515e-02
2.360541505085799255e-02
1.926894100570831700e-02
-4.185553707043460081e-02
-7.949589865763583285e-01
-9.732989472979246548e-01
-3.313413753642951987e-02
3.166582796606857153e-01
3.307194267886142125e-01
2.446514919001065713e-01
-9.424822383634547107e-02
2.529543296222347415e-03
7.589337059162883092e-02
1.040625779960679675e-01
8.469815016799962792e-02
6.542432189599634018e-02
4.615505550263356710e-02
4.386872269569214167e-02
1.918940731647028955e-02
6.503663276032385643e-02
4.221129360321834723e-02
-4.971804493325779339e-04
1.646128582080574887e-02
2.598249636646643435e-02
-8.922021625896631170e-02
-3.778307288664605607e-02
1.158431314113177873e-02
2.841122810504959767e-02
4.619636639938198841e-02
6.231679292145284044e-02
3.847417100574652971e-02
-9.182857409491964606e-01
-2.545992627811878517e+00
-1.225963171200181723e-01
3.853514877917619819e-01
1.593353657384157795e-01
3.603719922120439678e-01
5.510895128015491640e-02
-1.979897928664582918e-01
4.114968907255456276e-02
1.830362334177487726e-01
3.916801306898737844e-01
3.812945462328488633e-01
2.959959003344565520e-01
-1.705900915921394201e-01
-1.098018887891046985e-01
2.103745224816177400e-02
1.526268354717311704e-01
1.570973167403218185e-01
1.192394583811190040e-01
-3.022982808724246628e-01
-1.249279732786901187e+00
1.306419698532729212e-02
3.540765079244834190e-01
3.810854216337844491e-01
1.871411333687654777e-01
1.253900179820112704e-01
1.959524108941598786e-01
1.593332048141004320e-01
1.216199264009315967e-01
-2.589729616562806425e-01
-2.568541520477158335e-01
1.330151240576137595e-01
2.595710126397470230e-01
2.547553035903302732e-01
2.275947380746946858e-01
2.080385707002180562e-01
1.286862445048091996e-01
-5.308922395313553366e-02
-1.014505016667710535e-02
9.739449611805936491e-02
1.195639027525478293e-01
5.952926199104630056e-02
7.523656698975506041e-02
1.246061767489418104e-01
1.460826257143348905e-01
4.067994444430567125e-02
-4.856905728557084356e-02
9.329945089137500758e-02
8.089789206731073934e-02
2.758783599636799311e-03
4.130112006598321561e-02
1.178885889084903826e-01
1.238117608565348637e-01
1.955886650139446459e-01
1.807921484092310238e-01
1.090057489552908043e-01
1.420787921596744496e-01
1.326888696956862179e-01
1.338644965292809519e-01
6.195407161463917234e-02
4.476476072469032230e-02
9.741327745211114664e-02
1.198017124005292811e-01
1.151900922179027731e-01
1.644469638896287611e-01
1.874048804288861447e-01
1.224446175936094172e-01
1.096867385792903993e-01
6.915623223902117589e-02
4.771886662021035397e-02
7.213220474835091434e-02
4.612205443888445222e-02
1.198407986003217629e-01
1.777363639168872411e-01
2.126011239228237648e-01
2.585202411488964902e-01
1.899675836926897343e-01
6.615002613670684095e-02
-6.591197626951145194e-02
-9.286609969362563666e-02
-7.142060131831446945e-01
-1.003649834110096117e+00
-8.281272143884543802e-02
3.511994462983680232e-01
4.356125199840254480e-01
8.428658793159307661e-02
-7.290927703507227298e-02
3.342845339951118766e-01
4.793804150602011260e-01
4.078049854132670404e-01
2.268800955861802748e-01
9.874620033032521782e-02
-2.298998600346890964e-01
2.294903119242774903e-01
4.375987257048158385e-01
3.788418960002120084e-01
3.495834085615374121e-01
3.908047490940675384e-01
3.367986975311187958e-01
-7.184883603789191664e-01
-8.574121359065723924e-01
3.421095334486750073e-01
6.173989726255146859e-01
4.471235770489748185e-01
4.534853717388349081e-01
4.913674631003979165e-01
5.018009986380079779e-01
3.970162244478755431e-01
-6.190114019280616997e-01
-1.701513923472623091e+00
3.181528677985800968e-01
8.059312549011541371e-01
7.863076329354076188e-01
6.357111246904667556e-01
5.555178085110806796e-01
5.451867363618957407e-01
5.227716447558716784e-01
3.246795158279841553e-01
3.166024138803477106e-01
2.663942388399668237e-01
2.069698311654846190e-01
2.440897722883579313e-01
2.046328096148464226e-01
2.067766891032968291e-01
2.674011446004541659e-01
3.544843420961255598e-01
3.850209466093262867e-01
4.291291490220057181e-01
4.244238482961042447e-01
4.310545105796476095e-01
5.267617436895489780e-01
4.780376065419837950e-01
4.722392644296083963e-01
4.786354917040035462e-01
4.946928042356000255e-01
4.740189729769017646e-01
4.817512636727860897e-01
