-1.276518381828600605e-02
2.615677875245329184e-03
6.042036729554647184e-02
5.672656655460013575e-02
6.660292346493555671e-02
8.453919171371830632e-04
-1.002445727368833639e+00
-1.702382024065260513e+00
-1.077856877011835746e+00
-7.051452320244842031e-01
-5.696451176371943870e-01
-5.502039227781774233e-01
-9.040896102229403208e-01
-8.854162425469298547e-01
-8.474040171899918095e-01
-8.293147553667412630e-01
-8.585472820731656629e-01
-9.001925083795552229e-01
-9.550799162532256359e-01
-1.001893530866539095e+00
-1.082834913589574510e+00
-1.090306331390138439e+00
-1.165335962629430400e+00
-1.283574773872846908e+00
-1.354135773145913380e+00
-1.431178842746490876e+00
-1.671917227189255728e+00
-1.770237057086537780e+00
-1.852373375009902290e+00
-1.958264912399725333e+00
-2.062430640744142618e+00
-2.167804483252173675e+00
-2.325358780401910241e+00
-3.723198433423311915e+00
-6.572370534672018927e+00
-5.147337169363964904e+00
-4.897904834093859350e+00
-5.335222225851777189e+00
-5.362659496049767327e+00
-5.954164533752553723e+00
-6.674927595000419878e+00
-6.932570746757207303e+00
-7.216322337344122317e+00
-7.364069016427928105e+00
-7.706426474401076199e+00
-8.179616024509041239e+00
-9.229701453788992538e+00
-9.902241035988975426e+00
-1.050147595574111747e+01
-1.107814868778408268e+01
-1.179788830065568916e+01
-1.262446524514425761e+01
-1.403178629182020565e+01
-1.643695363025668144e+01
-1.660423359758004125e+01
-1.735137285000288188e+01
-1.839405742365466878e+01
-1.979045648050686168e+01
-2.121554061696827631e+01
-2.260439015098278048e+01
-2.420066304216659603e+01
-2.593475895523949504e+01
-2.826270482106088977e+01
-3.045134674454313384e+01
-3.229171455336826568e+01
-3.441528047021948566e+01
-3.680385673653947265e+01
-3.940059136966807785e+01
-4.219266424371718927e+01
-4.527827076587730204e+01
-4.876392596754351416e+01
-5.230247024421254309e+01
-5.599399178004406963e+01
-6.001353876496450823e+01
-6.442400795729025731e+01
-6.908889898143593200e+01
-7.404375001424672575e+01
-7.937346769908079125e+01
-8.524869883606385201e+01
-9.158581947316196192e+01
-9.812956647102430452e+01
-1.052824923364159417e+02
-1.130511152890101982e+02
-1.212750720540821732e+02
-1.300318687673234876e+02
-1.394836606858470418e+02
-1.495388001663822024e+02
-1.604075954632399998e+02
-1.721543572622254317e+02
-1.846603708260961412e+02
-1.981208293414691752e+02
-2.125576569323274612e+02
-2.281460457525033689e+02
-2.448397757774517629e+02
-2.626723807137043423e+02
-2.818229823678797743e+02
-3.023990948890140089e+02
-3.244130686945597972e+02
-3.480478995938262869e+02
-3.735158650464856009e+02
-4.008120424690338268e+02
-4.301481334589728931e+02
-4.616259102702340442e+02
-4.953574066681484283e+02
-5.316101648131010506e+02
-5.703979705871749957e+02
-6.120073653036587302e+02
-6.566625006443648545e+02
-7.045535340001197255e+02
-7.560756138245236571e+02
-8.114741563997947651e+02
-8.709982995367778358e+02
-9.348052466281418447e+02
-1.004067440012646784e+03
-1.078270335902183660e+03
-1.156461296735167252e+03
-1.240543644000001223e+03
-1.331017017856544726e+03
-1.428637438137655408e+03
-1.533322778420179475e+03
-1.645008421960293390e+03
-1.765003532801999654e+03
-1.893989384219108615e+03
-2.032592021750198001e+03
-2.181357134908540047e+03
-2.341330999716242331e+03
-2.512142940470496796e+03
-2.695548428306450660e+03
-2.892616705470614761e+03
-3.104094395486382382e+03
-3.330967090100694350e+03
-3.574541907738127520e+03
-3.837269545431175629e+03
-4.118546074998794211e+03
-4.418716801556587598e+03
-4.741450522139941313e+03
-5.088239789970610218e+03
-5.460255569817421929e+03
-5.859443751842516576e+03
-6.287853357266934836e+03
-6.747750280454054518e+03
-7.242532997237674863e+03
-7.774102532109831373e+03
-8.341043989308216624e+03
-8.950443635107771115e+03
-9.604844421214820613e+03
-1.030730212302766449e+04
-1.106113430834888823e+04
-1.187006388070995672e+04
-1.273819300576466048e+04
-1.367007092264590210e+04
-1.466997179211131152e+04
-1.574307385703504588e+04
-1.689472025843859956e+04
-1.813051685730407917e+04
-1.945679632703033349e+04
-2.088006583261759806e+04
-2.240737110600814049e+04
-2.404634525571620907e+04
-2.580524375859905558e+04
-2.769277231243034475e+04
-2.971843257336117313e+04
-3.189225763141931020e+04
-3.422499301399008982e+04
-3.672851051279433887e+04
-3.941513368938585336e+04
-4.229834564736414177e+04
-4.539245163123185193e+04
-4.871289537362289411e+04
-5.227622100255118858e+04
-5.610019435886594874e+04
-6.020388094878086122e+04
-6.460775977275295736e+04
-6.933381412247939443e+04
-7.440560990109582781e+04
-7.984844236861042737e+04
-8.568944084577687318e+04
-9.195772977092633664e+04
-9.868454968112034840e+04
-1.059034660633006715e+05
-1.136504612074351171e+05
-1.219641992144340766e+05
-1.308861037437067134e+05
-1.404606523177118506e+05
-1.507355901382525917e+05
-1.617622047795711260e+05
-1.735954366338308610e+05
-1.862943409096490068e+05
-1.999221920510010095e+05
-2.145469872792804963e+05
-2.302416301928867179e+05
-2.470843857127316878e+05
-2.651592246952723945e+05
-2.845562825944353826e+05
-3.053722811499974923e+05
-3.277110047861000057e+05
-3.516838807917118538e+05
-3.774104375307046575e+05
-4.050189909191066399e+05
-4.346472158472557203e+05
-4.664428453381200088e+05
-5.005644007491631201e+05
-5.371820449834679021e+05
-5.764783698904101038e+05
-6.186493162454110570e+05
-6.639051683819905156e+05
-7.124716072321499232e+05
-7.645908431959679583e+05
-8.205227443404592341e+05
-8.805462223625923507e+05
-9.449606129589083139e+05
-1.014087093497871188e+06
-1.088270367813173914e+06
-1.167880347284403164e+06
-1.253314016662402079e+06
-1.344997389327285811e+06
-1.443387633248452563e+06
-1.548975400269768666e+06
-1.662287218465709826e+06
-1.783888133294256870e+06
-1.914384506043877918e+06
-2.054427059394709300e+06
-2.204714105678782333e+06
-2.365995066817249171e+06
-2.539074184931921307e+06
-2.724814516927317716e+06
-2.924142272761291824e+06
-3.138051398388024885e+06
-3.367608560463827103e+06
-3.613958466473717708e+06
-3.878329559894283302e+06
-4.162040148063802160e+06
-4.466504959575169720e+06
-4.793242235024986789e+06
-5.143881245401291177e+06
-5.520170492836538702e+06
-5.923986338276755996e+06
-6.357342426953130402e+06
-6.822399717904325575e+06
-7.321477229213680141e+06
-7.857063637670822442e+06
-8.431829688364576548e+06
-9.048641468644678593e+06
-9.710574786639418453e+06
-1.042093038289131224e+07
-1.118325046547533572e+07
-1.200133638895762712e+07
-1.287926756230358034e+07
-1.382142184507996589e+07
-1.483249731983068213e+07
-1.591753576635986567e+07
