-1.021530921533757574e+00
-1.022091749050968446e+00
-1.022357804014710325e+00
-1.022993287332514045e+00
-1.023819407326785225e+00
-1.025296934599313037e+00
-1.018401418464456309e+00
-1.021357864988460484e+00
-1.022590025283371062e+00
-1.024168191669839967e+00
-1.026361929079006252e+00
-1.029362653504854785e+00
-1.032024042379128925e+00
-1.033978452539062731e+00
-1.037082067769302895e+00
-1.042073889042136825e+00
-1.049774590341512104e+00
-1.061685961035923276e+00
-1.082081863381664011e+00
-1.125641409854780672e+00
-1.264541381728916836e+00
-2.959641692257868328e-01
-8.791123410512516889e-01
-9.303543586686916500e-01
-9.506199433625633910e-01
-9.646461675126639657e-01
-9.655101491817117410e-01
-9.578063160680210242e-01
-9.574180625516455212e-01
-9.642842908918856093e-01
-9.737606873474675684e-01
-9.833784437404409218e-01
-9.904388688449077272e-01
-1.399729354007912541e-01
-1.029028849926530764e+00
-1.026556450703725032e+00
-1.027756466791361678e+00
-1.029465472337875331e+00
-1.031618151024104035e+00
-1.034097161622909766e+00
-1.035783646650339618e+00
-1.037545224934851129e+00
-1.040580484653300219e+00
-1.046087907091527214e+00
-1.056623143418306876e+00
-1.077245434402926083e+00
-1.100385612086375531e+00
-1.109451799006729411e+00
-1.127415016758913202e+00
-1.190382027583020808e+00
-1.695691751968159355e+00
-6.497537759898919241e-01
-6.938456878867494959e-01
-1.139880126206425981e+00
-1.075527417976016809e+00
-1.082034134988466789e+00
-1.114344642260099771e+00
-1.208525033252656256e+00
-1.783902605969558852e+00
-6.768347715248401730e-01
-8.887808179922496166e-01
-9.366191662669136608e-01
-9.423839227497078364e-01
-9.205402733417091810e-01
-9.157467667307175319e-01
-9.450015335450479004e-01
-9.674999666855669256e-01
-9.811391645119184046e-01
-9.898797019149885301e-01
-9.953970010642487765e-01
-9.982545355373484419e-01
-9.998680122636522949e-01
-1.001864834344238675e+00
-1.004361564096697412e+00
-1.006598702869888839e+00
-1.008556191553468873e+00
-1.010589061152963541e+00
-1.012681105394086511e+00
-1.014539693883004023e+00
-1.016105021915779894e+00
-1.017682211483399879e+00
-1.019300872246095890e+00
-1.020872364244548303e+00
-1.022453185563810818e+00
-1.023995632825630109e+00
-1.025441058205943445e+00
-1.026729265344272557e+00
-1.027868434954212873e+00
-1.029063855382214232e+00
-1.030268494457029282e+00
-1.031386607646817222e+00
-1.032479907915928141e+00
-1.033685637734832685e+00
-1.035070804725908955e+00
-1.036434939599580218e+00
-1.037719449945128991e+00
-1.039008033191939129e+00
-1.040112887809642839e+00
-1.040929808422480729e+00
-1.041843828514943171e+00
-1.042941049294412004e+00
-1.044179033543941815e+00
-1.045634478419109392e+00
-1.047112139379017037e+00
-1.048639175036790050e+00
-1.049972609602970008e+00
-1.050724133904422875e+00
-1.051015409246510934e+00
-1.050999142517208051e+00
-1.051083691965677192e+00
-1.051780752146386000e+00
-1.053375835337122535e+00
-1.055757237811876470e+00
-1.061571857811603348e+00
-1.077001544149749801e+00
-1.098343934363196439e+00
-1.103894485243319901e+00
-1.096709147135234375e+00
-1.092019330665292332e+00
-1.093392639207635852e+00
-1.090657610199461836e+00
-1.081792010944506721e+00
-1.074038315992367210e+00
-1.069507409964375988e+00
-1.067663960599262163e+00
-1.068922000510593495e+00
-1.069825246245078354e+00
-1.067482099376340976e+00
-1.064785701108484028e+00
-1.062788920724683450e+00
-1.061102510734821758e+00
-1.059850214097887156e+00
-1.062370611377001284e+00
-1.070518810954254718e+00
-1.076438961054713372e+00
-1.074811506387337579e+00
-1.072138535549977734e+00
-1.069955024570818702e+00
-1.067679333270907360e+00
-1.065526591843896753e+00
-1.063968380157692684e+00
-1.065900755502882324e+00
-1.076761216480393690e+00
-1.088636568220012091e+00
-1.086838381689226418e+00
-1.081397497724245316e+00
-1.076892019915985044e+00
-1.073440933167850053e+00
-1.070626360650445585e+00
-1.068539862091770987e+00
-1.067553307483600777e+00
-1.067346700751213628e+00
-1.067435531821847583e+00
-1.067898455671406621e+00
-1.068571371278524751e+00
-1.069386364994540761e+00
-1.070366132587379449e+00
-1.071302780713605740e+00
-1.071987850213889537e+00
-1.072455886164102701e+00
-1.072731400835659654e+00
-1.072875559912157328e+00
-1.072977637518814698e+00
-1.072869866454419174e+00
-1.072711410055078751e+00
-1.072722528683966781e+00
-1.072820984186545479e+00
-1.072926987651183994e+00
-1.073082706821828047e+00
-1.073299698775771027e+00
