-1.101451230163475424e-02
5.322793265250058171e-03
5.391656525710109005e-02
3.583926418013472920e-02
3.354119046721860953e-02
-3.408696305971270490e-02
-8.925677633810101819e-01
-1.249899924894144254e+00
-3.490235702371025650e-01
1.073764192419902480e-01
2.411730594567771391e-01
2.391631507278045854e-01
-8.513519789592810527e-02
1.550845412356678665e-03
8.581961070208438125e-02
1.332763242635092438e-01
1.292890545141007486e-01
1.176302439607634642e-01
9.992651681988144741e-02
9.661350549142670718e-02
6.776787391186400722e-02
1.136119678237314523e-01
9.242316065285814675e-02
4.333538694141855080e-02
5.316820230571537437e-02
5.996998206887158012e-02
-7.085930917083806124e-02
-3.660044126754837673e-02
1.064772427547735351e-02
3.282032917972692310e-02
5.866130656059624637e-02
8.482911901991127546e-02
6.741070913302023293e-02
-1.006460491076310193e+00
-3.023868628940569181e+00
-7.618259953860500033e-01
-7.536226965022858881e-02
-1.397084008350887863e-01
1.904265074720230821e-01
-3.230233674198257354e-02
-2.828860766098035273e-01
-3.684981560993852434e-02
1.519441875872167280e-01
4.373596287327028431e-01
5.061571319632958144e-01
4.707671346209136853e-01
-2.391868123073015787e-02
-2.380166018024593155e-02
8.205218975922475011e-02
2.235353398455988683e-01
2.492480866044166354e-01
2.235665564300601260e-01
-2.450823921068741584e-01
-1.389118933530014699e+00
-2.161202204792602444e-01
2.232134257891907891e-01
3.641707750858187986e-01
2.374842812263233960e-01
2.011752770649930522e-01
2.942108025141572658e-01
2.774249656879893555e-01
2.467107112930518320e-01
-1.799122028085878289e-01
-2.512004854888595928e-01
1.304330972470285344e-01
3.050367759654382671e-01
3.495708830046173610e-01
3.569139526635137227e-01
3.589909713888310150e-01
2.844871461872813811e-01
7.572792501477729199e-02
8.487128869113412521e-02
1.836774311874173060e-01
2.123813800869142066e-01
1.520320395805726255e-01
1.634186319628661288e-01
2.170657270910222314e-01
2.493632960169516743e-01
1.412311309809654580e-01
2.814130544893850283e-02
1.602564627865296631e-01
1.526878317621413184e-01
6.723664373918256110e-02
9.709396052176857972e-02
1.802565382403278904e-01
1.995718138324376612e-01
2.912815878110376344e-01
2.971886416681681631e-01
2.309767379045408187e-01
2.652995350833131094e-01
2.588622909455046694e-01
2.614300422557180315e-01
1.815945380264199771e-01
1.488304464740026756e-01
1.941170266140307410e-01
2.186863153950632799e-01
2.173159226980823922e-01
2.747033557442588592e-01
3.116418614330351278e-01
2.516012870940678159e-01
2.345158526119855424e-01
1.841496569935811567e-01
1.482296068291406033e-01
1.621811607860179638e-01
1.270871466709193043e-01
2.002891848076286951e-01
2.722487062965123217e-01
3.280808458855583587e-01
3.994300638272995085e-01
3.465319442754059009e-01
2.124745759268290568e-01
4.348806827857536195e-02
-2.882145559784378419e-02
-7.660119547763762915e-01
-1.243509693930970217e+00
-3.824921485689536937e-01
1.507264880236748317e-01
3.662417435763297147e-01
8.158872536389734365e-02
-7.810858458487325573e-02
3.625204042969176199e-01
5.921565274583447946e-01
5.917964401380012562e-01
4.364766190954260106e-01
2.941363485044461434e-01
-9.960089625209855857e-02
3.338394565652076373e-01
5.931723299634246160e-01
5.874615899271625752e-01
5.898670301831050455e-01
6.577939647259898326e-01
6.216679099921588181e-01
-5.573727915923304410e-01
-9.148814602295378684e-01
2.506268314382440465e-01
6.527852220917196302e-01
5.873459655432449189e-01
6.592215356176411856e-01
7.533433167254530716e-01
8.124191857606535283e-01
7.331676893156033881e-01
-4.008166006309275553e-01
-1.811630875816415687e+00
9.767191089990948094e-02
7.607743443267269701e-01
9.237471377836866671e-01
8.945736970947802957e-01
8.838268699677592766e-01
9.180711283771157971e-01
9.262074343667519027e-01
7.245215831740154933e-01
6.926062282276671533e-01
6.163546992589417073e-01
5.238651472197437542e-01
5.336461691652198969e-01
4.713239097441728198e-01
4.517308937996660778e-01
5.029594553674769930e-01
5.993822915037210208e-01
6.494008355688558609e-01
7.169743172374213325e-01
7.340527414640324322e-01
7.577167075761751525e-01
8.790070936222498243e-01
8.532579429101757595e-01
8.594396598885541971e-01
8.750114177204801891e-01
9.004657470660680785e-01
8.857127433098479496e-01
8.965650271098635216e-01
