-1.685400758127823639e+00
-1.680755391059058246e+00
-1.688164825668733826e+00
-1.684069522715219147e+00
-1.680924940001587986e+00
-1.674775232118321133e+00
-1.688392327694343553e+00
-1.684444377008794014e+00
-1.681042704537934362e+00
-1.675871794611172749e+00
-1.668169202356159841e+00
-1.657034199424799681e+00
-1.647564399715208960e+00
-1.641431577184605750e+00
-1.630562432672853390e+00
-1.612262038898182759e+00
-1.583564774598421820e+00
-1.539954368281439390e+00
-1.471234935614394779e+00
-1.344395740798424166e+00
-1.084222557735716519e+00
1.276265136325312133e+00
-2.624308899236965864e+00
-2.243388182398692976e+00
-2.140406418259508392e+00
-2.048362503218690733e+00
-2.145419341568122640e+00
-2.833503832359857810e+00
-4.038556721005845951e+00
-3.246516869768744762e+00
-2.466626564965788582e+00
-2.110253838007152716e+00
-1.976914752084686366e+00
-1.530811021992406484e+00
-1.662516025383535823e+00
-1.668445249985217815e+00
-1.663820685231048202e+00
-1.657439481583228069e+00
-1.649406296938672245e+00
-1.640223591293323402e+00
-1.634577509454285149e+00
-1.628758800991124023e+00
-1.617858553486638318e+00
-1.596953167362172188e+00
-1.555138163602562296e+00
-1.470319502400866618e+00
-1.395366209162535842e+00
-1.402356648724046195e+00
-1.382548559422580148e+00
-1.281671193019406907e+00
-9.450625546645237129e-01
1.246117059358255341e+00
-1.637597812162516764e-01
-1.481000239649652883e+00
-1.562678374163795958e+00
-1.546680912578091149e+00
-1.492789455904079743e+00
-1.400401328437375970e+00
-1.270100811683655628e+00
-9.191697449245543883e-01
4.349756065727913068e+00
-2.986034694816591895e+00
-3.364345937293945710e+00
-3.659520295802476397e-02
-6.235159774004899180e-01
3.442219761844219761e+01
-2.470156485517487788e+00
-2.071250136760053984e+00
-1.944272752192173437e+00
-1.888604991980120440e+00
-1.875005124023723768e+00
-1.878552642291086094e+00
-1.870333663388169088e+00
-1.852172664607792951e+00
-1.839041290433669484e+00
-1.829936525455641005e+00
-1.817615040834549278e+00
-1.802827826716880022e+00
-1.793373277752567718e+00
-1.792769277631919289e+00
-1.790444110458485394e+00
-1.783130524296937303e+00
-1.779442367673119030e+00
-1.777276873049732586e+00
-1.770745486557265824e+00
-1.761520107609579000e+00
-1.750649955954334924e+00
-1.739826710441763957e+00
-1.731678574580094665e+00
-1.724738896510447761e+00
-1.718112509722699244e+00
-1.712023836201334692e+00
-1.706734358396657880e+00
-1.702055700071748667e+00
-1.697300830596219612e+00
-1.692415727591596752e+00
-1.687618119675321049e+00
-1.682976197213822189e+00
-1.678609072202894126e+00
-1.674338844374156032e+00
-1.669979432678785347e+00
-1.665433321073138018e+00
-1.660531621118977785e+00
-1.655551047970813983e+00
-1.650424072085475924e+00
-1.645715739142955769e+00
-1.642386871359744038e+00
-1.640191535694466740e+00
-1.638933024672821537e+00
-1.637388776202266749e+00
-1.633924400568024904e+00
-1.627537834807622819e+00
-1.618332876092296146e+00
-1.592604696183451907e+00
-1.460461601934672338e+00
1.591131824058132915e+00
5.451587622172556991e+00
-1.142034182768619788e+00
-1.359092863795608785e+00
-1.350486046434706822e+00
-1.414452258565263687e+00
-1.516827395155319058e+00
-1.565264722609338799e+00
-1.583938960660542961e+00
-1.588968482540213500e+00
-1.580710495405785565e+00
-1.574998463008460137e+00
-1.585470251134124542e+00
-1.595907633121092406e+00
-1.602223456091250497e+00
-1.606904480471186947e+00
-1.609945283742172384e+00
-1.598901082469310397e+00
-1.560240883789390409e+00
-1.529289555746918161e+00
-1.547378402553670318e+00
-1.565351183303396176e+00
-1.576586846638765804e+00
-1.585929036177771367e+00
-1.593455195032943639e+00
-1.597940741347297244e+00
-1.589119239001676842e+00
-1.537918827273385247e+00
-1.465451488835697091e+00
-1.494918971520184048e+00
-1.534584148497224021e+00
-1.558348238851919421e+00
-1.571970687184543802e+00
-1.580893517804611736e+00
-1.587051677409816897e+00
-1.589481199385977206e+00
-1.589274399579640118e+00
-1.587937503154573271e+00
-1.585212900041411910e+00
-1.581931668961412907e+00
-1.578303791922618604e+00
-1.574134262636641468e+00
-1.570425797798330469e+00
-1.568100469777765849e+00
-1.566909483541410797e+00
-1.566524547087126074e+00
-1.566448313754487121e+00
-1.566281095510815291e+00
-1.566851779056735339e+00
-1.567528700719203805e+00
-1.567616358312376112e+00
-1.567114775222651968e+00
-1.566027099935253020e+00
-1.564697050363943021e+00
-1.563370191193047987e+00
-1.562250485693460256e+00
-1.561328225037029727e+00
-1.560531131437107311e+00
-1.559717244393324709e+00
-1.558707667698221888e+00
-1.557385576630710311e+00
-1.555734411438376874e+00
-1.553829182144079279e+00
-1.551823399122576941e+00
-1.549784154447494178e+00
-1.547732805626072405e+00
-1.545767653096911110e+00
-1.543974973840441800e+00
-1.542467317414489392e+00
-1.541342627477724880e+00
-1.540372042662768504e+00
-1.539400062832443794e+00
-1.538291988014625300e+00
-1.537005198457249477e+00
-1.535538420401645343e+00
-1.533833981544064917e+00
-1.531986187759626583e+00
-1.530131943411074502e+00
-1.528383641175127927e+00
-1.526796359088735899e+00
-1.525487290004246654e+00
-1.524420145043391184e+00
-1.523478536631736047e+00
-1.522504223078909202e+00
-1.521263599208032335e+00
-1.519658538098034750e+00
-1.517796308369087743e+00
-1.515806886884964122e+00
-1.513751244107472527e+00
-1.511743062542587168e+00
-1.509919470040246958e+00
-1.508326094769417480e+00
-1.506795242633745424e+00
-1.505212517739977329e+00
-1.503598553855406639e+00
-1.501834511179458431e+00
-1.499859620844088859e+00
-1.497752805161412404e+00
-1.495612120529428379e+00
-1.493507672954982546e+00
-1.491485300133338576e+00
-1.489670519915323954e+00
-1.488091014560189551e+00
-1.486611224595477454e+00
-1.485054271020116445e+00
-1.483302008709835196e+00
-1.481331858289446579e+00
-1.479231459920850700e+00
-1.477097410453141135e+00
-1.474929327365664511e+00
-1.472752342405661885e+00
-1.470595838253833776e+00
-1.468507945089657429e+00
-1.466577698449367473e+00
-1.464819198355268304e+00
-1.463161747718065842e+00
-1.461488337205925303e+00
-1.459730469059920210e+00
-1.457827167818222858e+00
-1.455790729486746482e+00
-1.453611506095982886e+00
-1.451304271639496157e+00
-1.449000083385593829e+00
-1.446759953026925061e+00
-1.444654230453534804e+00
-1.442771714065929967e+00
-1.441046891122408358e+00
-1.439415917776847076e+00
-1.437685385499231305e+00
-1.435645309145137993e+00
-1.433345496117668816e+00
-1.430859042029041017e+00
-1.428290112890362451e+00
-1.425726572959037597e+00
-1.423255996846084948e+00
-1.421000241350441229e+00
