-1.287152027591876636e-06
-6.657825757135478012e-06
-3.959691538776374283e-06
2.684753434878251244e-05
7.960993320081496602e-05
1.414381968416895377e-04
8.130727427527108687e-05
-5.137681204542882043e-04
-1.727861742193888620e-03
-3.086746216786264742e-03
-4.271974816971425837e-03
-5.200111856989956746e-03
-5.924948294010326695e-03
-6.600688718287430791e-03
-7.217273356954254093e-03
-7.729226045591964731e-03
-8.118011909729135403e-03
-8.393941870839962890e-03
-8.575272905808083157e-03
-8.679948520094064868e-03
-8.721259365320531073e-03
-8.712152339923178931e-03
-8.641902781318152454e-03
-8.526093457320273877e-03
-8.390891956185531075e-03
-8.237153347628771785e-03
-8.077232765411600582e-03
-7.963798201089999917e-03
-7.884170782848877110e-03
-7.807753159983137591e-03
-7.716541093131758754e-03
-7.595308492000032996e-03
-7.434936416800337795e-03
-7.369728881559881387e-03
-8.098790905385688105e-03
-1.027125935297636475e-02
-1.287257752131694584e-02
-1.534273299680898733e-02
-1.762255313123529954e-02
-1.962440477403998643e-02
-2.147396747635963235e-02
-2.329256359330600726e-02
-2.497955675911541634e-02
-2.640787150815788673e-02
-2.745158847959657672e-02
-2.809434303766988536e-02
-2.844169686019310667e-02
-2.874187884594553086e-02
-2.903412422590295056e-02
-2.925343627435325611e-02
-2.932922940156335381e-02
-2.925163027464010301e-02
-2.909777953691808708e-02
-2.921549463401781205e-02
-2.998785138049401069e-02
-3.089650102270109430e-02
-3.160094977586621473e-02
-3.203245418568855668e-02
-3.226544393926734922e-02
-3.233790488517723771e-02
-3.223016114771869167e-02
-3.196094888036726117e-02
-3.161024482316533019e-02
-3.138337663564975955e-02
-3.129584191747298433e-02
-3.115159659727720007e-02
-3.083562768324641171e-02
-3.032704575335793198e-02
-2.963672247812385030e-02
-2.878896274265515046e-02
-2.785509098269341177e-02
-2.694018822449534972e-02
-2.604607554748041010e-02
-2.512155574675194875e-02
-2.415315211862991904e-02
-2.316670882715332613e-02
-2.215802946583031105e-02
-2.110012411735411389e-02
-1.999035189331827694e-02
-1.889072840789965402e-02
-1.784462229350732357e-02
-1.680026523503443808e-02
-1.575709700499566129e-02
-1.474956043330234896e-02
-1.375962305068423493e-02
-1.274361537313894142e-02
-1.167658664969659955e-02
-1.052074213247633332e-02
-9.280768847920551484e-03
-7.989229006924159632e-03
-6.643064455658879291e-03
-5.246149236479589681e-03
-3.811723423419805662e-03
-2.381425807503695369e-03
-9.712079459098365425e-04
4.410792105470483660e-04
1.870904127207132688e-03
3.325450119973996643e-03
4.831950051479499270e-03
6.400507781106186400e-03
8.000657486066795748e-03
9.610333751659977733e-03
1.120115516181778917e-02
1.275637081978690107e-02
1.427842270863471236e-02
1.576548414271304946e-02
1.725822447888683553e-02
1.880156960343378966e-02
2.043048798997583806e-02
2.216721641988965777e-02
2.396950483114755615e-02
2.574741484919979007e-02
2.740805723790186096e-02
2.882905557492434004e-02
2.964820312387674017e-02
2.974271912541164367e-02
2.957640808151447767e-02
2.951809366702071169e-02
2.966759877733780165e-02
2.987857065850288082e-02
3.009542963553876738e-02
3.052058155684366988e-02
3.127723547176898544e-02
3.233636047299548455e-02
3.358320733702854777e-02
3.487623387770829447e-02
3.607623140613581275e-02
3.737545071236941102e-02
3.892208737923642803e-02
4.071611191817096909e-02
4.274245235896968753e-02
4.500550019084004205e-02
4.733689934574600994e-02
4.916932585458994032e-02
5.041627227680794271e-02
5.166083432978044870e-02
5.318862115222484227e-02
5.498959798925752429e-02
5.707157724115261704e-02
5.946215972427746493e-02
6.215762089606324814e-02
6.496779127796839526e-02
6.721297107171347873e-02
6.844250650506895906e-02
6.953399784416644525e-02
7.100213630280736987e-02
7.294056931829710766e-02
7.530239011412585837e-02
7.804128147172190166e-02
8.113559115652878295e-02
8.453540760029219781e-02
8.812178019722506639e-02
9.183679437767389153e-02
9.562524813382117239e-02
9.943558834119442524e-02
1.032558449356983377e-01
1.070587300732187969e-01
1.108384500583140947e-01
1.146307124238690189e-01
1.184870471809718606e-01
1.224413557565125071e-01
1.265231287423084217e-01
1.307365156274584161e-01
1.350961775417418576e-01
1.396406550819309089e-01
1.443564311975681358e-01
1.492270778558154876e-01
1.542232556217500716e-01
1.593271463074100447e-01
1.645325825361073357e-01
1.698458100553214001e-01
1.752790484618879374e-01
1.808417934557234041e-01
1.865399376777595875e-01
1.923692342358578611e-01
1.983170804195647230e-01
2.043651394730385262e-01
2.104964011492313769e-01
2.166989801251454351e-01
2.229689721920978807e-01
2.293027752188260826e-01
2.357010237737656166e-01
2.421697283297882530e-01
2.487204949301246026e-01
2.553722653779397223e-01
2.621435829218055624e-01
2.690371451030810768e-01
2.760526645863836670e-01
2.831785795607066336e-01
2.904067876402984250e-01
2.977228159106555250e-01
3.051142562952950388e-01
3.125749414423368289e-01
3.201072080391360042e-01
3.277181174956877996e-01
3.354197413062544597e-01
3.432299946345028219e-01
3.511598325209666638e-01
3.592145487499050494e-01
3.673851748800391892e-01
3.756508666582886735e-01
3.839897211936688648e-01
3.923889286341125660e-01
4.008406035650380894e-01
4.093420306261555397e-01
4.178992334329527658e-01
4.265250044959602027e-01
4.352294094624400422e-01
4.440103586421566551e-01
4.528647944089754240e-01
4.617872463304751318e-01
4.707633726820320552e-01
4.797807583369111950e-01
4.888322485937751649e-01
4.979168161557418482e-01
5.070365325155327119e-01
5.161986366229408540e-01
5.254177339351144838e-01
5.347040919069625531e-01
5.440581445338346089e-01
5.534697488504283225e-01
5.629243782423448694e-01
5.724086719285697011e-01
5.819166016128812791e-01
5.914448816521806762e-01
6.009900986380148913e-01
6.105516627234576221e-01
6.201303817625352099e-01
6.297322289582916177e-01
6.393670441647721914e-01
6.490427903042154112e-01
6.587615927839985952e-01
6.685188728258601998e-01
6.783070415989391755e-01
6.881150825141221228e-01
6.979344439645477349e-01
7.077539404197202844e-01
7.175684154232777612e-01
7.273791411318897282e-01
7.371903191682031009e-01
7.470121010022235941e-01
7.568563406575302688e-01
7.667288917366452683e-01
7.766311570773255513e-01
7.865480983660443348e-01
7.964605057048843584e-01
8.063541663600840570e-01
8.162188691147301833e-01
8.260518860768640836e-01
8.358541169755472344e-01
8.456338641765556163e-01
