-2.100451832579958242e-03
-4.426794965171418003e-03
-2.095794093537937160e-03
1.609029634321869438e-03
3.468170296229121114e-03
9.463148797739422483e-04
-5.623464240751523124e-02
-1.733683928271012586e-01
-2.401882811738401680e-01
-2.235113607842759698e-01
-1.784391357123771560e-01
-1.337801202118901467e-01
-1.154133914097485170e-01
-1.117723577804768942e-01
-9.873461020028828639e-02
-8.026533467531338228e-02
-6.191262477275673304e-02
-4.674701123008823123e-02
-3.526769341721926188e-02
-2.603769506881657703e-02
-1.948853351294627806e-02
-1.211796673484162243e-02
-3.943531437213742760e-03
-8.100227827378234276e-04
-5.997082704442676868e-05
2.012752767789536840e-03
-3.370161663545416086e-03
-1.289319566493009155e-02
-1.633796914276542875e-02
-1.562092613668516344e-02
-1.254325211040131435e-02
-7.005491195367583197e-03
-1.818344329789713283e-03
-6.272329046499693084e-02
-2.944525983483285425e-01
-4.677451311909732179e-01
-4.569050362241631746e-01
-4.183900828273970363e-01
-3.722375530110772490e-01
-3.301470032859478709e-01
-3.221096748772459550e-01
-3.144672428025402366e-01
-2.833973277128860047e-01
-2.294267411560764192e-01
-1.635761147975699215e-01
-1.048360493088702217e-01
-8.464649145291816557e-02
-9.265190781191194602e-02
-9.223396544105463835e-02
-7.726025433528584119e-02
-5.487836559968267691e-02
-3.501215930676251920e-02
-4.662112337095322689e-02
-1.501115192297734491e-01
-2.303903515007753033e-01
-2.111613818725455449e-01
-1.640524458816686737e-01
-1.250304615380067874e-01
-1.006474317647031713e-01
-7.534615872032721096e-02
-4.950346103918187857e-02
-2.931177334289384109e-02
-3.816535159325813026e-02
-7.263817632618146947e-02
-8.238135279691430335e-02
-5.874751760599110362e-02
-2.661650541058361435e-02
3.281621065124602082e-03
2.990491539202607199e-02
5.059324690477046138e-02
5.299469787818220784e-02
4.588473890077802986e-02
4.786051026503154726e-02
5.569294686253435656e-02
6.012842004141880081e-02
6.210833447905891869e-02
6.777677658423585105e-02
7.713426036222779947e-02
8.036757346785358691e-02
7.031902069840367808e-02
6.387596428760598799e-02
6.715739202376679040e-02
6.645794032337842827e-02
6.318047171752443070e-02
6.555299940388167879e-02
7.189683780727473827e-02
8.291251170459051911e-02
9.694494312716572804e-02
1.064652677436798422e-01
1.137569302746256061e-01
1.206038203415832760e-01
1.260978157864893756e-01
1.263596058768332309e-01
1.207583877437211073e-01
1.177987121968737672e-01
1.213642504322474253e-01
1.274529026623219263e-01
1.353191386884261826e-01
1.460878942278542869e-01
1.544341668623532282e-01
1.575136308590978085e-01
1.558450144039547625e-01
1.496841737029544206e-01
1.429932704820588985e-01
1.357798739852926484e-01
1.313832053965736935e-01
1.343743116579171337e-01
1.430332538915800589e-01
1.581889784097770257e-01
1.725230967616852296e-01
1.736038048816233581e-01
1.567352021348943081e-01
1.290202082129363603e-01
5.629409687939873619e-02
-7.546562618687338575e-02
-1.638316953503640150e-01
-1.639392502616016656e-01
-1.250286955975458414e-01
-9.924911371442769747e-02
-1.033176959008980655e-01
-9.056166141134119885e-02
-4.304446070630984361e-02
9.442908986272049998e-03
4.507532276428919543e-02
6.052273467728148254e-02
4.480683670937239682e-02
3.662251509841141922e-02
6.828261164428893470e-02
1.098954966957622348e-01
1.462357891864015380e-01
1.829269439546216403e-01
2.183885083064748545e-01
1.776135668946387802e-01
5.985054809951219357e-02
1.063902182491007625e-02
5.386412789537536189e-02
1.078657164099841026e-01
1.542742860353117362e-01
2.036491951926943100e-01
2.561324448833989242e-01
3.009925875639077875e-01
2.667049224095205395e-01
9.454877949362791578e-02
-1.156021545285569607e-02
3.720468715068557530e-02
1.235905559922638036e-01
2.062419938900867111e-01
2.729348785409835831e-01
3.311168921742541071e-01
3.890130713899829229e-01
4.322222544759432017e-01
4.587731642039899471e-01
4.751418956763308610e-01
4.789816501494519319e-01
4.790501693487161927e-01
4.768137130457927308e-01
4.704864535166703998e-01
4.686228379298652547e-01
4.783864776405679642e-01
4.979682512551595330e-01
5.232411775760490436e-01
5.504796194176190260e-01
5.767289374594168905e-01
6.099483447732275687e-01
6.457685218085866818e-01
6.778498499007282740e-01
7.095695617413757539e-01
7.411682728596192815e-01
7.702629753614574915e-01
7.964560694275522046e-01
