-4.830596958052459089e-02
-1.507503749688089006e-02
3.459355509806111978e-02
1.077064626306530395e-02
4.201844472467625071e-04
-5.309190913947656881e-02
-8.060394161285007186e-01
-9.870380465504546841e-01
-4.728613863543662532e-02
3.037306868263162096e-01
3.172491135115519389e-01
2.335218352948308929e-01
-1.049103023453717837e-01
-5.575329566606279652e-03
6.641710929054028822e-02
8.775126415815748260e-02
7.274001727980891618e-02
4.830579435928131216e-02
2.537139877473666358e-02
2.843076931359833984e-02
6.086214691048801029e-04
5.121159656265208970e-02
2.941531522288689735e-02
-2.134444141126945124e-02
-4.717370240761365949e-03
1.063941119049706570e-02
-1.079958995338215766e-01
-5.711885044075783874e-02
-7.946998395807453042e-03
4.256623589521231488e-03
2.032923956265652796e-02
3.802958838636764927e-02
1.495423673061124781e-02
-9.394680082834095947e-01
-2.571491810222135577e+00
-1.490397370728886450e-01
3.629580257010508459e-01
1.331770453369465201e-01
3.251707422059618158e-01
2.794851771138917584e-02
-2.316674827751942223e-01
1.331013790513418948e-02
1.581123496417349283e-01
3.659753775819830635e-01
3.474721924613857205e-01
2.642636648243669173e-01
-2.002548357433880377e-01
-1.462870773853702233e-01
-1.700665123939394674e-02
1.044067836512229813e-01
1.103945045524305779e-01
7.550593869779581579e-02
-3.448814460657428915e-01
-1.297363979647445653e+00
-3.965678894889446138e-02
2.972247288761889483e-01
3.234691926858006550e-01
1.138368901077766449e-01
6.994328808272196052e-02
1.393501712256013936e-01
9.373780419691771226e-02
6.830587229644363712e-02
-3.131904358873044969e-01
-3.198063389694381642e-01
8.932492023568674999e-02
2.225998484095118302e-01
1.988056892726310643e-01
1.636919494431039179e-01
1.495533186978377227e-01
1.056190623613992158e-01
-1.044878191649937227e-01
-2.296208784479027848e-02
7.038584290871091609e-02
5.935285278969933825e-02
1.307001734918362273e-02
2.847685692371045713e-02
7.198845176120970135e-02
8.168995892821767635e-02
-1.989480401988139024e-02
-1.237416359429947821e-01
3.747796855239459574e-02
6.447140332678159835e-02
-5.001051882507677460e-03
1.244846878096018961e-02
5.911656403448104641e-02
5.615791696458276999e-02
1.140564779787756472e-01
9.696150200240526151e-02
5.969268045513863308e-02
7.019794037881807447e-02
4.659581502770256123e-02
5.004545251764208613e-02
-2.311483184306564742e-02
-3.286226296223514198e-02
3.145015194923414525e-02
9.521588717424166182e-02
8.645124294631036099e-02
1.001858234041849427e-01
1.092437305036796369e-01
7.219519328906209843e-02
2.979757570289062740e-02
-2.923296609428527315e-03
-3.231994914618799286e-02
-1.232595424959589958e-02
-3.675645170017941693e-02
1.846728610500034118e-02
5.834421015412927236e-02
8.893094354087732745e-02
1.592606634268021182e-01
8.616429931679930876e-02
-5.045816816780357428e-02
-1.891677366024370477e-01
-2.056587292905513453e-01
-8.511759876886542120e-01
-1.124707163110159280e+00
-2.101106698775730419e-01
2.236381437907917769e-01
3.044276645529685466e-01
-5.089628068676610440e-02
-2.081829572327124900e-01
1.753842087145799367e-01
3.352066246513075720e-01
2.415626525801637947e-01
7.226533028009533843e-02
-3.557445556501245137e-02
-3.457940438257636750e-01
8.020305170882734147e-02
2.953873805800842356e-01
2.404933969864722076e-01
2.067919330081243179e-01
2.571715570602011725e-01
2.263123466827253460e-01
-8.497329173925746160e-01
-9.467538357824629713e-01
2.308996180281494004e-01
4.997225682679306002e-01
3.307059499929410618e-01
3.159377858103950554e-01
3.609935363825936827e-01
3.826478112619259297e-01
2.691630438251719770e-01
-7.913425781658159908e-01
-1.777711454937203062e+00
2.239530935817825585e-01
6.763450377879098863e-01
7.013942501060755896e-01
5.594633674261657585e-01
3.901647649133480611e-01
4.151907020414338789e-01
4.766267391838038270e-01
2.770248373777542406e-01
2.493394410264963557e-01
1.417679779837232035e-01
6.790617864116310631e-02
1.154808910835770641e-01
6.308496819344461271e-02
5.698419080162953065e-02
1.508629491132056355e-01
2.661721878286835707e-01
3.255192491396710075e-01
3.536165548723896879e-01
3.486876366027560348e-01
3.327796415320498635e-01
4.707033671309378553e-01
4.048065656518760047e-01
4.288766795645861940e-01
4.338561707802717216e-01
4.474300524943142232e-01
4.128733851918211517e-01
4.169921699700605000e-01
