-1.278693294167093721e-06
-6.568712691559510024e-06
-3.751215737832146334e-06
2.679388018521225781e-05
7.845387234914035488e-05
1.382206129763834796e-04
7.613074917694214025e-05
-5.138784872665329512e-04
-1.704497253650085007e-03
-3.018069709537417496e-03
-4.142987328701806110e-03
-5.004734489479842341e-03
-5.663860535646565893e-03
-6.277009274284941175e-03
-6.834238360201573721e-03
-7.291070130933135184e-03
-7.630385225198647869e-03
-7.863581277657159113e-03
-8.009369686510291880e-03
-8.085626929860563819e-03
-8.105268317751674473e-03
-8.080653066444834151e-03
-8.000618983949762952e-03
-7.880425662942289536e-03
-7.745474267494085498e-03
-7.595758318723440199e-03
-7.442963147058653806e-03
-7.338472615525152079e-03
-7.268161890101852880e-03
-7.200963302753575143e-03
-7.119038962915723995e-03
-7.007614671109056899e-03
-6.858181595253972501e-03
-6.804653707910854853e-03
-7.537297122265547607e-03
-9.681656994143713821e-03
-1.221052520698943933e-02
-1.457445689384915741e-02
-1.672704407359205600e-02
-1.859137131124977832e-02
-2.030083130894596438e-02
-2.197918245262105510e-02
-2.352747122404545005e-02
-2.482257443416942266e-02
-2.574420308386548423e-02
-2.628169582889840553e-02
-2.654388141422184960e-02
-2.677726370031940223e-02
-2.701646965637986494e-02
-2.719374929465741969e-02
-2.723803877207335231e-02
-2.713997070581259871e-02
-2.697644261238670710e-02
-2.709080534721441252e-02
-2.785364030467683133e-02
-2.873910350556270477e-02
-2.941197590279942889e-02
-2.981119343677996608e-02
-3.001645711504831102e-02
-3.006820393117436152e-02
-2.994850904516728474e-02
-2.967748161898800530e-02
-2.933515606505500070e-02
-2.912364700229415349e-02
-2.905332198888688211e-02
-2.892670913054677662e-02
-2.863137068377558797e-02
-2.814956537373684842e-02
-2.749447541841908843e-02
-2.669173365998203998e-02
-2.581267021727033303e-02
-2.496032375910282874e-02
-2.413378070683103171e-02
-2.328055950123720380e-02
-2.238700643936945844e-02
-2.147859636043150666e-02
-2.055055637908019886e-02
-1.957586922353277137e-02
-1.855227359052191369e-02
-1.754139603569292161e-02
-1.658498943360192657e-02
-1.563029169619512340e-02
-1.467675569813062762e-02
-1.375830239209858107e-02
-1.285628225092675520e-02
-1.192734821904356535e-02
-1.094750224158519761e-02
-9.880313062276749672e-03
-8.731888479775429604e-03
-7.535316303677675256e-03
-6.287595216593063786e-03
-4.992693496932895311e-03
-3.663744761699947068e-03
-2.341698674205599032e-03
-1.041302355504203575e-03
2.603558640884298062e-04
1.578845106544657590e-03
2.921234557667884511e-03
4.314312341257975705e-03
5.767379652816508745e-03
7.249650628388322991e-03
8.739428803962357231e-03
1.020911601004227676e-02
1.164305849225877494e-02
1.304461299396516769e-02
1.441264025146670597e-02
1.578792269375603463e-02
1.721447996956586290e-02
1.872578648490041270e-02
2.034233287111534422e-02
2.202077214334520472e-02
2.367184448436157954e-02
2.520519426701834168e-02
2.650227166875701243e-02
2.720894140574351902e-02
2.721450906803307354e-02
2.698745767510755955e-02
2.689018378445543617e-02
2.701292773590526983e-02
2.720315573882200674e-02
2.740348014013258698e-02
2.781311711185460722e-02
2.854898658341107828e-02
2.957658362045480910e-02
3.077886208341629876e-02
3.201529213827985360e-02
3.315078628931228399e-02
3.438003174654177818e-02
3.584873248734211926e-02
3.755367255555813050e-02
3.947783802197468023e-02
4.162425102230297991e-02
4.382473142314350506e-02
4.552049920973751107e-02
4.663961156618377790e-02
4.776938529429682750e-02
4.918818288701260616e-02
5.087848424170161171e-02
5.284295793098590932e-02
5.510492714471826314e-02
5.765720698411751916e-02
6.030870258124301081e-02
6.238836175268945572e-02
6.346614200540133532e-02
6.442930649299631607e-02
6.578250259225734697e-02
6.760656450730467837e-02
6.984509173895564471e-02
7.244592822206705196e-02
7.538381656391719698e-02
7.860683732951156966e-02
8.199649561571155376e-02
8.549719950613209052e-02
8.905653198647257851e-02
9.262621082041740117e-02
9.619731884370250063e-02
9.974519197692541250e-02
1.032664038705802811e-01
1.067980688516265292e-01
1.103917566574995068e-01
1.140804946733897512e-01
1.178924703919074363e-01
1.218305268479348696e-01
1.259082586258276626e-01
1.301627783126172444e-01
1.345792388232735504e-01
1.391406371661807750e-01
1.438176982521508496e-01
1.485931950706209648e-01
1.534616451217670208e-01
1.584298018987035928e-01
1.635100540761511845e-01
1.687117967052399192e-01
1.740406935109242159e-01
1.794923203090143249e-01
1.850541419791476849e-01
1.907082192900125261e-01
1.964382272945136565e-01
2.022331038524617652e-01
2.080897165429076434e-01
2.140051101622722496e-01
2.199804405049426426e-01
2.260220343381032504e-01
2.321415504550159437e-01
2.383576502136676434e-01
2.446882531149138229e-01
2.511353864886207710e-01
2.576982630345140968e-01
2.643650919790502263e-01
2.711278290808369906e-01
2.779722816996365586e-01
2.848865571016312437e-01
2.918650717262653571e-01
2.989106342441728570e-01
3.060305518117702461e-01
3.132368849449109760e-01
3.205472162129194280e-01
3.279719483324503582e-01
3.355158058847366176e-01
3.431694429192984064e-01
3.509120791274935591e-01
3.587223405828944278e-01
3.665881818740573395e-01
3.745024935212660222e-01
3.824632517047976132e-01
3.904769585797837617e-01
3.985565526861471475e-01
4.067119492806547387e-01
4.149408751253780281e-01
4.232402152624566982e-01
4.316045382996634427e-01
4.400197512467411975e-01
4.484739258551618257e-01
4.569604749354114759e-01
4.654788731487221054e-01
4.740315476827183794e-01
4.826259091391230105e-01
4.912764500368075327e-01
4.999930767731100012e-01
5.087758473419899952e-01
5.176144573512755365e-01
5.264945380210922510e-01
5.354031524674442988e-01
5.443347908516238398e-01
5.532866362795438864e-01
5.622556937180805958e-01
5.712417248869802178e-01
5.802457941504394201e-01
5.892739952419616678e-01
5.983360806140536337e-01
6.074397525380564877e-01
6.165868362781026235e-01
6.257725659463505563e-01
6.349893481255332039e-01
6.442263668731511572e-01
6.534754252314484146e-01
6.627258067078738435e-01
6.719728838547451844e-01
6.812183478258297953e-01
6.904666471953260221e-01
6.997279627267687374e-01
7.090139203020121572e-01
7.183300174343536515e-01
7.276773106522815837e-01
7.370406498830169850e-01
7.464011345989822743e-01
7.557451329897062475e-01
7.650631161430829774e-01
7.743529890374231117e-01
7.836161286592099318e-01
7.928610893581377050e-01
