-5.428236614316206410e-01
-5.426393962394440162e-01
-5.425503597491850849e-01
-5.423459144487865480e-01
-5.420830249199641848e-01
-5.416331288381615039e-01
-5.440499554738805754e-01
-5.429073400600017418e-01
-5.424976437696501508e-01
-5.420049681880502179e-01
-5.413589144398693875e-01
-5.405336196889382050e-01
-5.398100073412533950e-01
-5.392511352343400954e-01
-5.384457491328404899e-01
-5.372739780506182727e-01
-5.356601516777735883e-01
-5.335009779041343103e-01
-5.305109584692102587e-01
-5.260567423372698448e-01
-5.191184339248439139e-01
-5.033951758918178143e-01
-4.276045376524384989e-01
-8.143359926087068157e-01
-6.154061007886184598e-01
-5.840401162858450679e-01
-5.792290687179847408e-01
-5.827960326039955952e-01
-5.804492086033550269e-01
-5.740259336299265991e-01
-5.673826970807197556e-01
-5.616707342150624171e-01
-5.578083552056070094e-01
-6.896586903538987068e-01
-5.390455634830264575e-01
-5.405581127463710001e-01
-5.403025265328003091e-01
-5.398464045986591797e-01
-5.392565882511278774e-01
-5.385817650345822161e-01
-5.381260928342396221e-01
-5.376493556545018926e-01
-5.368575609385041192e-01
-5.355250572071584836e-01
-5.332888857775948122e-01
-5.297640014789252172e-01
-5.263642018494749664e-01
-5.245033538060432932e-01
-5.217447370257928263e-01
-5.157954110572320339e-01
-5.022782797611409222e-01
-4.662306655716493275e-01
-4.425820941822202759e-01
-5.126217230818110870e-01
-5.245137012003131538e-01
-5.231110229047664095e-01
-5.167038447978015148e-01
-5.043134999769276483e-01
-4.815129061219929341e-01
-3.798524031115065869e-01
-7.408446755342765755e-01
-6.074008283986143120e-01
-5.957968171509793187e-01
-6.112557060726884206e-01
-6.111318003859440573e-01
-5.866555745576284009e-01
-5.715769023574702734e-01
-5.634624251000223127e-01
-5.586272965878782415e-01
-5.557023192255248212e-01
-5.541861247862642781e-01
-5.533249516107695554e-01
-5.523692513628506440e-01
-5.512548888918977763e-01
-5.502861307041519989e-01
-5.494650847590520915e-01
-5.486333890446136730e-01
-5.477860450574206785e-01
-5.470523373196894967e-01
-5.464762667980217481e-01
-5.459057382477875420e-01
-5.453140204143844816e-01
-5.447759393165414465e-01
-5.442560201068105119e-01
-5.437167922565772082e-01
-5.431779969609208392e-01
-5.426591119655639339e-01
-5.421713021813129307e-01
-5.416991878365374768e-01
-5.412416670427533383e-01
-5.408093618270701786e-01
-5.403928063848886243e-01
-5.399659487477924680e-01
-5.395119877694281030e-01
-5.390648881933541858e-01
-5.386359543223493418e-01
-5.382092162304552563e-01
-5.378217450747626582e-01
-5.374978180707424835e-01
-5.371614852405363072e-01
-5.367913750702445475e-01
-5.363941160587988310e-01
-5.359514865808776563e-01
-5.355026946219745287e-01
-5.350424894337217907e-01
-5.346205800822964038e-01
-5.343218280113921637e-01
-5.341291246898374201e-01
-5.340166529778079818e-01
-5.338980030261606391e-01
-5.336533654758367495e-01
-5.332106512788821195e-01
-5.325909853492637458e-01
-5.312607712912790214e-01
-5.282436362698603727e-01
-5.246208077687138926e-01
-5.232079904408423188e-01
-5.236046245758217976e-01
-5.238863598415716138e-01
-5.232786537355617051e-01
-5.234091431913574510e-01
-5.248562963861500563e-01
-5.263891345988944703e-01
-5.274036734933545967e-01
-5.278624359251684606e-01
-5.276011022490151303e-01
-5.273959045350643526e-01
-5.279403148210205510e-01
-5.286098570051884771e-01
-5.291430774999167364e-01
-5.296164031535633976e-01
-5.299909248146150720e-01
-5.294324921069573087e-01
-5.275728856696542124e-01
-5.262159339142351566e-01
-5.264142016340769281e-01
-5.268970606483850405e-01
-5.273326701964722307e-01
-5.278360883644386270e-01
-5.283517362977480092e-01
-5.287544789769774711e-01
-5.283271899059153176e-01
-5.259123184966603137e-01
-5.234019866149413058e-01
-5.234792195251706248e-01
-5.243828836766868395e-01
-5.252501292776818875e-01
-5.259903592596201216e-01
-5.266515067477129941e-01
-5.271822208487970673e-01
-5.274672330339862381e-01
-5.275624828282551304e-01
-5.275792078428035436e-01
-5.274973704783314510e-01
-5.273547157018182441e-01
-5.271686373789516988e-01
-5.269342082179088171e-01
-5.267001414711298679e-01
-5.265159279394782121e-01
-5.263772475647635618e-01
-5.262807547903001204e-01
-5.262153023474999136e-01
-5.261614330453334709e-01
-5.261578715643565607e-01
-5.261710459680514207e-01
-5.261492292272392790e-01
-5.261087334268175209e-01
-5.260669134616973164e-01
-5.260140343496827464e-01
-5.259466060139184052e-01
