-1.267372262058167128e-06
-6.452604134821515044e-06
-3.486041730625467474e-06
2.670395266545443590e-05
7.693164532665899835e-05
1.340817935829307663e-04
6.963728142956343461e-05
-5.134664529274005204e-04
-1.673549141268927849e-03
-2.929515011321278273e-03
-3.979601819748882635e-03
-4.761157012211606962e-03
-5.343171678533788910e-03
-5.884823055678459203e-03
-6.375726017925573315e-03
-6.772280861454087197e-03
-7.058845377123794222e-03
-7.247882703310500746e-03
-7.358378425644910431e-03
-7.407865635471216036e-03
-7.408588091036043960e-03
-7.372029651813366731e-03
-7.286409726721998319e-03
-7.166554088771071550e-03
-7.036871830889709564e-03
-6.896281973692919461e-03
-6.755677137457222550e-03
-6.664864741196228903e-03
-6.607980317093049144e-03
-6.553533592313596882e-03
-6.484064619534789242e-03
-6.385491791686259168e-03
-6.250147142029741434e-03
-6.211403452530652597e-03
-6.947970675650906244e-03
-9.055249559358375180e-03
-1.149139379980561142e-02
-1.372282131087429295e-02
-1.572057504450581969e-02
-1.742153251675925690e-02
-1.896839932207367366e-02
-2.048714253264130244e-02
-2.188018573293092767e-02
-2.302888579385556703e-02
-2.381956699844329367e-02
-2.424814099853207783e-02
-2.442672061037912123e-02
-2.459867638158267505e-02
-2.479210021578455089e-02
-2.493555408335212248e-02
-2.495742820559916642e-02
-2.484908468769579659e-02
-2.468710227118448702e-02
-2.480899565886651378e-02
-2.556936710655968031e-02
-2.643356901471200296e-02
-2.707440075703266072e-02
-2.744126694259770016e-02
-2.762061051401256892e-02
-2.765566785967623828e-02
-2.753037371281440160e-02
-2.726621952313631331e-02
-2.694292625535029198e-02
-2.675814239728492930e-02
-2.671555157665917585e-02
-2.661613062353764686e-02
-2.635109464156678086e-02
-2.590684986582350233e-02
-2.529943101346711701e-02
-2.455594801818879527e-02
-2.374747191728528509e-02
-2.297418951797798245e-02
-2.223160963429984469e-02
-2.146572802859801968e-02
-2.066283569742843190e-02
-1.984805692331024357e-02
-1.901598172924482202e-02
-1.813967248370672650e-02
-1.721744025877558829e-02
-1.631043308446573220e-02
-1.545834568659427630e-02
-1.460725026926838407e-02
-1.375676582799029331e-02
-1.294023613296904109e-02
-1.213831450752348405e-02
-1.130818802191024992e-02
-1.042716282580613205e-02
-9.460569463301348944e-03
-8.416273259378295041e-03
-7.327895300714353660e-03
-6.192368101201517830e-03
-5.013679488067268944e-03
-3.804739739759405767e-03
-2.605544915216110799e-03
-1.429273788976699296e-03
-2.520931854965327394e-04
9.416025159337485656e-04
2.158661567559810868e-03
3.425249072702507211e-03
4.749618734443190882e-03
6.100616036987063263e-03
7.457081127183740055e-03
8.792454022905958275e-03
1.009247675712423610e-02
1.136161009427530746e-02
1.259949149425261712e-02
1.384692518771876192e-02
1.514665289084572881e-02
1.653018772802107572e-02
1.801582730783045372e-02
1.955896171904345296e-02
2.107140334810796156e-02
2.246619008881303031e-02
2.362969050789104006e-02
2.421801059261525363e-02
2.413549382018194411e-02
2.385547214920799228e-02
2.373079382808675544e-02
2.383878532627917157e-02
2.401911970568838470e-02
2.421258000735915239e-02
2.461469181273839846e-02
2.533470039812498603e-02
2.633172778687906807e-02
2.748660676569578132e-02
2.866089342935243187e-02
2.972533959579384821e-02
3.087789903969268002e-02
3.226095456158292046e-02
3.386725242232851985e-02
3.567752593150718549e-02
3.769333088724022285e-02
3.974706178810298585e-02
4.129130718098993763e-02
4.227272602156360859e-02
4.328298588875886116e-02
4.458995160868376578e-02
4.616605635599564661e-02
4.800749916666470496e-02
5.013249246034282708e-02
5.252993141699822260e-02
5.500817587978223955e-02
5.690799466262212725e-02
5.782600857991373328e-02
5.866069446384204050e-02
5.990204762985223974e-02
6.161374540972331532e-02
6.372744872160640561e-02
6.618425473473187048e-02
6.895516488094152741e-02
7.198654846397373186e-02
7.516127538872686975e-02
7.842731369412331288e-02
8.173612558142662188e-02
8.504371369975449735e-02
8.834497148939607358e-02
9.161835989380096024e-02
9.486317792034275331e-02
9.811797843277372810e-02
1.014340221956375881e-01
1.048429415462514003e-01
1.083711002274066748e-01
1.120196288677618723e-01
1.158008035019612719e-01
1.197499953130497230e-01
1.238507980133331243e-01
1.280856704840260263e-01
1.324256097322689119e-01
1.368542951635907112e-01
1.413672032283847801e-01
1.459717614591562185e-01
1.506805636339238474e-01
1.555028589218855062e-01
1.604440147484957058e-01
1.654993971055313262e-01
1.706565908866349568e-01
1.758981992652629833e-01
1.812087894828520174e-01
1.865783355675156296e-01
1.920046410596882858e-01
1.974855029306369913e-01
2.030226575865564653e-01
2.086227466063579061e-01
2.142974128632493813e-01
2.200648922234013927e-01
2.259422699153512959e-01
2.319307257903272523e-01
2.380288846082092846e-01
2.442247359105776117e-01
2.505103861027743184e-01
2.568720619940104699e-01
2.632985692809002298e-01
2.697850777311948667e-01
2.763349753323458557e-01
2.829558401239302690e-01
2.896596723644998539e-01
2.964635935316424220e-01
3.033772908560466997e-01
3.104047882791766688e-01
3.175363161067661921e-01
3.247512535125245958e-01
3.320289705071908792e-01
3.393584294825761072e-01
3.467334991098004471e-01
3.541529912162293958e-01
3.616239474095278572e-01
3.691594117186534074e-01
3.767690386498719901e-01
3.844502823454012397e-01
3.921999437741430228e-01
4.000126427034742527e-01
4.078746115321163490e-01
4.157745458306361663e-01
4.237065639619113644e-01
4.316707395427841210e-01
4.396698967552082338e-01
4.477116035107858716e-01
4.558101500981857623e-01
4.639749426101608676e-01
4.722055525885652250e-01
4.804914930197400347e-01
4.888186327487567540e-01
4.971746026161039667e-01
5.055545562656418301e-01
5.139562504888804950e-01
5.223771833622319338e-01
5.308175148635504437e-01
5.392785815282918893e-01
5.477665759946762636e-01
5.562910895260383404e-01
5.648594578637657904e-01
5.734731134191923818e-01
5.821270647529022124e-01
5.908137384299497752e-01
5.995226000071388617e-01
6.082459188705370279e-01
6.169735727939407166e-01
6.257015849096703164e-01
6.344321341335301678e-01
6.431699251026906650e-01
6.519251158343308816e-01
6.607089906422953796e-01
6.695265657402640347e-01
6.783784569827576716e-01
6.872493978930090952e-01
6.961209194383863874e-01
7.049801489028907353e-01
7.138184134607339359e-01
7.226343790947725720e-01
7.314299614800958693e-01
7.402139553962449048e-01
