-3.897759631114576421e-06
-2.254559636138959408e-05
-4.080825950528669123e-05
-3.784564268531622150e-05
-2.191468556256609111e-05
-6.813051320413805726e-06
-1.142130012637435711e-04
-7.126886982978072231e-04
-1.819039979046766994e-03
-2.947549002470060443e-03
-3.831648019642239222e-03
-4.445384402431092064e-03
-4.879645106982973858e-03
-5.296172243064105334e-03
-5.678777435448921149e-03
-5.985094519105635912e-03
-6.203924535202936207e-03
-6.349130432339061825e-03
-6.440570057701591397e-03
-6.494590924195787346e-03
-6.519840407762374050e-03
-6.525096920795533766e-03
-6.495684878663907091e-03
-6.445412796264863263e-03
-6.397919837733254469e-03
-6.349316405147777120e-03
-6.307317633154382007e-03
-6.317974335877192885e-03
-6.361121146329442450e-03
-6.405339014692926040e-03
-6.436330883700276673e-03
-6.442963733845496858e-03
-6.419654063985689475e-03
-6.496969702836578008e-03
-7.316464176276709329e-03
-9.383790167931973375e-03
-1.162247160276247762e-02
-1.355908645494382711e-02
-1.522235172493510355e-02
-1.658977424702772277e-02
-1.782501883601318726e-02
-1.905445271750809758e-02
-2.017815462338812607e-02
-2.108677132336729543e-02
-2.168418662265759328e-02
-2.198448731323659339e-02
-2.210497444621712868e-02
-2.227509709365826235e-02
-2.250272323765703866e-02
-2.270740382284140366e-02
-2.282001538209543420e-02
-2.283516545932551614e-02
-2.282770153622362339e-02
-2.311675076242353938e-02
-2.401052335961830625e-02
-2.495437964073960943e-02
-2.565373739657585139e-02
-2.609319060310239663e-02
-2.638022056585343639e-02
-2.655916631735938394e-02
-2.661625801624760423e-02
-2.657595588318928739e-02
-2.651197329844249412e-02
-2.660669259112528537e-02
-2.684423274377543966e-02
-2.701806089898267302e-02
-2.703133475276370268e-02
-2.688860164126590305e-02
-2.661624710914204869e-02
-2.624083112957323327e-02
-2.582379344505681892e-02
-2.545842519630693232e-02
-2.512244507611412561e-02
-2.476276981904005151e-02
-2.437549130304902945e-02
-2.398390788206046856e-02
-2.358103944038108038e-02
-2.314315434014063699e-02
-2.267363730459389867e-02
-2.223259769260724564e-02
-2.185529516714104434e-02
-2.147761334897576452e-02
-2.108868470088860053e-02
-2.071797660166022070e-02
-2.035201248024023912e-02
-1.995994866874935617e-02
-1.952820156785640623e-02
-1.903115531612836406e-02
-1.847980428844714362e-02
-1.790078404882143245e-02
-1.729450823844122520e-02
-1.666878311135938304e-02
-1.603513333779867447e-02
-1.542942003444633739e-02
-1.485682261236361511e-02
-1.428446474307420479e-02
-1.368624114383244078e-02
-1.305801627010575935e-02
-1.238642171446754404e-02
-1.167003903104913039e-02
-1.093644568062142157e-02
-1.021019442102930226e-02
-9.514510320379136743e-03
-8.861159708114733913e-03
-8.243853616361993333e-03
-7.661867804431292568e-03
-7.080285740370841421e-03
-6.465851326164379249e-03
-5.792340389656023582e-03
-5.040828027509061671e-03
-4.258539608738816720e-03
-3.532291732600095942e-03
-2.938757849185715410e-03
-2.575191835427978644e-03
-2.758732670240322728e-03
-3.538916274831928940e-03
-4.434149050746509502e-03
-5.127023685499649749e-03
-5.581366440750946088e-03
-5.978481321469024043e-03
-6.379652368008508628e-03
-6.601480779043419032e-03
-6.553419758802497830e-03
-6.294704185863675937e-03
-5.942066487477025948e-03
-5.615696708216295387e-03
-5.420972424592388622e-03
-5.157144453397032383e-03
-4.693018753935629395e-03
-4.046849930836667227e-03
-3.243587382825311415e-03
-2.280817841001323357e-03
-1.317748548110579156e-03
-8.666946277248012767e-04
-9.181755628868378590e-04
-8.787625328611335272e-04
-5.226571095083131641e-04
8.888721262924022867e-05
9.295533332664431513e-04
2.006582190632853497e-03
3.303005965446833073e-03
4.624456046494010777e-03
5.346390287998658251e-03
5.167513393552998664e-03
5.009767352911431021e-03
5.300540364123674207e-03
6.058440793976673476e-03
7.180046616658953759e-03
8.571331285855150056e-03
1.020748981123398465e-02
1.205722430976993546e-02
1.401266704269684207e-02
1.602363226900488727e-02
1.803446930709156140e-02
2.000763323618327469e-02
2.194951865723188122e-02
2.384305122403960336e-02
2.569422406820007915e-02
2.755411762770439144e-02
2.948381822381314354e-02
3.151654078353659238e-02
3.366739464581273988e-02
3.593027714817861179e-02
3.830985686170608473e-02
4.084513096956329109e-02
4.351289665005624030e-02
4.630367499361374289e-02
4.921396254101304685e-02
5.223870309365596237e-02
5.535856777685835284e-02
