-6.786359974117541242e-04
-9.196699898314735335e-04
2.776353374822317348e-03
7.811284144548064426e-03
1.128185759278576943e-02
1.018837210213691807e-02
-4.752399821271559299e-02
-1.712022919889997774e-01
-2.497526828533624954e-01
-2.431371937583635956e-01
-2.033041352045348305e-01
-1.594888899871917676e-01
-1.394596183488089891e-01
-1.341432807715434439e-01
-1.192106204245997197e-01
-9.783080116367286194e-02
-7.575369244938241764e-02
-5.639241201853044394e-02
-4.031116885301093411e-02
-2.668496687741123835e-02
-1.606488491820955156e-02
-5.046932694067534850e-03
6.436067940267027609e-03
1.283652525339461226e-02
1.661739801562311242e-02
2.113378547199722124e-02
1.766928992353531194e-02
9.242469108493913191e-03
6.382139616881299729e-03
7.813129549301680785e-03
1.199059953137707885e-02
1.892243889483755798e-02
2.572527015136620923e-02
-3.514062570557591192e-02
-2.761697902580229624e-01
-4.727367572006359597e-01
-4.836086607438725427e-01
-4.593569184995507371e-01
-4.209135007573149845e-01
-3.810389781864849112e-01
-3.727451545902340513e-01
-3.643821828699350118e-01
-3.313422115006989244e-01
-2.728673492118587895e-01
-1.988187262448011805e-01
-1.290401810956803841e-01
-9.728840590445091141e-02
-9.594651827581165970e-02
-8.804299281398970944e-02
-6.595897729576563617e-02
-3.596590809338462424e-02
-8.409418421753304257e-03
-1.327499700606877067e-02
-1.146310979080868986e-01
-2.002376930597730142e-01
-1.855837940222205273e-01
-1.387455370457366388e-01
-9.563693893208116692e-02
-6.545267268181902132e-02
-3.400385622292340787e-02
-7.999603879776245874e-04
2.697783218717807185e-02
2.461566670148214106e-02
-5.963676579912778608e-03
-1.450392234993281605e-02
1.004386602775203703e-02
4.527277919038823900e-02
8.070535679619121605e-02
1.139400322397059184e-01
1.401750534598808218e-01
1.473956374768123634e-01
1.429702235536289556e-01
1.456781315171053193e-01
1.556756119529479343e-01
1.629117535204995526e-01
1.669896676475122466e-01
1.748254834656295387e-01
1.871889691945158862e-01
1.938578253638672533e-01
1.870436986812136493e-01
1.826551200243059780e-01
1.857501671031013268e-01
1.830104966060286664e-01
1.776010630722001382e-01
1.795390113318280634e-01
1.873074352520312513e-01
2.012869878126585244e-01
2.198007004881168958e-01
2.332026360934884579e-01
2.440371939355870656e-01
2.557007901818984519e-01
2.663807515323907693e-01
2.715955347752021520e-01
2.700246248012904693e-01
2.696823674651912528e-01
2.735990678240365903e-01
2.786538656984576812e-01
2.869071545598472772e-01
3.001698654714574088e-01
3.109138313724868485e-01
3.165116798131608067e-01
3.177648106718509169e-01
3.140273185769000275e-01
3.095832989196672380e-01
3.042776243202927056e-01
3.020641766672865214e-01
3.087370756281744288e-01
3.225146106084890718e-01
3.428791346792579575e-01
3.625434558881239777e-01
3.695559680771136613e-01
3.582065898933570747e-01
3.339471478111700753e-01
2.622926906618567311e-01
1.253709463201087559e-01
2.548194630127116611e-02
1.503249867482733121e-02
4.861210377554080198e-02
7.393015454654135177e-02
7.113553255081918325e-02
8.661202181210263251e-02
1.398863960265377404e-01
2.018494420460355543e-01
2.493251681515831764e-01
2.755908825422357378e-01
2.676455621486439895e-01
2.649828526576054055e-01
3.032331499684507436e-01
3.529053722517027647e-01
3.986236220832207744e-01
4.452554457997063286e-01
4.900660299495031014e-01
4.569311244737142008e-01
3.380619903655265324e-01
2.805881541570428572e-01
3.185563177777852029e-01
3.722137926708377065e-01
4.223717251439788045e-01
4.785408745885475490e-01
5.394065841828217245e-01
5.941521919639685123e-01
5.705183437964850279e-01
3.980850106600249960e-01
2.776100824655364785e-01
3.157839553096307150e-01
3.983627371348343882e-01
4.817350742112140316e-01
5.562439926089990383e-01
6.265399200245062028e-01
6.939906308982549676e-01
7.445209161854443591e-01
7.781393806349928832e-01
8.033414392542247429e-01
8.171700842140565690e-01
8.256332680327774787e-01
8.306005544164333232e-01
8.307885467053375272e-01
8.334136278552932708e-01
8.449005931488084986e-01
8.641003088535524901e-01
8.894168160414617219e-01
9.179986603220424701e-01
9.470477194272027832e-01
9.829769134160813993e-01
1.021781562963648193e+00
1.057469158105916573e+00
1.089274141534618767e+00
1.116459094772260574e+00
1.141615379580681822e+00
1.166818061972859200e+00
1.194016894262045936e+00
1.223356464520949594e+00
1.254350992529806197e+00
1.285752245661197835e+00
1.315732748613390957e+00
1.342894410638199920e+00
1.366773179770594870e+00
1.387897694329394582e+00
1.407690679338899464e+00
1.426828059225444756e+00
1.445530892207415041e+00
1.464820096631389346e+00
1.485647105772543775e+00
1.509285068492908444e+00
1.536970411203268938e+00
1.566661707283460103e+00
1.596790089813559410e+00
1.625899230142686003e+00
1.653335697179475039e+00
1.678941506739226375e+00
1.701918562838643068e+00
1.723143074591861668e+00
1.744041462641657159e+00
1.765874492466626755e+00
1.789336892989252803e+00
1.815846942826424337e+00
1.845245379791575990e+00
1.876403146247163090e+00
1.907610830590818596e+00
1.936091446887968415e+00
1.960437745129646414e+00
1.981617028242876888e+00
2.001009634544477667e+00
2.019281651287306634e+00
2.037740635138234779e+00
2.058028522566720309e+00
2.080812050489929454e+00
2.104311340125860408e+00
2.127201148122022989e+00
2.149676448451931510e+00
2.170326927597034050e+00
2.188328980649648869e+00
2.204499358325092917e+00
2.219932024214385624e+00
2.235452425554503186e+00
2.251625405470563113e+00
2.269947024765921917e+00
2.290871775825785939e+00
2.312963663349735022e+00
2.334206418972238239e+00
2.353142860461420405e+00
2.369384402118150934e+00
2.383834308477434494e+00
2.397573772652512147e+00
2.410609219223063704e+00
2.423228330355242210e+00
2.435784967793290789e+00
2.448842782217153236e+00
2.463451504149194449e+00
2.479851797078845621e+00
2.497322191680162895e+00
2.514571498850326936e+00
2.530787358210214499e+00
2.545227305878933421e+00
2.557948034162296658e+00
2.568804673415077566e+00
2.577911196294436103e+00
2.586706879637064915e+00
2.595898641270602880e+00
2.606297693448325070e+00
2.618945362595578974e+00
2.633223762351132091e+00
2.648477301994978994e+00
2.662619270171830088e+00
2.673258872520240637e+00
2.680807693383487234e+00
2.685998450332515830e+00
2.689926147208630880e+00
2.693553013357687487e+00
2.697834869776551514e+00
2.704109412223368203e+00
