1.314144532653531254e-02
2.374359510130830131e-02
7.044106703246294510e-02
5.395763445721515894e-02
5.665766526995613672e-02
-1.547135981160748484e-02
-8.938671303228644671e-01
-1.288897843261392673e+00
-4.075035972267322393e-01
5.791485140832038081e-02
2.109584033001850878e-01
2.253555101712325648e-01
-9.171323897478475540e-02
-4.698749039255064805e-03
8.502420459225229488e-02
1.432635998609633199e-01
1.434865264255518469e-01
1.399042165280222350e-01
1.285610234362254967e-01
1.252649410119042739e-01
9.983203681567048848e-02
1.446761564103754560e-01
1.242596927737141255e-01
7.990069862236538756e-02
9.001915396226289889e-02
9.355772447023667782e-02
-3.810459610666377950e-02
-7.177025966457596315e-03
3.886040218750123898e-02
6.421448140976866725e-02
9.289464232643537822e-02
1.207337835255659075e-01
1.049191048007843408e-01
-9.914479128618181036e-01
-3.085195166915833731e+00
-8.766915320599030226e-01
-1.814321847617396954e-01
-2.235699985011511681e-01
1.345588381747764573e-01
-7.252216443704109783e-02
-3.124220391491550064e-01
-6.338088161726301850e-02
1.366592398413347120e-01
4.422438211606097846e-01
5.390157270899180730e-01
5.225817258577684088e-01
3.199838346103672793e-02
3.156241535511662699e-02
1.375409468902753229e-01
2.898511829591883249e-01
3.226611413324033117e-01
3.014323561138451679e-01
-1.733494382893634167e-01
-1.350806707571658549e+00
-2.009342028169474881e-01
2.508474216144574998e-01
4.117788812732004478e-01
3.109722333549489459e-01
2.753764734476810139e-01
3.778726401747966590e-01
3.754303665898957587e-01
3.442656048434850069e-01
-8.682684610845271822e-02
-1.658679913743202616e-01
2.004768601632165581e-01
3.763515570433466073e-01
4.406517992199517342e-01
4.628514282457644735e-01
4.707704112137491292e-01
3.792202007531004226e-01
1.824508715029232730e-01
1.624495891113621748e-01
2.635326535322132790e-01
3.120804654829521518e-01
2.457361425795049348e-01
2.568557379658199524e-01
3.152139236531570909e-01
3.582251557086922888e-01
2.502518439298411224e-01
1.436866821399675476e-01
2.639333468381987458e-01
2.314423375628883173e-01
1.334179409482383893e-01
1.687724529609828938e-01
2.695328505725993473e-01
2.992537918773527927e-01
4.070905266635298503e-01
4.240877382090892933e-01
3.429378729685041982e-01
3.921566400358693638e-01
3.987079529842662007e-01
4.049209974684131463e-01
3.281303257521031025e-01
2.905276376633247892e-01
3.276896090052416333e-01
3.252650215948817425e-01
3.208491636742544229e-01
3.978328345452460946e-01
4.477379551947718306e-01
3.747104114744972403e-01
3.750968204860831712e-01
3.213032833016203904e-01
2.889730475130194987e-01
3.052282156210112674e-01
2.688412461495840455e-01
3.541800305352801881e-01
4.431672020001736767e-01
5.111460756068275657e-01
5.778134471120819349e-01
5.335823371900333401e-01
4.092243025671633561e-01
2.414824023802389641e-01
1.564024262237679319e-01
-5.885388893872400828e-01
-1.115227166307223072e+00
-2.752935532441292410e-01
2.651660935046151746e-01
5.029215463858697222e-01
2.355400333360646581e-01
7.989445692166372015e-02
5.449351240612074765e-01
7.888834814538705498e-01
8.240375252656951810e-01
6.786395446603836756e-01
5.302443930568293551e-01
1.169399573716895097e-01
5.644276827579914890e-01
8.312057247337696353e-01
8.364863904608823564e-01
8.521364075324835419e-01
9.248578464618648631e-01
8.820536328450396812e-01
-3.054833896252097114e-01
-7.334541044832154633e-01
4.220862736253271352e-01
8.414060504026740217e-01
7.926791196341455015e-01
8.923721038732119748e-01
9.998329847716013186e-01
1.068453431634910133e+00
1.006322002963768725e+00
-1.138048138439619328e-01
-1.641334836716817902e+00
2.347964896395026979e-01
9.349060268931959072e-01
1.101677669367557177e+00
1.089716713269735182e+00
1.152083796418697847e+00
1.189931688994873449e+00
1.162406965409879200e+00
9.609027863146203385e-01
9.367319010277107560e-01
8.935100664192607844e-01
8.118153745536607069e-01
8.168026741612279817e-01
7.617158093828194643e-01
7.467631509078950236e-01
7.782894598832026389e-01
8.565286449326993123e-01
8.871769947631933384e-01
9.625451708360973635e-01
9.816340773753164939e-01
1.022006637158441977e+00
1.124570245754205056e+00
1.112431551846101874e+00
1.103968800838858177e+00
1.120524312445274617e+00
1.148740993954135758e+00
1.144357103356547611e+00
1.160694547795147136e+00
