-2.111388458027311010e+00
-2.108557707061293307e+00
-2.107276416572091637e+00
-2.103927496969517641e+00
-2.099501130987674102e+00
-2.090805556102608875e+00
-2.122990882479486530e+00
-2.111574406088255085e+00
-2.105401564113415169e+00
-2.096457222952230470e+00
-2.082419039518067283e+00
-2.060200170443834189e+00
-2.041260114961485961e+00
-2.030744166669481210e+00
-2.008231075184155223e+00
-1.963373558149727582e+00
-1.875519264953913856e+00
-1.679739049455855060e+00
-9.252251494825133316e-01
-5.100858587227038221e+00
-2.943438916233762193e+00
-2.570420305068584099e+00
-2.418356547885473162e+00
-2.370777614679903778e+00
-2.345435629569771141e+00
-2.317236250668623931e+00
-2.336741022042680527e+00
-2.406971634500574275e+00
-2.428865950055815404e+00
-2.389763625384813572e+00
-2.332814718900956485e+00
-2.279581530744568152e+00
-2.245197103225065050e+00
-1.809495830964402474e+00
-2.089034591469447921e+00
-2.092694893957957269e+00
-2.084145457630541376e+00
-2.072893954593645560e+00
-2.058444225362515922e+00
-2.041517992728058228e+00
-2.031542016973707732e+00
-2.021148091645099676e+00
-1.999988586709593452e+00
-1.954210490087997742e+00
-1.837216731823172466e+00
-1.401501962299074311e+00
-5.917872408256762418e-01
-1.020122058804520115e+00
-9.174450423198481364e-01
2.971608319299176237e+00
-3.470077746308737332e+00
-2.743109618855782639e+00
-2.900783874984058208e+00
-1.720431217812591562e+00
-1.924319880281490036e+00
-1.878504515506201678e+00
-1.688899859839374074e+00
-8.595922075670491269e-01
-6.789811435895770408e+00
-2.929802659440948531e+00
-2.546108591093990015e+00
-2.422375891299933137e+00
-2.437213234469930434e+00
-2.629166602595240043e+00
-2.709652851543939533e+00
-2.485791212734187461e+00
-2.354169715497416604e+00
-2.287245522703341472e+00
-2.248017188950844680e+00
-2.225127691234895178e+00
-2.215901336592985160e+00
-2.212723847012578737e+00
-2.205289954245039041e+00
-2.193291386768185358e+00
-2.182770665924423259e+00
-2.173790132383561335e+00
-2.163829340071639962e+00
-2.153257436690029891e+00
-2.144279577537103965e+00
-2.137171344283362195e+00
-2.129687712710592429e+00
-2.121771590133449514e+00
-2.114122000481051700e+00
-2.106348177190314530e+00
-2.098913814330750416e+00
-2.092188937050861508e+00
-2.086486347372879635e+00
-2.081539412907075892e+00
-2.075871967703310617e+00
-2.070017444930658979e+00
-2.064657693380344217e+00
-2.059353855500466235e+00
-2.053164859268692410e+00
-2.045749718178595522e+00
-2.038655207129028923e+00
-2.032234450644899937e+00
-2.025823340223015023e+00
-2.020808845579899149e+00
-2.017708565626180395e+00
-2.013566420913851296e+00
-2.008048084572588543e+00
-2.001562288195050776e+00
-1.993677213388844738e+00
-1.985917649237697091e+00
-1.977995459128031097e+00
-1.971765164820584282e+00
-1.969706293136290975e+00
-1.970322754882365857e+00
-1.972251806698434251e+00
-1.972706866139175341e+00
-1.968690417892081879e+00
-1.958728041685865673e+00
-1.943871968830197750e+00
-1.903026277375280628e+00
-1.767637771272948521e+00
-1.539316369458468614e+00
-1.574095617952424142e+00
-1.711847642095866817e+00
-1.770276966848983058e+00
-1.770437477722370145e+00
-1.796561995935523237e+00
-1.851895588262403747e+00
-1.891296659970089333e+00
-1.909979386421472691e+00
-1.914195069800053384e+00
-1.901659533500856814e+00
-1.893458115628601446e+00
-1.905911526754585417e+00
-1.919279938416608600e+00
-1.927840364086066627e+00
-1.934583612166399735e+00
-1.938888629261956487e+00
-1.919767523499650075e+00
-1.862193136432197083e+00
-1.824939564876926212e+00
-1.847637447898811791e+00
-1.870701140761071857e+00
-1.885992857255968769e+00
-1.899544762850319701e+00
-1.910885082203701346e+00
-1.917836778220734173e+00
-1.902648407240294715e+00
-1.824120377475817900e+00
-1.739313898346867671e+00
-1.775990088834883407e+00
-1.824980027618250400e+00
-1.856063277960213975e+00
-1.875797282572663871e+00
-1.889797206663615947e+00
-1.898780598876828707e+00
-1.901174088365589654e+00
-1.899454650777523401e+00
-1.896633758312207041e+00
-1.892089217151231351e+00
-1.886880120220937096e+00
-1.881308041850012547e+00
-1.875169232660203189e+00
-1.869813396056932531e+00
-1.866488234842693217e+00
-1.864659807125587765e+00
-1.864021248236327422e+00
-1.864016291915552737e+00
-1.864055876337938900e+00
-1.865293804500787411e+00
-1.866541378896971137e+00
-1.866468361864948466e+00
-1.865797667552262062e+00
-1.865111980145814474e+00
-1.864119194511971722e+00
-1.862785042959163029e+00
