-2.833610224126014037e-06
-1.595154160248492340e-05
-2.548863436073549429e-05
-1.213607270886692746e-05
1.548508463468604431e-05
4.384213571544557319e-05
-4.905502962872311024e-05
-6.295526152754307757e-04
-1.710766945961169922e-03
-2.807036385551265993e-03
-3.655448053095972875e-03
-4.233353872311590611e-03
-4.633624520616346290e-03
-5.018137588194110377e-03
-5.370263710426795636e-03
-5.647324236816973590e-03
-5.837724364936044789e-03
-5.955602848934008105e-03
-6.020238731713306937e-03
-6.047499137379679264e-03
-6.046250389005937247e-03
-6.025043964530864792e-03
-5.969592098678509068e-03
-5.893685065535432185e-03
-5.819991223540183813e-03
-5.744421691298282930e-03
-5.675130746524740914e-03
-5.657658181583941764e-03
-5.671411129980309836e-03
-5.684921417705854178e-03
-5.683658763572720964e-03
-5.656578823645229057e-03
-5.598559097467761640e-03
-5.640209600387207159e-03
-6.420049767202408095e-03
-8.435674246711112254e-03
-1.060834530444248504e-02
-1.247122555897262064e-02
-1.405758289317871057e-02
-1.534726670126854847e-02
-1.650593867877875320e-02
-1.765924613435548157e-02
-1.870753075200617954e-02
-1.954268168458583171e-02
-2.006972709249545822e-02
-2.030323555262780397e-02
-2.036089221584325842e-02
-2.047088547323024088e-02
-2.063851299217782723e-02
-2.078207423868089904e-02
-2.083173291111849526e-02
-2.078269891598546679e-02
-2.071036052422310300e-02
-2.093247958382649446e-02
-2.175271974844436226e-02
-2.261445312088699450e-02
-2.322602316550384863e-02
-2.357470122512853039e-02
-2.376854646735223134e-02
-2.385380686519513946e-02
-2.381703883389469159e-02
-2.368236031005937006e-02
-2.352435309581899295e-02
-2.352414695791002833e-02
-2.366394797882729120e-02
-2.373930793934432570e-02
-2.365538131260769283e-02
-2.341590273208657424e-02
-2.304683451786743512e-02
-2.257634243497284171e-02
-2.206856272992336124e-02
-2.161484424301028662e-02
-2.119482908284524292e-02
-2.075359467891747800e-02
-2.028399686643844041e-02
-1.980997088342419457e-02
-1.932455032711050472e-02
-1.880319529644144255e-02
-1.824832671828578723e-02
-1.771974512463683760e-02
-1.725144895796203171e-02
-1.678201014645436945e-02
-1.630547771667205728e-02
-1.585229960990547360e-02
-1.540590682763403468e-02
-1.493177970710670745e-02
-1.441473945232537267e-02
-1.382802791869976351e-02
-1.318362190706490189e-02
-1.251120075795699588e-02
-1.180930386502717158e-02
-1.108401489872092374e-02
-1.034690461080646669e-02
-9.633979574467644441e-03
-8.951363084806915338e-03
-8.268757012523671179e-03
-7.564607934787052554e-03
-6.834360060421480580e-03
-6.060651290975428013e-03
-5.240878526994030041e-03
-4.404390229122388811e-03
-3.573394590775148556e-03
-2.770831608084967004e-03
-2.007498829174901838e-03
-1.276480482253602045e-03
-5.766975083081105936e-04
1.287765439382699021e-04
8.748178293859305496e-04
1.686877352390476429e-03
2.580688763217434817e-03
3.508731478058026501e-03
4.385858490208145201e-03
5.136646509376455866e-03
5.664423612893915334e-03
5.655936921161824199e-03
5.063767153685627860e-03
4.369575267204941008e-03
3.887075592569015376e-03
3.648947802599188973e-03
3.472470687502540645e-03
3.296964467701674149e-03
3.306908417066267269e-03
3.590389272071464570e-03
4.088203763619223732e-03
4.681992347214666145e-03
5.249389104022599700e-03
5.685078711106849279e-03
6.193072178881393192e-03
6.903022382059555845e-03
7.794898951176572159e-03
8.843225452950118082e-03
1.004856654471967571e-02
1.124999909998359443e-02
1.193883076866783695e-02
1.212599185025848257e-02
1.240646729386173618e-02
1.300344225842008268e-02
1.385359323882032895e-02
1.493129341425513366e-02
1.624238999409962497e-02
1.776834925494217080e-02
1.931706622071027724e-02
2.026960416621332098e-02
2.032323972672918366e-02
2.040223698660126317e-02
2.093131553947280565e-02
2.192040283694977887e-02
2.326439772103075163e-02
2.487651636281674322e-02
2.672792340507653894e-02
2.877838951759208869e-02
3.092007920519399336e-02
3.310807288120344583e-02
3.529477800940588467e-02
3.744622252192863349e-02
3.956911127069141082e-02
4.164803415529240438e-02
4.368934991980443633e-02
4.573997180341084906e-02
4.785609989226071587e-02
5.006737110049231526e-02
5.238961370316320282e-02
5.481763678634925252e-02
5.735728853088579299e-02
6.004419708205493977e-02
6.285521841273943033e-02
6.577867964710387705e-02
6.881117379310758286e-02
7.194887572526603714e-02
7.517461024434884953e-02
