-3.434895094301123469e-02
-1.109113575407973465e-02
4.029114625206020595e-02
2.141948345503671969e-02
1.489669205364744890e-02
-4.790187037378976914e-02
-8.905704753039180854e-01
-1.220072116660097183e+00
-3.074510162959565585e-01
1.385959391218947734e-01
2.552943189589319539e-01
2.402669033332992810e-01
-8.905457697066493372e-02
-1.656846851759471995e-03
7.878061154683292655e-02
1.177563424870989722e-01
1.119987143311151068e-01
9.452587917572130571e-02
7.259334217065950556e-02
7.104067467669972213e-02
4.016860802737308445e-02
8.822976399256501900e-02
6.731685123554720374e-02
1.426343061810971327e-02
2.442419958502869970e-02
3.492756469124536078e-02
-9.531406987599369551e-02
-5.842398432055114638e-02
-1.035715077056913527e-02
8.669890226223060659e-03
3.208936887336705235e-02
5.726487025706351180e-02
3.892804143611969941e-02
-1.016773055221658062e+00
-2.976426705383298454e+00
-6.791415021079680869e-01
-6.297041444059986448e-03
-9.323782198051711045e-02
2.112740163959824780e-01
-2.344701793999744155e-02
-2.828274066067902881e-01
-3.800703696557898581e-02
1.429742922704499430e-01
4.137133540367117224e-01
4.617908833385821477e-01
4.148117252449898817e-01
-7.946044697565793347e-02
-7.704406263001140065e-02
3.038410218739676094e-02
1.636645542970690537e-01
1.855543477230916227e-01
1.583772635202831125e-01
-3.037499335006205725e-01
-1.421556793573722777e+00
-2.329868651524469314e-01
1.936745720248349567e-01
3.177928428931131588e-01
1.693284859895193839e-01
1.357525639964065334e-01
2.226012078204098743e-01
1.951487677170404278e-01
1.680368935098099092e-01
-2.535247274949956608e-01
-3.189016640905529831e-01
7.691821004477299162e-02
2.510650232872665422e-01
2.781168814707780101e-01
2.738117624358887836e-01
2.733276357855021210e-01
2.177988294465239838e-01
-2.531839357465152235e-03
3.472143479287490009e-02
1.300802165375312680e-01
1.393726371997321134e-01
8.571067516651349749e-02
9.757901625182147098e-02
1.471458131966802141e-01
1.701375179281484629e-01
6.305794926228926178e-02
-5.616233651000503146e-02
8.799821964493587112e-02
1.047305356175920465e-01
2.986695971193164406e-02
5.236240164191865998e-02
1.177753854674092049e-01
1.279319885196898987e-01
2.058517560656750456e-01
2.038004980715700520e-01
1.545946511867498374e-01
1.756339922792634622e-01
1.585573043600373988e-01
1.598766876527628333e-01
7.883809101868353986e-02
5.188287561985704954e-02
1.056913208425234174e-01
1.566623235986764340e-01
1.571047615778129458e-01
1.948636714466200903e-01
2.203355030764864164e-01
1.743812051041147282e-01
1.406897871006909106e-01
9.466250001412532256e-02
5.561168364429235761e-02
6.777359060288286330e-02
3.435800876393795694e-02
9.629790408280917979e-02
1.534802856268178972e-01
2.003984066425807953e-01
2.796747925714957450e-01
2.209333953822411600e-01
7.936085889271521365e-02
-8.991979755767628979e-02
-1.500378521785489527e-01
-8.836656291019711063e-01
-1.321923068031122472e+00
-4.486334390517937587e-01
7.519783337557742198e-02
2.706417916666574719e-01
-2.849488759867366619e-02
-1.910542669804806970e-01
2.281043850067246415e-01
4.495030766207525064e-01
4.209893846608484536e-01
2.624167123091835641e-01
1.303359908987232751e-01
-2.434371632116111850e-01
1.763118149679102908e-01
4.318197957387319708e-01
4.196134249030313290e-01
4.132027128638409708e-01
4.807567944952780836e-01
4.549211834361737150e-01
-7.177486931806738024e-01
-1.015015056143824923e+00
1.528906880243956767e-01
5.382359188600176481e-01
4.589260312370048167e-01
5.069113055932139567e-01
5.928732902068533095e-01
6.479289611045344621e-01
5.568711203091878392e-01
-5.902094917508209360e-01
-1.897056470085556334e+00
3.232270607158727743e-02
6.581529476492663511e-01
8.217023696084440054e-01
7.801993921517080821e-01
7.033891841914177157e-01
7.422034596148253671e-01
7.915279895232535390e-01
5.923626586439660890e-01
5.544616606083407895e-01
4.477895533821115159e-01
3.474955578267864276e-01
3.643855052616730150e-01
2.966733340174846356e-01
2.740887501673799909e-01
3.459797812095969927e-01
4.607675531015548720e-01
5.297820111337352422e-01
5.896227676988800015e-01
6.056226527484147582e-01
6.143630961547352776e-01
7.564027088833502610e-01
7.191411598251880033e-01
7.417037194131171907e-01
7.575840638671431648e-01
7.818601416336257159e-01
7.587630519822834430e-01
7.664961123306078816e-01
