-7.199878532403724022e-04
-1.130052008118734947e-03
2.663918804495840967e-03
8.687541947235120215e-03
1.379837998790863982e-02
1.455209546647351360e-02
-4.531851194658539916e-02
-1.881178118722121040e-01
-3.045626255512229319e-01
-3.385869263890065595e-01
-3.318259371104732569e-01
-3.111534958864332068e-01
-3.064898323378574263e-01
-3.140231317107415876e-01
-3.092309415639958314e-01
-2.939915418168534411e-01
-2.736834870135166353e-01
-2.522862497458739917e-01
-2.311594707242379532e-01
-2.102275095201092958e-01
-1.906077301683752334e-01
-1.694196189784887008e-01
-1.463402784656993028e-01
-1.275088296921661479e-01
-1.113550266459041038e-01
-9.456566453634007718e-02
-8.626478737652770734e-02
-8.509298132425176242e-02
-8.001642901447192369e-02
-7.125843241751339541e-02
-5.975662903753734684e-02
-4.501091321911730031e-02
-2.963266201612758943e-02
-8.550559612405178589e-02
-3.472590269410650299e-01
-6.095696700703845394e-01
-6.966877372695151616e-01
-7.408004525789233519e-01
-7.611668945458754942e-01
-7.681077273155334506e-01
-7.991601572115091257e-01
-8.268594423387696235e-01
-8.235587501527783516e-01
-7.847820642957954451e-01
-7.168997389749238724e-01
-6.399360165200772554e-01
-5.917293282895315087e-01
-5.730842401905114070e-01
-5.483970165540421604e-01
-5.080341847302906055e-01
-4.561545621350194812e-01
-4.030109751938840690e-01
-3.812769075560871190e-01
-4.662115386318979038e-01
-5.572507328527329662e-01
-5.523310409646421393e-01
-5.084805687200358859e-01
-4.596995898663934765e-01
-4.179278859398149470e-01
-3.704522943334321861e-01
-3.163804232080545953e-01
-2.637439893320280282e-01
-2.400325518573030448e-01
-2.499427486969441059e-01
-2.434580050610646862e-01
-2.030321990271064525e-01
-1.474552894088898281e-01
-8.674491560609023932e-02
-2.388266987973754196e-02
3.533626525375713895e-02
7.644296967051480984e-02
1.034016121128970567e-01
1.350410838088822729e-01
1.732527905325941531e-01
2.084450562858703726e-01
2.394174484205959519e-01
2.732804047859544450e-01
3.117126883438364193e-01
3.445793040217350889e-01
3.621191116540311006e-01
3.789655451195815816e-01
4.019837296554892858e-01
4.179454773951369329e-01
4.289991282851414733e-01
4.458649685538658147e-01
4.685071591424598836e-01
4.981246043460085815e-01
5.342236814049101667e-01
5.669253889202269248e-01
5.976654703344077557e-01
6.299112931867568710e-01
6.616933633701947981e-01
6.880805578941417977e-01
7.064223974768385483e-01
7.242888414184924795e-01
7.454995314152478292e-01
7.674748669369882981e-01
7.925325987402659367e-01
8.233660242403204599e-01
8.527367486699714005e-01
8.770032921727937136e-01
8.962658788504357377e-01
9.090083145215657190e-01
9.190598517345026641e-01
9.264432426540739618e-01
9.351530618751640045e-01
9.523775847180901977e-01
9.777970982611725592e-01
1.011969886418071729e+00
1.048219761051682797e+00
1.073116542470088364e+00
1.078020029641124200e+00
1.065499185566880058e+00
9.973644056621076004e-01
8.446068444504866157e-01
7.066147464660579303e-01
6.516867302072211210e-01
6.465287827680844535e-01
6.418354689720274786e-01
6.127498629928789242e-01
6.037672887423239931e-01
6.407828280620179173e-01
6.982036883553309758e-01
7.513469310819912428e-01
7.893097144893560513e-01
7.942323444485334116e-01
8.010811103143403722e-01
8.517213577956166404e-01
9.211896087380793130e-01
9.937242146186494596e-01
1.073347019613076547e+00
1.157122751842563524e+00
1.163193645562314638e+00
1.065655719499302601e+00
1.009764072578880789e+00
1.049062549735292782e+00
1.112913185366156688e+00
1.181441770620665688e+00
1.264053026297164539e+00
1.359926421974340105e+00
1.457694818545415050e+00
1.478590952609061482e+00
1.330411524114641475e+00
1.200602500658725313e+00
1.225409458854796574e+00
1.307183638547977145e+00
1.404782438856945426e+00
1.506395476914623721e+00
1.614594924728983916e+00
1.729515821733767833e+00
1.834980642399850925e+00
1.926796373102692916e+00
2.011396754145136967e+00
2.083948798512461842e+00
2.148807730605072575e+00
2.207539686637407073e+00
2.258099866230949715e+00
2.307681231990524218e+00
2.364017931599234679e+00
2.427717375316563952e+00
2.498301232616213952e+00
2.573840410551692326e+00
2.651605393742289873e+00
2.738408073545686161e+00
2.831372114778593740e+00
2.923919410658062823e+00
3.014630032572890528e+00
3.101728408202636178e+00
3.187183718656254605e+00
3.272850349415221682e+00
3.360866033897926819e+00
3.451747005257198353e+00
3.545277074846533427e+00
3.640350696814413478e+00
3.734953392379586123e+00
3.827242704757408465e+00
3.916149132765740504e+00
4.001668061359710649e+00
4.084879916367352592e+00
4.166391088391788067e+00
4.246369270574441579e+00
4.325922635317096976e+00
4.406259025601141133e+00
4.489075694994055787e+00
4.576247103276056549e+00
4.666324604015505528e+00
4.757798459408779657e+00
4.849170295434295674e+00
4.939385586687701668e+00
5.028012121645502042e+00
5.113786832844405161e+00
5.197209692656977076e+00
5.279548756693606570e+00
5.362186396975887170e+00
5.446085377578794962e+00
5.533080645672532327e+00
5.623595348895836565e+00
5.716832853272695303e+00
5.811217963920627838e+00
5.903644683831141826e+00
5.992012718255841364e+00
6.076595290006393313e+00
6.158401468105628496e+00
6.237902303623955369e+00
6.316387386240616131e+00
6.395762574943411494e+00
6.477163176990168303e+00
6.559168838638459675e+00
6.640410223133748069e+00
6.721008844018212081e+00
6.799405462559064972e+00
6.874352014702516556e+00
6.946322626329713756e+00
7.016252998876610469e+00
7.085014053446741400e+00
7.153314068240590906e+00
7.222951893842318505e+00
7.294904760876701033e+00
7.368095425834487067e+00
7.440534698403483027e+00
7.510452643791786898e+00
7.577021613762045860e+00
7.640763302532452172e+00
7.702628964640358511e+00
7.762589191388900467e+00
7.820895096666201418e+00
7.877956673670651888e+00
7.934436589977307719e+00
7.991644044254749168e+00
8.050189616524168201e+00
8.109643558812708264e+00
8.168805229627624342e+00
8.226733588406347053e+00
8.282465871792684453e+00
8.335739044463927883e+00
8.386181344498565338e+00
8.433607419256929916e+00
8.479364761694933250e+00
8.524278352113094925e+00
8.569366651336267182e+00
8.616058687851005260e+00
8.664159308812406479e+00
8.713223999707954803e+00
8.761222777876501056e+00
8.805293627400583745e+00
8.845265929155358364e+00
8.881476103892719465e+00
8.914770160215960360e+00
8.946112963867140166e+00
8.976580496979343238e+00
9.007862372075463142e+00
