-1.089132088134934714e-02
5.460528629012817610e-03
5.336447002057310290e-02
3.450945246669265276e-02
3.183399749580136107e-02
-3.529034126779610758e-02
-8.831380767582767133e-01
-1.220324671704616781e+00
-3.111473556267003726e-01
1.375526269971575066e-01
2.595644180910864907e-01
2.473732049198761884e-01
-8.095308223265650083e-02
4.824555308390023056e-03
8.661357638007910476e-02
1.308595498298607274e-01
1.240569064699298535e-01
1.104708726926190709e-01
9.165556219430959217e-02
8.774448340844977212e-02
5.883634569869022196e-02
1.044292548612203442e-01
8.288352466494627868e-02
3.431632265086754369e-02
4.493356506822993729e-02
5.218351737704016169e-02
-7.688268698679688595e-02
-4.041087569522344713e-02
7.649740516128999274e-03
2.973808899283426552e-02
5.502293060489781701e-02
8.024505540681134419e-02
6.207810729193506682e-02
-1.000156610300313886e+00
-2.976026929853477832e+00
-6.890631023590382265e-01
-1.363774323228730823e-02
-9.241489531015342762e-02
2.235937998141883931e-01
-1.056816142663510871e-02
-2.649070173789683236e-01
-2.214650659187256121e-02
1.596248903448196921e-01
4.347101913030917419e-01
4.922438278410993795e-01
4.481841449450704729e-01
-4.705161538504046281e-02
-4.253068932726267182e-02
6.549373849309550466e-02
2.060534728338495603e-01
2.294836348981623142e-01
2.021972944431545127e-01
-2.620932972906230285e-01
-1.385524515529697132e+00
-1.992874654169235482e-01
2.337027213966083594e-01
3.640449998807721022e-01
2.294450970628593156e-01
1.888371942698907069e-01
2.779887281710853864e-01
2.576369463599306742e-01
2.248207229188802225e-01
-1.982351480291307255e-01
-2.619051176535043823e-01
1.218756675432078884e-01
2.924933816568748846e-01
3.319051456847340598e-01
3.349616727433861740e-01
3.338145358005241148e-01
2.578057019406214678e-01
5.107336566492597096e-02
6.373109840812393734e-02
1.640598075186059934e-01
1.927132782995130689e-01
1.328044942958440111e-01
1.450498409479151207e-01
1.987060177701030494e-01
2.302111272927133967e-01
1.224662650681660331e-01
1.204830574234951046e-02
1.458404913928440794e-01
1.384092060186414286e-01
5.415220810449798694e-02
8.544757472851627345e-02
1.685237854803761093e-01
1.868152615466037170e-01
2.766068969865157490e-01
2.802016227316573294e-01
2.130229752608486238e-01
2.469595593371052833e-01
2.400665222998822346e-01
2.424198783655135137e-01
1.633886542681072529e-01
1.324529980245783556e-01
1.790040791162656741e-01
2.038946176181696546e-01
2.026274228026711255e-01
2.595469987460213845e-01
2.952589863587754548e-01
2.347113708778965913e-01
2.181107419838387018e-01
1.689321786378523427e-01
1.348796475594404298e-01
1.505045536130505401e-01
1.170025995389259443e-01
1.909884768053829451e-01
2.620999263149615954e-01
3.160589576035390813e-01
3.847582223333025908e-01
3.298829144877741815e-01
1.964616617679297850e-01
3.123614031339458363e-02
-3.573394599417664685e-02
-7.599162627390236846e-01
-1.215253231122874977e+00
-3.427817217236364122e-01
1.846535786430025250e-01
3.881930638096622310e-01
9.561856596289516896e-02
-6.553135819567795783e-02
3.705849852312670389e-01
5.900431795247520483e-01
5.799034010443995246e-01
4.190859441005733155e-01
2.758226597654463985e-01
-1.127173606056427330e-01
3.236402867341172107e-01
5.781901922834449259e-01
5.665851789764007052e-01
5.647426086752014296e-01
6.288661824011241297e-01
5.898260298097705023e-01
-5.776659575823245296e-01
-9.110775451509373069e-01
2.629096552975046519e-01
6.557498247297329774e-01
5.802502671208580320e-01
6.445029693645031310e-01
7.312998736872062810e-01
7.834890789688175872e-01
6.995969521235720912e-01
-4.241983045255503515e-01
-1.800554193642107892e+00
1.267479685321598326e-01
7.775550120854299863e-01
9.231331030003716576e-01
8.797685755872284297e-01
8.589332725924090362e-01
8.855317826746731402e-01
8.877517097840978977e-01
6.845491435523149981e-01
6.538702526645991941e-01
5.840488680270967681e-01
4.937176726291548357e-01
5.065674186693873704e-01
4.483761011398786356e-01
4.305131803641452648e-01
4.858973310299130044e-01
5.788223169786517186e-01
6.271837115640747085e-01
6.984509618859888747e-01
7.091337561734861739e-01
7.340697404285351224e-01
8.495533271617232707e-01
8.246249752602814453e-01
8.356868621133812791e-01
7.985682472197661586e-01
7.900928088871643773e-01
7.922097694914631560e-01
8.156594807514354617e-01
8.506032598435950831e-01
8.790904131375607555e-01
9.077221708156593127e-01
9.177785726800570254e-01
9.159503607775746348e-01
9.011493361421496484e-01
8.879120804638038766e-01
8.782704869274056136e-01
8.851612996425705093e-01
8.860960862988197517e-01
8.951225854810297422e-01
9.124240537652541505e-01
9.377657957116992682e-01
9.775278097596554749e-01
1.026595178596244384e+00
1.038378323850429386e+00
1.061322092518956595e+00
1.051175257524890050e+00
1.059986953593008652e+00
1.047171948426862453e+00
1.039514575140570329e+00
1.038428008367061395e+00
1.052255331644365466e+00
1.072075305325570049e+00
1.098282679502668779e+00
1.142875190587306022e+00
1.170988192746537759e+00
1.199012237764575106e+00
1.201506614487365177e+00
1.183013898506677375e+00
1.158531790573992470e+00
1.150877898810383604e+00
1.146563466348713867e+00
1.147833558075975535e+00
1.163580745996608101e+00
1.192323429135067725e+00
1.221460239633786582e+00
1.224051815965764956e+00
1.230449407923915661e+00
1.235856182532383940e+00
1.219080083910197843e+00
1.207582471338574326e+00
1.201588201741315753e+00
1.206093683676614070e+00
1.213269908199043901e+00
1.226966796824170203e+00
1.259192491092498756e+00
1.283735031609569699e+00
1.294862118307009258e+00
1.287162446329871646e+00
1.272577890703860959e+00
1.255783561412847860e+00
1.252751265482470178e+00
1.252496164616276442e+00
1.248915105908381840e+00
1.252148969741553319e+00
1.254242091563785078e+00
1.266240426136127084e+00
1.286383177555304069e+00
1.304384027050593975e+00
1.314546237127913297e+00
1.312287253142591981e+00
1.308227752238946717e+00
1.292895849944998066e+00
1.287035550336945278e+00
1.268359440440506525e+00
1.261315708273226477e+00
1.264797846331056963e+00
1.269486432802668929e+00
1.286350244634312912e+00
1.309856390230570877e+00
1.319551840553590871e+00
1.333074037272573342e+00
1.310631467781049997e+00
1.281823753878046590e+00
1.261994251478344875e+00
1.242504087088229348e+00
1.237767601062273570e+00
1.233476469931825692e+00
1.243644224215357141e+00
1.262516263273849138e+00
