-1.103768197243523361e-02
5.293352527990160573e-03
5.401444971405798545e-02
3.609970674469906160e-02
3.390357490366428111e-02
-3.378091279289239385e-02
-8.942397722499482171e-01
-1.255636348164710592e+00
-3.570488783373062525e-01
9.998038643791185009e-02
2.353813394903283007e-01
2.349337557199988047e-01
-8.875045695593991590e-02
-1.987879538580823724e-03
8.267138756344249995e-02
1.307085133058042692e-01
1.272924849446961937e-01
1.160907024521169312e-01
9.872464941986455744e-02
9.566995977450690192e-02
6.699059264524687141e-02
1.130326698239925154e-01
9.206930252047824947e-02
4.304675395457856213e-02
5.287969756450983799e-02
5.972955300789216382e-02
-7.130683385593404588e-02
-3.738664225065251034e-02
9.744459409321859847e-03
3.195795265272627361e-02
5.793449172606737752e-02
8.432692071917299859e-02
6.711965121311010141e-02
-1.008854428837106632e+00
-3.034325221509412529e+00
-7.782635459262218225e-01
-9.133653878792158398e-02
-1.542764234021286596e-01
1.775089897717482823e-01
-4.375575036161727382e-02
-2.941090978422026270e-01
-4.788946078424033415e-02
1.418683499369577938e-01
4.290201051326066883e-01
4.999576198879049915e-01
4.664483710365666669e-01
-2.771883527824316532e-02
-2.805884984066637361e-02
7.765561012088578741e-02
2.195392598359036385e-01
2.459368715330637889e-01
2.208612797429438945e-01
-2.482728571889801783e-01
-1.395982570166675263e+00
-2.258014883323688216e-01
2.142259707373615762e-01
3.568604305708234503e-01
2.315824034846452051e-01
1.961571324077908129e-01
2.900827055496204010e-01
2.742134192020610484e-01
2.442107745296279442e-01
-1.827279262295857798e-01
-2.552073789937659987e-01
1.260979225220624778e-01
3.015173764469915030e-01
3.471833604095329040e-01
3.556147932859800020e-01
3.586720156766646239e-01
2.848934612916926845e-01
7.622112753277493491e-02
8.511249331321851797e-02
1.839710874665383689e-01
2.130044336339336208e-01
1.529009558254814660e-01
1.644455766932060581e-01
2.183987328258722715e-01
2.511630336061757007e-01
1.433005850043229390e-01
3.003854709324750571e-02
1.621079279990995659e-01
1.547650112720198867e-01
6.934335329501641054e-02
9.915761782458626383e-02
1.825418035597945188e-01
2.022696012522204601e-01
2.945885256936677798e-01
3.012317006968376343e-01
2.355560336646396746e-01
2.703241062889261137e-01
2.643599447160451255e-01
2.673684469029973254e-01
1.877911620398506343e-01
1.550735877171232346e-01
2.004766768374217634e-01
2.253230383236347611e-01
2.242722966762116243e-01
2.820906588848660634e-01
3.196235839154307756e-01
2.600769301252434662e-01
2.433099309584427772e-01
1.931238342406392805e-01
1.572325475722592403e-01
1.712132600756168244e-01
1.361363780960391789e-01
2.094779833053454499e-01
2.818807469429440715e-01
3.383796968908024394e-01
4.105921841931742811e-01
3.584981388327181939e-01
2.247952849693987121e-01
5.555540407762987742e-02
-1.739262974745858781e-02
-7.567758784736947630e-01
-1.238516747576074328e+00
-3.802257001987915941e-01
1.533547123420641867e-01
3.705766427155915976e-01
8.714506785919051701e-02
-7.240451084538740423e-02
3.689619032957788813e-01
6.005305832406344635e-01
6.022582859625793539e-01
4.484211463070363890e-01
3.067992669070110923e-01
-8.736865781501688966e-02
3.459239399540270932e-01
6.065336823757306872e-01
6.024346093322535678e-01
6.062680766239278984e-01
6.756309543600104162e-01
6.408618537781740621e-01
-5.394805681151149113e-01
-9.009906801178866331e-01
2.629244458172483312e-01
6.667731828601284327e-01
6.034094931019375885e-01
6.771179759630406858e-01
7.731887314783298937e-01
8.342970460670144917e-01
7.568083945874739538e-01
-3.781085217801234410e-01
-1.794727735727387419e+00
1.110278423973588974e-01
7.760826209786835239e-01
9.423018553966350241e-01
9.161639445815223937e-01
9.079817674169263775e-01
9.445435904405368177e-01
9.548361738058603887e-01
7.551770195861335910e-01
7.244336567218369050e-01
6.531999877261969178e-01
5.596743973534741290e-01
5.690878424648060374e-01
5.075154097671314979e-01
4.860361206050982097e-01
5.390749675649741945e-01
6.320042079965794146e-01
6.820434167144644455e-01
7.560868771151879608e-01
7.698535108930064652e-01
7.976002718158119453e-01
9.170603999085704672e-01
8.961790286369444303e-01
9.101952890430311527e-01
8.749434404060980608e-01
8.673088692479278272e-01
8.699378721552436522e-01
8.940513376406209467e-01
9.301784978301416151e-01
9.603006231827768691e-01
9.908459662345099339e-01
1.002783982282480224e+00
1.002435496715769592e+00
9.884863311926146423e-01
9.754796678884180006e-01
9.656489342748217908e-01
9.722862675430263835e-01
9.730289558650657700e-01
9.819511195707699702e-01
9.994218505427618915e-01
1.025350494246179522e+00
1.066312317440414770e+00
1.117349744390134569e+00
1.131310147781292574e+00
1.156308883230814821e+00
1.147804013161846104e+00
1.157804269012047360e+00
1.145751128394484786e+00
1.138339736060775209e+00
1.137243439468289985e+00
1.151137515224333052e+00
1.171337246316808578e+00
1.198323956226853726e+00
1.244328514592310420e+00
1.274338535611581724e+00
1.304444740397847635e+00
1.308819868015421495e+00
1.291470563492111978e+00
1.267230305253159717e+00
1.259269581013027217e+00
1.254459305462488627e+00
1.255199814266152458e+00
1.270650658918327514e+00
1.299621963361298871e+00
1.329553488707301279e+00
1.333029430822904482e+00
1.340123997930626309e+00
1.346111210523775581e+00
1.329514144365836259e+00
1.317695168110852411e+00
1.311123510485523669e+00
1.315056670488953916e+00
1.321822513892848550e+00
1.335354483365940537e+00
1.367931799197668719e+00
1.393340943797617415e+00
1.405467071656891997e+00
1.398460438909433723e+00
1.384018099253401690e+00
1.366825462436461525e+00
1.363131715967499824e+00
1.362206687671042804e+00
1.357937047820250154e+00
1.360521274402421987e+00
1.362059338384258300e+00
1.373696843007141899e+00
1.393855105779522319e+00
1.412231232098781319e+00
1.422919406579935986e+00
1.421045821612334503e+00
1.417093131194872013e+00
1.401477588670591690e+00
1.395025064275291049e+00
1.375453384264665679e+00
1.367285335247480971e+00
1.369741462165888102e+00
1.373619949013650698e+00
1.390020725927898715e+00
1.413565924205102853e+00
1.423584292064250745e+00
1.437542307747086578e+00
1.415184355319350828e+00
1.385684010325220150e+00
1.364601448918034921e+00
1.343529624205985762e+00
1.337158050373207008e+00
1.331368436663163957e+00
1.340345272176860281e+00
1.358552456685004017e+00
