1.461922184765415538e-06
1.064428731025144662e-05
3.666363199366937060e-05
9.434446777721941513e-05
1.750719998013362355e-04
2.662374570872461511e-04
2.394727935940581308e-04
-2.900312012966172349e-04
-1.360087800455482988e-03
-2.485968938891235450e-03
-3.381509433957061248e-03
-4.001266853467885624e-03
-4.426221154379515396e-03
-4.818616097240793067e-03
-5.167212027539030104e-03
-5.428518026092738445e-03
-5.587117978998793442e-03
-5.657100015430981121e-03
-5.656329066063845237e-03
-5.600932780056223047e-03
-5.503260899797038364e-03
-5.373616405001226462e-03
-5.200775812070453780e-03
-4.999261535968467160e-03
-4.790317859349928556e-03
-4.571519029879683380e-03
-4.354267857018181455e-03
-4.185915033009032261e-03
-4.048155344992456807e-03
-3.908935742034477800e-03
-3.750390198240667085e-03
-3.559127390539186531e-03
-3.329298401690173378e-03
-3.194130447593129980e-03
-3.816256715126506698e-03
-5.747638463312098114e-03
-7.927603919663104431e-03
-9.848667366092458617e-03
-1.150596933407364506e-02
-1.285320318852940964e-02
-1.404602827299412417e-02
-1.521120653508355874e-02
-1.625338854525529980e-02
-1.706071430555717097e-02
-1.752772144601278184e-02
-1.765697065974865601e-02
-1.756468490627752579e-02
-1.748935917278606963e-02
-1.744795000087372497e-02
-1.736284461314164737e-02
-1.715987916574532313e-02
-1.683230595927435319e-02
-1.645793581532442942e-02
-1.636671709253406312e-02
-1.688969138967166134e-02
-1.747960228362052323e-02
-1.782139845076248161e-02
-1.787888944057367674e-02
-1.774546859451722400e-02
-1.747196370643246122e-02
-1.704516869116950648e-02
-1.648720316254007404e-02
-1.588019002647482816e-02
-1.541564905676997416e-02
-1.508742670937216618e-02
-1.470031607888618551e-02
-1.415323782165235633e-02
-1.343382368515520092e-02
-1.255940839414323475e-02
-1.156261239388820840e-02
-1.052170195791550696e-02
-9.530293516247245050e-03
-8.586324922295404324e-03
-7.630101847430452444e-03
-6.639449418339007924e-03
-5.640604944738994084e-03
-4.627652474939506454e-03
-3.571573173376359905e-03
-2.468538564757413734e-03
-1.378483274058166794e-03
-3.362746840708916336e-04
7.061863027961628493e-04
1.736455656206895059e-03
2.718618143320758809e-03
3.680130312836537698e-03
4.672928894694498847e-03
5.723160153778251991e-03
6.867404037651558650e-03
8.094195885395212217e-03
9.361657461407093747e-03
1.067742838518635426e-02
1.204193032523970773e-02
1.344239400664407752e-02
1.483919024746413809e-02
1.621789777596923873e-02
1.759639480600579467e-02
1.897839833572365076e-02
2.037113872445728280e-02
2.181029033701555736e-02
2.330648752699227347e-02
2.482381213483830090e-02
2.634739917476075152e-02
2.785232190642192990e-02
2.932795785424459692e-02
3.078139975539282217e-02
3.221398012016293139e-02
3.367187765741061489e-02
3.520136593670319253e-02
3.683081405397159447e-02
3.856872608322792217e-02
4.036846342979883567e-02
4.214662300406697704e-02
4.382191747388689690e-02
4.528595738123279701e-02
4.621264736048000255e-02
4.652370449448432060e-02
4.669757870132576483e-02
4.707182850305053484e-02
4.770544241337892205e-02
4.842809184130320715e-02
4.918003822009432008e-02
5.015652680305689171e-02
5.145465953020124383e-02
5.302836710223742672e-02
5.475213812940493696e-02
5.648281854203789087e-02
5.809507450805218021e-02
5.979752322254760361e-02
6.172645984808889513e-02
6.386693933444086146e-02
6.619622633901377229e-02
6.870957485067027970e-02
7.123473373438300726e-02
7.324132382514485229e-02
7.469362842587583262e-02
7.619151589968266303e-02
7.798941792579208721e-02
8.004698010339399150e-02
8.235681448780449165e-02
8.492925318977419258e-02
8.774561141653881846e-02
9.061887479697026959e-02
9.291248669719677500e-02
9.423953772357027137e-02
9.551396245844082089e-02
9.720982124558893989e-02
9.935602753983845126e-02
1.018698310646032473e-01
1.047046793685240257e-01
1.078180115553967616e-01
1.111310512812625079e-01
1.145261628429878331e-01
1.179660345976270147e-01
1.214241139640982459e-01
1.248700712098173293e-01
1.283037607663491397e-01
1.317110167201709925e-01
1.350953989125806276e-01
1.384862445702527978e-01
1.419236597185065119e-01
1.454284408963087416e-01
1.490248781929131572e-01
1.527158835749812260e-01
1.565149709752550744e-01
1.604480814466931471e-01
1.644953455247680774e-01
1.686358974726294702e-01
1.728656981452866004e-01
1.771851071244438247e-01
1.815844270026998331e-01
