-4.066995835063213660e-06
-2.435343905954716800e-05
-4.657673814365602356e-05
-4.762981942563516855e-05
-3.323415398549151337e-05
-1.695751514650569767e-05
-1.272682049571297882e-04
-7.729820035312535975e-04
-2.032880757471458751e-03
-3.430700265400880161e-03
-4.650440500781885186e-03
-5.612394996597964460e-03
-6.372645478320592034e-03
-7.085852478287034233e-03
-7.741182480581485295e-03
-8.294151589860677271e-03
-8.728463176348545682e-03
-9.054644476788057533e-03
-9.292575892940463725e-03
-9.461181930197610709e-03
-9.572650263810303720e-03
-9.639737965134469524e-03
-9.650248094201117552e-03
-9.619424404714690263e-03
-9.575055572567287704e-03
-9.517756516177405118e-03
-9.458186678163687036e-03
-9.448802633666802259e-03
-9.476457407495928256e-03
-9.510597501679558113e-03
-9.534544452054058081e-03
-9.533851987925322582e-03
-9.499218200654668473e-03
-9.564083769681291924e-03
-1.042261698283220191e-02
-1.271323525193302113e-02
-1.541491072534750990e-02
-1.797113970163864705e-02
-2.032964035579791148e-02
-2.240966258686233337e-02
-2.433928989362719661e-02
-2.624161856526642175e-02
-2.801525214426323421e-02
-2.953362206389638367e-02
-3.067385789402314947e-02
-3.142434013450368102e-02
-3.189212069610544709e-02
-3.232447717656719566e-02
-3.276026681381744715e-02
-3.313479345584353225e-02
-3.338001871078346422e-02
-3.348640449812657210e-02
-3.352988897790232237e-02
-3.385572171451044221e-02
-3.484228773342318286e-02
-3.596906400943929855e-02
-3.689903307453387682e-02
-3.756829630218103122e-02
-3.805645024765676870e-02
-3.839861075628384773e-02
-3.857509975704682958e-02
-3.860626800061951053e-02
-3.856889514321234363e-02
-3.866614022675443629e-02
-3.891140381139784887e-02
-3.910221489091483121e-02
-3.912226113952659012e-02
-3.895676233684275402e-02
-3.862056595023516392e-02
-3.813517509220672869e-02
-3.756376451949754863e-02
-3.701240331911102160e-02
-3.647372437966554110e-02
-3.589918221128855780e-02
-3.528418244107461160e-02
-3.465352681454406114e-02
-3.400278205111075674e-02
-3.330763636515548382e-02
-3.256922007335157077e-02
-3.185047262483707564e-02
-3.119645813849669658e-02
-3.054782257297099235e-02
-2.989087483849315469e-02
-2.925525546946031868e-02
-2.862911301021280400e-02
-2.797916719600232471e-02
-2.728710853128513136e-02
-2.652118561019153192e-02
-2.568649582081218921e-02
-2.480844306228594323e-02
-2.388837199248908597e-02
-2.293508494098760869e-02
-2.196210967414683607e-02
-2.101011856833865862e-02
-2.009116768750968118e-02
-1.917528084915576247e-02
-1.823407431134157347e-02
-1.725989988801382435e-02
-1.623578927585143244e-02
-1.515630473686802905e-02
-1.404796563759173715e-02
-1.293831803459479478e-02
-1.185596495026160213e-02
-1.081919591558044673e-02
-9.826726627739899161e-03
-8.881146069519814737e-03
-7.947729429377704130e-03
-6.988326177875662550e-03
-5.969239634082862053e-03
-4.862628126418602065e-03
-3.710758491188679772e-03
-2.606391195583662550e-03
-1.642208977937164877e-03
-9.371630591975418055e-04
-8.531439237421988356e-04
-1.503716321399418791e-03
-2.422001022621855792e-03
-3.241414483787252634e-03
-3.866588021421874920e-03
-4.446904194198276171e-03
-5.039656083370912601e-03
-5.448271428038915266e-03
-5.550869860338976218e-03
-5.382325855380704072e-03
-5.054438019769172917e-03
-4.699465028727798678e-03
-4.449041373814038684e-03
-4.115439992712733447e-03
-3.550698526305918253e-03
-2.754408640474060796e-03
-1.742076409853426325e-03
-5.054160241764976778e-04
7.935004030220835225e-04
1.591309569879888457e-03
1.817641217259628088e-03
2.054955307252808935e-03
2.582754941039018450e-03
3.385693532301144084e-03
4.463627765613162671e-03
5.842856342765908109e-03
7.520456344235620059e-03
9.300819857054481304e-03
1.050233494356514648e-02
1.070577213520969816e-02
1.079341899987700838e-02
1.126851806174668583e-02
1.222889082868775304e-02
1.362207639573450799e-02
1.537759818849338857e-02
1.748024987802843794e-02
1.990332331439466362e-02
2.253230451653914085e-02
2.530057121499463754e-02
2.813379908552391534e-02
3.097357626885132234e-02
3.380899802667489129e-02
3.660967814961574307e-02
3.937028130630228218e-02
4.213744925273167630e-02
4.497703437955190980e-02
4.793221495027549794e-02
5.102857902392522044e-02
5.426832372697161511e-02
5.766159944127360881e-02
6.125495545317854312e-02
6.503208884574439297e-02
6.898561149039496299e-02
7.311293074015133564e-02
7.740912482446180021e-02
8.185316743300208309e-02
