3.921731279304285297e-06
2.759877592811918332e-05
8.232236182441228501e-05
1.864366345718947615e-04
3.367694597411297151e-04
5.238973264840259599e-04
6.077825487344340472e-04
1.290016249031053432e-04
-1.076800723271014414e-03
-2.574784294201996199e-03
-4.021123048635224899e-03
-5.284397808825606023e-03
-6.376050011980857572e-03
-7.429850562902704479e-03
-8.429488050489233192e-03
-9.316057865456020201e-03
-1.005245351192258878e-02
-1.063529081374838328e-02
-1.106995049484579136e-02
-1.136572339517375255e-02
-1.153375545159743623e-02
-1.158565390761772361e-02
-1.151211279842417369e-02
-1.132854764425975276e-02
-1.106022122049438866e-02
-1.071162923601761720e-02
-1.030150520403589655e-02
-9.890482176877692100e-03
-9.476230711581256141e-03
-9.033220719561833520e-03
-8.542489649289648421e-03
-7.986507352110120903e-03
-7.354091001443707233e-03
-6.783425814669131679e-03
-7.032259913706049963e-03
-8.910848367868892325e-03
-1.151705992794229902e-02
-1.426269072838646373e-02
-1.702692859076423287e-02
-1.965709896218595376e-02
-2.222830315398818812e-02
-2.483577906913714273e-02
-2.736089758021396923e-02
-2.964388161586938020e-02
-3.150976679054576235e-02
-3.288563646891553421e-02
-3.383644716289685439e-02
-3.460202179192207322e-02
-3.523228617719040279e-02
-3.566713007257913542e-02
-3.582703789038903242e-02
-3.569247150740677971e-02
-3.533820779976627746e-02
-3.513674439132669081e-02
-3.554993383787954930e-02
-3.611666897224008466e-02
-3.647680111009082154e-02
-3.651833434568644426e-02
-3.627671244727725952e-02
-3.577694092550377791e-02
-3.498440492735666041e-02
-3.390101085903372141e-02
-3.260573119324596675e-02
-3.132086253659840946e-02
-3.009311413980956390e-02
-2.875036907692687591e-02
-2.717176402170363644e-02
-2.531028878722150349e-02
-2.315493540275456383e-02
-2.072409239346596765e-02
-1.810139043711096740e-02
-1.540022544823222914e-02
-1.265590042628126841e-02
-9.824424757658859267e-03
-6.880447110456528945e-03
-3.855620731748021692e-03
-7.517404467337180339e-04
2.460696270833961224e-03
5.792333833694138234e-03
9.180761935793835607e-03
1.257682663060506918e-02
1.601121045803340776e-02
1.945535772751126255e-02
2.285592949551337738e-02
2.623217318375400259e-02
2.964456847985769486e-02
3.313460255475137589e-02
3.676032370929836063e-02
4.052931456884799333e-02
4.440204698830753360e-02
4.839245768031636558e-02
5.250997180785171858e-02
5.674540210327851109e-02
6.105492345019363637e-02
6.541061775053946814e-02
6.981531955898918895e-02
7.425618415553622564e-02
7.873424794906364044e-02
8.329430138335984501e-02
8.795896721734598744e-02
9.269246037079553746e-02
9.748106820947692597e-02
1.022935143728790353e-01
1.071101190380210760e-01
1.119302725576024060e-01
1.167490708569389191e-01
1.216170970304206872e-01
1.265981391336814810e-01
1.317410385321263477e-01
1.370708814820705834e-01
1.425549313143709418e-01
1.481089875513567911e-01
1.536294455897359024e-01
1.589673152526503153e-01
1.637124117425728387e-01
1.676479603774470306e-01
1.711858203479698359e-01
1.747131744656979235e-01
1.783788531574489467e-01
1.820742125289495639e-01
1.857600555008273036e-01
1.896722361938251722e-01
1.939792327342102218e-01
1.987059726864180698e-01
2.037613396636748508e-01
2.089955713784569513e-01
2.142416958613803102e-01
2.196907988001542689e-01
2.255079476208885492e-01
2.317142035185316418e-01
2.383122838838422908e-01
2.453136616302025730e-01
2.525431862267728533e-01
2.593824505444265460e-01
2.656278706050851923e-01
2.718201840590603879e-01
2.782769765437504428e-01
2.850299545315825855e-01
2.921292871915618927e-01
2.996333475420657200e-01
3.075634209103965122e-01
3.157541907875688891e-01
3.234927399716864826e-01
3.301549015336504023e-01
3.365322238780684150e-01
3.431893103457372973e-01
3.502697368924869714e-01
3.577868948620273049e-01
3.657803630432880371e-01
3.742527050466061267e-01
3.831347544091758817e-01
3.923041297344025402e-01
4.017111785166224691e-01
4.113231638418495817e-01
4.210925750948330548e-01
4.309956287954977983e-01
4.409994242567245037e-01
4.510875593287272389e-01
4.612660239421275121e-01
4.715589619157638523e-01
4.819799827274790505e-01
4.925598706761661894e-01
5.033118307697062033e-01
5.142610460026582064e-01
5.254398778864759478e-01
5.368402912761188750e-01
5.484403541999181009e-01
5.602354028060371194e-01
5.722279990376866188e-01
5.844122232367835457e-01
