-1.335213012959960780e-06
-7.203443425927970980e-06
-5.326032644323841616e-06
2.688378378708772609e-05
8.642118225438601283e-05
1.618347898561461418e-04
1.165856845319832578e-04
-5.047590690796209534e-04
-1.862346064780405833e-03
-3.518288141026673470e-03
-5.128313435777823344e-03
-6.562222951778209565e-03
-7.831648353489734093e-03
-9.069694927969548098e-03
-1.025832818374600511e-02
-1.133965012202218375e-02
-1.228006139799193812e-02
-1.307642243147066896e-02
-1.373736272426399375e-02
-1.427489623727495535e-02
-1.469913225639176910e-02
-1.502216725286203806e-02
-1.523254503295299114e-02
-1.534519157302254022e-02
-1.538892675055770001e-02
-1.536874916097459923e-02
-1.530080276665814372e-02
-1.524591978563928293e-02
-1.520163268400541098e-02
-1.514263638188590930e-02
-1.505237202630947332e-02
-1.491483735429818304e-02
-1.471851783998155694e-02
-1.460039678734002637e-02
-1.531377613679649544e-02
-1.766099864145874790e-02
-2.073281041450404649e-02
-2.393919620051996808e-02
-2.716338474266058456e-02
-3.025923080730309397e-02
-3.330253774584356757e-02
-3.639115776129624863e-02
-3.940489664132929698e-02
-4.218312957997059215e-02
-4.455387733807598949e-02
-4.645094659973152823e-02
-4.794191284498355854e-02
-4.926727000933714407e-02
-5.048010679503495829e-02
-5.152375743499752747e-02
-5.232531451590687749e-02
-5.286750558224059815e-02
-5.322456310668996493e-02
-5.376770436777875140e-02
-5.495746572732785468e-02
-5.633292891711298711e-02
-5.753761638809291867e-02
-5.846496322966618364e-02
-5.915865543485900047e-02
-5.963872057142272781e-02
-5.987023150922369391e-02
-5.985811295051167435e-02
-5.967597185133150656e-02
-5.954357767110560890e-02
-5.950618082524015973e-02
-5.937942328485285720e-02
-5.903615461699682904e-02
-5.843704271159885777e-02
-5.757687496311310327e-02
-5.646819872394683026e-02
-5.517799032921238273e-02
-5.382012627708181174e-02
-5.241172777175064079e-02
-5.091051399754772250e-02
-4.930599586768313891e-02
-4.762804417661046369e-02
-4.587785462366420625e-02
-4.403072431497503242e-02
-4.208349461375361644e-02
-4.010177551216312364e-02
-3.814028698530931571e-02
-3.615599330613291501e-02
-3.415135772721887564e-02
-3.216668380085190015e-02
-3.019052161547169932e-02
-2.818019922957209697e-02
-2.610725085531249295e-02
-2.392672001527133482e-02
-2.163445578451958159e-02
-1.925850024353061712e-02
-1.679388955518440127e-02
-1.424253410066533485e-02
-1.161699516324845617e-02
-8.962059693952646733e-03
-6.300723967916468590e-03
-3.616247968683024370e-03
-8.950416091252186464e-04
1.869603564308582998e-03
4.706722288024865232e-03
7.630937702113260723e-03
1.061408770826181847e-02
1.363242334322620035e-02
1.665294103583338930e-02
1.965165169969438491e-02
2.262402861070056045e-02
2.556205389882828388e-02
2.850339881286657190e-02
3.149643497672148518e-02
3.458422533676557692e-02
3.780007998534277297e-02
4.111030852254509566e-02
4.442337296970143984e-02
4.763247791325823238e-02
5.059127703200277243e-02
5.288447858287242259e-02
5.430487168668307607e-02
5.526813861576090198e-02
5.616170639886235161e-02
5.713189108097041502e-02
5.806768072899270994e-02
5.892725088171894832e-02
5.993617776880641457e-02
6.126206443376713134e-02
6.291999253969612904e-02
6.482311913991102570e-02
6.683772341985140530e-02
6.881044564681780551e-02
7.092473671731623630e-02
7.334740833243609537e-02
7.610318711360820887e-02
7.919616780969267189e-02
8.264708939928805398e-02
8.629500698761841115e-02
8.952748080736001868e-02
9.216729728380392006e-02
9.475791639325147064e-02
9.761413059918944146e-02
1.007650120825366591e-01
1.042502497446206738e-01
1.081281574963805087e-01
1.124237386675217693e-01
1.169623312492287237e-01
1.210209123959882227e-01
1.240226852495383281e-01
1.267684835277149147e-01
1.298112621327232041e-01
1.333121499302127866e-01
1.372835960463329452e-01
1.417239045390924490e-01
1.466459956141612786e-01
1.520261845560412772e-01
1.577565303102773653e-01
1.637765380118042513e-01
1.700221443580350600e-01
1.764265962245645247e-01
1.829607424792172310e-01
1.895800201226747195e-01
1.962609108965610027e-01
2.030257052094946724e-01
2.099203590451086121e-01
2.169794799743199332e-01
2.242372649662669748e-01
2.317041115294598275e-01
2.394007543444918729e-01
2.473749963990370115e-01
2.556231277360469512e-01
2.641348446690952034e-01
2.728831515789885698e-01
2.818489459456161028e-01
2.910234021242829039e-01
3.004104328348154440e-01
3.100214955351337509e-01
3.198668250342429631e-01
3.299539373276342280e-01
3.402800819756101047e-01
3.508327731858661425e-01
3.615916607573493868e-01
3.725355828776153455e-01
3.836470844057376928e-01
3.949163987782846053e-01
4.063343405237582195e-01
4.178964127390952243e-01
4.296045728051817170e-01
4.414680033276353055e-01
4.535054976168186314e-01
4.657380522152950175e-01
4.781718184149028050e-01
4.908095896006987036e-01
5.036416451264122962e-01
5.166601167056171784e-01
5.298492879134593103e-01
5.431937843362474316e-01
5.566836013588096765e-01
5.703174773799775110e-01
5.840999693222767020e-01
5.980421498286339066e-01
6.121630698889128919e-01
6.264765787036623568e-01
6.409915197887514626e-01
6.557017920533231292e-01
6.705869786320535209e-01
6.856226009861022819e-01
7.007913063246025143e-01
7.160799456711164357e-01
7.314804841732974738e-01
7.469945002319837712e-01
7.626321847153544331e-01
7.784029399132577076e-01
7.943045656768416007e-01
8.103334467913687611e-01
8.264831430102945742e-01
8.427371310753469791e-01
8.590792396680136944e-01
8.754977567198065636e-01
8.919871694541827711e-01
9.085457290902205774e-01
9.251778997906752178e-01
9.418973430653898582e-01
9.587152230994258062e-01
9.756334556602422881e-01
9.926425003978329720e-01
1.009726670456128073e+00
1.026869706727194131e+00
1.044061788614966124e+00
1.061295794942554771e+00
1.078564526306872384e+00
1.095863832722115072e+00
1.113191435398413809e+00
1.130551037955921601e+00
1.147951585950577336e+00
1.165401477089886617e+00
1.182903895078620593e+00
1.200454987970206888e+00
1.218046994929614657e+00
1.235667501175258254e+00
1.253305474575023615e+00
1.270946292591280447e+00
1.288580676149194471e+00
1.306206120400616788e+00
1.323823911244062845e+00
1.341442594793050391e+00
1.359074164394400430e+00
1.376725757537538009e+00
1.394400432727826322e+00
1.412083730899355238e+00
1.429754551807872032e+00
1.447394863901072082e+00
1.464989557155263356e+00
1.482530830127748445e+00
1.500015084898209894e+00
1.517447309730667770e+00
