1.518212692005807270e-06
1.135309725158719465e-05
3.994989172580300723e-05
1.048316692215485110e-04
1.999092305341006659e-04
3.131757598295703657e-04
3.101375381236535361e-04
-2.328170024881605739e-04
-1.415981852761163083e-03
-2.771214472343442280e-03
-3.972142799405433029e-03
-4.923635245638588454e-03
-5.670710492016985994e-03
-6.364374920715526289e-03
-6.994772248032734771e-03
-7.514172514308272571e-03
-7.900136144429008994e-03
-8.161389979290171320e-03
-8.313808193521376663e-03
-8.374085045925972956e-03
-8.356727025501149361e-03
-8.275285244623634129e-03
-8.120874199113758615e-03
-7.909759203103661207e-03
-7.667215720287529936e-03
-7.395149667368617133e-03
-7.108327035391007187e-03
-6.860952320090537432e-03
-6.642310229494096697e-03
-6.422390683531953304e-03
-6.181854697139342429e-03
-5.904342241170470670e-03
-5.580381223234233759e-03
-5.345491534714148785e-03
-5.911883180317652892e-03
-7.961697560501889911e-03
-1.050005945734005207e-02
-1.295548560463433141e-02
-1.525087502730960651e-02
-1.728162189354623401e-02
-1.916316017154656715e-02
-2.101185167716464880e-02
-2.272543252562135921e-02
-2.417201634150112355e-02
-2.521675207050019102e-02
-2.583241010775501681e-02
-2.611907086310777046e-02
-2.632664877011630516e-02
-2.649844201436130087e-02
-2.657146050297230083e-02
-2.647290129590267396e-02
-2.619198199791712353e-02
-2.580720197593810994e-02
-2.567306714624784103e-02
-2.618913584542306369e-02
-2.684692828193320502e-02
-2.729852415294500845e-02
-2.746360363199371393e-02
-2.740635213232494108e-02
-2.716497388822436063e-02
-2.671789500416965613e-02
-2.608065272388554456e-02
-2.533611044815444954e-02
-2.469464797946642476e-02
-2.417870209553258862e-02
-2.360043897806672966e-02
-2.284439753229784362e-02
-2.188097529357050167e-02
-2.071485261025749619e-02
-1.937175059773978483e-02
-1.793124138981500026e-02
-1.649951424012653309e-02
-1.509050014120152938e-02
-1.365214856455081345e-02
-1.216251050410329868e-02
-1.064885880027658695e-02
-9.107880760571826495e-03
-7.510000844343679358e-03
-5.848377084494817482e-03
-4.184297151956352899e-03
-2.560747974394158612e-03
-9.344789157659401640e-04
6.814507868227869403e-04
2.246546818608934851e-03
3.783878614121298153e-03
5.347683763755102342e-03
6.970684432515714644e-03
8.698444322327908776e-03
1.052855644543342940e-02
1.242209582302386539e-02
1.438675824092723078e-02
1.642405187705222799e-02
1.852130804274696937e-02
2.063555964994409631e-02
2.274594743717020875e-02
2.486590020987320890e-02
2.699726089320715616e-02
2.914606276630527654e-02
3.134983046095702469e-02
3.362412263026436088e-02
3.593485148596378687e-02
3.826515013360737294e-02
4.058630942093043731e-02
4.288222596600483466e-02
4.515578105513243928e-02
4.740536773001109011e-02
4.967767333905818289e-02
5.202563832148111855e-02
5.448739936637890524e-02
5.708154174626392519e-02
5.976703909873266191e-02
6.245642824276419203e-02
6.505454862594987897e-02
6.743212998376768574e-02
6.921911749140820247e-02
7.027190256056090045e-02
7.104585987368254585e-02
7.191698937826776494e-02
7.299802657427340025e-02
7.415158276804334481e-02
7.532596101698237068e-02
7.673294878702864585e-02
7.850357375623320810e-02
8.062058342894334872e-02
8.296935873117568250e-02
8.539870410017172397e-02
8.775805805505475232e-02
9.024175967593552061e-02
9.300037955231943432e-02
9.603629930823026628e-02
9.933670075447613435e-02
1.029033459275320167e-01
1.065612459134949869e-01
1.097309456198784783e-01
1.122954656701007914e-01
1.148330406619547384e-01
1.176408024235617994e-01
1.207204153022982118e-01
1.240925164742227166e-01
1.277903983594557424e-01
1.318131699925754463e-01
1.359774905091929997e-01
1.395983508217747415e-01
1.421743770467689405e-01
1.445677815710521563e-01
1.473123917911313141e-01
1.505087858765403741e-01
1.541241741957497802e-01
1.581426212840782719e-01
1.625406117364697756e-01
1.672471176328838849e-01
1.721375880984599427e-01
1.771593075217306190e-01
1.822706404969570426e-01
1.874255863810977418e-01
1.926099344147030323e-01
1.977978299587501432e-01
2.029826712087995644e-01
2.081879664919616679e-01
2.134538852608746928e-01
2.188050230596398638e-01
2.242713738940542434e-01
2.298620535836447820e-01
2.355960467872352526e-01
2.415064598335330825e-01
2.475795245653505117e-01
2.537960700324651264e-01
2.601518836585820504e-01
2.666471721269146333e-01
2.732714964194402629e-01
