7.810733324222314186e-04
2.778707086519597962e-03
7.823795097517551034e-03
1.365129954958838043e-02
1.793267858839733137e-02
1.752690590802849849e-02
-3.876936058156368881e-02
-1.570168840706126501e-01
-2.264999141292306506e-01
-2.118530210329330199e-01
-1.671621385570324636e-01
-1.215677066776634230e-01
-1.017167990468878652e-01
-9.693378571743146987e-02
-8.287085312601649711e-02
-6.263421284043836634e-02
-4.219087695171182262e-02
-2.476444089193036505e-02
-1.043633527168024398e-02
1.403563585896921290e-03
1.028661518023307048e-02
1.966045307870376707e-02
2.932496287026845061e-02
3.430030523717247926e-02
3.724884211454166510e-02
4.096696455458787023e-02
3.689388874790888728e-02
2.858555840566309736e-02
2.621093165368957104e-02
2.832731380069855240e-02
3.329254971700795762e-02
4.080426868695352649e-02
4.786328676894502365e-02
-1.198147347102598848e-02
-2.457850351641584496e-01
-4.254604507281041226e-01
-4.203251622328685322e-01
-3.847732571225823683e-01
-3.385563206624695454e-01
-2.945876507926647458e-01
-2.840415429666494629e-01
-2.739163937128872850e-01
-2.406143379790023351e-01
-1.838577667967567775e-01
-1.136198382159464837e-01
-4.939280898090678273e-02
-2.398599658043993124e-02
-2.741727283647356350e-02
-2.269105433820101797e-02
-2.864889316205161685e-03
2.499037093819757999e-02
5.003616573705380044e-02
4.292502135545672032e-02
-5.750973482035142553e-02
-1.366980794922580122e-01
-1.155022500496850624e-01
-6.463747645152756460e-02
-1.944023979638063310e-02
1.133482827099734427e-02
4.199818149122366839e-02
7.394785329076844493e-02
9.981903654739207599e-02
9.537948193313139367e-02
6.477739270055665743e-02
5.715258232119501541e-02
8.118142384404525291e-02
1.150600159391851895e-01
1.489772820388552133e-01
1.800568148913924416e-01
2.022501024119716662e-01
2.054568483936282108e-01
1.974632820704347591e-01
1.965193204375757785e-01
2.047128172117297362e-01
2.108911516195991487e-01
2.137889039721894147e-01
2.208454370849425030e-01
2.330008137966838866e-01
2.396780222634132262e-01
2.337352869410783685e-01
2.306381057835107662e-01
2.329251077557283334e-01
2.276076475487566475e-01
2.202399374752006533e-01
2.221005370656656541e-01
2.309881484664978446e-01
2.466764744558616884e-01
2.669983449629329542e-01
2.806624590122885343e-01
2.913072553464732817e-01
3.039130017228434122e-01
3.158932550173915166e-01
3.224285652216758447e-01
3.222476592919586436e-01
3.228928561377049644e-01
3.258158010217650502e-01
3.283664986182529000e-01
3.353042157183330763e-01
3.486939118977717689e-01
3.588112656133257139e-01
3.639933971553777625e-01
3.657435189232209338e-01
3.629339658449027839e-01
3.602533838888110074e-01
3.570827867900839281e-01
3.578430370110568526e-01
3.686293807889708951e-01
3.868513695438426381e-01
4.102528520699334491e-01
4.315181497760438578e-01
4.404163096518369236e-01
4.320633564831850570e-01
4.116522215109403859e-01
3.460659441345705911e-01
2.194892995983596384e-01
1.335353310058316201e-01
1.365103619214306785e-01
1.802984111239279430e-01
2.127935025381203493e-01
2.159223438393044481e-01
2.375004740442757944e-01
2.950019980419241183e-01
3.589375492389170752e-01
4.069261903727758312e-01
4.320290219606364168e-01
4.220965323836221583e-01
4.194264125063431603e-01
4.580750729814171418e-01
5.063306662270907754e-01
5.495382850672665409e-01
5.926909056291207456e-01
6.321778140225317033e-01
5.944722528550999696e-01
4.751285417072806938e-01
4.208469787600307987e-01
4.617102383204627070e-01
5.154576014414528062e-01
5.643225783731845580e-01
6.180010510885158848e-01
6.742579449963481686e-01
7.232107607151531115e-01
6.963982536026148695e-01
5.245630459263058709e-01
4.097076775129960269e-01
4.542107199678685481e-01
5.380720001132985875e-01
6.167307193968840640e-01
6.867196383935414428e-01
7.525999122031069577e-01
8.103037710096107071e-01
8.476112592692512937e-01
8.690761689972218429e-01
8.855184405712629436e-01
8.942717844716691067e-01
8.994508449045053311e-01
9.024966025255541924e-01
9.027119197350191859e-01
9.052757881688325847e-01
9.149383396962802451e-01
9.301848082808237272e-01
9.502407644699611966e-01
9.734574536600298922e-01
9.976656763897414626e-01
1.027638644235137511e+00
1.059099783755601987e+00
1.086004526322516206e+00
1.110844838866724249e+00
1.136025457458865295e+00
1.160210871746668815e+00
1.183062421565714395e+00
