-4.123046865811002939e-06
-2.500758793531781442e-05
-4.877381015824076854e-05
-5.160882531457821915e-05
-3.827080008130175228e-05
-2.204967057312749780e-05
-1.335947084615353496e-04
-7.965670247713691789e-04
-2.115014835755477975e-03
-3.621980821764654926e-03
-4.988696797942399584e-03
-6.117074370458895453e-03
-7.048332905856706521e-03
-7.930901817820650360e-03
-8.752630731263434313e-03
-9.466025454596566427e-03
-1.005099047918473973e-02
-1.051496795078368275e-02
-1.087614140895468845e-02
-1.115300029932578957e-02
-1.135804989494260120e-02
-1.150491361946387459e-02
-1.158202829229175272e-02
-1.160506022842012347e-02
-1.160328744852734233e-02
-1.157917191255974573e-02
-1.154483524638177244e-02
-1.155554526086351175e-02
-1.160145375436721395e-02
-1.165332677437570796e-02
-1.169445357054518450e-02
-1.170970021605900746e-02
-1.168862439693093939e-02
-1.176549463685814395e-02
-1.265341410044459186e-02
-1.504261206477033527e-02
-1.794280497026934026e-02
-2.077903351247608124e-02
-2.347385361487310668e-02
-2.592409280899144255e-02
-2.824069173220451756e-02
-3.054028178565688922e-02
-3.271664589883502977e-02
-3.463352477110730882e-02
-3.615451853364931578e-02
-3.725403206149813240e-02
-3.803008621187239230e-02
-3.873164578641700301e-02
-3.940603588002791757e-02
-3.999386054666240892e-02
-4.042794599645622988e-02
-4.069759495438989017e-02
-4.087904406632861948e-02
-4.132686302328670430e-02
-4.244663051101455614e-02
-4.373563174207196341e-02
-4.484775181258647547e-02
-4.570379659355659763e-02
-4.637228828093518246e-02
-4.688268795525576960e-02
-4.721082958786272654e-02
-4.737335168989055545e-02
-4.744604375704014609e-02
-4.763813634018625176e-02
-4.797375519901339591e-02
-4.825367377242582162e-02
-4.835608281113988605e-02
-4.825922252107740090e-02
-4.797264341259203924e-02
-4.751444845332548211e-02
-4.694685968859558384e-02
-4.637943544777864413e-02
-4.581004137801136800e-02
-4.519247628728959715e-02
-4.452265433335593492e-02
-4.382645729792807726e-02
-4.310088108276930591e-02
-4.232194076742081673e-02
-4.149030202140893686e-02
-4.067005818890714886e-02
-3.991012922829600962e-02
-3.915368730510696005e-02
-3.838690832767414907e-02
-3.764002564245917670e-02
-3.690222132632557661e-02
-3.613978110759177853e-02
-3.533290014094867676e-02
-3.444748205674944691e-02
-3.348602419649844564e-02
-3.247277464278359310e-02
-3.140877497132773394e-02
-3.030273190372004613e-02
-2.916856575355239456e-02
-2.804854230512357841e-02
-2.695737453172466352e-02
-2.586666723227652037e-02
-2.474778061293882170e-02
-2.359210348495230022e-02
-2.238139693568758776e-02
-2.110857188562481612e-02
-1.979936955567274809e-02
-1.848204009869243783e-02
-1.718700961614632108e-02
-1.593514872361244047e-02
-1.472752958001224965e-02
-1.356867582734303315e-02
-1.242470479171932894e-02
-1.125631906615035503e-02
-1.002732650379515970e-02
-8.706366691941176336e-03
-7.333148494670173149e-03
-6.001688552825997468e-03
-4.810137500686844335e-03
-3.885890827373343799e-03
-3.608845117623547902e-03
-4.120048882808553976e-03
-4.965152970589380155e-03
-5.766291667949435124e-03
-6.408830659935981638e-03
-7.028968725369443352e-03
-7.679626329264197665e-03
-8.156992696613969696e-03
-8.325088596784335077e-03
-8.205885663648593981e-03
-7.904741883265890834e-03
-7.554281878386678861e-03
-7.293293679979796600e-03
-6.938379746339738002e-03
-6.335873083496493252e-03
-5.477807576820896938e-03
-4.374520746824872575e-03
-3.013634057393930164e-03
-1.556139134088907298e-03
-5.824724096457715170e-04
-1.940324891800417040e-04
1.813809309176430762e-04
8.372856631873361061e-04
1.773914503998660647e-03
3.002391979977406603e-03
4.558807919874710048e-03
6.448762885224824243e-03
8.479945250089954839e-03
9.953022282792061207e-03
1.040452040037383001e-02
1.069435751289488784e-02
1.134471907290625359e-02
1.248008809813739434e-02
1.406940885866012590e-02
1.605593757511162428e-02
1.843340850288727531e-02
2.118173815016640218e-02
2.418825979019127020e-02
2.738347189216431068e-02
3.068782991664285517e-02
3.403556906255243708e-02
3.740854671648734947e-02
4.076983242759168319e-02
4.410788698661444185e-02
4.746544191405663304e-02
5.090802931408969917e-02
5.448112429674819429e-02
5.821368086882518916e-02
6.211118829962297000e-02
6.618649003674884068e-02
7.048980124061776653e-02
7.500852373434691023e-02
7.973743400395096048e-02
8.467553853051083823e-02
8.981908218997330939e-02
9.514736639217336034e-02
