-3.909403081946243223e-06
-2.266245479287187450e-05
-4.116804796535775601e-05
-3.842777402215518398e-05
-2.254327613956236864e-05
-7.322281070005347652e-06
-1.149088411793610753e-04
-7.164361079850024329e-04
-1.832371700205075301e-03
-2.976958924020103522e-03
-3.879961486212397514e-03
-4.512011530283702165e-03
-4.962162136322311942e-03
-5.392190079645547800e-03
-5.786614747610924377e-03
-6.103124701805151889e-03
-6.330336238624659738e-03
-6.482028851769541973e-03
-6.578171878870772878e-03
-6.635350663289699136e-03
-6.662471310827912559e-03
-6.668563753414106024e-03
-6.639084739364298042e-03
-6.587902102800367692e-03
-6.538892346052240824e-03
-6.488408631218510816e-03
-6.444297018171032260e-03
-6.452960851183383965e-03
-6.494604567831317732e-03
-6.537761350832486766e-03
-6.567909219533671870e-03
-6.573672662239160233e-03
-6.549233429250785748e-03
-6.625395684168494496e-03
-7.447138780071337234e-03
-9.528243675117981093e-03
-1.179462408255209198e-02
-1.376633179013286336e-02
-1.546672313529312559e-02
-1.687002427092621631e-02
-1.813829854935469776e-02
-1.939838395102455593e-02
-2.055071912178120519e-02
-2.148513855488491317e-02
-2.210412460169019697e-02
-2.242050679519969059e-02
-2.255137739242181472e-02
-2.272768990884385665e-02
-2.295941685408220759e-02
-2.316697398359066767e-02
-2.328111117219790194e-02
-2.329604158631926741e-02
-2.328664355748756576e-02
-2.357371129954602407e-02
-2.446974063338384561e-02
-2.542166001202040421e-02
-2.613149427176201731e-02
-2.658061442033030769e-02
-2.687497473853964550e-02
-2.705868032785717012e-02
-2.711787369607440712e-02
-2.707698081181462990e-02
-2.701010246050120425e-02
-2.710105600276689619e-02
-2.733575864128840946e-02
-2.750767752423255788e-02
-2.751852337028450404e-02
-2.737161816386332602e-02
-2.709275186882448283e-02
-2.670833440485546190e-02
-2.628007003183419413e-02
-2.590215681650256258e-02
-2.555324031702464055e-02
-2.518040431459380932e-02
-2.477958929044351416e-02
-2.437412804972354657e-02
-2.395715364198827343e-02
-2.350484637849459268e-02
-2.302042077178330717e-02
-2.256417006571907052e-02
-2.217196263064247566e-02
-2.177990706920948996e-02
-2.137686843673891959e-02
-2.099229153033595544e-02
-2.061278031008409450e-02
-2.020730632471510330e-02
-1.976197943843379518e-02
-1.925082247785107892e-02
-1.868451494372899355e-02
-1.808969604848206097e-02
-1.746690235964960813e-02
-1.682403780025856083e-02
-1.617277422874865977e-02
-1.554928021503445938e-02
-1.495914277779187597e-02
-1.436960109413707061e-02
-1.375433823034559813e-02
-1.310896688758439801e-02
-1.241989558002487906e-02
-1.168547863481736795e-02
-1.093327431054484829e-02
-1.018806829211425097e-02
-9.473436842084207929e-03
-8.801531717868009419e-03
-8.166319716653290539e-03
-7.567210306490853092e-03
-6.969225455540871417e-03
-6.338743742513297356e-03
-5.649061157949146310e-03
-4.880734053436325097e-03
-4.080768043479060872e-03
-3.336463746477303163e-03
-2.725547371120891869e-03
-2.346586808008022801e-03
-2.519393845097485027e-03
-3.297158308823300386e-03
-4.198477702591233394e-03
-4.902181583625406930e-03
-5.368262330283474562e-03
-5.776360492406085873e-03
-6.187959818639419962e-03
-6.419126972893506033e-03
-6.377590787000281605e-03
-6.121435241531174125e-03
-5.767516639488857143e-03
-5.437127263588951813e-03
-5.237446225622329615e-03
-4.968457311350872076e-03
-4.497728447760894650e-03
-3.842338205652735556e-03
-3.026776942982754501e-03
-2.048416077924803715e-03
-1.066819758593649586e-03
-5.976723346175121312e-04
-6.363105705243858297e-04
-5.892423133061069906e-04
-2.266441628664897924e-04
3.931598793084232417e-04
1.245205344792651991e-03
2.337571669928633494e-03
3.653809332512231341e-03
4.999096763613479488e-03
5.744971742613983953e-03
5.582840440472890305e-03
5.433092964258614405e-03
5.728940284996444920e-03
6.494126477563093476e-03
7.627986310797110932e-03
9.037326941910986747e-03
1.069736153400814745e-02
1.257662790291772144e-02
1.456649834343160844e-02
1.661555123109225221e-02
1.866693016948186082e-02
2.068186926831067779e-02
2.266586722774062770e-02
2.460125097619472387e-02
2.649354092299645996e-02
2.839377639806935430e-02
3.036353809759318248e-02
3.243676895090621959e-02
3.462923732305959318e-02
3.693529146445138911e-02
3.935984314230048242e-02
4.194226254625164213e-02
4.465966544638089869e-02
4.750257339533318218e-02
5.046743958160183896e-02
5.354913987286200744e-02
5.672818282064625434e-02
