-1.298729384956099476e-06
-6.783759789548961094e-06
-4.263143946734565458e-06
2.689490310473355089e-05
8.121826102306029709e-05
1.460543848294413791e-04
8.897271249672767486e-05
-5.128052858545499582e-04
-1.760066541089659858e-03
-3.184914047225555992e-03
-4.460755092531170501e-03
-5.492241466185254599e-03
-6.323480080688474378e-03
-7.104615264794136159e-03
-7.824752735067632553e-03
-8.436469924908854626e-03
-8.918709916058606066e-03
-9.279700278293749258e-03
-9.536510141955445441e-03
-9.706682008378023432e-03
-9.803619239649612183e-03
-9.840770482224345944e-03
-9.807785560345847267e-03
-9.720516806420578110e-03
-9.606065990274968366e-03
-9.466426413487419658e-03
-9.314881388321925512e-03
-9.205937204972976934e-03
-9.129068721665724306e-03
-9.054541473431392332e-03
-8.964304936055897052e-03
-8.842627101139853910e-03
-8.679591398695913479e-03
-8.610013824348153669e-03
-9.345434036704937386e-03
-1.156912978904097410e-02
-1.428706744246971590e-02
-1.692755837664380869e-02
-1.941520642147625403e-02
-2.164775480009989428e-02
-2.373962642226036188e-02
-2.580785888804787084e-02
-2.774861540939938323e-02
-2.942846957416014528e-02
-3.071260401183960320e-02
-3.157536170354442034e-02
-3.211618054817658857e-02
-3.258421006195102304e-02
-3.302406837569527714e-02
-3.337407030493083626e-02
-3.356400190810204104e-02
-3.358301166661355891e-02
-3.350826327848058228e-02
-3.369356935926944713e-02
-3.453979282343904583e-02
-3.554029561921935587e-02
-3.634865475662347328e-02
-3.688604232132430133e-02
-3.721944341713934873e-02
-3.738296569874523939e-02
-3.735392016315081110e-02
-3.714850473374453621e-02
-3.684597572821041861e-02
-3.665565321266472942e-02
-3.660008954404114084e-02
-3.648550309935261193e-02
-3.619353020735890936e-02
-3.569882776944369174e-02
-3.500872223079085077e-02
-3.414520221245855025e-02
-3.317908539614546071e-02
-3.221790542116118733e-02
-3.126713567363588464e-02
-3.027741686351147557e-02
-2.923561262136473854e-02
-2.816815124012320495e-02
-2.707171319780045729e-02
-2.591942849102753937e-02
-2.470816600909152283e-02
-2.350047831260334077e-02
-2.234203110511102236e-02
-2.118259264062763089e-02
-2.002176071774893623e-02
-1.889484907425116253e-02
-1.778484782407811771e-02
-1.664780340290235652e-02
-1.545753147457341360e-02
-1.417432012713607317e-02
-1.280073992712377727e-02
-1.136840137927673348e-02
-9.873945916919629057e-03
-8.320922152033772418e-03
-6.722540441112130269e-03
-5.121262951607519036e-03
-3.534666902974888114e-03
-1.941707613510102945e-03
-3.271320169396779026e-04
1.316344749076073630e-03
3.016551641453217060e-03
4.784746253799813942e-03
6.591004901200117269e-03
8.412849477412194868e-03
1.022085723667028913e-02
1.199672314431621603e-02
1.374151100684874345e-02
1.545227984790214712e-02
1.716936803116398541e-02
1.893883254880130221e-02
2.079770578314305007e-02
2.277078021278191450e-02
2.481757802525443382e-02
2.684748275724114022e-02
2.876420304533876954e-02
3.043992063763864900e-02
3.150068646779233261e-02
3.180565386327093708e-02
3.181017080694243521e-02
3.189021221640032933e-02
3.215807373752924136e-02
3.247599219624702771e-02
3.279124951634732055e-02
3.331109772976770245e-02
3.416814235348133305e-02
3.534201713103273662e-02
3.672242358916175120e-02
3.816757647144942284e-02
3.953332407890104011e-02
4.100887498557716920e-02
4.274610222175703744e-02
4.474985498676570250e-02
4.700840417135013910e-02
4.952875847301467516e-02
5.214306376293842415e-02
5.427256164314038511e-02
5.580997095928933588e-02
5.733107833731476005e-02
5.913032441705454167e-02
6.120772600717149653e-02
6.357853922639125632e-02
6.627696687418906107e-02
6.930499755746348522e-02
7.247479027537279128e-02
7.509540020705363084e-02
7.668707158975626714e-02
7.811207424095449603e-02
7.989713333453550559e-02
8.215311034683753233e-02
8.484681169551960833e-02
8.794116853633715536e-02
9.142091589666051510e-02
9.524036199575369732e-02
9.928124658306811123e-02
1.034834796770425364e-01
1.077886957897139786e-01
1.121411838668010807e-01
1.165248322659138552e-01
1.209085902428371218e-01
1.252831056061034232e-01
1.296817666792002277e-01
1.341556949907387608e-01
1.387397637480939638e-01
1.434651875081665029e-01
1.483379945828740554e-01
1.533745067446122545e-01
1.586155219479198075e-01
1.640497430041142624e-01
1.696619756541771495e-01
1.754232131168804998e-01
1.813151792301074816e-01
1.873310356227286533e-01
1.934765353855037451e-01
1.997638400442201534e-01
2.062027598239989379e-01
2.127996983240894036e-01
2.195508692233683057e-01
2.264437988321642281e-01
2.334598044180254961e-01
2.405810885338531824e-01
2.477947307193830440e-01
2.550958089572133436e-01
2.624798367916683639e-01
2.699467151713729751e-01
2.775019962268520102e-01
2.851572030151461878e-01
2.929316876418940896e-01
3.008449350682322332e-01
3.089007152948333168e-01
3.170996314613288014e-01
3.254306622650890990e-01
3.338858474130542153e-01
3.424505245230092254e-01
3.511117321166684624e-01
3.598626064291064464e-01
3.687049019553271245e-01
3.776453900425967847e-01
3.866962094904702330e-01
3.958758137659621479e-01
4.051960460494260508e-01
4.146631635052185350e-01
4.242689341086308130e-01
4.339926472410922664e-01
4.438118571160337700e-01
4.537128245348874822e-01
4.636866550272474852e-01
4.737296895259475726e-01
4.838472698088828183e-01
4.940519603501538626e-01
5.043540313210580495e-01
5.147516782381534872e-01
5.252419796768408311e-01
5.358194786845487112e-01
5.464695533981311915e-01
5.571791564321694201e-01
5.679403532459788018e-01
5.787513946192966996e-01
5.896138124495718946e-01
6.005345563867060532e-01
6.115283509979011489e-01
6.226059614816328303e-01
6.337683841601853274e-01
6.450057714364407779e-01
6.563034528262108314e-01
6.676475306929270381e-01
6.790312706001231380e-01
6.904507138436142277e-01
7.019018178749398817e-01
7.133834387048868519e-01
7.248959521498363756e-01
7.364450880233351926e-01
7.480407439493312882e-01
7.596912081609324963e-01
7.713990199120585034e-01
7.831598841765226027e-01
7.949662532504718770e-01
8.068068587925920632e-01
8.186726613614193626e-01
8.305517972714615560e-01
8.424383137031210556e-01
8.543328084517208820e-01
8.662390323078479337e-01
8.781669903581538206e-01
8.901287687839012364e-01
9.021306665567105920e-01
9.141745560636814760e-01
9.262455669044030726e-01
9.383240670177250831e-01
9.503950068293611775e-01
9.624471469043286431e-01
9.744767529429724240e-01
9.864839010406578623e-01
9.984763691602760449e-01
