-1.078158167589963849e-02
5.583417926707616268e-03
5.287442666641122002e-02
3.332753611482868611e-02
3.030892590245156532e-02
-3.638406675811338420e-02
-8.747866636291087294e-01
-1.194038910080081228e+00
-2.773349694489067874e-01
1.648955573839344935e-01
2.769947906383378178e-01
2.563863559773089662e-01
-7.491429454837922330e-02
1.057411231790353172e-02
9.059345218089484564e-02
1.323459249491272804e-01
1.233247769120236759e-01
1.082283154898602967e-01
8.854722891326707868e-02
8.415336317675405076e-02
5.517637378383986879e-02
1.004808399303943195e-01
7.851357439484905887e-02
3.027255317199654613e-02
4.142431514031880146e-02
4.889478234312909927e-02
-7.878629774411063935e-02
-4.052928384389593158e-02
8.087347373892963404e-03
2.995920432255278279e-02
5.462929420037725137e-02
7.890364624355011847e-02
5.996886592631766461e-02
-9.920061069569391377e-01
-2.930970072595601383e+00
-6.217137337461420277e-01
4.448732019353789785e-02
-4.610839301593174649e-02
2.585643516202097425e-01
1.552517945897081107e-02
-2.409171561958575458e-01
5.725733792643489251e-05
1.766091318134372645e-01
4.434186889968762535e-01
4.916987597971519408e-01
4.404970418514737585e-01
-5.488045624990153110e-02
-4.631471788388757255e-02
6.361851891401598680e-02
2.032491289476724139e-01
2.244837941504047030e-01
1.955477019225782542e-01
-2.651427422800879397e-01
-1.370550781115237315e+00
-1.728136670207413850e-01
2.544542984707171551e-01
3.754553062373801042e-01
2.339892530733010401e-01
1.897060763330895572e-01
2.754821503213959466e-01
2.519554191142031607e-01
2.171727744738084220e-01
-2.028962917002710697e-01
-2.600503243551272048e-01
1.253626368590682327e-01
2.921920873041098932e-01
3.268251591819597568e-01
3.258240440728734644e-01
3.215077767702970712e-01
2.437852774713445414e-01
3.840476656059069183e-02
5.367379367150861003e-02
1.548142571345350049e-01
1.828798748496226756e-01
1.228245882569508479e-01
1.352960693304277873e-01
1.884260844132087942e-01
2.186971081895703051e-01
1.107682190262970490e-01
2.193169303494795289e-03
1.369449795513243140e-01
1.291253310894505957e-01
4.544188823895892182e-02
7.754475720297630825e-02
1.600944453142500445e-01
1.770479302599409777e-01
2.647155073584308016e-01
2.658315749351001234e-01
1.973497273322372958e-01
2.304654399291219680e-01
2.226577922462985026e-01
2.242810462489055745e-01
1.453991616202701120e-01
1.155016405481782832e-01
1.625794900432881163e-01
1.871617000480823023e-01
1.853996805897214495e-01
2.413204149091942863e-01
2.753590300960397363e-01
2.137705577125874612e-01
1.969943328973881025e-01
1.482504005690737370e-01
1.152292375410130104e-01
1.317155571721379537e-01
9.901778925524673536e-02
1.731089605218494032e-01
2.428979609808586126e-01
2.946391998024676662e-01
3.604289904926652466e-01
3.032239831501974403e-01
1.697620653115335665e-01
7.239204155636960736e-03
-5.563973380335468510e-02
-7.688774199412513610e-01
-1.205046862747836345e+00
-3.227507879421364634e-01
1.994707385585111070e-01
3.925425303169949864e-01
9.323575553896858159e-02
-6.888159744718135025e-02
3.635073084780988673e-01
5.741577171265862534e-01
5.554785345920680850e-01
3.897854436067855199e-01
2.455404769601631787e-01
-1.386949239253047195e-01
2.998181965103581259e-01
5.496251245753245307e-01
5.322469300198162667e-01
5.260162909350362126e-01
5.860423196083833774e-01
5.435825782767209624e-01
-6.145654417223155308e-01
-9.275471585805257213e-01
2.530404770599667397e-01
6.368589325880172902e-01
5.518354857575631378e-01
6.087656010147227681e-01
6.884571555721814562e-01
7.338326282442324544e-01
6.449915588445302994e-01
-4.706994660806126940e-01
-1.817463030519314238e+00
1.248295437757844101e-01
7.639755409028353705e-01
8.936077186629850511e-01
8.372160555401448878e-01
8.069233747467158269e-01
8.260752747951601860e-01
8.221896952009780657e-01
6.161612649689520715e-01
5.851793460462516583e-01
5.158902167444877618e-01
4.272786405608213212e-01
4.419019874596623598e-01
3.853646209409953283e-01
3.692809306241601197e-01
4.254659004162840708e-01
5.174438130362393196e-01
5.636507154134668962e-01
6.319900167832414040e-01
6.395592504542799706e-01
6.616084379709068486e-01
7.733343821446666544e-01
7.446074545068074313e-01
7.526739180242583149e-01
7.133392980544286388e-01
7.033634666519700263e-01
7.041705658369634691e-01
7.261487745635444302e-01
7.591969279119108460e-01
7.854280382072295064e-01
8.115784690400404955e-01
8.191621757130951309e-01
8.151421495380782867e-01
7.985924043459460275e-01
7.840380802661213178e-01
7.733586152159697136e-01
7.792279074121928328e-01
7.790724055874596043e-01
7.869267453919542854e-01
8.028410121971387703e-01
8.264788461070828873e-01
8.640791296878308492e-01
9.104140406448826273e-01
9.193190296198447964e-01
9.394754941082076316e-01
9.268417783532945098e-01
9.334848091142491366e-01
9.187951381734734690e-01
9.096195859085155488e-01
9.071756653794962322e-01
9.195617843123513602e-01
9.376878711936478261e-01
9.618917308970679203e-01
1.004002090963209692e+00
1.029271439695605306e+00
1.054313220324169187e+00
1.053971355349065941e+00
1.033179458271477502e+00
1.007045520634399782e+00
9.981150396176503570e-01
9.926328961036630094e-01
9.927350856689666214e-01
1.007122065454367998e+00
1.034103274920553428e+00
1.061056035233591155e+00
1.061402877731325134e+00
1.065696864686397571e+00
1.069082651323666422e+00
1.050578819987671775e+00
1.037714386052884574e+00
1.030528615332343856e+00
1.033824900798804958e+00
1.039662846520793993e+00
1.051835494003867222e+00
1.082152653660475972e+00
1.104410223599333607e+00
1.113163763421890939e+00
1.103324960515213338e+00
1.087009254326047447e+00
1.068875933910130582e+00
1.064685264505569773e+00
1.063265057948623360e+00
1.058525359297940671e+00
1.060567467196976699e+00
1.061398194506679049e+00
1.071991755851779082e+00
1.090454647467800298e+00
1.106516990246457777e+00
1.114639442993177187e+00
1.110454252063811653e+00
1.104678811519718140e+00
1.087919884578609997e+00
1.080855233267149051e+00
1.061193834550471449e+00
1.053327610997824015e+00
1.055908436728417943e+00
1.059535726575442594e+00
1.075085361270005757e+00
1.096913793130082526e+00
1.104735774583974761e+00
1.116314215256378306e+00
1.092202028906394284e+00
1.062307005075217248e+00
1.041800455441265649e+00
1.021869014959831512e+00
1.016724101619321141e+00
1.011922794518592683e+00
1.021357487589253710e+00
1.039117496118348916e+00
