-1.224907711430722431e-06
-6.045018216032792612e-06
-2.607077337457952013e-06
2.623523837959927196e-05
7.148350435716095458e-05
1.200024768361771860e-04
4.880020894931343871e-05
-5.078955989544390670e-04
-1.561655007110302265e-03
-2.626907620831695021e-03
-3.442324419857001241e-03
-3.986580934351953431e-03
-4.353581367710753804e-03
-4.705456353641255390e-03
-5.025677047160784922e-03
-5.271131005595642953e-03
-5.429398044099239228e-03
-5.514925929537757045e-03
-5.546210290104465826e-03
-5.538626643907985578e-03
-5.501637519544843105e-03
-5.443700639806880320e-03
-5.351242309810208715e-03
-5.238066242489287754e-03
-5.125604534625059251e-03
-5.009721972290993343e-03
-4.899375301229488486e-03
-4.839702968394769302e-03
-4.809864116851751865e-03
-4.778262300170355720e-03
-4.729766671506211578e-03
-4.653206628421666276e-03
-4.543906824483442790e-03
-4.532801484506070178e-03
-5.257568854177142002e-03
-7.212525431766645886e-03
-9.318212972158051305e-03
-1.111074735081193053e-02
-1.262453972659979308e-02
-1.383948967575264997e-02
-1.492259663232310511e-02
-1.599895390489348632e-02
-1.696970419015466150e-02
-1.772771652364733136e-02
-1.817818582571891980e-02
-1.833498544478014136e-02
-1.831610176257486219e-02
-1.834939408781097875e-02
-1.843849917461774443e-02
-1.850071093146717083e-02
-1.846492819564100885e-02
-1.832681507181256261e-02
-1.816258651775373711e-02
-1.828973125036240446e-02
-1.900969774660480824e-02
-1.976457659104981224e-02
-2.026346432611957071e-02
-2.049419729090623185e-02
-2.056405808032492691e-02
-2.052195364234483607e-02
-2.035481726544767847e-02
-2.008617713103239347e-02
-1.979233112755323515e-02
-1.965404005948384256e-02
-1.965254933152160363e-02
-1.958656939026843721e-02
-1.936267626237294509e-02
-1.898199622054170047e-02
-1.846918337457340367e-02
-1.785467088635152993e-02
-1.720695628365981680e-02
-1.661537662836366086e-02
-1.606349185325966350e-02
-1.549371535637093962e-02
-1.489379381789367011e-02
-1.428868123764912360e-02
-1.367155354131180736e-02
-1.301653882363158418e-02
-1.232440435120522003e-02
-1.165468789311903917e-02
-1.104014080154462271e-02
-1.042368426654184839e-02
-9.806541939559624763e-03
-9.220588488191839432e-03
-8.644607235875893803e-03
-8.038284826194834476e-03
-7.383706154704595785e-03
-6.652004202909744118e-03
-5.856329276249140278e-03
-5.031001137843115617e-03
-4.171814298552928291e-03
-3.282331211748020471e-03
-2.374356139629124011e-03
-1.484450503926732379e-03
-6.206159139171981386e-04
2.434067362509823203e-04
1.122501539276342473e-03
2.022190302533261128e-03
2.966184202991511368e-03
3.959125870748696208e-03
4.968980897020807905e-03
5.976864135740093779e-03
6.959874317398011961e-03
7.908262575298932728e-03
8.829609725985532523e-03
9.725378922703725726e-03
1.063561449750008089e-02
1.159803760003840813e-02
1.263742162075554877e-02
1.376520182889839211e-02
1.493366865957177630e-02
1.605969895068813311e-02
1.706861576161643537e-02
1.786318399125640805e-02
1.813311211001748108e-02
1.783012910469514156e-02
1.743572461901239656e-02
1.726205435032681160e-02
1.734062414625644685e-02
1.748832865039105441e-02
1.764515146941080317e-02
1.799778426316693200e-02
1.863245480170090673e-02
1.949129183016998917e-02
2.045334473661023986e-02
2.139177130431416801e-02
2.219943777812620131e-02
2.308457529893522681e-02
2.417587960543477257e-02
2.545194377655865883e-02
2.688703363034393792e-02
2.847918012345074940e-02
3.006451568960933143e-02
3.113621483072421744e-02
3.170213540683688297e-02
3.235972015355389336e-02
3.333258491404603174e-02
3.455745118865929250e-02
3.601121681101655120e-02
3.769852504848690555e-02
3.959905698691546655e-02
4.152370787316284756e-02
4.285778960474183330e-02
4.328836534644886491e-02
4.374155586290549846e-02
4.464440172348230207e-02
4.599921426237732480e-02
4.770138081143142361e-02
4.967608164240408519e-02
5.188835035743558782e-02
5.428429800265634902e-02
5.675564276387542323e-02
5.926476591396506038e-02
6.177648274150404628e-02
6.426014021625416073e-02
6.672130749967217223e-02
6.914625087351020105e-02
7.154066653582291657e-02
7.394512277997652983e-02
7.640735280452402856e-02
7.895266024438941932e-02
8.160062236621483389e-02
8.434674718188248099e-02
8.719949277048549829e-02
9.018907381815220725e-02
9.329477690593271366e-02
9.649843854235398699e-02
9.977290659714059540e-02
1.031054293983597325e-01
1.064946748784256075e-01
1.099499065288404437e-01
1.134837978971472844e-01
1.171045520695924574e-01
1.208161618251227531e-01
1.246130967884465091e-01
1.284832813580964461e-01
1.324110628443786741e-01
1.363837780157631796e-01
1.403944206123436678e-01
1.444432613191283243e-01
1.485298333074237254e-01
1.526570281933676554e-01
1.568317855669703609e-01
1.610650312949695184e-01
1.653730601125533439e-01
1.697698739928527323e-01
1.742538451629181973e-01
1.788219154483736140e-01
1.834616987493991880e-01
1.881661129484893114e-01
1.929229210858229571e-01
1.977232179836808934e-01
2.025644065926908433e-01
2.074513287675521789e-01
2.123918957515934791e-01
2.173973686293713681e-01
2.224829068251093223e-01
2.276555993235302444e-01
2.329171842153336669e-01
2.382567269092175921e-01
2.436544777434470899e-01
2.490924991544763989e-01
2.545630168071724153e-01
2.600627444580016490e-01
2.655926611115790870e-01
2.711608804582812948e-01
2.767800743809833985e-01
2.824584578613656971e-01
2.881922699190948567e-01
2.939779279993747774e-01
2.998101780092375934e-01
3.056763116506051037e-01
3.115670148061078781e-01
3.174784972956673501e-01
3.234124115953986300e-01
3.293724077875418432e-01
3.353660856367183252e-01
3.414066279266494974e-01
3.475014969102290241e-01
3.536486134297348594e-01
3.598370473050568896e-01
3.660536720502859387e-01
3.722881050194489783e-01
3.785375957110111433e-01
3.848015098157155367e-01
3.910786018214136295e-01
3.973699453188070385e-01
4.036773745326563967e-01
4.100070373153115733e-01
4.163676731799204056e-01
4.227652098278157911e-01
4.291997586473753068e-01
4.356657116066587898e-01
4.421557522168830801e-01
4.486604318724484175e-01
4.551736104267729011e-01
4.616870424890306968e-01
4.681986833758817190e-01
4.747119642794426220e-01
4.812320238508904779e-01
4.877685610361120472e-01
4.943314410425443395e-01
5.009239841764552281e-01
5.075454459155303022e-01
5.141804327364601912e-01
5.208122114708463313e-01
5.274305520847430984e-01
5.340294942014210955e-01
5.406098884241076208e-01
5.471749685137010655e-01
5.537338346760320995e-01
