-4.017985030399688185e-06
-2.381042958566625492e-05
-4.481071703045058467e-05
-4.456424560159115010e-05
-2.957973347822211787e-05
-1.356163777501253801e-05
-1.230220266094028344e-04
-7.545789473791564587e-04
-1.967530957957298442e-03
-3.281156102546029310e-03
-4.393235473374587467e-03
-5.240615192650401391e-03
-5.891214324685934908e-03
-6.503396997583516491e-03
-7.065910912167783914e-03
-7.535592177929768820e-03
-7.898171192068101712e-03
-8.165578319832169155e-03
-8.357974327070737466e-03
-8.493646219934928437e-03
-8.583706108434082868e-03
-8.639580242443090780e-03
-8.648112693150288369e-03
-8.623875322338249438e-03
-8.593171109555606049e-03
-8.554977739709545420e-03
-8.518763497323663531e-03
-8.534758756748297634e-03
-8.587362984719961248e-03
-8.645385643684095830e-03
-8.692594279081238690e-03
-8.715401391392686714e-03
-8.705591459406362281e-03
-8.795840031243385565e-03
-9.664548244462670828e-03
-1.190906970189357754e-02
-1.448870100921348381e-02
-1.686914774731677197e-02
-1.902257601499662137e-02
-2.088757291870433144e-02
-2.260534919635174417e-02
-2.430234448717785364e-02
-2.587929180954334427e-02
-2.721597425545402640e-02
-2.819870043479658084e-02
-2.882479989504615689e-02
-2.920563569887336258e-02
-2.958397069731900225e-02
-2.998942643173530334e-02
-3.035190128704013182e-02
-3.060219798314223194e-02
-3.073135705553470959e-02
-3.081454678327636212e-02
-3.118878035024966536e-02
-3.221039519012194180e-02
-3.334669870445550882e-02
-3.427156284851039236e-02
-3.493536271200989307e-02
-3.542680181263483524e-02
-3.578475202769507146e-02
-3.599210734646867554e-02
-3.607105040209731411e-02
-3.609787948592495244e-02
-3.626965079487998178e-02
-3.659058518342329924e-02
-3.685615946590316966e-02
-3.695528240782557788e-02
-3.687892277472158004e-02
-3.664567427464816146e-02
-3.627890066209649850e-02
-3.584151196905534242e-02
-3.543578216156968025e-02
-3.504957694685143649e-02
-3.463245907275698532e-02
-3.417956500517819324e-02
-3.371489658398441752e-02
-3.323295178798124638e-02
-3.270930827092095872e-02
-3.214557229925830290e-02
-3.160371134861841153e-02
-3.112566608000731649e-02
-3.065033631181206253e-02
-3.016457524755437533e-02
-2.969781846190892166e-02
-2.923761440760810904e-02
-2.875131058395108755e-02
-2.822199305243226763e-02
-2.761983118062649734e-02
-2.695185304553345332e-02
-2.624402947956008467e-02
-2.549755750362931936e-02
-2.472098225841980884e-02
-2.392721872057672339e-02
-2.315541793108283689e-02
-2.241540218412683624e-02
-2.167606614020000516e-02
-2.090947949789789123e-02
-2.010893133761385010e-02
-1.925851474399353086e-02
-1.835404391371691507e-02
-1.742244362722748796e-02
-1.649041875729319317e-02
-1.558491629743159572e-02
-1.472211952329201615e-02
-1.389901482349903752e-02
-1.311694582077093350e-02
-1.234091099344317502e-02
-1.153409218725431375e-02
-1.066504943064003688e-02
-9.708781406175506085e-03
-8.709317475339874506e-03
-7.757893176903968985e-03
-6.942416823791301532e-03
-6.375073204734315636e-03
-6.403728891572458247e-03
-7.121483576814366737e-03
-8.055176424481629363e-03
-8.851714778647871984e-03
-9.433851078128684120e-03
-9.962033410232874059e-03
-1.049639833602482482e-02
-1.084558285807373304e-02
-1.089827574122256316e-02
-1.069806921209836593e-02
-1.035959825808143928e-02
-1.001243061799822129e-02
-9.780581430520771807e-03
-9.472050179268136014e-03
-8.943388292419179181e-03
-8.199724214136706879e-03
-7.259622677064711885e-03
-6.116787485850339393e-03
-4.932638103615842075e-03
-4.255107887067917545e-03
-4.129392919441427466e-03
-3.967475190448046043e-03
-3.504376452113747067e-03
-2.769255374700922180e-03
-1.770981786557447243e-03
-4.899966318145881992e-04
1.065585488535811601e-03
2.699660214451614880e-03
3.747331113301089443e-03
3.825864079629782370e-03
3.832293311377263888e-03
4.249570491831223575e-03
5.151747076975978466e-03
6.469563295952028732e-03
8.123581384067032896e-03
1.009411029897180553e-02
1.235192859187109193e-02
1.478383706096860796e-02
1.732798529553802175e-02
1.991603493382720219e-02
2.249660658700556801e-02
2.506502738022355764e-02
2.759604216420146611e-02
3.008881498721930128e-02
3.259233384759920027e-02
3.517182098169421151e-02
3.786794167443700149e-02
4.070330503348435630e-02
4.367757967670227170e-02
4.679915535361831719e-02
5.011219045097870667e-02
5.359816847943880275e-02
5.724893580159009371e-02
6.106160027949051466e-02
6.503126912260658032e-02
6.913758399123019760e-02
