-2.098736770486070696e-03
-4.417754132925002034e-03
-2.082092572870016412e-03
1.616834339524681526e-03
3.466141664181708604e-03
9.376670055286306059e-04
-5.619455757249879058e-02
-1.730876445029316257e-01
-2.395331110685419151e-01
-2.225989730400955990e-01
-1.774710250476517204e-01
-1.329160413108320948e-01
-1.147301055361093364e-01
-1.112563388121902974e-01
-9.838154396663320589e-02
-8.008694086383520705e-02
-6.191912209425938507e-02
-4.693694267204514409e-02
-3.562865118663315067e-02
-2.655100222917994995e-02
-2.013438177910092941e-02
-1.287619809423710265e-02
-4.803694709373368052e-03
-1.756678038554290635e-03
-1.070680237668086669e-03
9.535941999742427767e-04
-4.461972197648258684e-03
-1.398673004290296173e-02
-1.741996513528475815e-02
-1.669525181391453769e-02
-1.361905561728287729e-02
-8.094282078436428746e-03
-2.930532344348786046e-03
-6.380871956950641410e-02
-2.952047362580962342e-01
-4.677526509353180373e-01
-4.563447163022796293e-01
-4.175965533211893899e-01
-3.714524989619434336e-01
-3.295599189755397118e-01
-3.217882828598376266e-01
-3.144078584776683338e-01
-2.836379337771427478e-01
-2.300372266476984895e-01
-1.646419272743185336e-01
-1.064052224883553222e-01
-8.669483808643276002e-02
-9.505827189304580371e-02
-9.490296782689702781e-02
-8.015232995346727174e-02
-5.799012928722677152e-02
-3.833975838899941757e-02
-5.012595210166458093e-02
-1.536275537307082439e-01
-2.336763504878848763e-01
-2.142847322742747751e-01
-1.671870290762048628e-01
-1.283100707479706559e-01
-1.041232504419434268e-01
-7.903483907575425960e-02
-5.341902044551137541e-02
-3.344955645284454493e-02
-4.248593358688241423e-02
-7.703388317355794324e-02
-8.678244911232944891e-02
-6.319058524992560155e-02
-3.116717260199068640e-02
-1.420339259453225894e-03
2.503400571598154989e-02
4.555570079859924681e-02
4.782256791086321457e-02
4.064329761045217676e-02
4.258910689166420238e-02
5.039960491796830616e-02
5.481894079704537071e-02
5.679763948919300948e-02
6.247336995793754955e-02
7.183530886765891743e-02
7.507393705180663568e-02
6.505774012750425994e-02
5.868097458000572780e-02
6.202607030681438899e-02
6.138436067835911780e-02
5.817235049220860488e-02
6.060963419692472209e-02
6.700480381855378198e-02
7.805657370440950704e-02
9.210408526751172331e-02
1.016304607133831084e-01
1.089341821119200748e-01
1.157991654732601489e-01
1.213205063517274473e-01
1.216227168476949061e-01
1.160874754266800063e-01
1.132145656103476367e-01
1.168681525687587375e-01
1.230351650796711188e-01
1.309713468733467168e-01
1.417989227982077438e-01
1.501966286086150182e-01
1.533350673313680357e-01
1.517422670786205685e-01
1.456799572721887981e-01
1.391090505256480092e-01
1.320283256506659952e-01
1.277724280548356295e-01
1.308945373708038651e-01
1.396630287873863174e-01
1.549017170436079172e-01
1.692926711965740960e-01
1.704329431826855923e-01
1.536636076826295438e-01
1.261086542030418756e-01
5.362741565668013854e-02
-7.769733835445666315e-02
-1.654845172889745364e-01
-1.651249126657431954e-01
-1.259693879389489346e-01
-1.001256772843752835e-01
-1.041877096388216795e-01
-9.144453696624141315e-02
-4.403141168322919491e-02
8.251876204648511681e-03
4.363800263768240900e-02
5.886319664609725860e-02
4.299875154109869535e-02
3.476538204881511607e-02
6.636519351201200512e-02
1.078587810324543178e-01
1.440488532856212534e-01
1.805822368374949694e-01
2.158852841455153326e-01
1.750270998668235489e-01
5.745263918992069008e-02
8.612924214419941105e-03
5.208769346305154591e-02
1.061558491453879205e-01
1.525237372508656264e-01
2.017932764643752264e-01
2.541265124535160291e-01
2.988188103285397412e-01
2.644423189906626170e-01
9.252276464418732194e-02
-1.300107578615430914e-02
3.620233602125665778e-02
1.227402236885799525e-01
2.053273148449345498e-01
2.718461672069816260e-01
3.298210010176757523e-01
3.875053575577857568e-01
4.305233317549082006e-01
4.569531614851769508e-01
4.732811094442866962e-01
4.771689865900281546e-01
4.773707347444005600e-01
4.753300852947997535e-01
4.692534550064507148e-01
4.676783256079720674e-01
4.777366207749915161e-01
4.975925735729932464e-01
5.231123184599851816e-01
5.505737136331034787e-01
5.770344281475144887e-01
6.104582956607582656e-01
6.464662625453736489e-01
6.787384777769533972e-01
7.106606003023865359e-01
7.424772883979814386e-01
7.718092814477858221e-01
7.982675060682429269e-01
