-1.721533216027011592e+00
-1.722105761261711665e+00
-1.722369545665956014e+00
-1.723037171559645087e+00
-1.723915891267833178e+00
-1.725588286018492346e+00
-1.718947231212377247e+00
-1.721453170693383994e+00
-1.722701967320735328e+00
-1.724439911297457551e+00
-1.727061108139105627e+00
-1.731019972491522285e+00
-1.734505323055582915e+00
-1.736728747405158035e+00
-1.740935855739087046e+00
-1.748804056477692548e+00
-1.763324583144173507e+00
-1.792841633415987346e+00
-1.880766158946675981e+00
2.087676610026844628e+02
-1.513322495282654945e+00
-1.621083105644824496e+00
-1.657123357375218431e+00
-1.668824188596469194e+00
-1.675123618700299577e+00
-1.681214986697940894e+00
-1.679234295311906600e+00
-1.670037682467780948e+00
-1.667647503453486557e+00
-1.673150219606039268e+00
-1.681611131083846189e+00
-1.690203652839238568e+00
-1.696250180657650208e+00
-1.840949636692273073e+00
-1.726495657289416119e+00
-1.725448547269067490e+00
-1.727032647941390664e+00
-1.729130703992421081e+00
-1.731803282676376954e+00
-1.734937092862608665e+00
-1.736939812872425604e+00
-1.739032334376776401e+00
-1.743019040889011384e+00
-1.751222640728442137e+00
-1.770705757034627847e+00
-1.831133491345152020e+00
-1.937148085266767517e+00
-1.924381440250690023e+00
-1.973431974903696817e+00
-3.347322963967924725e+00
-1.475270465105798179e+00
-1.602525620220271563e+00
-1.588973668763713931e+00
-1.828082095653928096e+00
-1.765595841807860999e+00
-1.774814228674263417e+00
-1.818279495002268931e+00
-2.047002994126918107e+00
-1.192859248004564110e+00
-1.577397171133222864e+00
-1.641006150078678338e+00
-1.663562200634868260e+00
-1.663555269961185967e+00
-1.641084630993441262e+00
-1.633399385361568257e+00
-1.659605722093659530e+00
-1.678661574371564269e+00
-1.689684017556250861e+00
-1.696612831609060290e+00
-1.700908299135401425e+00
-1.702965469843458868e+00
-1.704016767745719863e+00
-1.705621162495903675e+00
-1.707841984536828006e+00
-1.709845976321753280e+00
-1.711617457404680742e+00
-1.713500677912750181e+00
-1.715446768005641776e+00
-1.717183887562276023e+00
-1.718708232667232716e+00
-1.720261323632934269e+00
-1.721835332128830665e+00
-1.723441355388229290e+00
-1.725097589747825344e+00
-1.726601538133475833e+00
-1.727906455610778380e+00
-1.728963351914802882e+00
-1.729844499124566060e+00
-1.730909592010313247e+00
-1.732035062142523119e+00
-1.733059835666601156e+00
-1.734080607315044542e+00
-1.735297000656262245e+00
-1.736785165486254057e+00
-1.738226257140302211e+00
-1.739540648373900655e+00
-1.740860396813677102e+00
-1.741904061303869433e+00
-1.742549578553473921e+00
-1.743386642284808996e+00
-1.744504287525228570e+00
-1.745825624952470401e+00
-1.747446235948567850e+00
-1.749066814019842209e+00
-1.750737239903310760e+00
-1.752089187451793206e+00
-1.752593686805132389e+00
-1.752511754802677180e+00
-1.752108955559521952e+00
-1.751961805740826383e+00
-1.752715100386758262e+00
-1.754700848834443772e+00
-1.757735882573805641e+00
-1.766005590799868186e+00
-1.792662635506040436e+00
-1.838678301508281043e+00
-1.839079996726193045e+00
-1.812935180454450457e+00
-1.800459094272480742e+00
-1.800574814089808795e+00
-1.794574227905954888e+00
-1.781404785594430384e+00
-1.771777424779298338e+00
-1.766943946417587785e+00
-1.765462224820992576e+00
-1.767723342174004619e+00
-1.769245781186816302e+00
-1.766442751065660843e+00
-1.763382128633522949e+00
-1.761319640464322989e+00
-1.759661447267967693e+00
-1.758535464849733110e+00
-1.762214123771018270e+00
-1.773762273007781554e+00
-1.781832966694530951e+00
-1.777913004963213250e+00
-1.773351242039320264e+00
-1.770120200238805674e+00
-1.767131787313681146e+00
-1.764552375837876497e+00
-1.762875102791277238e+00
-1.765760654781228123e+00
-1.781549573136637532e+00
-1.799609856011268327e+00
-1.793527587372509613e+00
-1.783651633995014585e+00
-1.776935295601057341e+00
-1.772458942114562896e+00
-1.769172410840758047e+00
-1.766967704685867391e+00
-1.766182781392233503e+00
-1.766315883271195597e+00
-1.766736751260453930e+00
-1.767560481994208565e+00
-1.768570360746437142e+00
-1.769693684813078427e+00
-1.770968176397584859e+00
-1.772115334872115033e+00
-1.772866030588230446e+00
-1.773305173332033302e+00
-1.773486336292426468e+00
-1.773515285308556511e+00
-1.773516502807811923e+00
-1.773257287423724238e+00
-1.772974565034091565e+00
-1.772952533072806647e+00
-1.773055159143911208e+00
-1.773165870565534874e+00
-1.773342958552796889e+00
-1.773596054700355529e+00
