-4.174481763714387589e-02
-1.983689915385510733e-02
3.464788424854121224e-02
1.958238808390902128e-02
1.398120438763356815e-02
-5.085672910881032516e-02
-9.529341610510927429e-01
-1.402285183390766354e+00
-5.530597684339993991e-01
-8.141466716513180713e-02
8.975381318267973418e-02
1.275846932333407624e-01
-1.781619159642735817e-01
-8.318871436290314891e-02
1.342579212341651895e-02
7.252285458913454441e-02
8.705363433452131816e-02
8.453252698643839991e-02
7.299976539328539848e-02
8.007130710266949225e-02
5.369317560469132056e-02
1.078227716175914619e-01
9.324764584532226064e-02
3.990745612832952149e-02
4.808098542230399702e-02
5.892427187233215125e-02
-7.965684399988860742e-02
-5.473585648784509705e-02
-1.180484668031168624e-02
6.117638015743971994e-03
3.129619284564630344e-02
6.125690550291977565e-02
4.725958315059362175e-02
-1.072536720208199457e+00
-3.272006500222913061e+00
-1.145107383501249743e+00
-4.456192072985893926e-01
-4.779202198582490624e-01
-1.127936543559432125e-01
-2.912128788857329953e-01
-5.333677585847897973e-01
-2.714154856820921169e-01
-5.041988680349995811e-02
2.818237619315990816e-01
4.000841952825044956e-01
4.141119976485440057e-01
-6.166701263445115155e-02
-7.218351255975070935e-02
3.142983245208073873e-02
1.746992638251633756e-01
2.151127010009398210e-01
2.036265658925160427e-01
-2.760027665018043863e-01
-1.506747327293596506e+00
-4.029403333780829932e-01
4.487776061968520858e-02
2.194090148104964610e-01
1.098123008352474006e-01
1.028570752182137865e-01
2.145890499288307662e-01
2.105501704164124133e-01
2.026801373770019954e-01
-2.317925338256169310e-01
-3.373100402157387934e-01
4.879000893835461206e-02
2.472991134408157876e-01
3.037037426370458593e-01
3.263448235214803650e-01
3.501077415886350575e-01
3.161814223040438909e-01
9.051000012512266935e-02
1.206264600423789662e-01
2.128856984616110948e-01
2.221198095159171715e-01
1.700795528067825524e-01
1.798668247708318790e-01
2.306617670161717482e-01
2.578186069935473057e-01
1.502649037386434849e-01
1.470442139241252832e-02
1.510443826564012437e-01
1.739679989347005518e-01
9.852752617798991863e-02
1.141407422849274045e-01
1.767188087448709199e-01
1.900035892147853289e-01
2.749584135305043198e-01
2.840177458999000315e-01
2.459503679551574007e-01
2.691989027665692702e-01
2.540153353790454704e-01
2.575203953545636137e-01
1.728951221287114703e-01
1.376501846035582122e-01
1.871670227354873262e-01
2.453346704728087690e-01
2.508722892461291432e-01
2.909297867435876594e-01
3.231223756412937576e-01
2.863435550695104803e-01
2.494606725322684182e-01
1.993179789227250420e-01
1.498974771915759507e-01
1.517381649789842080e-01
1.085621533747544026e-01
1.615020623341928419e-01
2.171287795468066495e-01
2.697902453198929851e-01
3.653123426863995049e-01
3.186213500719192737e-01
1.737048333450041948e-01
-1.706722633287699464e-02
-1.070837352693051331e-01
-9.205320115739817899e-01
-1.492435160814581163e+00
-7.053461648763510450e-01
-1.725128564542668386e-01
7.224023039028151794e-02
-1.926686250984505910e-01
-3.526331834604259918e-01
8.306835974233112152e-02
3.603610099062015681e-01
3.863867482743895132e-01
2.663995690657872673e-01
1.519345671390435748e-01
-2.370684275133219387e-01
1.691293527097115224e-01
4.565858119757537081e-01
4.853994120587468153e-01
5.121999375808153898e-01
6.137891790604041997e-01
6.217024001733668648e-01
-6.026625520047496076e-01
-1.022027854099666122e+00
9.195032843884613782e-02
5.222246947095722236e-01
4.989290568895105582e-01
5.906479940911116833e-01
7.250321122539189478e-01
8.309244010705436612e-01
7.787091253970355176e-01
-4.183588222184339012e-01
-1.899236636196763417e+00
-8.092082764907182479e-02
5.947363325385065513e-01
8.557640998955703404e-01
9.021145503576822877e-01
8.807656551947733448e-01
9.774103770594414486e-01
1.090115875959043690e+00
9.283551196209345324e-01
9.063078634238763698e-01
7.980651840034408417e-01
6.866657561655291619e-01
6.919081847026602450e-01
6.081128459306431866e-01
5.662905794144577065e-01
6.300175504713541041e-01
7.501253901814927127e-01
8.360507451199878926e-01
9.134775466614142303e-01
9.501527636759605766e-01
9.749653616305309356e-01
1.147769705667611495e+00
1.136663132054963388e+00
1.186342132511786218e+00
1.225007610596762220e+00
1.270919183579066303e+00
1.264471679378547098e+00
1.286176449631901697e+00
