-2.839430016830049475e+00
-2.835124312015097292e+00
-2.832966266257288535e+00
-2.828195282078449946e+00
-2.821897673102599313e+00
-2.809044872164832896e+00
-2.855168720938772609e+00
-2.839720526862119954e+00
-2.830962506485240837e+00
-2.817529654128950956e+00
-2.794645537425995308e+00
-2.754055785715160631e+00
-2.721598638428836203e+00
-2.709648052980966781e+00
-2.670840105299297385e+00
-2.577379969737413123e+00
-2.338127542368652723e+00
-1.259070376037031203e+00
-5.367695435909967117e+00
-3.664319889638194550e+00
-3.397381907815864022e+00
-3.235499034913048355e+00
-3.135906716876332823e+00
-3.103012169667489051e+00
-3.083695285551605103e+00
-3.057476056409698550e+00
-3.083010532744112631e+00
-3.163957691812904205e+00
-3.179997097055288435e+00
-3.127547039465130130e+00
-3.062921290160200538e+00
-3.006785556712685992e+00
-2.971422311701849672e+00
-2.591956010323242854e+00
-2.817878275875297156e+00
-2.818262839844982715e+00
-2.804855187101951142e+00
-2.787262088097854029e+00
-2.764004106341947153e+00
-2.736420475553481335e+00
-2.722724216971946554e+00
-2.708031103766138425e+00
-2.672886899164339081e+00
-2.584835446645517898e+00
-2.274267536057485106e+00
2.351535007654659992e+01
-5.707950461997753244e+00
6.591091739122109772e+00
3.535671624106618172e+00
-5.606435942284728746e+00
-3.706350109503133261e+00
-3.378600194384414390e+00
-3.533702636435582356e+00
-2.401775208986184573e+00
-2.625727029430995785e+00
-2.543341847973621395e+00
-2.146963980487297974e+00
-1.926049483176487627e+02
-3.985525227348772681e+00
-3.416953357992603912e+00
-3.215103908927351206e+00
-3.130145060818230185e+00
-3.154411335854954146e+00
-3.341695928262164550e+00
-3.401750062561019750e+00
-3.192792030914212376e+00
-3.072207833520713027e+00
-3.009721477018376667e+00
-2.972077202627459780e+00
-2.949592545533217702e+00
-2.940058411633366564e+00
-2.935886528011119267e+00
-2.926530622788338309e+00
-2.912134643168911463e+00
-2.899332541144797659e+00
-2.888018730632945008e+00
-2.875922712771245671e+00
-2.863641331658673739e+00
-2.852590950125131197e+00
-2.842195742524834312e+00
-2.831735579267106839e+00
-2.821526394116862235e+00
-2.810291976529737834e+00
-2.798554388288942540e+00
-2.789320132342906433e+00
-2.782293618961245496e+00
-2.777422249400096632e+00
-2.773501285749709666e+00
-2.767001958694307095e+00
-2.759777011634358068e+00
-2.753489707544622078e+00
-2.747129754601974838e+00
-2.738878389113869716e+00
-2.728313106913598851e+00
-2.718507915229150473e+00
-2.709831340173819658e+00
-2.701019561285563420e+00
-2.694920520291538502e+00
-2.692201852277315233e+00
-2.687144740283244904e+00
-2.679624993755247431e+00
-2.670536334564301839e+00
-2.659184981303298834e+00
-2.648398988191711378e+00
-2.637485644969284948e+00
-2.629783240853333925e+00
-2.629162629565723996e+00
-2.632392783105406142e+00
-2.636890068433365375e+00
-2.638277294936146156e+00
-2.632261811635382642e+00
-2.616853515085314719e+00
-2.594077251234666814e+00
-2.527565355073662534e+00
-2.286710438502037146e+00
-1.881214452702651307e+00
-2.055586599880982135e+00
-2.303454398841618733e+00
-2.389642050866862988e+00
-2.388620219085829444e+00
-2.424898512498769421e+00
-2.498376839917008763e+00
-2.548010440374654184e+00
-2.569274657411751317e+00
-2.570984889861010814e+00
-2.548809962945787433e+00
-2.535574113388891604e+00
-2.554528877519401497e+00
-2.573493452177922247e+00
-2.584670726964852339e+00
-2.593185977312318258e+00
-2.598032185171474495e+00
-2.565896030468239886e+00
-2.471056593953095959e+00
-2.417175420808251207e+00
-2.464418423777531952e+00
-2.503366706955501009e+00
-2.526595227197739657e+00
-2.545919233356173983e+00
-2.561283468986528700e+00
-2.569837388253515265e+00
-2.543752299921520965e+00
-2.411277989488885609e+00
-2.274798117168773892e+00
-2.358914063362736346e+00
-2.442555506330414961e+00
-2.488757559617433834e+00
-2.515929243555386829e+00
-2.534282409861706498e+00
-2.544875536970903962e+00
-2.545593832242647458e+00
-2.540786715675930285e+00
-2.535238663320307673e+00
-2.527686770163814156e+00
-2.519621029358296127e+00
-2.511354200683415083e+00
-2.502543377749796072e+00
-2.495193842136844697e+00
-2.491069163620211580e+00
-2.489033725278721576e+00
-2.488699277264873722e+00
-2.489168710152450004e+00
-2.489583862122199509e+00
-2.491760359196406149e+00
-2.493665833179286473e+00
-2.493288697790092989e+00
-2.491952523514759932e+00
-2.490724179666851335e+00
-2.489112622148852427e+00
-2.487080297868626388e+00
