-3.323260574099573095e+00
-3.320196162559854169e+00
-3.318889999547917302e+00
-3.315104582043912451e+00
-3.310055423795216889e+00
-3.299068627046104041e+00
-3.332909093342592222e+00
-3.322879567091443498e+00
-3.316130304978452514e+00
-3.305123922215157606e+00
-3.285430870024286243e+00
-3.248292816366618929e+00
-3.221018006742309758e+00
-3.214838069193994841e+00
-3.182240881421895651e+00
-3.096882276804207024e+00
-2.853300884140293814e+00
-1.129093392407154006e+00
-4.625893796751413767e+00
-3.903058585942222436e+00
-3.745093560490119877e+00
-3.629875413585121890e+00
-3.555059411284708926e+00
-3.534061708735237062e+00
-3.522794644133774078e+00
-3.502992489024653544e+00
-3.534413953055006274e+00
-3.632473736187203261e+00
-3.653732378808666859e+00
-3.591578814123118857e+00
-3.523451499631256034e+00
-3.469319211060508223e+00
-3.438112712558786921e+00
-3.184682740165968085e+00
-3.307125755885570673e+00
-3.306690533860975556e+00
-3.295453050600122058e+00
-3.280591031675132996e+00
-3.260671777801968041e+00
-3.237171311443932442e+00
-3.227328278423172492e+00
-3.216248664244927280e+00
-3.186416888090779054e+00
-3.106020502029766650e+00
-2.768820865904229489e+00
-5.886499788620929152e+00
-4.740723785352330744e+00
9.150664696368389528e+00
1.151703402552184841e+00
-5.531868424891169589e+00
-3.993944436274764698e+00
-3.743826025070531749e+00
-3.917861243301953511e+00
-3.044859071243810611e+00
-3.173446032920735682e+00
-3.106902161287089736e+00
-2.793467075480291051e+00
-3.057448737328931543e+01
-4.225441055563035064e+00
-3.784109099512414254e+00
-3.625218769048922596e+00
-3.559837739917301569e+00
-3.594129631007636938e+00
-3.831239086210426414e+00
-3.914275738712128305e+00
-3.642863982279968660e+00
-3.522253941087586160e+00
-3.466960830564854490e+00
-3.435445263007963490e+00
-3.417545941913696872e+00
-3.411784457954410321e+00
-3.411035862362852278e+00
-3.404267865392523351e+00
-3.392075414845472370e+00
-3.381770211326468267e+00
-3.373007512153487042e+00
-3.363119335023761813e+00
-3.352773473674658167e+00
-3.344002148713289380e+00
-3.336566529306392415e+00
-3.328710340609513985e+00
-3.320679351648178290e+00
-3.312305388977463849e+00
-3.303610041894351923e+00
-3.296387496043829302e+00
-3.290561812742617054e+00
-3.286216196862592032e+00
-3.282498397364227216e+00
-3.276944375982791868e+00
-3.270948037990235591e+00
-3.265659777989795565e+00
-3.260330556188757889e+00
-3.253489920380209011e+00
-3.244820008171457548e+00
-3.236944197299020942e+00
-3.230223995614101007e+00
-3.223485369290864710e+00
-3.218941811035936240e+00
-3.217013063531439787e+00
-3.212960280352480602e+00
-3.206790639839361745e+00
-3.199239962494386802e+00
-3.189782701595662573e+00
-3.180892728036568862e+00
-3.171897926569011705e+00
-3.165800421060267933e+00
-3.165839356636554580e+00
-3.168935804415100144e+00
-3.172951074156818763e+00
-3.174048064119452395e+00
-3.168531690815015622e+00
-3.154668606077756898e+00
-3.134222558900605193e+00
-3.069240129219016122e+00
-2.760950086996606156e+00
-1.852375508362843481e+00
-2.465247997739568486e+00
-2.862845261692814613e+00
-2.959058639350990561e+00
-2.955072073276080680e+00
-2.992411857095897076e+00
-3.063423920157118729e+00
-3.106613354015467898e+00
-3.123098126041209621e+00
-3.122769445662506804e+00
-3.101181574813276498e+00
-3.089133270055026692e+00
-3.107733311252617980e+00
-3.124884523928437297e+00
-3.134292658626006034e+00
-3.141244018144321970e+00
-3.145018947643915652e+00
-3.115264145456725586e+00
-3.022175653274694618e+00
-2.972117373083293934e+00
-3.028892071999610192e+00
-3.068125062913548362e+00
-3.089254801424643482e+00
-3.105800766383162159e+00
-3.118441838616577755e+00
-3.124965671430990355e+00
-3.100459115656373221e+00
-2.967817889140881960e+00
-2.821075097877110416e+00
-2.934040867073392178e+00
-3.020924930147188547e+00
-3.062844856992644083e+00
-3.085257473324882316e+00
-3.099518577264741559e+00
-3.107496530886198371e+00
-3.107313624402446184e+00
-3.102688755526653352e+00
-3.097572413399822810e+00
-3.090749892024632128e+00
-3.083706123632564911e+00
-3.076605468273768462e+00
-3.069064950370365086e+00
-3.063032902960268089e+00
-3.060136035719865255e+00
-3.059163218360288816e+00
-3.059584093700093987e+00
-3.060479014787441443e+00
-3.061116365764672942e+00
-3.063308173052678995e+00
-3.065143795677490068e+00
-3.064918931893702236e+00
-3.063928428010840754e+00
-3.063048816918783501e+00
-3.061786212940180718e+00
-3.060131060226850330e+00
