-6.900825941542272938e-04
-9.756196493767761452e-04
2.754439015032462273e-03
8.060226705108197720e-03
1.194696574608981529e-02
1.128066675907289998e-02
-4.715006161735903201e-02
-1.760669010289305780e-01
-2.643288185325071149e-01
-2.671149819193874841e-01
-2.337380416085997614e-01
-1.932041260052316523e-01
-1.742596515890134090e-01
-1.694961592946953033e-01
-1.545670010399748662e-01
-1.323420176815274518e-01
-1.085492296916797383e-01
-8.682761246397267818e-02
-6.799687145398160271e-02
-5.144324653501183842e-02
-3.785623777739454549e-02
-2.394312784317083331e-02
-9.528680362472353657e-03
-2.988217057061960669e-04
6.007189692474621499e-03
1.279165511402340430e-02
1.127146727438908813e-02
4.069101628884778769e-03
1.945035438702585450e-03
3.964337759072676312e-03
8.760898865706917213e-03
1.647073410692300593e-02
2.426446090743455269e-02
-3.662113702519165931e-02
-2.845919216439785071e-01
-4.993888904203819257e-01
-5.292300735757883290e-01
-5.198970524699758622e-01
-4.924795651746917136e-01
-4.596126205307970447e-01
-4.560479854085907059e-01
-4.515229267650056610e-01
-4.206979471079604904e-01
-3.619867096513434968e-01
-2.845618537755560395e-01
-2.086287574382727494e-01
-1.692980208959231070e-01
-1.612940226913367192e-01
-1.478056963165086946e-01
-1.204769122273697812e-01
-8.491632274360605415e-02
-5.143255393789968738e-02
-5.073632646837214488e-02
-1.498528464779829983e-01
-2.392397268032659119e-01
-2.289382619087414195e-01
-1.840649566995139486e-01
-1.403377129191648309e-01
-1.079950455710055879e-01
-7.339989283984060808e-02
-3.604101839390932288e-02
-3.416628225675059916e-03
-1.042081045623501328e-03
-2.873253538442674046e-02
-3.603887527818325220e-02
-9.960635349770628061e-03
2.802430693920552815e-02
6.742563136100590548e-02
1.055652275032618326e-01
1.372921797889763706e-01
1.498894724852969651e-01
1.498544868659309748e-01
1.561247576668348680e-01
1.694316343748407672e-01
1.798791304124034984e-01
1.868697476767163246e-01
1.974128005332309588e-01
2.125477024901268330e-01
2.220639012226988118e-01
2.176291849060214278e-01
2.148672807389243600e-01
2.194054725660366800e-01
2.179527572907797306e-01
2.134073550944108610e-01
2.160157881836901606e-01
2.246666561812483143e-01
2.399229680871299009e-01
2.603718914690932862e-01
2.762208822527626451e-01
2.896595659404975764e-01
3.040920059014294852e-01
3.176485598453599457e-01
3.257183348357045594e-01
3.266294461976525509e-01
3.283260208206248976e-01
3.341024198038179960e-01
3.409989100253918437e-01
3.511440432942904977e-01
3.665786236167331014e-01
3.798157099501470735e-01
3.879176683111806856e-01
3.914989443523675394e-01
3.896998756197773695e-01
3.867266796760669423e-01
3.825200190467105132e-01
3.810793918273994718e-01
3.886035986168320244e-01
4.036836886494454268e-01
4.260325208766374550e-01
4.484451617152422354e-01
4.584835229172598003e-01
4.496222681521802045e-01
4.266059344931003583e-01
3.540748544222177552e-01
2.113641567674061361e-01
1.005422231061796345e-01
7.882002469087909247e-02
1.039574629771783942e-01
1.240341728532036170e-01
1.174216872231888115e-01
1.298259851116956298e-01
1.824002954295829149e-01
2.466974182343723010e-01
2.988030804623873493e-01
3.306498945329321426e-01
3.278706819201103184e-01
3.288557403964753045e-01
3.711502389127514512e-01
4.264568737166657963e-01
4.791481543924860920e-01
5.337663596925036336e-01
5.874659342285413199e-01
5.625038044073104038e-01
4.463373714738930187e-01
3.863061171688252360e-01
4.223046201691558199e-01
4.768837682275235967e-01
5.303082409052759516e-01
5.918032938734273385e-01
6.599764521472674117e-01
7.236726025011952501e-01
7.087122037353962289e-01
5.388514010845327773e-01
4.120572332992541997e-01
4.440092296823490159e-01
5.247761350811406267e-01
6.108340383427073306e-01
6.914207703298207441e-01
7.702708538663712856e-01
8.481904931925069446e-01
9.103806751405959519e-01
9.556563679230815067e-01
9.920372051579393613e-01
1.016179541631843097e+00
1.033801739992966873e+00
1.046865920189299803e+00
1.054031510850599318e+00
1.062655755674459579e+00
1.079636667820855322e+00
1.104354660263096921e+00
1.135508599364803528e+00
1.170457808282238110e+00
1.206364419628946694e+00
1.249704216117340172e+00
1.296724894105137471e+00
1.341198515723053708e+00
1.381865700952996878e+00
1.417074624701132324e+00
1.448843178613151261e+00
1.479324051039353716e+00
1.510265888597492889e+00
1.543626688704699212e+00
1.580873678928879755e+00
1.620580397316776944e+00
1.660651697476865918e+00
1.699384642130071787e+00
1.736015038168794877e+00
1.770812771531059981e+00
1.805033530321723312e+00
1.839279165537202498e+00
1.873692756181659869e+00
1.908757743067371893e+00
1.945061371106530324e+00
1.984132786375705004e+00
2.027489382903366888e+00
2.073309523944376842e+00
2.120074927615163141e+00
2.166353769015992192e+00
2.211397338674926161e+00
2.254988611029208556e+00
2.296238712189326403e+00
2.335790092443552624e+00
2.374917391591297111e+00
2.414996989238124669e+00
2.456891007875055877e+00
2.502195746921431763e+00
2.550933141882811395e+00
2.602054867291700546e+00
2.653890206726860157e+00
2.703574263232821906e+00
2.749498791087482630e+00
2.792849490226584130e+00
2.835259728188297856e+00
2.877273212072080089e+00
2.920126468961413924e+00
2.965485078860588875e+00
3.014105158780355342e+00
3.064234062130151592e+00
3.114473372306893584e+00
3.164971921335896443e+00
3.214236233630056727e+00
3.261427885643632951e+00
3.307355249013103737e+00
3.353009011733050659e+00
3.399195451926260159e+00
3.446517443854570928e+00
3.496526108244860431e+00
3.549769864897064142e+00
3.604869839017030397e+00
3.659758641253104905e+00
3.712848277875353098e+00
3.763581260229353909e+00
3.812736343118980908e+00
3.861428933175512945e+00
3.909719233576208541e+00
3.957920487619966732e+00
4.006447241848638541e+00
4.055902248156083800e+00
4.107417684322991036e+00
4.161361335377052661e+00
4.217055181871555369e+00
4.273203248089682660e+00
4.328943761147759695e+00
4.383464748384203524e+00
4.436753017978817049e+00
4.488614734110027094e+00
4.539086643483951633e+00
4.589601445547262237e+00
4.640923261787435194e+00
4.693941518493324416e+00
4.749817082016267733e+00
4.808321941758752160e+00
4.869056129033927149e+00
4.929797098284737444e+00
4.987886065542273428e+00
5.043494573444957219e+00
5.097181224030520319e+00
5.149963973008590656e+00
5.202808391910916264e+00
5.256678234566239283e+00
5.312997405482228430e+00
