-1.323763818223386063e-06
-7.068198361950915423e-06
-4.975609753077533552e-06
2.691366436631384946e-05
8.476997295950171763e-05
1.566902956521172281e-04
1.073679356098244280e-04
-5.081117055627544900e-04
-1.830207310251977249e-03
-3.409962530946998929e-03
-4.907256603741346444e-03
-6.202235921408165431e-03
-7.316896991043211722e-03
-8.390299915157363453e-03
-9.407378972140620702e-03
-1.031428921044704600e-02
-1.108222017114833362e-02
-1.171252277646806991e-02
-1.221741047565481388e-02
-1.261151773093547625e-02
-1.290678221797945599e-02
-1.311640160062108908e-02
-1.322982654754762365e-02
-1.326273163682161610e-02
-1.324374350553601462e-02
-1.317713350962573630e-02
-1.307825094652166793e-02
-1.300592057910736343e-02
-1.295497502728073201e-02
-1.289844510350523013e-02
-1.281901011629090793e-02
-1.270048445806929230e-02
-1.253163564696756736e-02
-1.244859635250867083e-02
-1.319107607846335163e-02
-1.552215338278811405e-02
-1.850260502584748570e-02
-2.154491927670303467e-02
-2.454335192577401445e-02
-2.736479365244351772e-02
-3.009737895357759985e-02
-3.284573175474197332e-02
-3.549577023916418439e-02
-3.789664155237832538e-02
-3.988966654525356870e-02
-4.142343879206489277e-02
-4.257789209491975174e-02
-4.359851204086280518e-02
-4.453755920520550277e-02
-4.533812950921440460e-02
-4.592920828032675401e-02
-4.629644541291474263e-02
-4.651579069490081875e-02
-4.695350521469474070e-02
-4.805104109272095164e-02
-4.933184851041810814e-02
-5.044122259027365718e-02
-5.128054506714913724e-02
-5.190063784909638989e-02
-5.232610299918290242e-02
-5.252617763530657152e-02
-5.250976129427162298e-02
-5.235271341241655441e-02
-5.227182825218626427e-02
-5.230512829891945104e-02
-5.226487832436356451e-02
-5.202630944257913281e-02
-5.155435053708384840e-02
-5.084781387147599419e-02
-4.992243073063940689e-02
-4.884663295460472260e-02
-4.773243066291245340e-02
-4.659316986154699025e-02
-4.538402844916565593e-02
-4.409329472546937023e-02
-4.274933954276377568e-02
-4.135147933631595080e-02
-3.987384679318577152e-02
-3.831283795987250329e-02
-3.673266745802886840e-02
-3.518470472890108947e-02
-3.362305593982858887e-02
-3.204867572379190011e-02
-3.049970763421147937e-02
-2.896234804829730253e-02
-2.739294027429645464e-02
-2.576324670017171234e-02
-2.402960726740651504e-02
-2.218978316188429181e-02
-2.027284456266361182e-02
-1.827427776097634293e-02
-1.619646681031487387e-02
-1.405214284028441854e-02
-1.188529662177635442e-02
-9.717074657309318977e-03
-7.529153387105311582e-03
-5.307158313548554496e-03
-3.043946784038728103e-03
-7.106419560062456585e-04
1.706479354431382142e-03
4.178802245914067445e-03
6.683073115813889173e-03
9.187554646621140866e-03
1.167025918359327480e-02
1.412870770807703701e-02
1.655682458797800086e-02
1.899348319453837350e-02
2.148663950428551794e-02
2.407765122107546202e-02
2.679718596537147141e-02
2.960932046635147974e-02
3.242268053473978950e-02
3.513378281304681272e-02
3.760235975726837487e-02
3.942683299816864689e-02
4.042239319041820295e-02
4.101938414905169361e-02
4.160362954934562763e-02
4.231188226948778830e-02
4.302502846973046274e-02
4.369769132138096035e-02
4.454929130610521537e-02
4.573559345910504365e-02
4.725917855129586898e-02
4.902417009696453942e-02
5.089265698245585418e-02
5.271284342430729297e-02
5.466905203077479514e-02
5.692256698007566035e-02
5.949088099094509280e-02
6.237201762079657569e-02
6.558128182558040087e-02
6.895447283852014497e-02
7.188911531897557161e-02
7.423045919430291961e-02
7.653349699645871362e-02
7.910786415340549660e-02
8.197405952568181942e-02
8.516409888189736821e-02
8.872833551013774300e-02
9.268385094768676058e-02
9.685097486857589810e-02
1.005162276525520398e-01
1.031341036873655026e-01
1.055268722977284190e-01
1.082413190018351179e-01
1.114237296600999461e-01
1.150721391244261260e-01
1.191729891226190191e-01
1.237292141270121826e-01
1.287088945285613795e-01
1.339995425017834751e-01
1.395397068701792753e-01
1.452663615586088919e-01
1.511158343119986536e-01
1.570630453813596505e-01
1.630679691893826277e-01
1.691120968692473303e-01
1.752219603555075500e-01
1.814459676546385236e-01
1.878196000708005908e-01
1.943768011805748763e-01
2.011271527847047214e-01
2.080904472745871980e-01
2.153126146480378866e-01
2.227877674326831647e-01
2.305041910403877181e-01
2.384343735962358712e-01
2.465596309649106810e-01
2.548719935418364280e-01
2.633762521309529481e-01
2.720844293834236427e-01
2.810069866430727759e-01
2.901514474106164920e-01
2.995150857025378199e-01
3.090857740041251245e-01
3.188440688961180491e-01
3.287703013198394197e-01
3.388489446850752040e-01
3.490723250887835527e-01
3.594333579024713843e-01
3.699295902005292902e-01
3.805647902703806484e-01
3.913495531748772405e-01
4.023034929339589505e-01
4.134477137926645951e-01
4.247881238510083923e-01
4.363272631434887971e-01
4.480553909051170347e-01
4.599649784811504771e-01
4.720410140901771801e-01
4.842692801218980714e-01
4.966411964196714712e-01
5.091569224173327912e-01
5.218222037891805387e-01
5.346489389593657160e-01
5.476564541060744418e-01
5.608583806923076454e-01
5.742631027219601281e-01
5.878641534103525856e-01
6.016413077529344511e-01
6.155710319080310855e-01
6.296374666651715080e-01
6.438292189114428465e-01
6.581401023682579288e-01
6.725733902830657307e-01
6.871405436523077004e-01
7.018517432611378615e-01
7.167053850292786077e-01
7.316985133495754745e-01
7.468254180787640140e-01
7.620705870758853751e-01
7.774192558418062671e-01
7.928613494148358809e-01
8.083930113761259584e-01
8.240140101872259759e-01
8.397300745523512688e-01
8.555556596243211187e-01
8.715022167239054873e-01
8.875717272950266468e-01
9.037548618926353194e-01
9.200365385946889241e-01
9.364015312526519086e-01
9.528413012685694738e-01
9.693500559140335593e-01
9.859219392631511925e-01
1.002554107720636578e+00
1.019245480802659642e+00
1.036000754423475945e+00
1.052829505189665671e+00
1.069740388196184222e+00
1.086736628077637823e+00
1.103814433982037713e+00
1.120966283992262502e+00
1.138180286060080926e+00
1.155446203320724674e+00
1.172750467972871302e+00
1.190085059505735066e+00
1.207448683759943631e+00
1.224843645686423788e+00
1.242279185345901427e+00
1.259767530699801741e+00
1.277315715189144996e+00
1.294926533582876127e+00
1.312585468669691835e+00
1.330271944813223639e+00
1.347968954147032328e+00
1.365662728572453855e+00
1.383346909484282294e+00
1.401019246617623448e+00
1.418685807679636479e+00
