-1.354290575519964346e+00
-1.353469663998115857e+00
-1.353033523592242382e+00
-1.352169157646061048e+00
-1.351048394526371377e+00
-1.349023610444264332e+00
-1.358763013809520803e+00
-1.354589006665841699e+00
-1.352897534332355267e+00
-1.350694550182438336e+00
-1.347514289921488029e+00
-1.342940300934353459e+00
-1.338881721586706375e+00
-1.336082438440819420e+00
-1.331258442621979565e+00
-1.322861555322198734e+00
-1.308650407239301705e+00
-1.283480236862302171e+00
-1.228144310332243805e+00
-1.002556843782117513e+00
-2.229053313223704258e+00
-1.543975828734598821e+00
-1.458162768940183929e+00
-1.433847948570224462e+00
-1.421358267985284751e+00
-1.410928053592384712e+00
-1.411436787997381259e+00
-1.420030559381535218e+00
-1.420992324272885909e+00
-1.414085240164304480e+00
-1.404172695831294781e+00
-1.394021186851946092e+00
-1.386524996050019665e+00
-1.094110125703977232e+01
-1.346713717725455783e+00
-1.348745152178945528e+00
-1.346866055442463850e+00
-1.344341486447526934e+00
-1.341159461138754283e+00
-1.337465523154181879e+00
-1.335005074630366328e+00
-1.332438811502930420e+00
-1.327829913969397202e+00
-1.318953027350091567e+00
-1.300118026637520741e+00
-1.255099324132020966e+00
-1.195405914657768021e+00
-1.183571246945060773e+00
-1.142519046311067488e+00
-8.695945067989527821e-01
-2.036427836249783407e+00
-1.563524126443309514e+00
-1.568799369144735500e+00
-1.191916159459692981e+00
-1.288414611339388616e+00
-1.277364374161845006e+00
-1.222366116950730497e+00
-9.780866303403445983e-01
-2.486851036476458887e+00
-1.574854151435863159e+00
-1.471268899689900378e+00
-1.436292120290915353e+00
-1.433093385551001742e+00
-1.455121892507735382e+00
-1.460478788365472180e+00
-1.432582767603278073e+00
-1.410316699500015369e+00
-1.396446476616753696e+00
-1.387374906410076880e+00
-1.381573362584290310e+00
-1.378503499588328962e+00
-1.376686160611213072e+00
-1.374371917434356494e+00
-1.371434043441474238e+00
-1.368748934381131432e+00
-1.366346455942707649e+00
-1.363863422189749430e+00
-1.361343330554251940e+00
-1.359047836298364453e+00
-1.356962650706372120e+00
-1.354874012949811801e+00
-1.352794130433671915e+00
-1.350656370906974546e+00
-1.348457436630793982e+00
-1.346463239994202699e+00
-1.344727985393470604e+00
-1.343309484265685194e+00
-1.342130626752443767e+00
-1.340746832988287007e+00
-1.339294873494875304e+00
-1.337977641135710272e+00
-1.336675538766733951e+00
-1.335155774398065320e+00
-1.333325020399363403e+00
-1.331530447506824366e+00
-1.329846672913497230e+00
-1.328136466388321058e+00
-1.326739302035215839e+00
-1.325811160916284592e+00
-1.324693417213658631e+00
-1.323278775571172794e+00
-1.321653943521220897e+00
-1.319703080311591892e+00
-1.317747973962544172e+00
-1.315738048397429250e+00
-1.314060383922750486e+00
-1.313292072425745971e+00
-1.313188605496511840e+00
-1.313465784998246288e+00
-1.313515535227475883e+00
-1.312635507401601620e+00
-1.310453478132363347e+00
-1.307167199983296779e+00
-1.298894884543271289e+00
-1.276484961019811015e+00
-1.246519068844675227e+00
-1.242587254047891943e+00
-1.255712411448893562e+00
-1.263532440519612665e+00
-1.262780064751217735e+00
-1.267061384039078753e+00
-1.278402423122989573e+00
-1.287893862494859931e+00
-1.293209948273457144e+00
-1.295106045696286401e+00
-1.293036626216931717e+00
-1.291575379603792095e+00
-1.294424482483853112e+00
-1.297692499901477170e+00
-1.300028079166334116e+00
-1.301971265440512671e+00
-1.303342537974478743e+00
-1.299549992850260072e+00
-1.288008320751368396e+00
-1.279970418652326192e+00
-1.282701799439103230e+00
-1.286599023041902878e+00
-1.289626908125445448e+00
-1.292670006440512553e+00
-1.295458657961537696e+00
-1.297388602280566738e+00
-1.294462590767339050e+00
-1.278927549914801176e+00
-1.262458885497348193e+00
-1.266094027026283264e+00
-1.274236888390447353e+00
-1.280513668885300493e+00
-1.285145979869570576e+00
-1.288818070551075223e+00
-1.291389216131263451e+00
-1.292405861606948481e+00
-1.292384645479409455e+00
-1.292031088744029832e+00
-1.291224520953457855e+00
-1.290174518179293628e+00
-1.288969595196501450e+00
-1.287580966451040032e+00
-1.286286121261621229e+00
-1.285358660142758236e+00
-1.284728301967719588e+00
-1.284368943944391717e+00
-1.284194293919135088e+00
-1.284078874453381536e+00
-1.284249675660779300e+00
-1.284467115595439246e+00
-1.284421357069138514e+00
-1.284238770461475720e+00
-1.284050953695571540e+00
-1.283801274403491233e+00
-1.283476281259342544e+00
