-9.977667640187428688e-01
-9.990893550570998372e-01
-1.003936288164128943e+00
-9.736389898681052646e-01
-9.917556630000592399e-01
-9.873050867746062664e-01
-9.979546975143884779e-01
-9.987396879903505109e-01
-1.000153512609566198e+00
-1.002383196296634527e+00
-1.005478550587163733e+00
-1.009519898767415880e+00
-1.012994000913289394e+00
-1.015596746285423846e+00
-1.019470019866171473e+00
-1.025058402855649309e+00
-1.032560299282080596e+00
-1.042044747394912374e+00
-1.053627554913514341e+00
-1.068398700667908319e+00
-1.086305260733675837e+00
-1.114869823588620967e+00
-1.170634189156538385e+00
-1.239685079328802342e+00
-1.318511297199919774e+00
-1.499863911615952228e+00
-1.412791470535532889e+00
-1.253559866002740719e+00
-1.222617685052491909e+00
-1.233597793166919310e+00
-1.277998424173349079e+00
-1.419017020097141257e+00
-1.861758603128800704e+00
-1.076853945090735953e+00
-1.015305108822935898e+00
-1.009739738999005043e+00
-1.011211799851817306e+00
-1.013632618938800967e+00
-1.016700895088669121e+00
-1.020175169433133799e+00
-1.022430398046698441e+00
-1.024765543031483483e+00
-1.028785376611036639e+00
-1.035657826534931436e+00
-1.047092470561266975e+00
-1.064449902082196031e+00
-1.078843018338442095e+00
-1.083590937248602781e+00
-1.091048584033180724e+00
-1.107549768975403470e+00
-1.137511969053230931e+00
-1.183375833457002813e+00
-1.182385766533618821e+00
-1.090779207427912345e+00
-1.063167880973614032e+00
-1.066889995688931503e+00
-1.080939353642289102e+00
-1.099428482522133876e+00
-1.118168455524221727e+00
-1.146828343227276559e+00
-1.195641921391811469e+00
-1.271821438869613852e+00
-1.272709233833762443e+00
-1.197197649362978789e+00
-1.182714005920874278e+00
-1.234310206489145356e+00
-1.390896067078878584e+00
-2.174477965751781650e+00
2.745824884570848834e-01
-5.476147901807766338e-01
-6.435178282715563469e-01
-6.502742173769748835e-01
-6.931064537989963803e-01
-7.454507458989584334e-01
-7.751192730149534249e-01
-7.929932120931380002e-01
-8.144649591092597563e-01
-8.377958176079588481e-01
-8.500509706163233981e-01
-8.447489286721532320e-01
-8.409644375579434783e-01
-8.493874756795768421e-01
-8.527450309810774565e-01
-8.522655999116142134e-01
-8.583058192097858807e-01
-8.688538272534646056e-01
-8.830529991436985027e-01
-8.979229744431034277e-01
-9.082473081505108015e-01
-9.163153314556926610e-01
-9.234519496808453187e-01
-9.294505063180356075e-01
-9.332941773666247887e-01
-9.349068646004051741e-01
-9.369915448787025092e-01
-9.408989664409040943e-01
-9.454097127985218174e-01
-9.501595938388087692e-01
-9.552624959348958722e-01
-9.596576914801091540e-01
-9.630240061275983088e-01
-9.655995953543345944e-01
-9.674835134091579469e-01
-9.691740689793701957e-01
-9.707192453056576742e-01
-9.725009003008039388e-01
-9.750780291453942095e-01
-9.781810037710051420e-01
-9.816592832445905081e-01
-9.848965903214276230e-01
-9.874032832720807118e-01
-9.892385301908626083e-01
-9.907146514901368217e-01
-9.904488495530308079e-01
-5.862320203909948679e-01
-1.005230832139629937e+00
-1.005712993978712610e+00
-1.009451208008905310e+00
-1.013262148717825273e+00
-1.013608254566879863e+00
-1.016678354839486653e+00
-1.031822486829833352e+00
-1.162194850545851255e+00
-9.066671913556528795e-01
-9.513303121457308276e-01
-9.471768814269166947e-01
-9.454181054485022440e-01
-9.710280612220356655e-01
-9.829863933295335254e-01
-9.887750928564025266e-01
-9.926296255672962809e-01
-9.955064559044837225e-01
-9.978515081886287774e-01
-1.001875886104254043e+00
-1.008529885332742015e+00
-1.006648469871526563e+00
-1.005368129670018096e+00
-1.005317538061782034e+00
-1.005506272690238845e+00
-1.005855806924255580e+00
-1.006551361016220891e+00
-1.009355156760322059e+00
-1.022563972616801209e+00
-1.062905564017693649e+00
-1.046928919649330103e+00
-1.028238214275307261e+00
-1.020436395425091458e+00
-1.017256625085703803e+00
-1.015757984184959106e+00
-1.014919209578293735e+00
-1.014951160463979818e+00
-1.015653520580761082e+00
-1.016733433180739388e+00
-1.018243703943533696e+00
-1.019934236712088271e+00
-1.021763110438800748e+00
-1.023807640835175281e+00
-1.025751832946479203e+00
-1.027245902342713846e+00
-1.028299682814560079e+00
-1.029073434649063756e+00
-1.029731953939788003e+00
-1.030409135666770393e+00
-1.030813325044664719e+00
-1.031123622688587149e+00
-1.031586371216034914e+00
-1.032083469855220148e+00
-1.032608911819420161e+00
-1.033239266719131022e+00
-1.033986751854681030e+00
