-1.433118850978832182e+00
-1.589087214884988830e+00
-1.539770065301377944e+00
-1.477528621370992390e+00
-1.587233345105917293e+00
-1.530723946507991151e+00
-1.599928940841931491e+00
-1.660788117666825991e+00
-1.521188183430494778e+00
-1.394243818200933571e+00
-1.347000059807206496e+00
-1.623070094757999904e+00
-1.614281824639036245e+00
-1.672417539483737503e+00
-1.706243320442806910e+00
-1.848384219518655947e+00
-1.754534823143820477e+00
-1.740735317944994698e+00
-1.752422345609336407e+00
-1.784101073132585036e+00
-1.815401941769970273e+00
-1.834355872962480483e+00
-1.844068820775608630e+00
-1.911728242170918080e+00
-1.883220281754298009e+00
-1.779293671517183206e+00
-1.901680655409120124e+00
-1.876057729449850164e+00
-1.951289572764489444e+00
-2.031599761903033041e+00
-2.024000005798280988e+00
-2.070926441231227599e+00
-1.973071801430523076e+00
-1.977670837485943967e+00
-1.884054339605293338e+00
-1.852977394587698834e+00
-1.842298368875596726e+00
-1.651345153578495539e+00
-1.399953753948251167e+00
-1.421902364063388324e+00
-1.429521828569811914e+00
-1.420717287432167186e+00
-1.462644591796308235e+00
-1.275908871523274257e+00
-1.227900478142765373e+00
-1.255907749113965632e+00
-1.399771280058162315e+00
-1.424713640877419918e+00
-1.441951528211313116e+00
-1.458688356661144825e+00
-1.494970328011020033e+00
-1.418296706848785949e+00
-1.285055723128844418e+00
-1.204281795299158020e+00
-1.351333312232099626e+00
-1.220873954576597420e+00
-1.205867981039271397e+00
-1.183058682176533871e+00
-1.552760090428502604e+00
-1.627316699093362296e+00
-1.600797707810695414e+00
-1.626411114293248472e+00
-1.661519839816824273e+00
-1.640828965944029383e+00
-1.461000437224450055e+00
-1.504399689854682087e+00
-1.637881147781094393e+00
-1.650053078014069197e+00
-1.672418640726531125e+00
-1.990025479043297851e+00
-2.013691532725065514e+00
-1.948470217799096016e+00
-1.890184867004557123e+00
-2.032477255926493864e+00
-2.220141606545660284e+00
-2.296468970124766695e+00
-2.485953374560795126e+00
-2.560438640559516976e+00
-2.576604918154548507e+00
-2.277071108624125539e+00
-2.307529382876962298e+00
-2.371510793966979058e+00
-2.543634720631102741e+00
-2.553389631972784013e+00
-2.632930118992266699e+00
-2.683952279135764840e+00
-2.702144979199088137e+00
-2.680665239486310636e+00
-2.766928667649412699e+00
-2.694732796649960349e+00
-2.504866468980129657e+00
-2.534739804848944456e+00
-2.568233461900887526e+00
-2.496770714706937788e+00
-2.711096334539033759e+00
-2.705042673218159610e+00
-2.816909545148281513e+00
-2.550424841761094186e+00
-2.696673266158503779e+00
-2.666182955222816009e+00
-2.740531996223338762e+00
-2.841406555277098178e+00
-2.759896975628044924e+00
-2.898406742254037383e+00
-2.843968897443042820e+00
-2.690361761745426961e+00
-2.494343558829106300e+00
-2.569019537886038762e+00
-2.615582324327612174e+00
-2.443054875874430376e+00
-2.550754048084211689e+00
-2.586548989671863641e+00
-2.689839469399216032e+00
-2.710847285866006651e+00
-2.776922789643376355e+00
-2.386141229901065142e+00
-2.093154453621028477e+00
-2.045073675328010321e+00
