-1.343329979377681750e-06
-7.303000932912887847e-06
-5.593129393648964535e-06
2.682945900638866033e-05
8.759983098454134976e-05
1.656790729161692884e-04
1.237452292059505537e-04
-5.013311941501494501e-04
-1.884803824003093622e-03
-3.598667046418451820e-03
-5.297831127387520045e-03
-6.846327178431371382e-03
-8.249312679908136700e-03
-9.636047555186620650e-03
-1.098652857473731217e-02
-1.223994616741487691e-02
-1.335903432096972356e-02
-1.433696386966164596e-02
-1.517913047675993263e-02
-1.589487372867749021e-02
-1.649212015627706668e-02
-1.698127493779589756e-02
-1.734932706781320763e-02
-1.760976285747936632e-02
-1.779066230294169132e-02
-1.789673559582308573e-02
-1.794396466096719045e-02
-1.799399058624588307e-02
-1.804580873899256158e-02
-1.807498494438079459e-02
-1.806526349768734774e-02
-1.800056025380443805e-02
-1.786894165027023279e-02
-1.780775516387837071e-02
-1.858004909938210450e-02
-2.101770586313625455e-02
-2.423644187736275629e-02
-2.764878873595450273e-02
-3.113378467913645309e-02
-3.453878048979515392e-02
-3.793271722952160085e-02
-4.140991933760676535e-02
-4.484676186819555599e-02
-4.807614979498646413e-02
-5.091648335922666080e-02
-5.329012924395281486e-02
-5.525423211694772962e-02
-5.704370235509743231e-02
-5.871021027712437779e-02
-6.019543640256104500e-02
-6.142337264150634496e-02
-6.237287118840765393e-02
-6.311508780598228119e-02
-6.402304498980800063e-02
-6.556991714784630998e-02
-6.730607638282477823e-02
-6.887438060066973511e-02
-7.016284118105019230e-02
-7.120981457968030004e-02
-7.203147967402299956e-02
-7.258912326048400088e-02
-7.288381024506779271e-02
-7.298635139936648919e-02
-7.311748724370732699e-02
-7.332680926051536596e-02
-7.343191513007364668e-02
-7.330354569346372862e-02
-7.289871279567616824e-02
-7.220847384548113868e-02
-7.124204679659251749e-02
-7.006418793575212856e-02
-6.878895031380316549e-02
-6.743518268201262322e-02
-6.596165822927063660e-02
-6.435810955912336928e-02
-6.265489256112734273e-02
-6.085404509562336584e-02
-5.893127381651284968e-02
-5.688334093574359818e-02
-5.477647612709520691e-02
-5.266752530426700024e-02
-5.051538806121736586e-02
-4.832359451809124101e-02
-4.613404050485344493e-02
-4.393710102968016729e-02
-4.169101455138558843e-02
-3.936734292878605462e-02
-3.692031245213165530e-02
-3.434438641299718958e-02
-3.166673464677173533e-02
-2.888187101115708214e-02
-2.599112656306440741e-02
-2.300666429200680374e-02
-1.997356411866397369e-02
-1.691593125599179237e-02
-1.381803537359156848e-02
-1.066677932414099479e-02
-7.455713551402825406e-03
-4.155630619255442498e-03
-7.511559111430202856e-04
2.730041268982803804e-03
6.264044449782789001e-03
9.817095070078869432e-03
1.336384424687144662e-02
1.689827099888072809e-02
2.041084156491479104e-02
2.393816786915028971e-02
2.752871320264883501e-02
3.122663596418337809e-02
3.506715706219797057e-02
3.901836673976553233e-02
4.298887748575779683e-02
4.686970868576013222e-02
5.051011444430367203e-02
5.348444816553653280e-02
5.556794161441474394e-02
5.716317618619380647e-02
5.865577559595538948e-02
6.019641648523629124e-02
6.167806204151828064e-02
6.306002950861544498e-02
6.457118230765308831e-02
6.638698733876398361e-02
6.853158038730576551e-02
7.092530285170081661e-02
7.343850003175082797e-02
7.591776759909837913e-02
7.854682634271928365e-02
8.149736037026460156e-02
8.480050274198419613e-02
8.846624247679520103e-02
9.252100416958805584e-02
9.680817621563156394e-02
1.007100041372770427e-01
1.040340168664659337e-01
1.073151011962191620e-01
1.108711853245891304e-01
1.147373889317549328e-01
1.189593050414013836e-01
1.236017950330623311e-01
1.286968162708236885e-01
1.340749560249887840e-01
1.390079748990035724e-01
1.428971248351921797e-01
1.465266660515242569e-01
1.504522098995764445e-01
1.548444940877403420e-01
1.597262104428227858e-01
1.651048717119683873e-01
1.710018770637849739e-01
1.774012543559607136e-01
1.842004543953501827e-01
1.913418966132184595e-01
1.987629269425788547e-01
2.063965572656162872e-01
2.142124321177649449e-01
2.221641649160551457e-01
2.302257813391707930e-01
2.384173862539614719e-01
2.467838390748905708e-01
2.553597002396899018e-01
2.641799325503703666e-01
2.732561586202264525e-01
2.826105012261121430e-01
2.922929131454691798e-01
3.023021850650968179e-01
3.126300859309105729e-01
3.232511166026023064e-01
3.341470113017275811e-01
3.453094338236718519e-01
3.567427244679173826e-01
3.684589569490824279e-01
3.804692118913658438e-01
3.927820141366855089e-01
4.053956242940356391e-01
4.182983350326727190e-01
4.314701639967700730e-01
4.448898482957531764e-01
4.585394422669316072e-01
4.724084795323676422e-01
4.864869764295106647e-01
5.007695917442082090e-01
5.152575294567317554e-01
5.299594482594868206e-01
5.448940145395236856e-01
5.600826202921967978e-01
5.755321071731466231e-01
5.912460194380027012e-01
6.072152638263125235e-01
6.234323662797749410e-01
6.398817445232470869e-01
6.565478123114277809e-01
6.734201171137166320e-01
6.904968999288484399e-01
7.077823423735066788e-01
7.252873752742020619e-01
7.430313018516340184e-01
7.610286065564728641e-01
7.792889926775465881e-01
7.978072065415203751e-01
8.165633150613825775e-01
8.355327797228651043e-01
8.546977503026559342e-01
8.740443250969989197e-01
8.935635746635673948e-01
9.132562206332971444e-01
9.331318471618561539e-01
9.531995770822836445e-01
9.734570587553881271e-01
9.939004806994661267e-01
1.014523151565765779e+00
1.035308081984529283e+00
1.056238317592920195e+00
1.077301145416334593e+00
1.098489978190606786e+00
1.119802036892544317e+00
1.141240892748917490e+00
1.162819628231748226e+00
1.184549196418447359e+00
1.206431487784130230e+00
1.228456861387325683e+00
1.250609258834151305e+00
1.272871727789642859e+00
1.295233539414830659e+00
1.317686585587147352e+00
1.340222623247646849e+00
1.362836440687414497e+00
1.385524734500926280e+00
1.408290299705605042e+00
1.431141415898587788e+00
1.454086087348312128e+00
1.477127281039689377e+00
1.500260940034381152e+00
1.523478989744861956e+00
1.546768501565939147e+00
1.570117720174001530e+00
1.593511083740682066e+00
1.616938184041903703e+00
1.640395372175767807e+00
1.663882885509750720e+00
1.687408427544734302e+00
1.710983473331138649e+00
1.734614903019437548e+00
1.758305664649587596e+00
1.782041072277668725e+00
1.805799388476736045e+00
1.829561559730387366e+00
1.853311174138634776e+00
1.877038992493242020e+00
1.900739984279801842e+00
1.924417845612328204e+00
