-1.308298861153833710e-06
-6.890267976548436681e-06
-4.524954143409881861e-06
2.691846326520909422e-05
8.256424941177613493e-05
1.500000398329873457e-04
9.566057637851684329e-05
-5.115248266094323416e-04
-1.786848325156988743e-03
-3.268629248451364842e-03
-4.624238604063251809e-03
-5.748585986769146061e-03
-6.677404627439011836e-03
-7.556921965600592837e-03
-8.375018901619617206e-03
-9.082192294054587320e-03
-9.654838298752107043e-03
-1.009901029679917926e-02
-1.043038220430892934e-02
-1.066581874177656257e-02
-1.081854903702669096e-02
-1.090225123823513817e-02
-1.090676743398933876e-02
-1.084810465220491064e-02
-1.075411904660092399e-02
-1.062778408846030802e-02
-1.048323056722671488e-02
-1.037661273501415057e-02
-1.029937417628951773e-02
-1.022270863346392937e-02
-1.012871560387646093e-02
-1.000138564192798452e-02
-9.830231530882053634e-03
-9.750539068049889416e-03
-1.048438615865290163e-02
-1.274444445594519193e-02
-1.555561652923007944e-02
-1.833822352197986977e-02
-2.100411119085075079e-02
-2.343878741887689063e-02
-2.574671807748120378e-02
-2.804056499247367662e-02
-3.021303541824002514e-02
-3.212462169679307367e-02
-3.363218524639636359e-02
-3.470127164416127175e-02
-3.542508023342891971e-02
-3.605252449327007308e-02
-3.663204495052305165e-02
-3.710440472600324419e-02
-3.739956010298296080e-02
-3.750575028294093199e-02
-3.750007389833305560e-02
-3.774135751079552709e-02
-3.864573429861979659e-02
-3.971728604337867313e-02
-4.060561733883409630e-02
-4.122394227529804084e-02
-4.163304517934159066e-02
-4.186358398129939873e-02
-4.189006929666828916e-02
-4.172626460920796088e-02
-4.145051106562631232e-02
-4.127526377070783736e-02
-4.122902028968394167e-02
-4.112015805204517066e-02
-4.082775271561071839e-02
-4.032279300747365625e-02
-3.960954231632490830e-02
-3.870787382148065114e-02
-3.768799143918320077e-02
-3.665936531183295460e-02
-3.563055986240285661e-02
-3.455391781186151201e-02
-3.341678094882316596e-02
-3.224624520128774319e-02
-3.103990377273483162e-02
-2.977116608285774665e-02
-2.843663820039966234e-02
-2.709943788617622668e-02
-2.580729452296757695e-02
-2.451146012533873125e-02
-2.321186847085089655e-02
-2.194473772802164532e-02
-2.069409123908373324e-02
-1.941590582277963328e-02
-1.808307967003245503e-02
-1.665433537400608580e-02
-1.513043270380097158e-02
-1.354209343468091090e-02
-1.188561365769582115e-02
-1.016419327047684944e-02
-8.390953972716577031e-03
-6.609011894569005383e-03
-4.837324014955545967e-03
-3.055847768413685536e-03
-1.249608487952425353e-03
5.886771057468452150e-04
2.487272585646771103e-03
4.458374412668860212e-03
6.472523527477817493e-03
8.506910521837950795e-03
1.053122411583273105e-02
1.252579626021316575e-02
1.449042943161569716e-02
1.642111333390168862e-02
1.835776711998333977e-02
2.034728356028393803e-02
2.242838577001129291e-02
2.462805737123644270e-02
2.690743004887945558e-02
2.917545783959264033e-02
3.133305214028071078e-02
3.324774401195852713e-02
3.453542729946983136e-02
3.503937490598425797e-02
3.520669787436300074e-02
3.541832309072360380e-02
3.579655484154822126e-02
3.621094190094931858e-02
3.661153029296008304e-02
3.721005058524997494e-02
3.814754131223022787e-02
3.941169158626087188e-02
4.089683763140133238e-02
4.246181816162317851e-02
4.395891233388534575e-02
4.557504684356189495e-02
4.746531953082922667e-02
4.963892162680352133e-02
5.208727175086990541e-02
5.481993439637285193e-02
5.766983419222494744e-02
6.004880212752318480e-02
6.183173419376460089e-02
6.358729490991868460e-02
6.561642739505574307e-02
6.792722574017369397e-02
7.054125217752338362e-02
7.349854199064798088e-02
7.680632385038915766e-02
8.027924276214803978e-02
8.321731674660258482e-02
8.511607197726664409e-02
8.682370189956083173e-02
8.887573458642687718e-02
9.139699775077057831e-02
9.436603725067187198e-02
9.775417786167062140e-02
1.015523024798413165e-01
1.057190710447232784e-01
1.101375337196905668e-01
1.147463179430572994e-01
1.194847057909511068e-01
1.242935772930790772e-01
1.291532260588728331e-01
1.340291730773046641e-01
1.389087068590821594e-01
1.438228325541582031e-01
1.488218969296770389e-01
1.539412281962728168e-01
1.592132303949617134e-01
1.646453530124664666e-01
1.702552360392049768e-01
1.760855585180941263e-01
1.821269363837491051e-01
1.883653028265819818e-01
1.947720150778576298e-01
2.013284601912640748e-01
2.080272295148092310e-01
2.148736087361975688e-01
2.218796290706553653e-01
2.290552771296755774e-01
2.364073054843892074e-01
2.439322454607780466e-01
2.516176673088905136e-01
2.594445236003750099e-01
2.673942572502728265e-01
2.754529465494421903e-01
2.836146509123647630e-01
2.918739550387730586e-01
3.002299463280429515e-01
3.086875928372867506e-01
3.172581588975378342e-01
3.259611750614037073e-01
3.348167881755323982e-01
3.438295850370252649e-01
3.530008708012603580e-01
3.623200525850562848e-01
3.717792672531544107e-01
3.813636590157654660e-01
3.910597461584222612e-01
4.008599961597004158e-01
4.107655658254861786e-01
4.207828607536232557e-01
4.309239550058273083e-01
4.412076479111358696e-01
4.516464501603894011e-01
4.622473824381293506e-01
4.730028112909240856e-01
4.838921272420781405e-01
4.948924011044838478e-01
5.059890505970023877e-01
5.171722326603980235e-01
5.284373635469905572e-01
5.397890605748916215e-01
5.512395412637672854e-01
5.627991069494271414e-01
5.744660771726932680e-01
5.862375504175650898e-01
5.981079980119814454e-01
6.100624834279835262e-01
6.220873410988659868e-01
6.341738771499915162e-01
6.463196154024570816e-01
6.585255050922801390e-01
6.707981241884333201e-01
6.831521801607032263e-01
6.955987634074837223e-01
7.081392808269499906e-01
7.207640952726195316e-01
7.334583855337415415e-01
7.462077633550581179e-01
7.590048416679252563e-01
7.718450175507489686e-01
7.847236281489184950e-01
7.976389646147873380e-01
8.105909380554493504e-01
8.235849756576802960e-01
8.366309363644224284e-01
8.497373143283201147e-01
8.629069534631477190e-01
8.761357747119110639e-01
8.894162531771077074e-01
9.027368961876842679e-01
9.160882311924307686e-01
9.294577851859312512e-01
9.428388782468434259e-01
9.562314670239685510e-01
9.696388418823980171e-01
9.830708070026356049e-01
9.965395807777153170e-01
1.010051798062304718e+00
1.023609713746641559e+00
1.037198605360488912e+00
1.050798494775531999e+00
1.064393618947794495e+00
1.077971836324646215e+00
1.091528502757228569e+00
1.105062920257138481e+00
1.118582338589115377e+00
