2.769635965475938238e-03
7.555786418596977493e-03
1.398750654206312727e-02
2.041657560530617602e-02
2.537666745079429978e-02
2.551219628159847805e-02
-2.910791067112030936e-02
-1.400561064402136846e-01
-1.977951324450633874e-01
-1.739002083357923945e-01
-1.249715056117293999e-01
-7.938652040057062043e-02
-6.178617543549923263e-02
-5.912375531597481582e-02
-4.719471350063878662e-02
-2.913353462457875936e-02
-1.127756605406423501e-02
3.426126469984205891e-03
1.550572787336890364e-02
2.519913536711233457e-02
3.213619804702151639e-02
3.977091061828259833e-02
4.751544369923560440e-02
5.117877222642620155e-02
5.361696647479199246e-02
5.680240566784561240e-02
5.242833838763149429e-02
4.477283853567072536e-02
4.341920441700657107e-02
4.667946594965505930e-02
5.278778010290495482e-02
6.105144917702998164e-02
6.838303933001199653e-02
9.961779766771670930e-03
-2.136530662094545674e-01
-3.705171444036142736e-01
-3.460502406805953113e-01
-2.991152561753492867e-01
-2.467568787151141751e-01
-2.015326485025468739e-01
-1.915497702427943483e-01
-1.819340123939039711e-01
-1.506665006502544979e-01
-9.813111476315605763e-02
-3.438646673828262001e-02
2.166879733880729131e-02
3.863134131496795409e-02
2.967202546757915366e-02
3.134010334235461798e-02
4.933712122604982930e-02
7.536161443501451784e-02
9.797987321621563772e-02
8.885633151141064667e-02
-9.094486288737824164e-03
-7.854225173007309269e-02
-4.864380762846969020e-02
6.585860964082188018e-03
5.323895639171568467e-02
8.353084598340532185e-02
1.121810850303819052e-01
1.418691120011045248e-01
1.649327354810341539e-01
1.578692844579669408e-01
1.278184205629224468e-01
1.219590016868858651e-01
1.455901336750913266e-01
1.779468140406068044e-01
2.101983746819094390e-01
2.388538795121612490e-01
2.562657936241238277e-01
2.552267100115490073e-01
2.438643047616553261e-01
2.396638896217337944e-01
2.471717215296489467e-01
2.534395316041355706e-01
2.560928180779344365e-01
2.633267180813629316e-01
2.762817315621459713e-01
2.838712303387893043e-01
2.799266145850806686e-01
2.792020703581354346e-01
2.808460184472232890e-01
2.726989605898586522e-01
2.636918592897710689e-01
2.665535409143291457e-01
2.778368357137132594e-01
2.964331827796003460e-01
3.195047464504353063e-01
3.336392577508512369e-01
3.443142011010946191e-01
3.585748690390935245e-01
3.726267287897556124e-01
3.812096050801493385e-01
3.831538994741319204e-01
3.853768427878480618e-01
3.872343794757205360e-01
3.870165943562059452e-01
3.931646674411594100e-01
4.077452464711004421e-01
4.178851820593112998e-01
4.234750040230659818e-01
4.268262674184327699e-01
4.261281711739343669e-01
4.265668975598700396e-01
4.268278227225569266e-01
4.319921595765150446e-01
4.484537840365409589e-01
4.724481241499685069e-01
4.994413067309237952e-01
5.224099333494094388e-01
5.336248143142798828e-01
5.292493442335293174e-01
5.139761875681325698e-01
4.565321964293187484e-01
3.437041767358407496e-01
2.756899171138900706e-01
2.946527864663118224e-01
3.491528383880846409e-01
3.880446648726817438e-01
3.962219766096546358e-01
4.235032626476007978e-01
4.842764590021957916e-01
5.488050587683795944e-01
5.959566728062672958e-01
6.186473635344582611e-01
6.059822646072922092e-01
6.039746287315135298e-01
6.438530022108005513e-01
6.908697261276616208e-01
7.316219375470984776e-01
7.713398262222193047e-01
8.052830756717571647e-01
7.637338418398460504e-01
6.466536743482638183e-01
5.994580183395864514e-01
6.459922245481410918e-01
7.009202728025186735e-01
7.490470815998843124e-01
8.004779264502804859e-01
8.519015750993109704e-01
8.949331227693153590e-01
8.663771785765495004e-01
6.982771103270725144e-01
5.939972061212500654e-01
6.486751410685374086e-01
7.346704118864416655e-01
8.073238842207227650e-01
8.723722196048691035e-01
9.338338711851709162e-01
9.803493039184461022e-01
1.002965380291207964e+00
1.012436443474553638e+00
1.022523578291979707e+00
1.030027945642691511e+00
1.035711613213222027e+00
1.040595281639338898e+00
1.044618269599214999e+00
1.050234841383931972e+00
1.059983570168970157e+00
1.072048804619021967e+00
1.087890225050402782e+00
1.107057837134608924e+00
1.128047661344767860e+00
1.153289185538378891e+00
1.178464968702680693e+00
1.198233479613973973e+00
1.214893456115087922e+00
1.232399881357462590e+00
1.250085525081575888e+00
1.267718718905833652e+00
