-2.074207482866856963e-03
-4.285847758970709812e-03
-1.873429003178818993e-03
1.755929667468208999e-03
3.475663531441000945e-03
8.555817240568589638e-04
-5.558166258030761836e-02
-1.689647595321764895e-01
-2.297192146132496782e-01
-2.083638130178108450e-01
-1.613459007671118328e-01
-1.169754976124649237e-01
-9.999839739714846965e-02
-9.754690966976797828e-02
-8.565964370335703293e-02
-6.857070518253027824e-02
-5.183567003857141031e-02
-3.837319692378413777e-02
-2.853092507004426764e-02
-2.078078604331206128e-02
-1.553411909436672525e-02
-9.275405293372548932e-03
-2.161714803420252545e-03
4.287245066553679526e-05
1.138666370677449222e-04
1.669518200413345251e-03
-4.052894350317694586e-03
-1.348769826495954324e-02
-1.665741591666810087e-02
-1.572454029193403116e-02
-1.256815058543150725e-02
-7.128774040715714702e-03
-2.209203642292627799e-03
-6.263354572966298162e-02
-2.891358404380590108e-01
-4.505011670437150118e-01
-4.296575216285551946e-01
-3.855362291940219177e-01
-3.369464048903418885e-01
-2.949766022558074630e-01
-2.879268850382568634e-01
-2.811319101065357651e-01
-2.514478401154813803e-01
-1.999595976141979314e-01
-1.380255356659364496e-01
-8.417932820641596536e-02
-6.884544407698314772e-02
-8.020125114765891405e-02
-8.195793813940389916e-02
-6.877918864864476789e-02
-4.834210092263797887e-02
-3.056412931840437122e-02
-4.387457584917934389e-02
-1.466900732870378421e-01
-2.225851724681687793e-01
-1.997762651695647595e-01
-1.515399257605804795e-01
-1.133427783748308382e-01
-9.057844002543945228e-02
-6.722204230340896036e-02
-4.365296129891502175e-02
-2.581587236822641129e-02
-3.659344232775722794e-02
-7.149024876079329571e-02
-8.065175124612965207e-02
-5.700287013034734118e-02
-2.589289041519522716e-02
2.230196614375554165e-03
2.667565737515692134e-02
4.505534391291822482e-02
4.545476029271658391e-02
3.717266296831085032e-02
3.845312761212877489e-02
4.561551458511881041e-02
4.938025241648558161e-02
5.083614108460412367e-02
5.604199008036150897e-02
6.483097850834075582e-02
6.744290289636820090e-02
5.712267246912001994e-02
5.088871362885881433e-02
5.432809397953432956e-02
5.368699874794424093e-02
5.057873331098870079e-02
5.311152184468537207e-02
5.941191022842211289e-02
7.014213659289167402e-02
8.354189845365873890e-02
9.224255534412963142e-02
9.874339931432377093e-02
1.048244322589399202e-01
1.096244146954169912e-01
1.093240603665471267e-01
1.034923189078695432e-01
1.005816561322201985e-01
1.041949177100435359e-01
1.101648932726205510e-01
1.177593697260202049e-01
1.280530981952304193e-01
1.357648006089871573e-01
1.382682684330339418e-01
1.362260534064144435e-01
1.299951435326388294e-01
1.235379535203721402e-01
1.167479639147852855e-01
1.129113125168109688e-01
1.163374677195592177e-01
1.251234843976130884e-01
1.400030573267066480e-01
1.536380008483320680e-01
1.540105709134567957e-01
1.369880188374688335e-01
1.100284356542394482e-01
3.939158483566171376e-02
-8.722479556544524004e-02
-1.678846246360993777e-01
-1.614701943084810576e-01
-1.189494928890943992e-01
-9.198389969866790916e-02
-9.553863181789806758e-02
-8.241346122004508667e-02
-3.581781406538978030e-02
1.421646786206152285e-02
4.663346582185864952e-02
5.904521202257261014e-02
4.121586497099424817e-02
3.227889757191688969e-02
6.291274386526939100e-02
1.024735159190665879e-01
1.361089290482521974e-01
1.697564165659694313e-01
2.019063914304867757e-01
1.586878444975627633e-01
4.243243030295892892e-02
-2.428968790537062994e-03
4.347794048392349814e-02
9.749485039789006213e-02
1.422864627287403205e-01
1.889632888956422618e-01
2.378875219157201015e-01
2.786597229428956490e-01
2.411816526073086164e-01
7.056654958802899280e-02
-2.860271168634891115e-02
2.521704797647666280e-02
1.125623322698863227e-01
1.929502870497697420e-01
2.555981482088991452e-01
3.089886689163808819e-01
3.616944188712927222e-01
3.996349080061384340e-01
4.215641560252718079e-01
4.341284827508931077e-01
4.351502337334597348e-01
4.333879274598670950e-01
4.300279123161115935e-01
4.232232202368396146e-01
4.213249208650648447e-01
4.310539670437644744e-01
4.502071562075023459e-01
4.745395781401219870e-01
5.003531903756316401e-01
5.248521715558720491e-01
5.560420069728024828e-01
5.893764860297771024e-01
6.187839803820862628e-01
6.477493084606762430e-01
6.765598706347497604e-01
7.028791052629317360e-01
7.264347559449118030e-01
