-2.632669875258790704e+00
-2.629012509267052433e+00
-2.627397628721518608e+00
-2.622987360748195051e+00
-2.617128774511156664e+00
-2.605101931112808522e+00
-2.645952531073604952e+00
-2.632582890220513505e+00
-2.624587102807323991e+00
-2.612373204017898853e+00
-2.592090531033918843e+00
-2.557574628214887902e+00
-2.529538717402278980e+00
-2.517468608477108294e+00
-2.484247598271133839e+00
-2.410238485631722938e+00
-2.243988436448828061e+00
-1.748780725490405974e+00
1.760884040462618927e+01
-3.874774487532747891e+00
-3.341616302303374031e+00
-3.097951377637604864e+00
-2.966826416140562195e+00
-2.926555721656109554e+00
-2.904959219396711756e+00
-2.875619713696647928e+00
-2.908182705133731449e+00
-3.014903018424398340e+00
-3.046080330528515123e+00
-2.983856431605214521e+00
-2.903268693671528844e+00
-2.833659879727552955e+00
-2.791333742379495941e+00
-2.381148334179618242e+00
-2.608613755809225943e+00
-2.610670296393075240e+00
-2.598519369631348219e+00
-2.582558288854307271e+00
-2.561702833355720355e+00
-2.537157194304285213e+00
-2.524338675655270592e+00
-2.510780920801151339e+00
-2.479993337288027178e+00
-2.407054525926574318e+00
-2.184939509852621420e+00
-4.579908299430112684e-01
8.441162706839858743e+01
-1.927768747333482580e-01
-3.562850081145945147e-01
-1.686985432138956753e+01
-3.820490529712606165e+00
-3.288147573816242009e+00
-3.510395097903650008e+00
-2.218506358204187734e+00
-2.423265298512903954e+00
-2.355776675806882103e+00
-2.074130785728524273e+00
-1.482753991888366984e-01
-4.919090360724622357e+00
-3.423091616399311921e+00
-3.098220471032671952e+00
-2.980414017870184562e+00
-3.013469189969488315e+00
-3.292464239020385985e+00
-3.409686916743219331e+00
-3.084005155843873247e+00
-2.917580908286650399e+00
-2.837969920589265449e+00
-2.792336689507372682e+00
-2.766254055315679139e+00
-2.756902595342701101e+00
-2.754784406309730649e+00
-2.746110542298706658e+00
-2.730883065478154847e+00
-2.717756689525518077e+00
-2.706635136693174459e+00
-2.694089114470045843e+00
-2.680768087519024956e+00
-2.669586384896259101e+00
-2.660701191331509285e+00
-2.651223314958444544e+00
-2.641220224634716729e+00
-2.631392909414671522e+00
-2.621325245668915116e+00
-2.612050766917312306e+00
-2.603940394244249390e+00
-2.597316622867129610e+00
-2.591607429272891672e+00
-2.584544248355434171e+00
-2.577131359296357171e+00
-2.570421967427604759e+00
-2.563739462227306198e+00
-2.555675347691711785e+00
-2.545806195504807690e+00
-2.536544305645162645e+00
-2.528350711071363222e+00
-2.520169357789532771e+00
-2.514107941306881866e+00
-2.510780301831734729e+00
-2.505661765375715611e+00
-2.498468550496237839e+00
-2.489868009038961993e+00
-2.479278979422055329e+00
-2.469048708081577725e+00
-2.458655765305346907e+00
-2.450941292260341520e+00
-2.449378323148173386e+00
-2.451366559298548076e+00
-2.454809937875446213e+00
-2.455711790962643803e+00
-2.449992720179404948e+00
-2.435711552470558150e+00
-2.414538483775609201e+00
-2.352882363769785101e+00
-2.120497884217918738e+00
-1.664084698037143095e+00
-1.834038755343568194e+00
-2.106829985599121269e+00
-2.199251622753551239e+00
-2.198925704893627042e+00
-2.236942130336664114e+00
-2.312839405433884998e+00
-2.363256699503277325e+00
-2.385046530368755135e+00
-2.387773001798095152e+00
-2.367688223948731796e+00
-2.355339273747810047e+00
-2.373320354682557198e+00
-2.391544393828620940e+00
-2.402451039268723498e+00
-2.410791288058999449e+00
-2.415747551489721978e+00
-2.386820393110371974e+00
-2.299301619115937889e+00
-2.246716748344961712e+00
-2.289541083056197746e+00
-2.326112738217321230e+00
-2.348229440172047155e+00
-2.366690353772881394e+00
-2.381468216787824055e+00
-2.389870925445597649e+00
-2.366480924032496880e+00
-2.245303391714938090e+00
-2.114447440486475038e+00
-2.189796054210568776e+00
-2.268453699236277821e+00
-2.312807932917795739e+00
-2.338872996636550461e+00
-2.356434774199048565e+00
-2.367034645986763941e+00
-2.368633012267028271e+00
-2.364929508744294750e+00
-2.360145877351182087e+00
-2.353246269874463614e+00
-2.345751170748693770e+00
-2.337982690763322324e+00
-2.329600491243084548e+00
-2.322562994316494933e+00
-2.318602806567696462e+00
-2.316741031208631618e+00
-2.316474428263131546e+00
-2.316930572419279244e+00
-2.317294249486077540e+00
-2.319305399822911617e+00
-2.321151258428526987e+00
-2.320989799382063623e+00
-2.319988992168128483e+00
-2.319019670573410963e+00
-2.317630653887077230e+00
-2.315791366464328149e+00
