-6.755604082130786453e-04
-9.051796129962740630e-04
2.780075570110411912e-03
7.743038098005508921e-03
1.111092784408985144e-02
9.922166006047852815e-03
-4.757019312984960002e-02
-1.698571786917605908e-01
-2.459858174519929663e-01
-2.372739386447481058e-01
-1.963095798201219266e-01
-1.522816809597825338e-01
-1.326085186761174761e-01
-1.277312813272200864e-01
-1.133298983996159776e-01
-9.265027070449159685e-02
-7.143730527286862309e-02
-5.303454723672144933e-02
-3.793577019024946262e-02
-2.526345616070085898e-02
-1.553922261298752543e-02
-5.338737121629303500e-03
5.367307658572821258e-03
1.106387240455973531e-02
1.425961338274253296e-02
1.828578505667263418e-02
1.443669256155225879e-02
5.826393581636703234e-03
2.903957263630968164e-03
4.296508739805754082e-03
8.413819212958365684e-03
1.523541822469592563e-02
2.187147857971061607e-02
-3.888208889544490787e-02
-2.779817528608238275e-01
-4.698580331692734369e-01
-4.763319320600385987e-01
-4.491549147582585833e-01
-4.090503778529983592e-01
-3.686828923091292065e-01
-3.604933041287231577e-01
-3.524251365854849105e-01
-3.200617613712719578e-01
-2.628374046101793482e-01
-1.907487471985001570e-01
-1.234854460053513708e-01
-9.440523789997380677e-02
-9.527657758228072482e-02
-8.914901538822928018e-02
-6.864778049598745102e-02
-4.023842811962199950e-02
-1.427448641136867813e-02
-2.054625162468157878e-02
-1.223562605656878244e-01
-2.068600966428790766e-01
-1.911366853207317473e-01
-1.440092099013414173e-01
-1.013487366084695473e-01
-7.199658664112561224e-02
-4.158346624459299812e-02
-9.606965142506786182e-03
1.685203637383998407e-02
1.329851462249165284e-02
-1.790362694504800053e-02
-2.661251279034421158e-02
-2.335143186060085335e-03
3.229663894943279878e-02
6.684657305591018561e-02
9.901569131683338187e-02
1.241122475937188330e-01
1.303134775227275666e-01
1.252032514424117338e-01
1.274842865306721473e-01
1.371393042787163452e-01
1.440740866754124383e-01
1.479448550656008443e-01
1.556370197459917559e-01
1.678472495612273185e-01
1.743562230498482135e-01
1.675233562199267279e-01
1.633189257174052222e-01
1.666338281598085391e-01
1.641449528850416339e-01
1.590875476781972719e-01
1.614103331954701848e-01
1.694901148099624555e-01
1.836700014275352566e-01
2.022166835985274025e-01
2.155414916832876504e-01
2.262925137136122256e-01
2.378635588852047456e-01
2.484577891067344946e-01
2.536272776200546586e-01
2.521401562116097894e-01
2.520159655377694485e-01
2.562034030625294223e-01
2.615367064062019686e-01
2.700596519344825586e-01
2.835253637741096955e-01
2.944040051460784513e-01
3.001579095345897619e-01
3.016357540419833394e-01
2.982418013436164972e-01
2.942694629419349006e-01
2.895274921679452107e-01
2.879506982458472364e-01
2.952214291979472494e-01
3.094667834622526481e-01
3.301234635695883268e-01
3.499016100937274998e-01
3.569960954493277550e-01
3.459133093397672720e-01
3.222706476986674784e-01
2.517817325190256361e-01
1.172580763997968234e-01
2.093115739015291576e-02
1.383472265947826088e-02
4.976899976837710626e-02
7.646176479429790673e-02
7.462938546227167180e-02
9.086286454268029111e-02
1.442716522037131854e-01
2.056309605879086122e-01
2.520246856656767065e-01
2.771187732562815365e-01
2.682680334022195523e-01
2.652149876301044262e-01
3.030247345477424248e-01
3.519006141301285751e-01
3.965692855111648818e-01
4.420055282677992636e-01
4.855151726662735867e-01
4.514148719261956710e-01
3.331305010162330937e-01
2.775651575082410671e-01
3.171041108917516671e-01
3.714517200078401027e-01
4.216639786404488000e-01
4.773915163082644852e-01
5.373884912018647153e-01
5.909673524712576453e-01
5.664053827662293150e-01
3.947911191911787077e-01
2.774170733243919718e-01
3.183796599410948502e-01
4.023726700344342211e-01
4.859186793340293797e-01
5.597779312251781603e-01
6.289169688734793651e-01
6.948922184578939509e-01
7.438421500787182339e-01
7.760906688046329549e-01
8.002290948727287523e-01
8.133688369603263579e-01
8.215563688991561753e-01
8.265989708496185306e-01
8.271997927752200441e-01
8.305115362221395792e-01
8.428156179667828374e-01
8.628203320255134479e-01
8.888624871639796421e-01
9.180506989421631792e-01
9.476152859393695005e-01
9.839652780143588462e-01
1.023042875535131291e+00
1.058935681376041993e+00
1.090944022477160713e+00
1.118410097021586891e+00
1.143958069867314631e+00
1.169661311152111693e+00
1.197439880644387555e+00
1.227402784732852581e+00
1.259043796238015878e+00
1.291107746157459157e+00
1.321785257803022695e+00
1.349710714460238048e+00
1.374457128794996708e+00
1.396577388503539296e+00
1.417500105925549869e+00
1.437887115824153073e+00
1.457947743846216282e+00
1.478683690361336955e+00
1.501019385586823462e+00
1.526194710939661636e+00
1.555404516731144771e+00
1.586578183837719314e+00
1.618161200519919962e+00
1.648715136091589040e+00
1.677625867723274267e+00
1.704757094358978042e+00
1.729341729857902576e+00
1.752273895503693835e+00
1.774978884457410810e+00
1.798697017497787431e+00
1.824096828453090513e+00
1.852565242946697888e+00
1.883906693639308960e+00
1.916981233008109742e+00
1.950084614538056371e+00
1.980476777322691673e+00
2.006804947463766364e+00
2.030079063629292246e+00
2.051690441303775536e+00
2.072301958409952682e+00
2.093206273241328574e+00
2.116013721558011706e+00
2.141351894596321248e+00
2.167418187246241246e+00
2.192897724329362141e+00
2.217995062161426389e+00
2.241313028383215666e+00
2.262057757113901335e+00
2.281063239402341125e+00
2.299424061555271681e+00
2.317951894962402282e+00
2.337193897155785294e+00
2.358620604087458439e+00
2.382650806802641963e+00
2.407832140838906287e+00
2.432158640917488679e+00
2.454204865923512280e+00
2.473615761716337236e+00
2.491316683352850170e+00
2.508388453353884273e+00
2.524830924614042349e+00
2.540926641381029860e+00
2.557018786005300637e+00
2.573659468031112230e+00
2.591877680192894218e+00
2.611889888102188362e+00
2.632961010517159028e+00
2.653803146035350835e+00
2.673621632717868124e+00
2.691694179751531024e+00
2.708100188381338480e+00
2.722706098230596172e+00
2.735640012715759628e+00
2.748337366025034978e+00
2.761487430731510262e+00
2.775881166994639493e+00
2.792530921972211200e+00
2.810793601806112374e+00
2.830008433431397741e+00
2.848095417032904031e+00
2.862706329912410030e+00
2.874293336805233245e+00
2.883607979574022373e+00
2.891749815593264827e+00
2.899666990242776965e+00
2.908296024851688699e+00
2.918942800830565343e+00
