-8.517694734016845182e-02
-5.208360358344253649e-02
7.250140599299692741e-03
-9.361028852190450555e-03
-2.319914436977736291e-02
-8.026372347161443710e-02
-9.597234587156294738e-01
-1.365629784848142236e+00
-4.895139222199709761e-01
-2.192363168365184592e-02
1.311554966554231150e-01
1.530316901862663892e-01
-1.607666028135962266e-01
-6.569990054953034342e-02
2.354012529091017297e-02
6.641800498180512602e-02
7.594016143379206385e-02
6.012271919715030111e-02
3.739638122014740662e-02
4.409608126375007264e-02
1.052447003244092599e-02
6.576722020014812153e-02
4.922257711363574317e-02
-1.421870002205142397e-02
-8.185285301460997268e-03
7.457755961750624392e-03
-1.323335539291370100e-01
-1.044147795266782835e-01
-6.033148695353573315e-02
-4.791434742111877476e-02
-2.690520659769438799e-02
1.495467840647029308e-03
-1.426757686317379516e-02
-1.108137945667064805e+00
-3.221559347047529442e+00
-1.025662338472373536e+00
-3.232113691246308318e-01
-3.736069462852383838e-01
-3.849775076263677043e-02
-2.292939362859906238e-01
-4.856733079225887262e-01
-2.250936848064021556e-01
-1.618276304805317187e-02
2.913923042273741659e-01
3.713690499495090336e-01
3.594964511316819378e-01
-1.261888156015969209e-01
-1.442666774095703874e-01
-4.602676136597429191e-02
7.691689128603694525e-02
1.057551527790741713e-01
8.663977681289714017e-02
-3.890321661749011062e-01
-1.586626078930773787e+00
-4.570914806427853194e-01
-2.213523047347368267e-02
1.310018083016876722e-01
-1.462549837014636041e-02
-1.714387286946057048e-02
8.215648591984196780e-02
5.627558841087686864e-02
5.124590795605881571e-02
-3.806162011689668279e-01
-4.823062497654149183e-01
-7.131256015980978746e-02
1.297037816086613615e-01
1.564481546686115054e-01
1.573137348664453983e-01
1.741236027037461054e-01
1.718782829799095913e-01
-7.936379666752525763e-02
-2.088786727273211734e-03
8.293937790866288962e-02
5.588121684651218418e-02
1.411319501752494182e-02
2.326942763817778023e-02
6.572945540341616766e-02
7.500505156441494847e-02
-3.268700509005634941e-02
-1.825955913883079429e-01
-2.582393925249465080e-02
4.249800642144239277e-02
-1.193970944060262183e-02
-8.219696653977624085e-03
2.319027144088178435e-02
2.004866776484260510e-02
7.964565794368869134e-02
7.310007019575109899e-02
6.434030843768459573e-02
6.187372797094699978e-02
2.491582623570918684e-02
2.339798080455108079e-02
-6.649059686031598415e-02
-9.405601701054339125e-02
-3.034220304778575961e-02
7.674852796854998715e-02
8.753099860972811397e-02
9.294849062390152239e-02
1.040598241619452163e-01
9.208924902182930028e-02
2.358229030470995399e-02
-2.089479259437768480e-02
-7.811739320880430049e-02
-8.120879137455752628e-02
-1.225569747943905941e-01
-9.078058732601761160e-02
-6.261042127960314563e-02
-2.704108766479594930e-02
8.246633056555807695e-02
2.420025024883695058e-02
-1.375111217437911537e-01
-3.335335877048575814e-01
-4.052811524329379411e-01
-1.218973611150951486e+00
-1.726842463834818542e+00
-9.117521459364209546e-01
-3.797990601176767234e-01
-1.558864331735491104e-01
-4.388550557715111822e-01
-6.019310334174258204e-01
-2.023696786068784892e-01
6.383080470702648390e-02
3.905141643627794285e-02
-9.149322917097334196e-02
-1.942520071789785030e-01
-5.555378282876830554e-01
-1.790904260060905695e-01
1.008609603721358772e-01
1.167386033084070185e-01
1.241185867650790586e-01
2.207928611256227969e-01
2.428870447136181887e-01
-9.826583146321233864e-01
-1.306220062787406100e+00
-1.846282459246995911e-01
2.276015789351737983e-01
1.875040898180050097e-01
2.388764027511807997e-01
3.585228798066308342e-01
4.553735291890870229e-01
3.771256124919660779e-01
-8.585723543565162430e-01
-2.172270899176612424e+00
-3.155603315706162482e-01
3.114691534851966592e-01
5.895402449945364998e-01
6.226833962921539678e-01
4.816483411810841275e-01
5.815407314216495260e-01
7.645711361637652637e-01
6.017895606614590553e-01
5.613255229725792050e-01
3.886011956891931574e-01
2.525161548120234412e-01
2.618759107095400274e-01
1.611348222954158138e-01
1.076877908121454536e-01
2.054732277175279065e-01
3.589893145260856788e-01
4.816238252136909592e-01
5.473381819014285776e-01
5.831326934126915829e-01
5.803199571818947744e-01
7.906594868331237036e-01
7.580680165440342178e-01
8.358441168528526477e-01
8.734241698237602547e-01
9.149791285050912215e-01
8.901271841350204550e-01
9.021149331250828407e-01
