7.708201882813586802e-04
2.708383062057652824e-03
7.593762247165141213e-03
1.308853010684193213e-02
1.696536325743261062e-02
1.618624400853631642e-02
-3.957023059428092793e-02
-1.540142475890212692e-01
-2.170457809694095741e-01
-1.971941726343791335e-01
-1.501067672414903575e-01
-1.045344940563726621e-01
-8.598938296731034603e-02
-8.241311417034696829e-02
-6.957541126574233459e-02
-5.086077913822630026e-02
-3.226059011038968222e-02
-1.682328527471167040e-02
-4.475088150252574601e-03
5.500131941672040808e-03
1.268955607939754177e-02
2.056699575950952930e-02
2.881034495655298774e-02
3.252280812045541675e-02
3.446828891611677936e-02
3.736215050581489366e-02
3.268248144143524880e-02
2.424632826113993361e-02
2.197668252767055047e-02
2.416272807669676490e-02
2.905275715865954581e-02
3.628959975043562908e-02
4.288476126555499507e-02
-1.663604403435155893e-02
-2.450286031051818747e-01
-4.119089182834389518e-01
-3.955548128202198699e-01
-3.532277314137181046e-01
-3.036373413963980306e-01
-2.591922570903396061e-01
-2.493095445271333588e-01
-2.398926586263654126e-01
-2.079835751629089402e-01
-1.538777524862385837e-01
-8.793820372981271671e-02
-2.922570402993421995e-02
-9.458496750776829859e-03
-1.703767101697245892e-02
-1.524072723814995887e-02
2.064851156565057286e-03
2.722303081774718470e-02
4.940133334431796863e-02
3.983026521176875889e-02
-6.051548538473798533e-02
-1.355506952004534860e-01
-1.108312151476740365e-01
-5.895591178663905224e-02
-1.487783810600109419e-02
1.378474208673133999e-02
4.190716861903852342e-02
7.090234640460295334e-02
9.366086253524567862e-02
8.655332896068347603e-02
5.489727092740977893e-02
4.736726507897676131e-02
7.105760960714875563e-02
1.036140580551979384e-01
1.353854593818980823e-01
1.638097945979713754e-01
1.831823479557694312e-01
1.839719379107926378e-01
1.744870298290104038e-01
1.727281814624735401e-01
1.802224901525593947e-01
1.856504293432415242e-01
1.879343789809707621e-01
1.944347079338523132e-01
2.058834694313868008e-01
2.117215978387509967e-01
2.052436756792946071e-01
2.020629352957461211e-01
2.042859749830336080e-01
1.990131384618558374e-01
1.920073066028585018e-01
1.942787015997984867e-01
2.032699557592599071e-01
2.186553621705629169e-01
2.381224407639642715e-01
2.505975704831772677e-01
2.600765461756279762e-01
2.714791996671164220e-01
2.822288240942099069e-01
2.876015055683724952e-01
2.865754096891861558e-01
2.867072266381485712e-01
2.892488128970641115e-01
2.914962393701596155e-01
2.981383978908284105e-01
3.109987902655683700e-01
3.203455375018168794e-01
3.248146886662831578e-01
3.259925139882345890e-01
3.228851499969200844e-01
3.201826695976885961e-01
3.171527957836489109e-01
3.181659825859263768e-01
3.289777445063626349e-01
3.467464410548962706e-01
3.691438513811118871e-01
3.889351053218898513e-01
3.963208052927734704e-01
3.869853915854910564e-01
3.665326091940571684e-01
3.023626730447390720e-01
1.804954316364547062e-01
1.021986254245173809e-01
1.118418983821954232e-01
1.593383479496777722e-01
1.929330051974917359e-01
1.963240903299397766e-01
2.178898273226534121e-01
2.738569894359065282e-01
3.344832895259156058e-01
3.781396566567195583e-01
3.989762023879117603e-01
3.857908556695939239e-01
3.814484180795053025e-01
4.182092472847835363e-01
4.635345249939002432e-01
5.031310870709638783e-01
5.423022180797387737e-01
5.775606882762447380e-01
5.366374034047552977e-01
4.183850141644830378e-01
3.685961337567313922e-01
4.125147767961132583e-01
4.665989985161440035e-01
5.140129370741837178e-01
5.649183888871714965e-01
6.173313414017626011e-01
6.617602399893215415e-01
6.312015157541841504e-01
4.605030602989675925e-01
3.529315799024052014e-01
4.032101904955414096e-01
4.886500732518229695e-01
5.655318144543030057e-01
6.317418431305654725e-01
6.926275876973878587e-01
7.447031886078017138e-01
7.764384634786158923e-01
7.931589956750317860e-01
8.057285280561981011e-01
8.114536191000201182e-01
8.144469738956923166e-01
8.159467926394506909e-01
8.151975000906431790e-01
8.172098742412718941e-01
8.264351270280995143e-01
8.410640240730579142e-01
8.602272518404189272e-01
8.821804906326400353e-01
9.048261362422221898e-01
9.329160121173994957e-01
9.620811295074793712e-01
9.865145644839719008e-01
1.008888155295813105e+00
1.031631820782036968e+00
1.053402701877658609e+00
1.073922932510180672e+00
