-1.782925863951065226e+00
-1.780695527321039195e+00
-1.779670922836212865e+00
-1.777065239446100620e+00
-1.773635618407817027e+00
-1.767084883005316076e+00
-1.792869829557501848e+00
-1.783215934527029534e+00
-1.778351656474019604e+00
-1.771547933931234997e+00
-1.761250213758812189e+00
-1.745670957709893667e+00
-1.732137663409940798e+00
-1.723743449479700152e+00
-1.707684104907733369e+00
-1.677809317604851191e+00
-1.623809639850420483e+00
-1.519071296247656022e+00
-1.243491211310948863e+00
1.620194824229520769e+00
-2.916276808432336498e+00
-2.247914151027026186e+00
-2.066981584330382926e+00
-2.013440240660306912e+00
-1.985706645983807306e+00
-1.958522207916068236e+00
-1.970442752959433275e+00
-2.020034260505099155e+00
-2.034895262765897606e+00
-2.006891133356678125e+00
-1.964332855966066882e+00
-1.922811743932784090e+00
-1.894917940152356151e+00
-1.430029171524834997e+00
-1.762715276139007692e+00
-1.767032932817599988e+00
-1.760783613583740914e+00
-1.752494139153208064e+00
-1.741953160230491626e+00
-1.729670051880056070e+00
-1.722003323608547021e+00
-1.714035901826817421e+00
-1.698760356130424531e+00
-1.667545315516146598e+00
-1.595357601210070975e+00
-1.389801608953950662e+00
-1.101483620294391175e+00
-1.154338046393630135e+00
-1.060291715762208931e+00
-2.066768202029878321e-02
-3.516973450374523136e+00
-2.397080812813917383e+00
-2.511282852951219446e+00
-1.433806293478449234e+00
-1.619816159425486068e+00
-1.587213136990324180e+00
-1.449509982263841312e+00
-9.541318559074718486e-01
2.183360941494442159e+03
-2.607105975309061741e+00
-2.180005429670966777e+00
-2.057032444402174143e+00
-2.061403571740465068e+00
-2.202233078727938498e+00
-2.258261116728401241e+00
-2.092588383174694755e+00
-1.987354218187989741e+00
-1.931673642120414369e+00
-1.898496721909479934e+00
-1.878849758204881315e+00
-1.870375831781736276e+00
-1.866918606597066654e+00
-1.860537540745678120e+00
-1.850871311190338320e+00
-1.842335445716302811e+00
-1.835019973588686071e+00
-1.827016589748509112e+00
-1.818546860070178850e+00
-1.811295130153325328e+00
-1.805545476171061647e+00
-1.799553611083519744e+00
-1.793223060003968916e+00
-1.787159828572038700e+00
-1.781035384840996105e+00
-1.775062059274850057e+00
-1.769547065623154447e+00
-1.764757362256681228e+00
-1.760566694843245461e+00
-1.755966659074059910e+00
-1.751270128086931388e+00
-1.746944097428465792e+00
-1.742683777434366865e+00
-1.737822411185625526e+00
-1.732090820448370483e+00
-1.726550246761343832e+00
-1.721466273386454304e+00
-1.716387265738910539e+00
-1.712283485162436225e+00
-1.709569417571696226e+00
-1.706193181960854677e+00
-1.701855683107264872e+00
-1.696825575382309381e+00
-1.690775416809304987e+00
-1.684760563238578923e+00
-1.678600749355960486e+00
-1.673585968920721978e+00
-1.671536947535067874e+00
-1.671516805359759328e+00
-1.672598145555301841e+00
-1.672766103276265071e+00
-1.669766074033438574e+00
-1.662456766701562838e+00
-1.651547730452632035e+00
-1.622673807561305193e+00
-1.534037120276545041e+00
-1.396126547779390048e+00
-1.398870834569781341e+00
-1.475983716198815632e+00
-1.513606549280007041e+00
-1.512978078668677728e+00
-1.531052103537854592e+00
-1.572034359839453499e+00
-1.602801891562376291e+00
-1.618300448432747229e+00
-1.622685255657556835e+00
-1.614355979375424965e+00
-1.608712201959329402e+00
-1.617952914284832122e+00
-1.628169149567879392e+00
-1.634998672102272899e+00
-1.640487217512519580e+00
-1.644151116209532137e+00
-1.630728474856586896e+00
-1.590175619408149554e+00
-1.562917232164847903e+00
-1.576358938512148367e+00
-1.591823523489864556e+00
-1.602723681183939597e+00
-1.612825881907095305e+00
-1.621568020063734794e+00
-1.627192029533384376e+00
-1.616660858775473386e+00
-1.561832153368776233e+00
-1.502758734932228446e+00
-1.523060722082855589e+00
-1.555616774613588049e+00
-1.577967010415934901e+00
-1.592940482957042825e+00
-1.603974711017400079e+00
-1.611351948356549713e+00
-1.613798369934190902e+00
-1.613049696950905609e+00
-1.611327849754492281e+00
-1.608217178736788711e+00
-1.604489963979823575e+00
-1.600399121416293147e+00
-1.595811744372204632e+00
-1.591705806302013304e+00
-1.589008499522316376e+00
-1.587399925261837375e+00
-1.586684020225211489e+00
-1.586485881761511063e+00
-1.586373462817753710e+00
-1.587163631915025963e+00
-1.588025742385205330e+00
-1.587970940922674323e+00
-1.587482405516826622e+00
-1.586970519262604018e+00
-1.586229911910287171e+00
-1.585228403050026991e+00
