-2.157722012633861777e-03
-4.744785173374916482e-03
-2.630494750164877413e-03
1.193308617891677189e-03
3.343092013543995551e-03
1.059296506450422334e-03
-5.770886594204385073e-02
-1.832878111632292306e-01
-2.646454715518117284e-01
-2.607554309210434185e-01
-2.230874143014849875e-01
-1.807723700745216544e-01
-1.617064683057986840e-01
-1.570985959524697217e-01
-1.426860757741240937e-01
-1.219363687138954877e-01
-1.003967613630599581e-01
-8.148786966390046682e-02
-6.609250615325236444e-02
-5.304887886730869778e-02
-4.291088138259090828e-02
-3.227389635640780935e-02
-2.090143555160387662e-02
-1.482499350316561493e-02
-1.168258837269300215e-02
-7.628349430487050935e-03
-1.149094017035858992e-02
-2.053666970301848069e-02
-2.409930723512411152e-02
-2.354998193982125662e-02
-2.046216056460448823e-02
-1.458843386184385457e-02
-8.698646874867231593e-03
-7.049674058018103040e-02
-3.137548084727014852e-01
-5.148491168570539234e-01
-5.303449895954673865e-01
-5.100438784032814699e-01
-4.753733276689027232e-01
-4.386267721271628339e-01
-4.330532555530289263e-01
-4.272722768120433279e-01
-3.961994226038172973e-01
-3.391205006348827489e-01
-2.661660981074753796e-01
-1.971401931245898576e-01
-1.656817163531836834e-01
-1.649123469528737396e-01
-1.580196286821898555e-01
-1.374173446964745693e-01
-1.091348561628587011e-01
-8.303490047664330298e-02
-8.919314442789375019e-02
-1.925058728671157349e-01
-2.814837401646609338e-01
-2.706071624498789796e-01
-2.272754881669706573e-01
-1.877946774424744669e-01
-1.608168308524112466e-01
-1.317290930470142452e-01
-1.009148012970944447e-01
-7.511623937761609249e-02
-7.891576352034503083e-02
-1.114431120241888007e-01
-1.216805812190775438e-01
-9.767375921592537369e-02
-6.301180079619574104e-02
-2.876414422097643003e-02
3.402135030746031297e-03
3.026795442176880360e-02
3.848903746908424045e-02
3.554497259757200683e-02
4.058049539723444787e-02
5.128458676632031976e-02
5.850007271893149785e-02
6.286656697766954127e-02
7.069893265004252580e-02
8.238051462527659630e-02
8.803370918050543170e-02
7.963146061616292737e-02
7.367754097743788033e-02
7.737676414545899273e-02
7.719665344692994147e-02
7.411970621430258310e-02
7.662271414024332539e-02
8.348367652683012785e-02
9.555230402114155142e-02
1.114679159875034131e-01
1.234244278014082624e-01
1.332432360304641183e-01
1.426811530978730758e-01
1.507027345095459936e-01
1.532660428065405478e-01
1.492566848260037937e-01
1.472085608227059195e-01
1.515775687651020331e-01
1.587589758952091534e-01
1.680373433949375606e-01
1.806914220864209164e-01
1.913500040517462364e-01
1.967123444115220776e-01
1.969452307765235111e-01
1.920209462028220071e-01
1.858274065319893698e-01
1.785686612670140394e-01
1.736812691086885851e-01
1.763110622915948777e-01
1.852072740353911950e-01
2.015014877726379883e-01
2.180195230949009688e-01
2.214975611832255276e-01
2.059520645178437304e-01
1.775265474119658848e-01
1.009134813974018191e-01
-4.201254729248858621e-02
-1.484510138831348636e-01
-1.656166303249947958e-01
-1.382716732169695928e-01
-1.187576070782777188e-01
-1.271195387798143839e-01
-1.178562052231912349e-01
-7.056961280455950614e-02
-1.426458922020038683e-02
2.776999990677280622e-02
5.011269688782906545e-02
3.992173623715879888e-02
3.454768991349294743e-02
6.954202691407491976e-02
1.168139494936277223e-01
1.605678374439925005e-01
2.058303535459071465e-01
2.508802513548458180e-01
2.182246444712114264e-01
9.996479951634211492e-02
4.303240116431791135e-02
8.085362299288216537e-02
1.347471038940126487e-01
1.848089525430821334e-01
2.407178098158289370e-01
3.022930825979114333e-01
3.581607886088707948e-01
3.336572294106271430e-01
1.612049607856734512e-01
4.188455005056754277e-02
7.956310244851931557e-02
1.628951449070696889e-01
2.497866592923533302e-01
3.255399251886459400e-01
3.955438710772334332e-01
4.672140619073540391e-01
5.253505063559639199e-01
5.662214393091613562e-01
5.956266731190587027e-01
6.105764723772926228e-01
6.195628848914880304e-01
6.244653142820207892e-01
6.235331484566493110e-01
6.256937849792912898e-01
6.390792566622598425e-01
6.628536303031137278e-01
6.933226156241792948e-01
7.268610474760724971e-01
7.602842907272227002e-01
8.015043393258673987e-01
8.465888491661747173e-01
8.886850673956688818e-01
9.309246234094638028e-01
9.734201271115432430e-01
1.013657668956581714e+00
1.050927646786212533e+00
