-3.601724027955294893e+00
-3.598030855710839582e+00
-3.596480333851332034e+00
-3.591876306815871445e+00
-3.585732774229475339e+00
-3.572058434781847147e+00
-3.612766330139935977e+00
-3.601136213891798388e+00
-3.592970312218349171e+00
-3.579328292027317282e+00
-3.554224857875738941e+00
-3.504989894321694166e+00
-3.471061956577979224e+00
-3.466674421266564998e+00
-3.425836727375713764e+00
-3.312728628153543298e+00
-2.961364424332161072e+00
1.607390560976248217e+00
-4.853983776990284937e+00
-4.238599758946818952e+00
-4.082682749652651211e+00
-3.956370593646416189e+00
-3.871833718289329873e+00
-3.849698589037947372e+00
-3.837950838376475549e+00
-3.814806239665782694e+00
-3.856529065807035472e+00
-3.986483996582682821e+00
-4.010392133187856700e+00
-3.925645213801117084e+00
-3.839513475279130006e+00
-3.773722409531317101e+00
-3.736802636910560249e+00
-3.455389375070158753e+00
-3.583406644550900300e+00
-3.582198388973758529e+00
-3.568165014202092422e+00
-3.549550359171648406e+00
-3.524405177250405252e+00
-3.494881379394267462e+00
-3.483927081607715692e+00
-3.470996222216503391e+00
-3.433557929340356640e+00
-3.328253802716074183e+00
-2.828753145891345522e+00
-5.474919289102584408e+00
-5.003876131888643997e+00
2.516959606053919885e+01
1.957542414379561890e+00
-6.063124829026047991e+00
-4.370813653007500577e+00
-4.089677130420053430e+00
-4.318478271494860188e+00
-3.295800058645589559e+00
-3.430676453466262377e+00
-3.347067482925287329e+00
-2.938296188980161538e+00
-1.063657904421777722e+01
-4.573954403038657190e+00
-4.124857461131019143e+00
-3.950746531940691586e+00
-3.878060809122185759e+00
-3.925009190749531918e+00
-4.243712529179839876e+00
-4.346337968664730766e+00
-3.982727546231383808e+00
-3.835723772328075931e+00
-3.770448570870699179e+00
-3.733622961507178317e+00
-3.712946190581665196e+00
-3.706885349313999711e+00
-3.706764092745653105e+00
-3.698737370136174096e+00
-3.683849532750839373e+00
-3.671477371188847094e+00
-3.661032831816955824e+00
-3.649145579611863255e+00
-3.636707859269312504e+00
-3.626251825394416706e+00
-3.617424375579515683e+00
-3.608039810070901687e+00
-3.598441652290653714e+00
-3.588395365933610748e+00
-3.577963719596037873e+00
-3.569438956949484876e+00
-3.562623678590800314e+00
-3.557587427173894312e+00
-3.553226487087314034e+00
-3.546507797798935435e+00
-3.539266660978577672e+00
-3.532923691049579151e+00
-3.526526458154946475e+00
-3.518224825597711103e+00
-3.507670110701260668e+00
-3.498202699763821144e+00
-3.490210162741230526e+00
-3.482180676969409916e+00
-3.476919492657927435e+00
-3.474853647887429453e+00
-3.469993602957927692e+00
-3.462498175275195322e+00
-3.453306906909302310e+00
-3.441790834634480767e+00
-3.431093871727224354e+00
-3.420292760323227377e+00
-3.413208741467606444e+00
-3.413744860522706759e+00
-3.417856094437245140e+00
-3.422892094540156638e+00
-3.424143329062760088e+00
-3.417154480565177010e+00
-3.399849253094500146e+00
-3.374518969858379513e+00
-3.291891785635560730e+00
-2.869115311311413841e+00
-1.434564128901862468e+00
-2.540507289120248480e+00
-3.061041617242258983e+00
-3.175446023510942517e+00
-3.167867140523457081e+00
-3.212496957517826601e+00
-3.297301424869391706e+00
-3.347675588934290403e+00
-3.365976686596152234e+00
-3.364284075171030342e+00
-3.336637511245526433e+00
-3.321864579671613527e+00
-3.345421149472995737e+00
-3.366341807771985550e+00
-3.377422095637286681e+00
-3.385514295730470025e+00
-3.389728046759056035e+00
-3.351906254993610279e+00
-3.232929206032250757e+00
-3.173088242078338617e+00
-3.249748649881319729e+00
-3.298984760480450973e+00
-3.324464272991644265e+00
-3.344078095504607440e+00
-3.358878870597473920e+00
-3.366210911122804461e+00
-3.334902767865110640e+00
-3.163792472860296634e+00
-2.977408472128153960e+00
-3.134812454989793551e+00
-3.244163958654208368e+00
-3.294407887755666842e+00
-3.320490989604572007e+00
-3.336819109360916080e+00
-3.345690239609621308e+00
-3.344719457610471292e+00
-3.338564122975549608e+00
-3.332052012107619809e+00
-3.323567871910243277e+00
-3.314964854894752122e+00
-3.306370277058485740e+00
-3.297291310644453688e+00
-3.290159283664028322e+00
-3.286947820453790747e+00
-3.286035194244226965e+00
-3.286762573367764340e+00
-3.287969064292178167e+00
-3.288790477930251921e+00
-3.291524291134482638e+00
-3.293735287092609987e+00
-3.293361922741976144e+00
-3.292077666125520885e+00
-3.290973835242241741e+00
-3.289408178653508763e+00
-3.287378726155100850e+00
