-6.595973698024804608e-04
-8.306742470497966314e-04
2.796815636743115938e-03
7.388910829803299260e-03
1.023747598288027999e-02
8.574235590433680609e-03
-4.776109742169651340e-02
-1.628875000620967350e-01
-2.267273712498942273e-01
-2.075942477979231260e-01
-1.611111166783686655e-01
-1.159857113784829863e-01
-9.772460231376040030e-02
-9.428931710205414041e-02
-8.152691826419858345e-02
-6.315696879901415428e-02
-4.494989075321707828e-02
-2.993862921287337997e-02
-1.830833561003263749e-02
-8.965197064277360614e-03
-2.326899289133775410e-03
5.097992693403342532e-03
1.311581776369807016e-02
1.636987062349307825e-02
1.759247239794614961e-02
1.997989532650046307e-02
1.488458325635390669e-02
5.917140425821506081e-03
3.107847153219281400e-03
4.600051789418612043e-03
8.602841191749073177e-03
1.497927252032153767e-02
2.082986792969002132e-02
-3.929437274601787350e-02
-2.684351662485124912e-01
-4.364025292582699445e-01
-4.209682563848747838e-01
-3.794489487175900511e-01
-3.310289967548381562e-01
-2.876689815521280003e-01
-2.787862128881958834e-01
-2.703250678236076010e-01
-2.390089698434041676e-01
-1.853468181700529405e-01
-1.200920820093985958e-01
-6.219411423152300389e-02
-4.305574954483208650e-02
-5.143918672955928584e-02
-5.072107426501588912e-02
-3.490250971016652104e-02
-1.147710371478961877e-02
9.175754592590963654e-03
-1.717674414004492778e-03
-1.035241773777160756e-01
-1.804088486840561556e-01
-1.577750274325204205e-01
-1.080362448770735562e-01
-6.658000901124375148e-02
-4.029717757442208281e-02
-1.389201087863331865e-02
1.315375646437761531e-02
3.423306186966306591e-02
2.592397163668628407e-02
-7.211103073428634658e-03
-1.573833976179040556e-02
7.940229170604905240e-03
4.012016145293210989e-02
7.065595909332531011e-02
9.780476001271543041e-02
1.174300145457088107e-01
1.186655541067081487e-01
1.101485322254275312e-01
1.101191353088633168e-01
1.176503488935545239e-01
1.224522397335205681e-01
1.244812228379582747e-01
1.304747832692675358e-01
1.407701592230652943e-01
1.451899391045657906e-01
1.368723636706570823e-01
1.320927168621646719e-01
1.348706620562644398e-01
1.318912575880965554e-01
1.267733809882990448e-01
1.291180311068083342e-01
1.367751151369001050e-01
1.499249408779111115e-01
1.665646520672119935e-01
1.774186102985296221e-01
1.856618167709452594e-01
1.946473691237254611e-01
2.026423157354421412e-01
2.053556916269364541e-01
2.019963826019237907e-01
2.005866347401329408e-01
2.036444724388802585e-01
2.077851003144588760e-01
2.149825288584725491e-01
2.267044227703837456e-01
2.354297756208502401e-01
2.390908836142144056e-01
2.387674005141126876e-01
2.341089154549526319e-01
2.294432075811821958e-01
2.243890494282842207e-01
2.227922750200627411e-01
2.297715658173236364e-01
2.430136682297735773e-01
2.617498260624057660e-01
2.786961229506521032e-01
2.828077575546252276e-01
2.696790756842875614e-01
2.457289433922109911e-01
1.776526990911921899e-01
5.175597778215887401e-02
-3.018669135562677963e-02
-2.420592613574476873e-02
1.971937685538224447e-02
4.970537779844694942e-02
4.953885640913240074e-02
6.683876918601153183e-02
1.184895061684380357e-01
1.746769058831865451e-01
2.138044178373738058e-01
2.314457751051676448e-01
2.166430060322398765e-01
2.102591252515094156e-01
2.443041791902100524e-01
2.874280457041868408e-01
3.249309960663098185e-01
3.623293466014123609e-01
3.971004223574112757e-01
3.558031463173045861e-01
2.380336818780486308e-01
1.892835239192889041e-01
2.333385939198204806e-01
2.874084695134417333e-01
3.340569695111704207e-01
3.837361099295019673e-01
4.355601391793001986e-01
4.794734732071358474e-01
4.464622894141349052e-01
2.752683150098522713e-01
1.696204947566266052e-01
2.200428017867337438e-01
3.061588481033005738e-01
3.855579708919847359e-01
4.513110319174676310e-01
5.099978674451215443e-01
5.640471150855232985e-01
6.005745697257889315e-01
6.213907948172430196e-01
6.354277785106223764e-01
6.400408889906316068e-01
6.414010981095773500e-01
6.409548745838763439e-01
6.373386962547987755e-01
6.373955133917710292e-01
6.467063067892858674e-01
6.633057445747954084e-01
6.852520844308682690e-01
7.095017748648607681e-01
7.334691444508076863e-01
7.635548556843668733e-01
7.954298960962239429e-01
8.235978502552839808e-01
8.478740176971995002e-01
8.684978215475972485e-01
8.888936163288884140e-01
9.117644106349799271e-01
9.391586334162567162e-01
9.693903262720744429e-01
1.000645137901979176e+00
1.032028959016166647e+00
1.062130848035734765e+00
1.089938264325352568e+00
1.115306224185352413e+00
1.138936339256471753e+00
1.162336282659758524e+00
1.186107780174763704e+00
1.210403511197525095e+00
1.235118210559927654e+00
1.260438590108500012e+00
1.287988847226269495e+00
1.319179255981901555e+00
1.352089599454221025e+00
1.385449348497567401e+00
1.418037425797650908e+00
1.449496233528805966e+00
1.479828470698097309e+00
1.508432364281815374e+00
1.536270126747404374e+00
1.564727814622299373e+00
1.594943886524519128e+00
1.627472278035457798e+00
1.663552365462644733e+00
1.702815023856913523e+00
1.744046350236123644e+00
1.785567674586793441e+00
1.824843440101341585e+00
1.860773758951213885e+00
1.894409994423277066e+00
1.927096751432732402e+00
1.959500713470598843e+00
1.992840164972374373e+00
2.028579880344357544e+00
2.067169199228060528e+00
2.106702548411059084e+00
2.145926978030857857e+00
2.185121386888462247e+00
2.222954495230880845e+00
2.258949414616405527e+00
2.294130667005062296e+00
2.329497794825109214e+00
2.365729331753119169e+00
2.403269591067806132e+00
2.443436477990287514e+00
2.486448622052249036e+00
2.530759052383757979e+00
2.574395927525033656e+00
2.616105416823963914e+00
2.655925329551758196e+00
2.695004304248640015e+00
2.734283082735347037e+00
2.773607367419121505e+00
2.813150087577881653e+00
2.853176930688867241e+00
2.894148660497832815e+00
2.936969721742624717e+00
2.981744965212369536e+00
3.027664256307848856e+00
3.073331463760861304e+00
3.117923539568224545e+00
3.160764768364117128e+00
3.201988965976259927e+00
3.241477677803994428e+00
3.279408005596775588e+00
3.317195100840291566e+00
3.355435827326613829e+00
3.394837863011826329e+00
3.436289623282798189e+00
3.479197579319936118e+00
3.523007421659552385e+00
3.565583919314398553e+00
3.604727795043893401e+00
3.641067006169838027e+00
3.675386378628324735e+00
3.708781217471837532e+00
3.742136669224691570e+00
3.776288179674369250e+00
3.812384927608345020e+00
