-1.349738110760092997e-06
-7.382737189852100500e-06
-5.809801576647767226e-06
2.677618819341350562e-05
8.853263926650404301e-05
1.687751739130329779e-04
1.295922788021217314e-04
-4.982954283683754381e-04
-1.902425985926297757e-03
-3.663232455828218694e-03
-5.435650225781145720e-03
-7.079652755846619315e-03
-8.595563947324155393e-03
-1.010972071156520345e-02
-1.160059166900545037e-02
-1.300502873220327898e-02
-1.428274763560793449e-02
-1.542379973331915732e-02
-1.643075380942640717e-02
-1.731051840750474913e-02
-1.806895000530823678e-02
-1.871476104950865749e-02
-1.923335421990943900e-02
-1.963672242708713878e-02
-1.995201758487146967e-02
-2.018340545424922999e-02
-2.034645378084851131e-02
-2.050319770762069199e-02
-2.065360195720585337e-02
-2.077378760793136686e-02
-2.084763765581091124e-02
-2.085891949788666599e-02
-2.079529109614946386e-02
-2.079431127586429603e-02
-2.162676169417027811e-02
-2.414838679326147819e-02
-2.749579928482857177e-02
-3.108492569869288069e-02
-3.479267314385367516e-02
-3.846215537304500942e-02
-4.215751393336351904e-02
-4.597069829248680295e-02
-4.977564773344599763e-02
-5.340027059906395090e-02
-5.665525873581111344e-02
-5.945357304385177899e-02
-6.184350543735653988e-02
-6.405480365551359523e-02
-6.613726085446176850e-02
-6.803054278737936944e-02
-6.965550153128707844e-02
-7.098722575537871893e-02
-7.209372598551057332e-02
-7.334878829927571342e-02
-7.523516777640118502e-02
-7.731211227935977370e-02
-7.922205722070065070e-02
-8.084873472204340272e-02
-8.222616113446085118e-02
-8.336725052478835551e-02
-8.423001180014871858e-02
-8.481211677049685371e-02
-8.518178132520583257e-02
-8.556015188620876011e-02
-8.600000595251118540e-02
-8.632036268011897273e-02
-8.639019383999813062e-02
-8.616346542959857358e-02
-8.562806539522714588e-02
-8.479030618708874312e-02
-8.371288628620089656e-02
-8.250971399176450227e-02
-8.120078833342934954e-02
-7.974557396123169162e-02
-7.813388078260510849e-02
-7.639638154501490752e-02
-7.453575061235742649e-02
-7.252802249813176949e-02
-7.036991714557351563e-02
-6.812818962034285220e-02
-6.586144491713623317e-02
-6.353024727567253838e-02
-6.113913945968542374e-02
-5.873146964964656713e-02
-5.629928249077715413e-02
-5.380178447767230976e-02
-5.121080322567360399e-02
-4.848013685527219341e-02
-4.560332935599094306e-02
-4.260699897829589577e-02
-3.948536239309428930e-02
-3.623939234873839454e-02
-3.288102216658772559e-02
-2.945564625978748172e-02
-2.598834673173274629e-02
-2.246431687361837709e-02
-1.887098832827762557e-02
-1.520225765608678239e-02
-1.142891662749129754e-02
-7.535113736480900104e-03
-3.548224309572544678e-03
5.076149468400126263e-04
4.597952001744115037e-03
8.696243994751842732e-03
1.279514077978311480e-02
1.688373471652127727e-02
2.099760537469317484e-02
2.518509615805079524e-02
2.949106899442038854e-02
3.395214288769789895e-02
3.853775797526259178e-02
4.315661627702770814e-02
4.769795541640500097e-02
5.200742471497982189e-02
5.565090528504477302e-02
5.838914694983048798e-02
6.061344483259361454e-02
6.270698077887580657e-02
6.482302031093795103e-02
6.685702358705318538e-02
6.876870572413319727e-02
7.078913358205631001e-02
7.309978106246264873e-02
7.573197606720796782e-02
7.861198134834984641e-02
8.161372115775980540e-02
8.458413336200515387e-02
8.770748763465127662e-02
9.115967975118798028e-02
9.497737237978126634e-02
9.917578134809584833e-02
1.037864713858028531e-01
1.086569629897396611e-01
1.131659288187409906e-01
1.171091316459496323e-01
1.210146235640448542e-01
1.252026859621088450e-01
1.297132276085571634e-01
1.345966608938412024e-01
1.399233040220175250e-01
1.457310217377885408e-01
1.518550703898257914e-01
1.575635660930397308e-01
1.622404880184688813e-01
1.666565533983646596e-01
1.713688871553089577e-01
1.765554638154012979e-01
1.822469974950469973e-01
1.884584477543091996e-01
1.952182742209644106e-01
2.025171114920985560e-01
2.102572791900628735e-01
2.183841310810335778e-01
2.268367277172816665e-01
2.355484301184801177e-01
2.444883735872363240e-01
2.536090708121466197e-01
2.628828400050321479e-01
2.723281910113652948e-01
2.819891757579285341e-01
2.919003384311918414e-01
3.020972573953505380e-01
3.125925396313751770e-01
3.234094327413645775e-01
3.345996377182811066e-01
3.461640040902155269e-01
3.580960503397677130e-01
3.703715834273063612e-01
3.829731172060861777e-01
3.958928027340901656e-01
4.091353974195428567e-01
4.227135236291075238e-01
4.366389815152545428e-01
4.509211396838724295e-01
4.655591020805858182e-01
4.805418160601975242e-01
4.958496169378968088e-01
5.114611666805061185e-01
5.273581060596215231e-01
5.435293551016110447e-01
5.599642043694553761e-01
5.766565181932608031e-01
5.936067498663859521e-01
6.108229678535802565e-01
6.283235512804645762e-01
6.461300200090196455e-01
6.642495892199835605e-01
6.826862404669866713e-01
7.014312335355235017e-01
7.204772708834992212e-01
7.398087420779889678e-01
7.594097528557771648e-01
7.792693430957654543e-01
7.993851921933805560e-01
8.197610045522384370e-01
8.404074121101567929e-01
8.613437331219709892e-01
8.825847819669309091e-01
9.041407881407577118e-01
9.260070341614131673e-01
9.481638490197203950e-01
9.705865270187160609e-01
9.932566932720952035e-01
1.016159700876149596e+00
1.039285741801108109e+00
1.062634668938854388e+00
1.086215381369914468e+00
1.110036570917761756e+00
1.134095558240784563e+00
1.158388172014220174e+00
1.182907319734744389e+00
1.207635440002746474e+00
1.232554748865527516e+00
1.257651518856856665e+00
1.282918075631146015e+00
1.308350575363471879e+00
1.333951624339646314e+00
1.359733586483953038e+00
1.385706994741890297e+00
1.411873480790165836e+00
1.438223100181284408e+00
1.464739286173294408e+00
1.491404325018496513e+00
1.518206551285130157e+00
1.545136850316566113e+00
1.572185919780233476e+00
1.599347466978400689e+00
1.626617130923109666e+00
1.653996737812165163e+00
1.681493792493584438e+00
1.709115748942807045e+00
1.736865177834054474e+00
1.764737650774449884e+00
1.792724648913539109e+00
1.820812649500120672e+00
1.848989140365616013e+00
1.877237629677360520e+00
1.905546622433971216e+00
1.933911363006914907e+00
1.962331051768486878e+00
1.990812516976782076e+00
2.019366620962300019e+00
2.047999850730762184e+00
2.076714894865498540e+00
2.105496732624101863e+00
2.134322976204954703e+00
2.163173615619486956e+00
2.192031051630655814e+00
2.220884737075333515e+00
2.249728324617449093e+00
2.278564295270249396e+00
