1.473859568288444429e-06
1.079012343969659676e-05
3.733171550441571771e-05
9.645421130824368425e-05
1.800159599569535582e-04
2.754736922563141583e-04
2.531430033210144690e-04
-2.796712759440449030e-04
-1.373026296209190486e-03
-2.544513998860930583e-03
-3.498939177171666182e-03
-4.180788026772688619e-03
-4.664438375052003261e-03
-5.110793187016779426e-03
-5.509673830168464875e-03
-5.817211249759748556e-03
-6.016927237208664209e-03
-6.122131190666175830e-03
-6.150528885341138667e-03
-6.118514871317406491e-03
-6.038932647673654619e-03
-5.922712971869599670e-03
-5.759006297725990237e-03
-5.562553036559200574e-03
-5.355269046937335270e-03
-5.135425856040637567e-03
-4.914906067461227712e-03
-4.742250035632484748e-03
-4.600456432914748484e-03
-4.457613502271281884e-03
-4.295337772178460696e-03
-4.099499173403821188e-03
-3.863450667384547843e-03
-3.720920821369550456e-03
-4.344703985434884841e-03
-6.312677928663973023e-03
-8.575671456829535994e-03
-1.061117275096624089e-02
-1.239932712042684029e-02
-1.388282998715205385e-02
-1.521054761466595143e-02
-1.650862447699673677e-02
-1.768146134898985339e-02
-1.861397698089611169e-02
-1.919554438377307076e-02
-1.942353397398176307e-02
-1.941179066900680303e-02
-1.940184890479077634e-02
-1.941627037028946165e-02
-1.938014333583439400e-02
-1.921913590320695892e-02
-1.892529013780974365e-02
-1.857629055653324535e-02
-1.850686631824972894e-02
-1.906147198755350422e-02
-1.969952509862654341e-02
-2.009795056948384534e-02
-2.021116300173907143e-02
-2.012689464903933897e-02
-1.989393644867237798e-02
-1.949785188282269349e-02
-1.895979168472411436e-02
-1.836232221998518668e-02
-1.790093227977631804e-02
-1.757508599116198653e-02
-1.719053556901813454e-02
-1.664278723496896706e-02
-1.591579886045834530e-02
-1.502439508098011439e-02
-1.399994560555030930e-02
-1.292111950399277634e-02
-1.188411093826432195e-02
-1.088991391719411513e-02
-9.880008524622792276e-03
-8.831882824277954153e-03
-7.771698444963085969e-03
-6.693838215080251917e-03
-5.568954518263925790e-03
-4.392449061918139545e-03
-3.224447011491249002e-03
-2.101373408903929076e-03
-9.759358012733938131e-04
1.394895097440540608e-04
1.208194031759778075e-03
2.256896516801464893e-03
3.338163694497230018e-03
4.479561859457800027e-03
5.719471916531369306e-03
7.048150331325656569e-03
8.424140138400128264e-03
9.854954812772608735e-03
1.134117221038908122e-02
1.287000724267164595e-02
1.440115108110091684e-02
1.591893791892146082e-02
1.744048725729716379e-02
1.896930671107792052e-02
2.051253665130109080e-02
2.210636027737073600e-02
2.376249205502552891e-02
2.544539113285971751e-02
2.713977773980329536e-02
2.881999315430069930e-02
3.047438379877999426e-02
3.210931839566330548e-02
3.372568122884244540e-02
3.536989422673816885e-02
3.708968138161482242e-02
3.891538526160433914e-02
4.085743997994269183e-02
4.287015826839436772e-02
4.486913079544593841e-02
4.677019844089680412e-02
4.846085198498492619e-02
4.960637578259708552e-02
5.011592977068096005e-02
5.046451513511696074e-02
5.099855562649040913e-02
5.178805518040895811e-02
5.266867793826578159e-02
5.358139161493136876e-02
5.472406815252728318e-02
5.620001426180983722e-02
5.796813338226071421e-02
5.990421130802665167e-02
6.186275500644111691e-02
6.371301360399438118e-02
6.566088765205320421e-02
6.784595837080217851e-02
7.025693246123661251e-02
7.287303077587418965e-02
7.569075305161140910e-02
7.853720874494604653e-02
8.087207760330797357e-02
8.264381480961549564e-02
8.444941643950688859e-02
8.655329688143140188e-02
8.892393429798256532e-02
9.155931054434786331e-02
9.447390040822260804e-02
9.765205068325254201e-02
1.009069088795133545e-01
1.035916371637305711e-01
1.052964369209188206e-01
1.069264115588423880e-01
1.089695776433516755e-01
1.114697641193269362e-01
1.143536911184972610e-01
1.175799769796812833e-01
1.211089090862094847e-01
1.248624395582922653e-01
1.287209594271763735e-01
1.326438305031179543e-01
1.366015991144406416e-01
1.405611380692037282e-01
1.445199747757001663e-01
1.484621680138410726e-01
1.523898133926505916e-01
1.563316402056592336e-01
1.603282634892861935e-01
1.644016173054532737e-01
1.685773774245803158e-01
1.728598321915587321e-01
1.772636452898830595e-01
1.818162131977781315e-01
1.864988645963586711e-01
1.912910232569184632e-01
1.961886149319292949e-01
2.011920293196244602e-01
2.062915210387631648e-01
