1.554724103534401976e-06
1.185373527826432338e-05
4.236002243876367773e-05
1.127813686098861343e-04
2.194111926382646645e-04
3.515226256820417673e-04
3.712690167103634251e-04
-1.727884309327494994e-04
-1.431337546722664293e-03
-2.961281835609693054e-03
-4.420644921532929442e-03
-5.684382315229415464e-03
-6.770010726308484626e-03
-7.814493761844029315e-03
-8.802512284906109305e-03
-9.678035998394627151e-03
-1.040845421789637036e-02
-1.099329021359860339e-02
-1.144167843136467862e-02
-1.176590318265550474e-02
-1.197794534969452186e-02
-1.209047925872124528e-02
-1.209393894641505075e-02
-1.200409176346731166e-02
-1.184781631560471483e-02
-1.162954315480266808e-02
-1.136646778767943719e-02
-1.111817906924130427e-02
-1.088071638053260751e-02
-1.062766064899793063e-02
-1.034067085124734317e-02
-1.000280523878106266e-02
-9.602911347072856998e-03
-9.278140065868906508e-03
-9.776174968690092004e-03
-1.188024247936445357e-02
-1.466661210279280626e-02
-1.754685690593128095e-02
-2.040779361791410923e-02
-2.310696130562450712e-02
-2.572686849084686311e-02
-2.836788521385210163e-02
-3.091432461423601272e-02
-3.321186986475618830e-02
-3.509491696547654277e-02
-3.650262731818959550e-02
-3.750890673835698824e-02
-3.835734824700628987e-02
-3.909930666803438509e-02
-3.967652600287879805e-02
-4.001401355836984447e-02
-4.009542177935074281e-02
-3.999671097287517407e-02
-4.008722585644685504e-02
-4.081715973876476333e-02
-4.171623726303366753e-02
-4.242688076430933819e-02
-4.284419781752956541e-02
-4.301168040538452114e-02
-4.295499609356197984e-02
-4.264200269446014047e-02
-4.207849929262379857e-02
-4.134256341625646564e-02
-4.065370713009729131e-02
-4.005375315043655654e-02
-3.936298163952928891e-02
-3.845886279605954805e-02
-3.730016762652834522e-02
-3.588083927569829523e-02
-3.421854637014019179e-02
-3.239019716041406649e-02
-3.050812507912063765e-02
-2.859698044657619370e-02
-2.661164535416978352e-02
-2.453248118055124938e-02
-2.238932748063676009e-02
-2.018244249557851408e-02
-1.788366057978687043e-02
-1.548538894991687877e-02
-1.305066392358628959e-02
-1.062920593926581191e-02
-8.183088878221507489e-03
-5.727995821711859628e-03
-3.309646180649490014e-03
-9.104280841834939617e-04
1.522991449624582373e-03
4.026172104339030208e-03
6.650415045922669979e-03
9.400418101738321555e-03
1.224106514492716465e-02
1.518191303079578433e-02
1.822680454582348633e-02
2.136466879216061820e-02
2.455147032081222286e-02
2.776241149473738720e-02
3.100746668722747720e-02
3.428634555583150167e-02
3.760330295816514262e-02
4.099625333688257378e-02
4.448377565741583328e-02
4.803331428626647637e-02
5.162700427234221540e-02
5.523351447888854432e-02
5.883238293024718735e-02
6.242239221416605310e-02
6.599832674255384779e-02
6.960556822595852233e-02
7.330048165444345842e-02
7.712795080556640592e-02
8.111489716641413772e-02
8.522662550299087147e-02
8.937549004452660650e-02
9.345814016782272304e-02
9.733017848553535134e-02
1.005871252093361312e-01
1.030298114640180174e-01
1.050808476359399724e-01
1.071270372939003845e-01
1.093107840929587599e-01
1.115177776474964438e-01
1.137056182718140518e-01
1.161018681848358797e-01
1.188674606837644560e-01
1.220152211693601441e-01
1.254502009031147614e-01
1.290270609954525249e-01
1.325857788072080656e-01
1.363145127450020588e-01
1.403757857622205674e-01
1.447879729697318096e-01
1.495507385844024595e-01
1.546764321587796587e-01
1.599943956995268646e-01
1.648949131126583867e-01
1.691999205255836913e-01
1.734589462080234623e-01
1.779859793002303014e-01
1.828069984048761587e-01
1.879632213817922781e-01
1.935083908453892054e-01
1.994608268277912322e-01
2.056480102827689949e-01
2.113578831401281832e-01
2.160061630363195873e-01
2.204020407014742333e-01
2.251020309045278223e-01
2.302494227079250888e-01
2.358492027362023014e-01
2.419154628758901360e-01
2.484491920894608408e-01
2.553967488098716765e-01
2.626397453713808505e-01
2.701230440390562926e-01
2.777995870976717740e-01
2.856148320156418619e-01
2.935448029751344112e-01
3.015537317532339667e-01
3.096249201134444462e-01
3.177739652393232750e-01
3.260371637706857006e-01
3.344385118880608965e-01
3.430097853713012790e-01
3.517633270000572465e-01
3.607218075201358842e-01
3.699240192120359372e-01
3.793620066402385027e-01
3.890198653384102645e-01
3.988952334187926829e-01
4.089899037537387816e-01
4.192943651599687627e-01
