-1.718417991616640883e+00
-1.716139775338167528e+00
-1.719763780218101168e+00
-1.717764060114768343e+00
-1.716223783189008145e+00
-1.713197382425811544e+00
-1.719872328605103640e+00
-1.717947490884884854e+00
-1.716281013307916936e+00
-1.713739063242016414e+00
-1.709935179019766105e+00
-1.704401098205249543e+00
-1.699685989940963760e+00
-1.696648084188473682e+00
-1.691204203857044730e+00
-1.681938093901213627e+00
-1.667195103903998499e+00
-1.644308337204700488e+00
-1.607027954140904935e+00
-1.533934501033882292e+00
-1.364210015069444726e+00
8.681480288481401075e+00
-2.075449823920459735e+00
-1.951168441390593422e+00
-1.913415824736547810e+00
-1.877542319801189796e+00
-1.916166657946622554e+00
-2.149799431965683016e+00
-2.441751371361895906e+00
-2.261889475620435963e+00
-2.031769850100905828e+00
-1.901554941666643739e+00
-1.847639598062889910e+00
-1.642855357954805307e+00
-1.707550156904301009e+00
-1.710317079431836085e+00
-1.708024959789218089e+00
-1.704873617265451280e+00
-1.700898874505617719e+00
-1.696341655314447028e+00
-1.693539616828140915e+00
-1.690646731837580408e+00
-1.685191415848946939e+00
-1.674617614745290695e+00
-1.653041879573159623e+00
-1.607495360345119417e+00
-1.565666928187129159e+00
-1.570526929785833525e+00
-1.559816793228013143e+00
-1.500822769451160443e+00
-1.273825195721256520e+00
5.249725274007106535e+00
-5.083622609466035280e-01
-1.616091916417242924e+00
-1.658295447599683836e+00
-1.650060870438804228e+00
-1.621933297631354520e+00
-1.571702825740673104e+00
-1.496240889159774490e+00
-1.259827268547649703e+00
-6.273783837726112367e+00
-2.175194567125827483e+00
-2.270890926740720239e+00
-3.914983683959909477e-01
-1.037420732366198362e+00
-3.803106110634727699e+00
-2.025523354518982355e+00
-1.883172617237103941e+00
-1.832161796195366232e+00
-1.808775739767125579e+00
-1.802899438412475241e+00
-1.804297491674058396e+00
-1.800641699631063686e+00
-1.792696043075107326e+00
-1.786876316950286592e+00
-1.782773923680056605e+00
-1.777264136372164405e+00
-1.770667000093117727e+00
-1.766373955157233722e+00
-1.765918498785671087e+00
-1.764703912538089225e+00
-1.761327703944876477e+00
-1.759510878190403416e+00
-1.758340060679410399e+00
-1.755299926161470125e+00
-1.751118368707198281e+00
-1.746251424752600423e+00
-1.741418176752596025e+00
-1.737717015656343511e+00
-1.734528170537302127e+00
-1.731479103254615293e+00
-1.728658674185145738e+00
-1.726152719711013805e+00
-1.723866680993461076e+00
-1.721556678656192219e+00
-1.719227926922950456e+00
-1.716949178686913546e+00
-1.714772548985291412e+00
-1.712765742340891517e+00
-1.710770087912985016e+00
-1.708681802402819638e+00
-1.706464911382151950e+00
-1.704032489550989071e+00
-1.701554557781328469e+00
-1.698994853915631431e+00
-1.696668532654682870e+00
-1.695101339268353158e+00
-1.694144069915677342e+00
-1.693679991431072285e+00
-1.693045375928883711e+00
-1.691370614532801131e+00
-1.688132089630162369e+00
-1.683389135138380510e+00
-1.669754244054842740e+00
-1.595646231751439936e+00
6.144210395483614207e+01
-5.469514066531960594e+00
-1.399562511387009822e+00
-1.539441805012356612e+00
-1.534815673373215672e+00
-1.572746286974052277e+00
-1.630285502974625267e+00
-1.656445693694823307e+00
-1.666385204517938590e+00
-1.669087558460714327e+00
-1.664806471525973830e+00
-1.661875254950096803e+00
-1.667475169176911187e+00
-1.673001715400060707e+00
-1.676344237854658470e+00
-1.678822041257822750e+00
-1.680442176747427796e+00
-1.674787831362427148e+00
-1.654606239312322868e+00
-1.638236401387582752e+00
-1.648098903707124308e+00
-1.657694563047835246e+00
-1.663633807255853636e+00
-1.668529253509759558e+00
-1.672448245887623308e+00
-1.674783006933377560e+00
-1.670280949898101941e+00
-1.643547265205136387e+00
-1.604431912895074586e+00
-1.620901913192938970e+00
-1.642270939008702690e+00
-1.654784613926757686e+00
-1.661869059115071767e+00
-1.666476088671912104e+00
-1.669641875158174305e+00
-1.670893820619485215e+00
-1.670802294920701092e+00
-1.670137771805671356e+00
-1.668767806886175764e+00
-1.667116298079541314e+00
-1.665289017536106364e+00
-1.663184873782185491e+00
-1.661318653629983100e+00
-1.660164939820831131e+00
-1.659594389385116608e+00
-1.659436694136498414e+00
-1.659434667064468849e+00
-1.659383027396021948e+00
-1.659708399204345985e+00
-1.660084641322862264e+00
-1.660155928619888366e+00
-1.659907970295406709e+00
-1.659311566231853163e+00
-1.658526471736865959e+00
-1.657692436739852448e+00
-1.656904975984794026e+00
-1.656261819200578689e+00
-1.655816784532485375e+00
-1.655463504046106760e+00
-1.655081546515499547e+00
-1.654590805915963969e+00
-1.653970929824805758e+00
-1.653252719504902046e+00
-1.652510027030154038e+00
-1.651772067223669760e+00
-1.651044507766544545e+00
-1.650347649522790672e+00
-1.649705408614407176e+00
-1.649182898734992797e+00
-1.648833907008165012e+00
-1.648548188561093752e+00
-1.648253069467258580e+00
-1.647886774758817063e+00
-1.647431821861425005e+00
-1.646889975358807323e+00
-1.646236525919900107e+00
-1.645511663640151667e+00
-1.644776363787213480e+00
-1.644086912085888308e+00
-1.643471931536607533e+00
-1.642987222101436551e+00
-1.642614630053159663e+00
-1.642298788496766138e+00
-1.641966895087895617e+00
-1.641513065901831769e+00
-1.640894368383674529e+00
-1.640177540532913980e+00
-1.639433330595142735e+00
-1.638683387560134097e+00
-1.637973259160603767e+00
-1.637358858082505364e+00
-1.636855302215365349e+00
-1.636383928621999662e+00
-1.635892834738579493e+00
-1.635390889296928218e+00
-1.634826575455627706e+00
-1.634179846209780962e+00
-1.633488320874899813e+00
-1.632790919286144282e+00
-1.632114865185935848e+00
-1.631477839231710414e+00
-1.630928448249406859e+00
-1.630473850961713600e+00
-1.630056822924025539e+00
-1.629605524372250702e+00
-1.629074136496929670e+00
-1.628455116886810661e+00
-1.627784392933388613e+00
-1.627102530778780753e+00
-1.626411309148149353e+00
-1.625721181110121538e+00
-1.625044095721496440e+00
-1.624397541085454755e+00
-1.623813544481316207e+00
-1.623296294750505186e+00
-1.622817464749799043e+00
-1.622333673606465076e+00
-1.621820841461938612e+00
-1.621258351510061591e+00
-1.620652665168334394e+00
-1.620001861176375124e+00
-1.619312257794604637e+00
-1.618629878375232423e+00
-1.617975381970428561e+00
-1.617371866064886365e+00
-1.616847573856824649e+00
-1.616386850654846885e+00
-1.615972354211831163e+00
-1.615535096699864503e+00
-1.615004592660394866e+00
-1.614397601100256541e+00
-1.613737710767765066e+00
-1.613058764497501407e+00
-1.612388177710597059e+00
-1.611751425260597781e+00
-1.611183721427569937e+00
