1.228826518041734386e-02
2.087058790303681841e-02
6.251917197709729035e-02
4.094597173473692175e-02
4.077857511327899476e-02
-2.884761918448863760e-02
-8.444509478043552564e-01
-1.120752780820326810e+00
-1.906378939388380100e-01
2.302858942247123508e-01
3.161238513657956828e-01
2.735216070308539305e-01
-6.412546786591320769e-02
2.021390328104922043e-02
9.740087443443841420e-02
1.380152141751569417e-01
1.225182529719265334e-01
1.080233019868259564e-01
8.988642352539505387e-02
8.262079018932776131e-02
5.621023821916248248e-02
9.885814876741569335e-02
7.573005788313486031e-02
3.346072368296843652e-02
4.685731134754421434e-02
5.192786930151665342e-02
-7.029722098767024474e-02
-2.740729028871200304e-02
2.240131019087961486e-02
4.623230893881353359e-02
7.056889285681891555e-02
9.193758852987787833e-02
7.102697586302070265e-02
-9.568940026401976384e-01
-2.805559382242807764e+00
-4.510002631742083823e-01
1.803241153177844724e-01
5.716385922699072919e-02
3.369935934643155662e-01
6.808474722820896663e-02
-1.885663662461258272e-01
4.571876367036709077e-02
2.085370270746176036e-01
4.568497647244410542e-01
4.898665569752806426e-01
4.239927437861583659e-01
-6.884382071202466147e-02
-4.369654799826599989e-02
7.354286484431947490e-02
2.180738560687511263e-01
2.348150073386342518e-01
2.017691205965280177e-01
-2.493819411759417293e-01
-1.307383755900917821e+00
-8.240295479250170363e-02
3.295983857076169032e-01
4.269061766203210984e-01
2.786803815749089863e-01
2.173934244919799863e-01
2.970114507443470386e-01
2.728536510814371097e-01
2.284693837883651768e-01
-1.822716321923619209e-01
-2.179095250228398062e-01
1.597635039736289564e-01
3.119677430694807740e-01
3.455975348408242276e-01
3.410779438319271883e-01
3.283332355347516884e-01
2.276560842892410841e-01
4.226622144860256447e-02
4.251366123684855586e-02
1.524822101451900613e-01
1.985777256296380189e-01
1.321186377307991822e-01
1.461083506305363988e-01
2.020964535699206199e-01
2.374086232252765882e-01
1.286141556757112725e-01
3.436338390217003047e-02
1.614235282980508168e-01
1.292137706184958157e-01
3.955242921959425256e-02
8.396089166442172180e-02
1.826363687025376048e-01
2.033763112634260350e-01
2.962085509913588988e-01
2.955099107040290995e-01
2.061577637765044657e-01
2.508654416550807897e-01
2.510746702509347728e-01
2.520323872694124612e-01
1.761636286475496138e-01
1.459070737702997667e-01
1.879419121084495159e-01
1.870709536364799086e-01
1.841782942345807639e-01
2.574891373844179765e-01
2.972947542356660366e-01
2.190963118221923300e-01
2.198395847188313879e-01
1.697720478884007234e-01
1.451588650209731102e-01
1.676152722565296682e-01
1.370848047522052471e-01
2.230465908468755309e-01
3.019768026668580019e-01
3.534974296896283841e-01
4.004212072833247538e-01
3.413924215391088146e-01
2.170790770529525127e-01
6.714413988689629798e-02
9.484362987181943483e-03
-6.629637473047744756e-01
-1.062889401632262310e+00
-1.585654065166148541e-01
3.459213474850448833e-01
5.128552759850615317e-01
1.995211743778687596e-01
3.623700174197844875e-02
4.742915253794262598e-01
6.575547528690357524e-01
6.339507389233719481e-01
4.544372497467316085e-01
2.995652901037298976e-01
-8.327810850202431447e-02
3.796054007006575692e-01
6.152025609037310439e-01
5.832963539422043597e-01
5.713056251697582466e-01
6.188677943161449146e-01
5.570035586593462540e-01
-5.645608804643946765e-01
-8.522995645841524581e-01
3.512175246391597283e-01
7.133396277436959698e-01
6.040654644428883335e-01
6.571072284818830767e-01
7.190394402760124093e-01
7.450181594798315210e-01
6.529281392216745861e-01
-4.122506193493240545e-01
-1.739699726247024181e+00
2.408638166063646890e-01
8.656458841180262320e-01
9.295001463973709965e-01
8.362045917861947730e-01
8.375881188371043784e-01
8.263431739277335986e-01
7.637478752120578918e-01
5.520169510852372952e-01
5.333292211839962826e-01
4.981385648198555227e-01
4.298317648432694038e-01
4.485021623568398730e-01
4.064103360093126449e-01
4.046846179094965024e-01
4.443633556213029134e-01
5.215562367192250193e-01
5.451484100648962272e-01
6.089349486150148483e-01
6.144162836139046568e-01
6.414795896073440806e-01
7.257297613676997328e-01
6.957387869582488671e-01
6.758599543278765998e-01
6.837297936223166728e-01
7.030528468807617504e-01
6.910993240980984886e-01
7.012638503161384707e-01
