-1.783414857381514729e+00
-1.783860974969002200e+00
-1.784065951661335969e+00
-1.784587409216187526e+00
-1.785274343771225070e+00
-1.786588712729213269e+00
-1.781433039999211099e+00
-1.783358223587067970e+00
-1.784331076605281119e+00
-1.785694276376476930e+00
-1.787764546083886685e+00
-1.790918078797335333e+00
-1.793687223980791945e+00
-1.795422790569608518e+00
-1.798767874442622094e+00
-1.805105392254765073e+00
-1.816983150145388803e+00
-1.841778166288048357e+00
-1.921095474696002281e+00
-4.230032475095450994e-01
-1.636676863495495349e+00
-1.708740445290316323e+00
-1.734710282643962209e+00
-1.743240211047176746e+00
-1.747860933895378777e+00
-1.752429619080275502e+00
-1.750744745434443361e+00
-1.743352405792977899e+00
-1.741378811550925221e+00
-1.745738460398026604e+00
-1.752425703640978494e+00
-1.759170446854952052e+00
-1.763879172854693866e+00
-1.865583932900738429e+00
-1.787177453081007616e+00
-1.786420767812942678e+00
-1.787674167731260422e+00
-1.789331020308145836e+00
-1.791445398312455195e+00
-1.793927611203335326e+00
-1.795499065675857153e+00
-1.797141023435204543e+00
-1.800302470496677909e+00
-1.806878720023843865e+00
-1.822796347819411578e+00
-1.874693427885099961e+00
-1.971538334536794279e+00
-1.953238954778026226e+00
-1.993124742208835398e+00
-3.872608194029772744e+00
-1.603188131767708136e+00
-1.693601045711880415e+00
-1.682264324720940341e+00
-1.863847427805438883e+00
-1.816977797597748356e+00
-1.824273395685548360e+00
-1.858389818495558732e+00
-2.044890175052200831e+00
-1.402552666020575156e+00
-1.674317855728818305e+00
-1.721911436799597794e+00
-1.738945897027496912e+00
-1.738690174527968368e+00
-1.720687737267922568e+00
-1.714408245086684435e+00
-1.735282675411286668e+00
-1.750239656557939671e+00
-1.758809824636509145e+00
-1.764171861562124022e+00
-1.767482894839384588e+00
-1.769049735957264335e+00
-1.769835563722253813e+00
-1.771068523723510202e+00
-1.772795087878026976e+00
-1.774351249586075374e+00
-1.775725456878879172e+00
-1.777190201893245503e+00
-1.778705257138134321e+00
-1.780055317023147232e+00
-1.781238740201655846e+00
-1.782446049527073084e+00
-1.783670013696808221e+00
-1.784920419526734525e+00
-1.786210754862141092e+00
-1.787378209565061438e+00
-1.788387293164829694e+00
-1.789200746384616902e+00
-1.789878078692130892e+00
-1.790704563802203442e+00
-1.791579790591448118e+00
-1.792375873246584872e+00
-1.793169566224740885e+00
-1.794118990444519834e+00
-1.795283362613442790e+00
-1.796408592038467811e+00
-1.797432183377834169e+00
-1.798459632717774204e+00
-1.799267183838664685e+00
-1.799760080490715897e+00
-1.800408091728802784e+00
-1.801279240288813144e+00
-1.802311591701779347e+00
-1.803580011811967365e+00
-1.804845849567618066e+00
-1.806149623318582087e+00
-1.807197976854778565e+00
-1.807573906757841575e+00
-1.807490164221151163e+00
-1.807159539847713381e+00
-1.807037940472472348e+00
-1.807631200970684748e+00
-1.809198243421807017e+00
-1.811591855820889219e+00
-1.818156847772669282e+00
-1.839622010622265158e+00
-1.877283202173541055e+00
-1.876638640198426744e+00
-1.854837160444501754e+00
-1.844726876649538605e+00
-1.844757680474906625e+00
-1.839973943073085261e+00
-1.829639574517791578e+00
-1.822162282002972367e+00
-1.818449819834539349e+00
-1.817349704886610740e+00
-1.819173863463518614e+00
-1.820395754127681842e+00
-1.818202671617637378e+00
-1.815818154084247738e+00
-1.814224062704799856e+00
-1.812947100125383626e+00
-1.812087020150197514e+00
-1.815015348382914784e+00
-1.824187913328133348e+00
-1.830556391845839626e+00
-1.827333904824173461e+00
-1.823676180304690364e+00
-1.821116185336670412e+00
-1.818769202403984986e+00
-1.816756743985090239e+00
-1.815460020641937344e+00
-1.817762368646081317e+00
-1.830321293429629126e+00
-1.844693902944158470e+00
-1.839616217021031286e+00
-1.831682613227558987e+00
-1.826369617045124460e+00
-1.822865434300175558e+00
-1.820311745708063311e+00
-1.818611952131928167e+00
-1.818026701041767890e+00
-1.818157246709727115e+00
-1.818507489602671834e+00
-1.819169704457796577e+00
-1.819972869426323303e+00
-1.820860908900368003e+00
-1.821864197139047903e+00
-1.822762671845991722e+00
-1.823344676792092445e+00
-1.823680221084106989e+00
-1.823812945884448977e+00
-1.823827790425595730e+00
-1.823823032504534147e+00
-1.823614121226800000e+00
-1.823389570488942901e+00
-1.823372850094733710e+00
-1.823454733963108865e+00
-1.823542568048868606e+00
-1.823682610926761427e+00
-1.823882124714396369e+00
