-1.272498767164096083e-06
-6.504266834099163310e-06
-3.601962010706105333e-06
2.675062342606523362e-05
7.761493532932713861e-05
1.359073277934130439e-04
7.244490897395918449e-05
-5.138383986192794801e-04
-1.687510810706891514e-03
-2.968660993813306091e-03
-4.050790384850584853e-03
-4.865800403293529634e-03
-5.478942955998511791e-03
-6.048388897093549647e-03
-6.564079123851802519e-03
-6.982120177199055422e-03
-7.286308576699773026e-03
-7.488739143158965050e-03
-7.608385307536479417e-03
-7.663036170136050887e-03
-7.665324625058884261e-03
-7.627198829817475982e-03
-7.537213243309777780e-03
-7.410437577700514783e-03
-7.271767861512707688e-03
-7.120633198639890471e-03
-6.968298737309500286e-03
-6.865284689481779105e-03
-6.796492440365390318e-03
-6.730591029145163023e-03
-6.649925279632555933e-03
-6.540090172784738913e-03
-6.393042498661156460e-03
-6.342417227325942292e-03
-7.072089887255423798e-03
-9.190695444873926354e-03
-1.166229147727814233e-02
-1.394548143189689761e-02
-1.600311591405363318e-02
-1.776579282447439748e-02
-1.937211908017355197e-02
-2.094722461365823574e-02
-2.239305431741944394e-02
-2.358909155652329920e-02
-2.441888243058559435e-02
-2.487565203715011788e-02
-2.507036178995973238e-02
-2.524809810825566492e-02
-2.544010353448934725e-02
-2.557670822048772191e-02
-2.558662098465078888e-02
-2.546095583754812153e-02
-2.527653093032387888e-02
-2.537355991536283453e-02
-2.611375637793750606e-02
-2.696616382273742119e-02
-2.759969356187355963e-02
-2.795894660722613237e-02
-2.812739121017019533e-02
-2.814713277492323154e-02
-2.800141603686566796e-02
-2.771126563123682204e-02
-2.735669949264780618e-02
-2.713749100933972314e-02
-2.706035588815608114e-02
-2.692691999030364519e-02
-2.662672450622556933e-02
-2.614435130743016783e-02
-2.549465050922231427e-02
-2.470419571687753821e-02
-2.384430777561948739e-02
-2.301656264711876218e-02
-2.221813140144256876e-02
-2.139570505532709457e-02
-2.053560320421838822e-02
-1.966311750911275968e-02
-1.877313265710115614e-02
-1.783868147085070771e-02
-1.685783326847517527e-02
-1.589197426445142572e-02
-1.498173245959015000e-02
-1.407368719719482957e-02
-1.316736034652774695e-02
-1.229633790908210914e-02
-1.144156292198696134e-02
-1.055995742778689621e-02
-9.628231670843602139e-03
-8.610938758358796172e-03
-7.515194197957155223e-03
-6.374435972999166825e-03
-5.185682069969091770e-03
-3.952961166943642565e-03
-2.689330367430098692e-03
-1.435251523683213999e-03
-2.046265684816947310e-04
1.025965311301923902e-03
2.272121150790807134e-03
3.540791646243529774e-03
4.858417020884178358e-03
6.233703352047665486e-03
7.635630593734916288e-03
9.042766664082086889e-03
1.042806652517474023e-02
1.177664413551132716e-02
1.309248096914814030e-02
1.437489428198609337e-02
1.566471099698977035e-02
1.700526965277185040e-02
1.842896159381211124e-02
1.995503547814733714e-02
2.153938850487836787e-02
2.309328804498488388e-02
2.452821789212104864e-02
2.572836260644308787e-02
2.634534515809683342e-02
2.627704287858245377e-02
2.599505649555753847e-02
2.585693270275150543e-02
2.594599978976472321e-02
2.610544984055550299e-02
2.627683698403117732e-02
2.665728637340010476e-02
2.735937936574761586e-02
2.834489701925555979e-02
2.949537282675868816e-02
3.067119092896475677e-02
3.174032534957425822e-02
3.289919945665710499e-02
3.429164463679754138e-02
3.591211519844880046e-02
3.774220041595048591e-02
3.978393793941656376e-02
4.186927511310975514e-02
4.344557163814095208e-02
4.445122800076398845e-02
4.547625856606255651e-02
4.679349430832459994e-02
4.837992982829105587e-02
5.023457728082121598e-02
5.237777576096157295e-02
5.479995986608025144e-02
5.730948270891381147e-02
5.924161336954746060e-02
6.018108734158618411e-02
6.102176201362401881e-02
6.226063217558511220e-02
6.396919465073541700e-02
6.608433922972439811e-02
6.854992833611717185e-02
7.133832847288994194e-02
7.439635077803199992e-02
7.760594596491120212e-02
8.091323241451339743e-02
8.426775015179926998e-02
8.762346182552574470e-02
9.097349177435305745e-02
9.429488365414236128e-02
9.758572965192859050e-02
1.008839740999711854e-01
1.042410519283157727e-01
1.076892340840810841e-01
1.112556828085262961e-01
1.149422464074202344e-01
1.187617186966066496e-01
1.227501596249208904e-01
1.268917490446058449e-01
1.311690597530854596e-01
1.355528418055413076e-01
1.400262554045036689e-01
1.445842518747512129e-01
1.492338755490212332e-01
1.539875543945320724e-01
1.588545287409423579e-01
1.638402197599074239e-01
1.689400029770587730e-01
1.741413223829211543e-01
1.794264541231835319e-01
1.847794906046511254e-01
1.901898791320617843e-01
1.956549539064193488e-01
2.011721344964588487e-01
2.067428629881499780e-01
2.123736090771765062e-01
2.180759913665686056e-01
2.238683998265582620e-01
2.297682463696320565e-01
2.357770297064009646e-01
2.418935656030652415e-01
2.481058640532777804e-01
2.544058859698669073e-01
2.607795973409823276e-01
2.672154261403447695e-01
2.737081504732239989e-01
2.802608539873739368e-01
2.868809538840772499e-01
2.935804382589304318e-01
3.003765912472250443e-01
3.072793672688160505e-01
3.142930394291166274e-01
3.214079542510145382e-01
3.286033429876645262e-01
3.358581722010344217e-01
3.431608956845548231e-01
3.505049011126149527e-01
3.578885949701464120e-01
3.653187543756550304e-01
3.728083559951174131e-01
3.803671473706637940e-01
3.879926739897117671e-01
3.956817384851273323e-01
4.034289000249840496e-01
4.112202086699540682e-01
4.190440492565412067e-01
4.268942015332704010e-01
4.347704566096370904e-01
4.426754523363096716e-01
4.506166799867968864e-01
4.586085126526419642e-01
4.666605663689889494e-01
4.747726074003312813e-01
4.829342008341832582e-01
4.911310786859768296e-01
4.993505926404147033e-01
5.075875832441025803e-01
5.158395430455336994e-01
5.241037483373947037e-01
5.323801844262343597e-01
5.406700726900663945e-01
5.489795692480443634e-01
5.573183437321099776e-01
5.656938972719228742e-01
5.741078327174033991e-01
5.825552486226268645e-01
5.910285494748460655e-01
5.995170635988226193e-01
6.080128455328449588e-01
6.165055081682057070e-01
6.249907926450046780e-01
6.334706763469664104e-01
6.419497703864515126e-01
6.504382645726672907e-01
6.589476141483827654e-01
6.674830617126390475e-01
6.760454234259782869e-01
6.846194826646118115e-01
6.931865758697900448e-01
7.017334976175017003e-01
7.102512106155287608e-01
7.187380700133066957e-01
7.271957884735618105e-01
7.356330953907036507e-01
