-3.513605039374056993e+00
-3.509787206090529743e+00
-3.508176598198754270e+00
-3.503431045667002586e+00
-3.497099694971979922e+00
-3.483110562278405098e+00
-3.525208657443437588e+00
-3.513039302643369055e+00
-3.504608753432415291e+00
-3.490633310845947079e+00
-3.465154170351635976e+00
-3.415854151197702748e+00
-3.381201872813512033e+00
-3.375632782912711072e+00
-3.334112819323237442e+00
-3.221445184447331744e+00
-2.883812184031668835e+00
3.412227309606621350e-01
-4.933331390306883613e+00
-4.200577023343000427e+00
-4.025270912788565525e+00
-3.888445800283302667e+00
-3.798053599431327143e+00
-3.773965895789046954e+00
-3.761186920418851720e+00
-3.736819214096831487e+00
-3.779429298435482032e+00
-3.912527659823931359e+00
-3.938648154944386803e+00
-3.852544852166977840e+00
-3.763256476044360532e+00
-3.694456794523631515e+00
-3.655645661660763324e+00
-3.355712885001360224e+00
-3.494205434558492751e+00
-3.493207786259476144e+00
-3.478853544024950839e+00
-3.459836291662282015e+00
-3.434225917299674080e+00
-3.404134045401759678e+00
-3.392525559681198288e+00
-3.379054559869802077e+00
-3.340970165889450172e+00
-3.235554836986253235e+00
-2.760638771812200520e+00
-5.823079576182772499e+00
-5.099746156577426248e+00
1.244753762331750124e+01
1.604362183618313731e+00
-6.279019526910014193e+00
-4.337988900859819807e+00
-4.031659178229846319e+00
-4.269736961597355496e+00
-3.189223097550217823e+00
-3.333753857636351015e+00
-3.248844984367686095e+00
-2.843200216489474297e+00
-1.579917446953190918e+01
-4.582249115561284114e+00
-4.073975271059619985e+00
-3.884075179198548611e+00
-3.805626798254498233e+00
-3.853514399176661165e+00
-4.181787063949167660e+00
-4.291956002114505786e+00
-3.915574326607217159e+00
-3.760736998258062513e+00
-3.691698163730884552e+00
-3.652753352662221786e+00
-3.630881475386637192e+00
-3.624377247917005551e+00
-3.624163641823442639e+00
-3.615841147286248169e+00
-3.600382042632957802e+00
-3.587496907034605442e+00
-3.576626694148657748e+00
-3.564246666014672549e+00
-3.551264612012132282e+00
-3.540373610031994467e+00
-3.531264631602504700e+00
-3.521555655824578857e+00
-3.511578569359821156e+00
-3.501222385724703567e+00
-3.490480992619886091e+00
-3.481572687238160491e+00
-3.474375158355303306e+00
-3.468990045265647915e+00
-3.464333901195791654e+00
-3.457350029097505661e+00
-3.449840919820484686e+00
-3.443238006979282950e+00
-3.436587400524409031e+00
-3.428022874701492029e+00
-3.417173800132959016e+00
-3.407396932361724140e+00
-3.399105303464459382e+00
-3.390783447667001127e+00
-3.385259112899501321e+00
-3.382996390436351142e+00
-3.377948854356388697e+00
-3.370229183343807389e+00
-3.360783265953338095e+00
-3.348965770749377846e+00
-3.337946964105221959e+00
-3.326817667483437546e+00
-3.319426541341784720e+00
-3.319772536324266277e+00
-3.323820689068255341e+00
-3.328878865416860844e+00
-3.330144165711554027e+00
-3.323045004942861258e+00
-3.305451947722031214e+00
-3.279675046229334257e+00
-3.196525001787164033e+00
-2.785366889879929531e+00
-1.499749431165289026e+00
-2.447475501199457781e+00
-2.956000226730812308e+00
-3.072523893556308394e+00
-3.065654003692492857e+00
-3.111101580498430330e+00
-3.197788133658931997e+00
-3.249802018962888006e+00
-3.269006140900065915e+00
-3.267641038683059662e+00
-3.239789369595178048e+00
-3.224694498849702384e+00
-3.248419864755949682e+00
-3.269763577052974490e+00
-3.281191382716277083e+00
-3.289567125067843989e+00
-3.293980255914817690e+00
-3.255766616364044186e+00
-3.136193074872410502e+00
-3.074942996771917070e+00
-3.150449582704694329e+00
-3.200170891181478794e+00
-3.226250840892981753e+00
-3.246447257815134435e+00
-3.261753953100298364e+00
-3.269432057818687287e+00
-3.237850484306630250e+00
-3.066607939245685976e+00
-2.880515755489128082e+00
-3.033163634296415445e+00
-3.143187771197758273e+00
-3.194671828079648890e+00
-3.221679684816158407e+00
-3.238682832270724177e+00
-3.248006227011950742e+00
-3.247230874437581072e+00
-3.241079088973567668e+00
-3.234487454330088774e+00
-3.225847901996892642e+00
-3.217042027928492587e+00
-3.208223630823169081e+00
-3.198897110982356295e+00
-3.191527380511549161e+00
-3.188131017689944890e+00
-3.187097448602162597e+00
-3.187757186469748483e+00
-3.188937713747823643e+00
-3.189747441313672383e+00
-3.192504695905721945e+00
-3.194757009372306555e+00
-3.194392550226236693e+00
-3.193090262561528725e+00
-3.191958012891511487e+00
-3.190352772747310439e+00
-3.188269343617076146e+00
