-2.287871412765610124e+00
-2.286642705416999100e+00
-2.286091037103243018e+00
-2.284627339947361335e+00
-2.282687857043959045e+00
-2.278815610202403086e+00
-2.292687126332533687e+00
-2.287910662385441718e+00
-2.285229934877566649e+00
-2.281269002299755044e+00
-2.274915672385028564e+00
-2.264557466295495480e+00
-2.255774140864355459e+00
-2.251207254887093612e+00
-2.240646834784284724e+00
-2.218490195094704909e+00
-2.171662198030144708e+00
-2.048820187402915050e+00
-1.048499528021246352e+00
-2.816970587047688657e+00
-2.546801647232099786e+00
-2.450654529158572181e+00
-2.402797047463848035e+00
-2.387053573749046809e+00
-2.378412934549166025e+00
-2.368173818551364995e+00
-2.376058690657939287e+00
-2.403263575913948902e+00
-2.411212297357141487e+00
-2.395758916464916677e+00
-2.373721401800347852e+00
-2.353169677674546545e+00
-2.339851034045417499e+00
-2.174467619965574805e+00
-2.279190521459661056e+00
-2.280288137147927774e+00
-2.276448041865607674e+00
-2.271404603091816909e+00
-2.264869608267983558e+00
-2.257155222442438713e+00
-2.252730094857918530e+00
-2.248090349335271743e+00
-2.238275594602058494e+00
-2.216075595974251300e+00
-2.153631775001116910e+00
-1.819390455724391842e+00
-2.190570912010758597e-01
-1.507882323659188506e+00
-1.445634880163672920e+00
-5.226592361203581838e+00
-2.671741606233986044e+00
-2.502589205407233841e+00
-2.552433344922047098e+00
-2.119611703450953399e+00
-2.210055417106775888e+00
-2.188004662809432954e+00
-2.090987105041462790e+00
-1.411932662483528222e+00
-3.024326193694579779e+00
-2.547847310232350004e+00
-2.441290038632029979e+00
-2.401725366292637887e+00
-2.407890440738845061e+00
-2.474479878898370178e+00
-2.500439269995078373e+00
-2.424474010586671113e+00
-2.378051957410936446e+00
-2.353772650392779386e+00
-2.339242795454696822e+00
-2.330608066266369072e+00
-2.327009011063065902e+00
-2.325608954922697258e+00
-2.322526572985271542e+00
-2.317704625376376448e+00
-2.313437148831202883e+00
-2.309729380000385301e+00
-2.305672334219789565e+00
-2.301430324443098918e+00
-2.297739434001719872e+00
-2.294601406586366465e+00
-2.291347507656437354e+00
-2.288010488380244567e+00
-2.284617328899162469e+00
-2.281115085512412932e+00
-2.277986933262004854e+00
-2.275319098932061745e+00
-2.273201449025209264e+00
-2.271423032868778780e+00
-2.269150746398099994e+00
-2.266730900881697597e+00
-2.264543280246057666e+00
-2.262355386295896942e+00
-2.259691294949512042e+00
-2.256396655142357766e+00
-2.253269177664781964e+00
-2.250479375783172920e+00
-2.247687010413347508e+00
-2.245586019403828626e+00
-2.244414175334354944e+00
-2.242693843042209867e+00
-2.240284111044623661e+00
-2.237395034336168820e+00
-2.233820242342184681e+00
-2.230317817624232646e+00
-2.226737085230514168e+00
-2.224001431547051322e+00
-2.223313973996991155e+00
-2.223892828889393769e+00
-2.225052376217066197e+00
-2.225441159098117794e+00
-2.223640581378402814e+00
-2.218955229076907898e+00
-2.211887595772059623e+00
-2.191634598548706681e+00
-2.118319219476006321e+00
-1.975159980721736597e+00
-2.008693907899787856e+00
-2.096189295903599703e+00
-2.128968740855320618e+00
-2.129332891758915380e+00
-2.143303131302349840e+00
-2.171325089479948733e+00
-2.190358732923360918e+00
-2.199042876765734178e+00
-2.200811690520484643e+00
-2.194571786018515436e+00
-2.190586435358417017e+00
-2.196750451942228288e+00
-2.203192684085415465e+00
-2.207228152840373436e+00
-2.210371086862834122e+00
-2.212345523740485653e+00
-2.203090840018049779e+00
-2.174568438733444520e+00
-2.156125536919003771e+00
-2.168719069316110026e+00
-2.180636354946603017e+00
-2.188247228107235376e+00
-2.194803273916785535e+00
-2.200172266050856251e+00
-2.203386647781444108e+00
-2.195978119610524359e+00
-2.156566968539780138e+00
-2.112134757187789980e+00
-2.133787356670386881e+00
-2.159722460094379404e+00
-2.175235047074031147e+00
-2.184721983803728396e+00
-2.191285093278766638e+00
-2.195400534834964112e+00
-2.196383540463812345e+00
-2.195457139261550950e+00
-2.194055359465929556e+00
-2.191864220835058052e+00
-2.189390337650111373e+00
-2.186766252126735033e+00
-2.183887379649181337e+00
-2.181409454853014296e+00
-2.179935453856353789e+00
-2.179185603769932200e+00
-2.179003314299458260e+00
-2.179108534090441474e+00
-2.179216873227565188e+00
-2.179896833465329919e+00
-2.180558460780027907e+00
-2.180564627785069653e+00
-2.180281076171871835e+00
-2.179994566296449943e+00
-2.179560571174950390e+00
-2.178964781401021789e+00
