-2.756679911803901817e+00
-2.749264779765813849e+00
-2.760232250778533736e+00
-2.754480377220437148e+00
-2.749684972470269884e+00
-2.738959542397032099e+00
-2.760382985426453217e+00
-2.755056457150454996e+00
-2.749821622989280900e+00
-2.741120092006129383e+00
-2.726683255246777460e+00
-2.702859754720251750e+00
-2.684486666905772090e+00
-2.676704836924939102e+00
-2.655661839611036523e+00
-2.612908257996385153e+00
-2.532837174674041236e+00
-2.379298554685552514e+00
-2.026462231418940441e+00
-2.252982461238113299e-01
-6.829554059469666427e+00
-3.710655545210867601e+00
-3.264352983657952567e+00
-3.195823647243084764e+00
-3.180833046081529503e+00
-3.133489758843762019e+00
-3.295629860690855395e+00
-4.712526369837577889e+00
-9.531865227867008628e+00
-5.032348922202148245e+00
-3.669295602626231556e+00
-3.231510498994926817e+00
-3.086570328094111915e+00
-2.615007097325487528e+00
-2.732932430977495830e+00
-2.736431865918591999e+00
-2.727485888697702254e+00
-2.715619766899822984e+00
-2.700346030220533766e+00
-2.682836722185743650e+00
-2.674256244922575743e+00
-2.665190120279016917e+00
-2.644321487054362763e+00
-2.597214360600649030e+00
-2.475666212500464702e+00
-2.046576739040678827e+00
-1.680128631189562682e+00
-2.085093283727339042e+00
-2.123154029417431587e+00
-1.775965348871457961e+00
3.121703271741327335e+00
-4.564405748109670924e+00
9.342742375749976702e+01
-2.521342312270976826e+00
-2.613013479313869958e+00
-2.576850583808956152e+00
-2.466273538861347259e+00
-2.231463062659583496e+00
-1.785162637480966374e+00
2.915867293759243140e+00
-4.210912399247310312e+00
-3.502025301562110116e+00
-3.847008106933025751e+00
-1.812394897317264331e-01
-1.285019781729900723e+00
-6.797269568537285700e+00
-3.445877629940505837e+00
-3.144290620438974226e+00
-3.033765533124717528e+00
-2.984198531145619171e+00
-2.980174798199439756e+00
-2.996294347199334851e+00
-2.990345640053409859e+00
-2.966564094277752694e+00
-2.950764399415362504e+00
-2.940527460084624956e+00
-2.924017272298927494e+00
-2.903472938657179370e+00
-2.891943053287697740e+00
-2.894576674592356014e+00
-2.892735633962394637e+00
-2.881785761101046894e+00
-2.877484147528250880e+00
-2.875343819236987564e+00
-2.865042089394559177e+00
-2.850792722891819064e+00
-2.834721645770206688e+00
-2.819655235248007763e+00
-2.808999300003991451e+00
-2.799962024955574336e+00
-2.791235100078813147e+00
-2.783161457595579868e+00
-2.776029455872134122e+00
-2.769463255960168624e+00
-2.762703257669233636e+00
-2.755891959616276310e+00
-2.749254823395777869e+00
-2.743022806442831474e+00
-2.737425376249178477e+00
-2.731672611842697052e+00
-2.725419358866115971e+00
-2.718593017355256158e+00
-2.710901593192025061e+00
-2.703164646225037160e+00
-2.695187655249862591e+00
-2.688401156341298837e+00
-2.684797888183658721e+00
-2.683276879434556506e+00
-2.683152308108416761e+00
-2.681780507849246487e+00
-2.676141420832299112e+00
-2.664418847190972883e+00
-2.646873213064520947e+00
-2.585372958912768304e+00
-1.441836893741514691e+00
-3.220161114691852955e+00
-3.412260747954591000e+00
-9.847142628326560621e-01
-2.227860624086239749e+00
-2.217593419998156623e+00
-2.367152795433312917e+00
-2.539618532100117232e+00
-2.604746992219438617e+00
-2.625487016481421243e+00
-2.627350042287772247e+00
-2.607749273344601715e+00
-2.595345795615401130e+00
-2.614850381305296345e+00
-2.631941610447108282e+00
-2.640845469387295363e+00
-2.647036305862675576e+00
-2.650564928125114683e+00
-2.627291515949243816e+00
-2.537462053331378087e+00
-2.468480168570749367e+00
-2.537402381139540086e+00
-2.580811824432765356e+00
-2.602251298634865151e+00
-2.617732256818838366e+00
-2.629029961354610645e+00
-2.634722172498409343e+00
-2.615593308656250393e+00
-2.492375966874450288e+00
-2.273438340934221813e+00
-2.432523701959736773e+00
-2.536385885131516638e+00
-2.580761722254960588e+00
-2.601687541721781738e+00
-2.613810483218645953e+00
-2.621434474955869121e+00
-2.622952819849831307e+00
-2.620505846969936048e+00
-2.616687865331468021e+00
-2.610822187267647365e+00
-2.604493311888886886e+00
-2.597925132062239850e+00
-2.590658823465989968e+00
-2.584726975939206639e+00
-2.581813937945245385e+00
-2.581027212232666734e+00
-2.581535765812632111e+00
-2.582256977614051152e+00
-2.582509917936428145e+00
-2.584072834596540691e+00
-2.585541259384770640e+00
-2.585707806126577246e+00
-2.584707556492923608e+00
-2.582669195889515379e+00
-2.580318569642177096e+00
-2.578126770909737075e+00
-2.576442733605814883e+00
-2.575171613775721013e+00
-2.574128187661567146e+00
-2.573010359572903916e+00
-2.571482607666617959e+00
-2.569354398190158761e+00
-2.566642260961259137e+00
-2.563527035318120539e+00
-2.560327186059198290e+00
-2.557149477981457864e+00
-2.554015822208024478e+00
-2.551103687920082574e+00
-2.548555258356684838e+00
-2.546561542360881170e+00
-2.545270406803674668e+00
-2.544159739647962937e+00
-2.542945517490281304e+00
-2.541383220240628127e+00
-2.539451313630412876e+00
-2.537173731388738585e+00
-2.534467109218272896e+00
-2.531546765256903697e+00
-2.528690805252805873e+00
-2.526099082120754069e+00
-2.523846298248870301e+00
-2.522137066393919547e+00
-2.520843061304054444e+00
-2.519712446238216330e+00
-2.518428724362263615e+00
-2.516559941309780779e+00
-2.513976990945982593e+00
-2.510958838794182135e+00
-2.507782039136939645e+00
-2.504559603810281310e+00
-2.501506390139509151e+00
-2.498867581983467812e+00
-2.496684973181033662e+00
-2.494571809089429770e+00
-2.492310387423800844e+00
-2.489966063724033507e+00
-2.487304890402669333e+00
-2.484240636206932251e+00
-2.480963623426332365e+00
-2.477680068324107587e+00
-2.474516417953323444e+00
-2.471544853594686231e+00
-2.469001080246279400e+00
-2.466894724103288361e+00
-2.464916976468287224e+00
-2.462712288202691280e+00
-2.460080547710801646e+00
-2.457022433690645880e+00
-2.453754347900634514e+00
-2.450476435277442189e+00
-2.447172424838961913e+00
-2.443887528169106371e+00
-2.440669120815007975e+00
-2.437606446557113671e+00
-2.434864164832649891e+00
-2.432439763452053150e+00
-2.430165322877893441e+00
-2.427799570303982080e+00
-2.425227220812503859e+00
-2.422347848312025320e+00
-2.419221328197668885e+00
-2.415838003547810420e+00
-2.412247580260568292e+00
-2.408725019576537285e+00
-2.405372703974978599e+00
-2.402313632390400411e+00
-2.399698998913160519e+00
-2.397350743507555393e+00
-2.395130677010251841e+00
-2.392634069400418007e+00
-2.389477026573039176e+00
-2.385831032892825387e+00
-2.381876946906503090e+00
-2.377842399328070844e+00
-2.373891240002385494e+00
-2.370183717895501196e+00
-2.366937324872342430e+00
