7.959443963375221901e-04
2.883033008173177536e-03
8.171821162236549835e-03
1.451871263459169822e-02
1.946689189905479594e-02
1.972640737049458776e-02
-3.720221400866279698e-02
-1.609813669389980884e-01
-2.404609102697799483e-01
-2.347943857293287584e-01
-1.954174983631091211e-01
-1.515818802859582315e-01
-1.312905067132823511e-01
-1.258108799532283439e-01
-1.107302306625403826e-01
-8.879525488093896468e-02
-6.593939891502170747e-02
-4.564352182191892121e-02
-2.824066127503700036e-02
-1.331462918056017242e-02
-1.459505758155829613e-03
1.069082535293808776e-02
2.307934506873518532e-02
3.059262323882946596e-02
3.571897832977095205e-02
4.134082750550306662e-02
3.882794956516298635e-02
3.133049946140996356e-02
2.932414583831231825e-02
3.175516163799349534e-02
3.717201419744091406e-02
4.538953902596950390e-02
5.343023956123343909e-02
-6.548485789799197987e-03
-2.480273836056072212e-01
-4.470853827311477291e-01
-4.607265230733904593e-01
-4.385007548864479077e-01
-4.009161252407555942e-01
-3.611483402831150991e-01
-3.526209849009956931e-01
-3.439281536117952398e-01
-3.106444202417054656e-01
-2.516340705149937018e-01
-1.762029019456493595e-01
-1.043443893678149825e-01
-7.041987436856933513e-02
-6.694313024548574631e-02
-5.683123716376575763e-02
-3.214406236581515697e-02
8.633769541269570302e-04
3.138257577375816454e-02
2.924699522621323697e-02
-6.991154030466388558e-02
-1.541483153789420801e-01
-1.379115138818190200e-01
-8.884251738527787490e-02
-4.239195411434998340e-02
-8.690703474220469460e-03
2.582291876160938693e-02
6.252955957379602303e-02
9.369743811236092013e-02
9.418432054882586169e-02
6.630650506935897859e-02
5.962805120085730437e-02
8.503052279436397465e-02
1.216419509174624380e-01
1.595748460133928626e-01
1.955933531972556538e-01
2.231869282886126959e-01
2.314092437665860036e-01
2.271883579759104987e-01
2.289975707584294140e-01
2.396766538480931408e-01
2.483369336414584239e-01
2.534658079228669370e-01
2.626130009380988062e-01
2.770345030017715149e-01
2.861657342168693052e-01
2.822476969186874518e-01
2.804810598109774844e-01
2.839896114338040789e-01
2.796763436100397349e-01
2.727835294089601126e-01
2.749516791497295665e-01
2.845197110354117376e-01
3.014666573719499976e-01
3.238998917044629833e-01
3.402798820082931219e-01
3.537418678298601682e-01
3.693270763868026219e-01
3.844258711195260303e-01
3.940696131373059852e-01
3.965985337152590495e-01
3.994798845490056816e-01
4.044175817565929254e-01
4.088351924267603632e-01
4.175940176874222143e-01
4.331239681168820299e-01
4.457560702479841930e-01
4.534193358688154429e-01
4.574787521843179938e-01
4.565880515689540453e-01
4.553956840969702879e-01
4.534207535506830089e-01
4.551482278510360358e-01
4.671711108677243374e-01
4.873166572368137217e-01
5.135061176281581208e-01
5.383736579816534862e-01
5.510985791160130098e-01
5.459361760574226174e-01
5.273760068794530742e-01
4.614168658257777889e-01
3.293600585780038226e-01
2.328871414060857403e-01
2.258242938645370346e-01
2.633008191417851585e-01
2.932138648561364858e-01
2.952338057797393445e-01
3.163748637455244817e-01
3.759214100145640280e-01
4.449285778404752922e-01
5.000735956965866036e-01
5.328424358742732680e-01
5.295727958197934404e-01
5.314913906017025846e-01
5.750421822741816902e-01
6.297964389474386415e-01
6.807133477429848645e-01
7.323896417179495133e-01
7.810473393960437605e-01
7.513255150214905864e-01
6.337327802601477877e-01
5.756558223549296249e-01
6.139654306188155886e-01
6.687035585014484695e-01
7.211882994969662786e-01
7.806603600954383770e-01
8.446528683992176045e-01
9.027923528055774582e-01
8.845066372237527785e-01
7.143158092856563002e-01
5.915662397025889252e-01
6.291603502131190018e-01
7.115801430874436617e-01
7.937324041090708659e-01
8.705940110177377012e-01
9.457467336664013846e-01
1.014318713067893896e+00
1.063047469485788543e+00
1.095233786457495251e+00
1.121436687575978475e+00
1.138874466895816839e+00
1.151538580603030937e+00
1.161066350793815705e+00
1.166790551810485299e+00
1.174095059770809302e+00
1.188157214692157071e+00
1.207926198559021946e+00
1.232829276483149217e+00
1.261419897400442469e+00
1.291486237936252390e+00
1.327871645103823939e+00
1.366474552855241331e+00
1.400945519447906351e+00
1.433512614153113818e+00
1.466522297477892200e+00
1.498632006029428254e+00
1.529399995134796297e+00
