-6.348271062620308844e-04
-7.211412067291474853e-04
2.798927261528458277e-03
6.830798080524828897e-03
8.984404552748216644e-03
6.783975149871288371e-03
-4.752749528209242874e-02
-1.518686567395688414e-01
-1.988988991583618415e-01
-1.680590834477322937e-01
-1.181542582181754064e-01
-7.569662317098710402e-02
-6.252502252069928879e-02
-6.283550643646015899e-02
-5.330043174115513954e-02
-3.860215805011806695e-02
-2.459731622770958137e-02
-1.387935865240346421e-02
-6.261146981164163357e-03
-4.499400807556029613e-04
3.167426466581636704e-03
8.079467965018464343e-03
1.367683354193034717e-02
1.485410173033878921e-02
1.463834283270466254e-02
1.594214317130230110e-02
1.020296353280348428e-02
1.752685731117616455e-03
-1.594665978143954606e-04
1.906851834734142907e-03
5.981597250054516111e-03
1.186898899397768360e-02
1.675715732962365298e-02
-4.202320912097647077e-02
-2.558384700195882600e-01
-3.898937688954164926e-01
-3.485384646255766383e-01
-2.948242433678451291e-01
-2.430309335211509325e-01
-2.028580174551888882e-01
-1.984950946112684633e-01
-1.932334715585713458e-01
-1.661713374139353327e-01
-1.195181058658196238e-01
-6.497390339703323914e-02
-2.005802933111908853e-02
-1.319406367529305998e-02
-2.906888921623764985e-02
-3.257635017879330352e-02
-2.028115187502387701e-02
-1.208350565624728007e-03
1.446778798259334281e-02
-3.271996928394371035e-04
-9.911441189921808836e-02
-1.626995590566960859e-01
-1.304671591393907482e-01
-7.891903533825084249e-02
-4.120709594576600632e-02
-2.049853722398298217e-02
-8.614707463089343875e-05
2.040514920725554002e-02
3.499890239269284886e-02
2.174343836491116067e-02
-1.183925259839652133e-02
-1.818107284899948828e-02
5.680306469339996972e-03
3.496900361036304333e-02
6.052150381310232585e-02
8.169010424805256410e-02
9.521491854208542771e-02
9.158387796185633867e-02
8.073009331592896631e-02
7.975542430573456798e-02
8.622676759305389349e-02
8.969304013724506419e-02
9.067209244321891570e-02
9.566307923090090759e-02
1.044974244128796942e-01
1.071779168339354882e-01
9.807667568383458823e-02
9.375587206189003875e-02
9.675566927174283904e-02
9.390464301900999788e-02
8.944835103852713520e-02
9.239363391174529316e-02
9.985186338976798082e-02
1.119120959088496930e-01
1.262931618547441792e-01
1.343477470063455248e-01
1.400542945439295084e-01
1.465868600455125237e-01
1.522605648553677637e-01
1.529756322677271463e-01
1.485405049031999769e-01
1.468254089023025288e-01
1.496098536768201703e-01
1.532312323938097021e-01
1.596313321681184227e-01
1.699057400773556215e-01
1.766619770597538663e-01
1.786046021765231306e-01
1.770849361411406253e-01
1.720298910604720621e-01
1.676982070687010884e-01
1.633442115688061858e-01
1.626725830660410710e-01
1.699592387197161880e-01
1.823738773707690441e-01
1.990254378039138516e-01
2.128077219811053689e-01
2.139347841065767364e-01
1.995268686138670922e-01
1.768810991701946222e-01
1.138265752444308637e-01
1.495997835827378442e-03
-6.026851103273556109e-02
-3.876004906709648590e-02
1.174664134840886637e-02
4.163367165890455995e-02
4.022358794674655430e-02
5.646379645536903080e-02
1.035633348466792614e-01
1.512240550829065666e-01
1.801989698143101615e-01
1.888390220648591411e-01
1.682436984845577799e-01
1.602394735956056138e-01
1.915044578668667896e-01
2.287146881077457006e-01
2.585748230191881603e-01
2.875831059379642118e-01
3.134710082306443324e-01
2.662225966273500943e-01
1.541939403742865200e-01
1.187681399920328951e-01
1.700259835808593800e-01
2.231106938259689587e-01
2.643269159350277175e-01
3.058487689251607189e-01
3.475099365629054637e-01
3.802560932843085384e-01
3.391137284317800593e-01
1.737294754562664634e-01
8.903493917729483897e-02
1.530583651118846700e-01
2.400516630228380355e-01
3.115449936745290360e-01
3.652398852997121304e-01
4.103335431385704557e-01
4.503440615161100058e-01
4.735543943657853916e-01
4.835972047274793573e-01
4.893000512146707948e-01
4.879537530255319000e-01
4.855776226326881662e-01
4.828336209541125301e-01
4.781976248840930088e-01
4.780034629021247539e-01
4.868199316569030155e-01
5.018607440610640680e-01
5.210375761306066389e-01
5.413065224252423535e-01
5.605394761771053114e-01
5.851821111206124693e-01
6.105476812494612382e-01
6.318718360371311515e-01
6.492064054663864159e-01
6.627550038039102809e-01
6.753266653321944313e-01
6.887843282154052504e-01
7.045584014317958221e-01
7.222881532432172680e-01
7.412549520875643116e-01
7.601751498205593371e-01
7.775189373435041906e-01
7.923349525567248142e-01
8.046198210711229537e-01
8.151505753314071123e-01
8.253474589883276202e-01
8.356412620120657886e-01
8.460947521857972164e-01
8.574897637866307765e-01
8.704576060903025381e-01
8.858894625912105969e-01
9.045457760612578557e-01
9.241082305628280924e-01
9.433251864680612941e-01
9.610250422155232064e-01
9.770895006995953258e-01
9.915849677713914900e-01
1.004067393493742077e+00
1.015564395891523031e+00
1.027404679562782253e+00
1.040523476050285057e+00
1.055265469696013980e+00
1.072664264770970988e+00
1.092137230180298513e+00
1.112509055102335553e+00
1.132214461194439137e+00
1.149020774723971794e+00
1.162230626997310612e+00
1.173285627395971531e+00
1.183584560913213402e+00
1.193661925738798146e+00
1.204578934523043543e+00
1.217545889248793367e+00
1.232747863835942370e+00
1.248195217831828963e+00
1.262806361319351423e+00
1.276947485665341997e+00
1.289402119682013792e+00
1.299747598225558631e+00
1.308985409358710772e+00
1.318164664919755369e+00
1.327893887011706964e+00
1.338506258808134453e+00
1.351182866510918901e+00
1.365949847400559580e+00
1.381244437147421733e+00
1.395276889337514703e+00
1.407060553803805680e+00
1.416636916536094803e+00
1.425142217648965204e+00
1.433577435628694552e+00
1.441822091456149924e+00
1.450087407669748307e+00
1.458589130367025533e+00
1.467759363855267507e+00
1.478398029795070512e+00
1.490469209642214965e+00
1.503138012189249251e+00
1.515224453518753567e+00
1.526192801800412946e+00
1.535568977382332001e+00
1.543686174371505793e+00
1.550499135816050700e+00
1.556271808266403989e+00
1.562342539459958601e+00
1.569159285009984917e+00
1.577277772028328862e+00
1.587386949247399093e+00
1.598598773569387621e+00
1.610272771952894422e+00
1.620473311991154963e+00
1.627425206570448202e+00
1.632044557506953320e+00
1.635229831781562782e+00
1.638060144367482929e+00
1.641255620621873579e+00
1.645508117621268696e+00
1.651751803334661650e+00
