1.509571824434744726e-06
1.124090639910802915e-05
3.942353929225975303e-05
1.031348742828415497e-04
1.958501696049877320e-04
3.054228781000104193e-04
2.982874340305272836e-04
-2.429485030489093780e-04
-1.408212719652588655e-03
-2.725886027149489535e-03
-3.875372152473764709e-03
-4.769540574735028730e-03
-5.459774875524743554e-03
-6.099704265368209241e-03
-6.679966346658089242e-03
-7.153998052488931558e-03
-7.500868491613640367e-03
-7.730486597374030405e-03
-7.859297491710786135e-03
-7.904062343873330745e-03
-7.879002806733434797e-03
-7.797120755067902566e-03
-7.649054138773716226e-03
-7.450643273292083257e-03
-7.226349715444335686e-03
-6.977180042907771447e-03
-6.717132967337455587e-03
-6.499082713676544720e-03
-6.310836814717680696e-03
-6.121770543866217155e-03
-5.912539919715104932e-03
-5.667089786829487136e-03
-5.376422870651254710e-03
-5.175668970114232458e-03
-5.769119261169543961e-03
-7.817607875593490796e-03
-1.031423785973373947e-02
-1.269619791788743901e-02
-1.489773364033658565e-02
-1.682432727231579148e-02
-1.859909414219749341e-02
-2.034144069152163739e-02
-2.195135060365002722e-02
-2.330104626185632716e-02
-2.426123279809809172e-02
-2.481031568720884831e-02
-2.505181791744967232e-02
-2.523449688774253089e-02
-2.539769117775550131e-02
-2.547586995525068232e-02
-2.539562620299462212e-02
-2.514643824885076651e-02
-2.480637639367504199e-02
-2.472571810418600080e-02
-2.529250594686366718e-02
-2.599095959866981609e-02
-2.647722936359577298e-02
-2.667759014764897393e-02
-2.666100965497216965e-02
-2.646805173595938310e-02
-2.607880131547213667e-02
-2.551010073343046650e-02
-2.484488468906017114e-02
-2.429057126898402641e-02
-2.386480750552281635e-02
-2.337808443787871282e-02
-2.271677444756460898e-02
-2.185380856668052776e-02
-2.079585156144794084e-02
-1.956976197904386830e-02
-1.825492585512808463e-02
-1.695544926806064751e-02
-1.568245689532222695e-02
-1.438227718064298902e-02
-1.303251791790263972e-02
-1.165995192447019657e-02
-1.026056171532021243e-02
-8.804590570661487842e-03
-7.285460779033093789e-03
-5.764088833173798727e-03
-4.282007867916605773e-03
-2.794977031642546794e-03
-1.315738020912440289e-03
1.161189846303480825e-04
1.524542195014647267e-03
2.963575555258239104e-03
4.464993835819384624e-03
6.072935196674909657e-03
7.783473358625008984e-03
9.557089976903456949e-03
1.140138096804032761e-02
1.331764726457438860e-02
1.529319765999586841e-02
1.728562616051064829e-02
1.927518795149940276e-02
2.127617702597632207e-02
2.329091411140198076e-02
2.532579066220515610e-02
2.741818570732643817e-02
2.958297686767218104e-02
3.178583093295300754e-02
3.401023641929029617e-02
3.622815727974594557e-02
3.842447064985285432e-02
4.060287288013313123e-02
4.276238094904914050e-02
4.494974467536651253e-02
4.721694228957584727e-02
4.960056384762527582e-02
5.211750952458977376e-02
5.472572521215440799e-02
5.733827497775127735e-02
5.986220016601284666e-02
6.217169825246735004e-02
6.390403281673091851e-02
6.492665442623435368e-02
6.569963042108632745e-02
6.659363911436150252e-02
6.771286898135685239e-02
6.891405384978581405e-02
7.014338524927758722e-02
7.160929571717455921e-02
7.343669705803758385e-02
7.560289322313729077e-02
7.799067985069307873e-02
8.044949683281406305e-02
8.283252629043080795e-02
8.533650710489529279e-02
8.811003048993301667e-02
9.115284734702272518e-02
9.445057087704697429e-02
9.800394351105995439e-02
1.016384508204403320e-01
1.047826423119512657e-01
1.073332249513566927e-01
1.098732328043301315e-01
1.126941291740823636e-01
1.157912229665439136e-01
1.191805222283465193e-01
1.228913116633152947e-01
1.269194500139214088e-01
1.310806007047752297e-01
1.346972310404770112e-01
1.372866579567826595e-01
1.397207690151903436e-01
1.425253200248319252e-01
1.457897772024986105e-01
1.494728721223154977e-01
1.535529581211964034e-01
1.580026577504833052e-01
1.627490243929421987e-01
1.676681700496926442e-01
1.727097210823645423e-01
1.778346496159873558e-01
1.829998684624174199e-01
1.881939675493078667e-01
1.933935891335681612e-01
1.985943983834408122e-01
2.038214621094447676e-01
2.091154985160432744e-01
2.145009424436517820e-01
2.200072005789188989e-01
2.256426198518613202e-01
2.314254590629992447e-01
2.373877856818152055e-01
2.435149234097160609e-01
2.497874849608846259e-01
2.562013827993436244e-01
2.627569957675127132e-01
2.694441888123643158e-01
