-2.173515724033667329e+00
-2.171904371531253819e+00
-2.171177049830716577e+00
-2.169265850488381719e+00
-2.166736937495547632e+00
-2.161738391675583237e+00
-2.180010439005849676e+00
-2.173601008058106299e+00
-2.170086807040044974e+00
-2.164957209254680492e+00
-2.156837475897046552e+00
-2.143828865534058714e+00
-2.132726396634888388e+00
-2.126679487264528490e+00
-2.113371560168219254e+00
-2.086244827730798335e+00
-2.031154759515735542e+00
-1.898569166811026721e+00
-1.213352885137757076e+00
-3.139657016149377533e+00
-2.563577258311960705e+00
-2.405963207260624515e+00
-2.333894216398610943e+00
-2.310453169551760499e+00
-2.297709780934406698e+00
-2.283212178123442904e+00
-2.293345179968083514e+00
-2.329311739592861308e+00
-2.340049646301417763e+00
-2.319798753766483479e+00
-2.290373816815727270e+00
-2.262643329803025960e+00
-2.244544486194581356e+00
-2.008109963152608923e+00
-2.161484254916178571e+00
-2.163256257908201974e+00
-2.158328563003558909e+00
-2.151851538173899403e+00
-2.143498918785474494e+00
-2.133668833951775312e+00
-2.127907931794728924e+00
-2.121886094158921043e+00
-2.109449746235136480e+00
-2.081994918824348950e+00
-2.008556749864078395e+00
-1.686982633738716819e+00
-8.259810881535573079e-01
-1.373367514297983316e+00
-1.289526367470283263e+00
-5.158604904065355612e+01
-2.758733225951985446e+00
-2.481772499790630082e+00
-2.551121986285408205e+00
-1.945979141775906029e+00
-2.068174471149712090e+00
-2.040503325781845234e+00
-1.920924372462613938e+00
-1.247053420439310667e+00
-3.468466962989710467e+00
-2.555397847203034978e+00
-2.390912700949171299e+00
-2.332594100797188652e+00
-2.340019942276711618e+00
-2.431016584778841860e+00
-2.467053549211621899e+00
-2.362610050864042410e+00
-2.298275569511866845e+00
-2.264583465568569931e+00
-2.244461596314801799e+00
-2.232529189293258831e+00
-2.227540944715113103e+00
-2.225608588384900610e+00
-2.221467576941237532e+00
-2.214997627284779114e+00
-2.209276319606995109e+00
-2.204325614723794402e+00
-2.198898174413151718e+00
-2.193199439946957430e+00
-2.188269276428324694e+00
-2.184162105597662329e+00
-2.179889879671925712e+00
-2.175468567618600968e+00
-2.171046005429315251e+00
-2.166504251041698303e+00
-2.162348570485076671e+00
-2.158726906997316952e+00
-2.155779026453600977e+00
-2.153276711277299693e+00
-2.150218007509983487e+00
-2.146996015650828760e+00
-2.144068145426934802e+00
-2.141151254630503598e+00
-2.137657143965964845e+00
-2.133384920653717209e+00
-2.129310292296037410e+00
-2.125649934317972445e+00
-2.121988323463874337e+00
-2.119183007854941625e+00
-2.117543851856379167e+00
-2.115246667322867147e+00
-2.112097049336802534e+00
-2.108350238869197035e+00
-2.103744205229159281e+00
-2.099215278455393907e+00
-2.094583682652199297e+00
-2.090989907792782265e+00
-2.089947336949910195e+00
-2.090519455643322644e+00
-2.091863133753914195e+00
-2.092282774265078249e+00
-2.089973827755541080e+00
-2.084047365763442627e+00
-2.075128889471292037e+00
-2.050049191880809030e+00
-1.963029650830710349e+00
-1.804019693448261297e+00
-1.832949160357229657e+00
-1.929921842810795374e+00
-1.968781067842288346e+00
-1.969129513575593737e+00
-1.986134789000901346e+00
-2.021077728012991237e+00
-2.045355491670710624e+00
-2.056683418386514361e+00
-2.059196095179218755e+00
-2.051542967189714517e+00
-2.046587205683627175e+00
-2.054288131567620468e+00
-2.062451451921775814e+00
-2.067640757481078673e+00
-2.071710594377242476e+00
-2.074301701567537570e+00
-2.062763741250258853e+00
-2.027455014068532790e+00
-2.004434310524237262e+00
-2.019113104848023532e+00
-2.033609821419963382e+00
-2.043078994845390906e+00
-2.051366589241647720e+00
-2.058235113968506447e+00
-2.062413824334552004e+00
-2.053218579327134918e+00
-2.004697570849402588e+00
-1.950732247088076576e+00
-1.975232763636478595e+00
-2.006505039868466067e+00
-2.025822517679982671e+00
-2.037882766906488285e+00
-2.046342379494963559e+00
-2.051722929263432693e+00
-2.053124148833048501e+00
-2.052066391679589152e+00
-2.050364509142331926e+00
-2.047635959615329515e+00
-2.044519094420781613e+00
-2.041190706109487607e+00
-2.037524077796399435e+00
-2.034340528372954982e+00
-2.032400454690015401e+00
-2.031371516964251889e+00
-2.031063762871236911e+00
-2.031133662576988907e+00
-2.031222556042710181e+00
-2.032036455700461097e+00
-2.032845329432728665e+00
-2.032843160199730548e+00
-2.032476645233162404e+00
-2.032102242348556853e+00
-2.031541116713883710e+00
-2.030773463761330611e+00
