4.365336132816009101e-02
3.989158791795578696e-02
7.413447910455005230e-02
5.075523042387120043e-02
5.503799756680960442e-02
-1.936322552376507078e-02
-8.165228180112407141e-01
-1.059263104783288778e+00
-1.226633634374301729e-01
2.771569410082598273e-01
3.411176511146772894e-01
2.811453120602310229e-01
-5.962966025462357322e-02
2.457293058996781743e-02
1.010884755893562414e-01
1.441079872207816359e-01
1.229744694580721803e-01
1.117038904288214091e-01
9.685894734463382227e-02
8.610672925044583759e-02
6.330245676961286649e-02
1.025090485778396426e-01
7.840853644376735709e-02
4.390728016014289192e-02
5.925874379221514332e-02
6.039710423112806814e-02
-5.628333718012918513e-02
-9.784530724659019907e-03
4.059177947740205683e-02
6.719817816886231032e-02
9.163807953656985528e-02
1.101197341686814685e-01
8.754539420397543237e-02
-9.214030743901771014e-01
-2.697730156432962101e+00
-3.150352998432932594e-01
2.790611699855951588e-01
1.279558622766668874e-01
3.907171355516733113e-01
1.002340636467469459e-01
-1.518244598311104254e-01
7.685691495631977177e-02
2.291778699961677934e-01
4.647663401757526902e-01
4.908911653815491438e-01
4.156723109565578222e-01
-7.261813754285142974e-02
-3.011049971121262936e-02
9.389325669061941715e-02
2.456861023518025489e-01
2.583882354687643268e-01
2.214696742132688800e-01
-2.217711327195287796e-01
-1.240086182140103910e+00
4.389075830103422726e-03
4.017223948116346310e-01
4.789866728940233020e-01
3.313801167623391386e-01
2.519138549814562977e-01
3.286049212707549128e-01
3.086220787193442172e-01
2.539700032300677424e-01
-1.474791458679332590e-01
-1.626280771364317368e-01
2.014132276773080432e-01
3.391645453830563484e-01
3.789003129446311680e-01
3.752933069803267574e-01
3.552812530506128663e-01
2.257995968967605460e-01
6.750682863907336850e-02
4.337808895834632805e-02
1.655253990872546099e-01
2.373358396872543574e-01
1.611244536554206630e-01
1.765247467819952565e-01
2.368223542161549400e-01
2.802464231926325988e-01
1.697231047022635941e-01
9.202882381370525167e-02
2.060847402447782417e-01
1.410481569511646271e-01
4.420106511446458830e-02
1.059910822136285180e-01
2.277252049624546859e-01
2.544485501003992955e-01
3.561387056004181595e-01
3.550274396839602220e-01
2.379397126429987908e-01
3.003299313427176820e-01
3.122967530105682510e-01
3.123674702633382205e-01
2.397589142616640689e-01
2.069679451682490123e-01
2.411529766926437945e-01
2.062577291725102846e-01
2.045998920999775317e-01
3.044704845700457740e-01
3.540187610161048548e-01
2.536775973384379768e-01
2.791204669378443137e-01
2.256989266586395537e-01
2.106905318611715927e-01
2.393289935584033135e-01
2.098322567559542939e-01
3.112776437612805314e-01
4.033064470006225699e-01
4.559976620216821264e-01
4.799134442168924153e-01
4.219063323847077607e-01
3.102747420429671221e-01
1.732787330203837683e-01
1.161981579517857854e-01
-5.159129395561015130e-01
-8.945822461498325051e-01
2.458886903853857442e-02
5.106690219194720548e-01
6.563415973334308928e-01
3.340804262837820948e-01
1.715433830161874895e-01
6.231525701614248902e-01
7.808966016604869109e-01
7.633093719819139533e-01
5.717652272966584626e-01
4.043536979308528512e-01
1.870389524921689528e-02
5.130769111954889272e-01
7.351436701236510052e-01
6.915309178990695083e-01
6.783040666797363061e-01
7.148335098459570602e-01
6.319136640292792872e-01
-4.507736294618179818e-01
-7.326642916057032329e-01
4.931469439708379143e-01
8.374259240690407058e-01
7.084370190896692732e-01
7.671688535824597865e-01
8.147127584111660825e-01
8.241611342082115765e-01
7.355183581557724892e-01
-2.712497444360975063e-01
-1.615368185773524923e+00
3.969192651189296095e-01
1.017491276060956906e+00
1.012900963721302006e+00
8.898622225894781135e-01
9.505791540405676976e-01
9.066258127413835410e-01
7.726611925757593813e-01
5.615951926579554332e-01
5.629102962729561899e-01
5.798780796594082965e-01
5.323312841728065070e-01
5.502380298477764775e-01
5.242748782232231619e-01
5.347246427746501496e-01
5.506538092184769528e-01
6.031999244651844450e-01
5.990710393587925786e-01
6.702144332854473863e-01
6.720113356861536769e-01
7.146490042887210237e-01
7.616747270041264173e-01
7.412830607270315397e-01
6.960820852932310121e-01
7.034235017312577831e-01
7.235490648996159013e-01
7.225886888627950366e-01
7.365741472058238148e-01
