-2.160736808774075396e-03
-4.761184368641990100e-03
-2.656921076531823436e-03
1.175464609941484669e-03
3.342860065480752780e-03
1.073106189207023199e-03
-5.777785847214406828e-02
-1.837917860178374385e-01
-2.658686778948303742e-01
-2.625424034019541719e-01
-2.250857591160416449e-01
-1.826567107730949213e-01
-1.632741764811836138e-01
-1.583076531198781556e-01
-1.434960239673523930e-01
-1.222890302223971770e-01
-1.002429434124355173e-01
-8.080542990542349813e-02
-6.488668058080560019e-02
-5.134469467321805397e-02
-4.074336725065337561e-02
-2.968523155089371202e-02
-1.792145181411020083e-02
-1.149417479161602904e-02
-8.056571525166183328e-03
-3.753728812157965458e-03
-7.415077194795467036e-03
-1.633448666481733536e-02
-1.981727376183213540e-02
-1.920177359463331665e-02
-1.604689369206322228e-02
-1.009610299396275501e-02
-4.116928659543478593e-03
-6.591709267911254055e-02
-3.097344957218372552e-01
-5.121944796377353448e-01
-5.288666266655849268e-01
-5.091823363733400942e-01
-4.746486851922243622e-01
-4.376074472824584838e-01
-4.315021853354704118e-01
-4.250903964134825075e-01
-3.932351515912857476e-01
-3.351738397116025281e-01
-2.610118163701189431e-01
-1.906212769211879099e-01
-1.577811399214612553e-01
-1.558116354419764593e-01
-1.478933032476559273e-01
-1.263625436840593030e-01
-9.718989044383430365e-02
-7.023665076206504765e-02
-7.563898553159477400e-02
-1.785257219012191254e-01
-2.675736381560074872e-01
-2.567445757869679102e-01
-2.132039425698788460e-01
-1.732802256786981077e-01
-1.457461786860335673e-01
-1.160476921608535328e-01
-8.457700484911828687e-02
-5.811401254763150226e-02
-6.131062282978682471e-02
-9.343201247535787290e-02
-1.034168071457539639e-01
-7.912831666447395218e-02
-4.408777772772292519e-02
-9.387910408804676921e-03
2.326432280185901369e-02
5.061363480162688055e-02
5.925809860314726341e-02
5.660789582527430558e-02
6.184015327792611455e-02
7.269584936277365128e-02
8.002504913076241566e-02
8.445360572514062913e-02
9.230813581252009237e-02
1.039942937636544606e-01
1.096319701436443278e-01
1.011495409218442082e-01
9.503462898260671421e-02
9.855423461145237929e-02
9.818761483649995903e-02
9.489725920300329243e-02
9.717571959754434108e-02
1.038266009535205453e-01
1.157074030398916875e-01
1.314714000728978149e-01
1.432948694747806506e-01
1.529721379434396678e-01
1.622567729414689797e-01
1.701052220751007593e-01
1.724662082416915931e-01
1.682003125244955766e-01
1.658453720632012129e-01
1.698902156231885952e-01
1.767524920558866119e-01
1.857185272279467114e-01
1.980745544306346806e-01
2.084453043837173336e-01
2.135042816876936422e-01
2.133992185925333296e-01
2.080884167956930375e-01
2.014583862769995515e-01
1.937268569536152452e-01
1.883390285751639914e-01
1.904741434234903941e-01
1.989073646792938188e-01
2.147853060154901184e-01
2.309383052019486071e-01
2.340545785778860854e-01
2.180809167005346716e-01
1.891131916961175941e-01
1.117910635086201698e-01
-3.221048061220510572e-02
-1.400381809913245346e-01
-1.584565701954565031e-01
-1.319806778425903493e-01
-1.129693396199431266e-01
-1.216564887333457523e-01
-1.126120689959594218e-01
-6.531834193409162548e-02
-8.756633891537322911e-03
3.368510861181177318e-02
5.645605459194102949e-02
4.660358943868658094e-02
4.140412451582883846e-02
7.658152545806706790e-02
1.241350487227230182e-01
1.682292702330969725e-01
2.138495344564646239e-01
2.592578470977370819e-01
2.268217504951269003e-01
1.082710539947411010e-01
5.064041364132760431e-02
8.788675370868190284e-02
1.414899586011791888e-01
1.914564853679988909e-01
2.474066124178681825e-01
3.091287771619974367e-01
3.651998127599563881e-01
3.407766805275951327e-01
1.678164814029960150e-01
4.728671697317125833e-02
8.389161617967227924e-02
1.666062635230594613e-01
2.532834841535763770e-01
3.290722051042284102e-01
3.992295618772124799e-01
4.711075503921549057e-01
5.294450550371841979e-01
5.704027948342812460e-01
5.997370805692784357e-01
6.144219952010109287e-01
6.229387904003924614e-01
6.271955317071586933e-01
6.254520923776294428e-01
6.266656791578550934e-01
6.390290650455187071e-01
6.617642822726220730e-01
6.912026601074601206e-01
7.237240492081244980e-01
7.561294143301108273e-01
7.963252551132604662e-01
8.403978715602966609e-01
8.814615816988882191e-01
9.226298331491499249e-01
9.640038445046192894e-01
1.003058724773244537e+00
1.039065274489885837e+00
