-2.438335911632043107e+00
-2.435956055082752592e+00
-2.433930855182732778e+00
-2.431500226745133553e+00
-2.428733302490976964e+00
-2.424062692795807994e+00
-2.461402370504702564e+00
-2.441045208998567695e+00
-2.436319738544764135e+00
-2.430463900671225197e+00
-2.420678314162618250e+00
-2.402340563681415464e+00
-2.385062225675314451e+00
-2.377314235245635565e+00
-2.353276354825877270e+00
-2.274384144728789359e+00
-1.450718448454553666e+00
-2.759983085264290370e+00
-2.587227516961139173e+00
-2.538714244448410984e+00
-2.516370184510627439e+00
-2.499285870970890056e+00
-2.486253358155811277e+00
-2.478289609088217826e+00
-2.471625175649679651e+00
-2.465083514772956619e+00
-2.461468683893346832e+00
-2.459038514317234636e+00
-2.454436176097194000e+00
-2.448760224858589130e+00
-2.443212073642230031e+00
-2.438234884789625134e+00
-2.433747527356044937e+00
-2.404697131622089756e+00
-2.442259727875171649e+00
-2.437097846378689425e+00
-2.431746083187340091e+00
-2.425169084035913691e+00
-2.416369439887110282e+00
-2.405263458805942722e+00
-2.398370994246768362e+00
-2.390889037986683174e+00
-2.373913191741879647e+00
-2.323755945128123113e+00
-1.812918211437718918e+00
-2.662320801880488474e+00
-2.591234567136265099e+00
-2.610050338778828305e+00
-2.597015518704599124e+00
-2.551059457847454581e+00
-2.516077757199343790e+00
-2.496720280909225487e+00
-2.495306558216952464e+00
-2.789992710336337112e+00
-2.323414407635987722e+00
-2.140788891859532583e+00
-2.611132287543560082e+00
-2.508910157936301566e+00
-2.485502181414853240e+00
-2.471661824625850823e+00
-2.461516550592885988e+00
-2.454226906980041978e+00
-2.449556558563308784e+00
-2.445890347308713686e+00
-2.441213080362373056e+00
-2.436520821750277399e+00
-2.432560676592819604e+00
-2.429026682894436018e+00
-2.425615260484965674e+00
-2.421764890726719077e+00
-2.416857540898905032e+00
-2.410998469443842218e+00
-2.405687502338656358e+00
-2.401963363286925723e+00
-2.398183232745694671e+00
-2.393933437154872390e+00
-2.390506319541688018e+00
-2.388135345193510783e+00
-2.384911314050684794e+00
-2.379765217681552691e+00
-2.375226076391522056e+00
-2.370907928820646937e+00
-2.364134503305047375e+00
-2.356975135047039593e+00
-2.353320554198138126e+00
-2.352301918046956430e+00
-2.353253972496723190e+00
-2.354961493451804166e+00
-2.354011636309352618e+00
-2.352178328775943239e+00
-2.351267422266367646e+00
-2.350256176577256273e+00
-2.347994929356797655e+00
-2.344272988154964210e+00
-2.340553549018409285e+00
-2.336491746446010431e+00
-2.331765534748732271e+00
-2.328898703592204633e+00
-2.328412997482067759e+00
-2.326662170526412332e+00
-2.323840552205670651e+00
-2.320581699999928915e+00
-2.316324771659250548e+00
-2.312460024519838786e+00
-2.308575586529167722e+00
-2.306199563628526406e+00
-2.307095768599303653e+00
-2.309747822232575576e+00
-2.312490767025231264e+00
-2.313765489188134516e+00
-2.312344109152764560e+00
-2.307573162170674319e+00
-2.300179514602789688e+00
-2.280655363702543958e+00
-2.232158949578352480e+00
-2.187110899960499122e+00
-2.198356042264756116e+00
-2.227890965937317613e+00
-2.243286367194269548e+00
-2.243702069132714083e+00
-2.251765954316851115e+00
-2.269447716431355566e+00
-2.283989752171882159e+00
-2.291562936545096907e+00
-2.292695616625825217e+00
-2.285932269454066912e+00
-2.281637141583654493e+00
-2.286719686263747331e+00
-2.292300201899950984e+00
-2.295869268465024149e+00
-2.298676082045106206e+00
-2.300012475502007714e+00
-2.288799180739141903e+00
-2.259850469912183080e+00
-2.243037391204255382e+00
-2.251867898977411020e+00
-2.261305158888411437e+00
-2.267928070066059121e+00
-2.274239867460011499e+00
-2.279526069928219378e+00
-2.282680752790555712e+00
-2.273951304438028842e+00
-2.233388889544750899e+00
-2.196704830320536317e+00
-2.211492773764153430e+00
-2.232107448036105168e+00
-2.245235081116804032e+00
-2.254957291451362256e+00
-2.262671765090419562e+00
-2.266404250460736680e+00
-2.265629469711804234e+00
-2.262784765981358248e+00
-2.260348932542389111e+00
-2.257757149825626808e+00
-2.254908754180037889e+00
-2.251967646654000621e+00
-2.248980388471911063e+00
-2.246188724822011373e+00
-2.243908932588344118e+00
-2.241830254226893970e+00
-2.240382324014055015e+00
-2.239555410123310608e+00
-2.239105292001504655e+00
-2.239241758902242641e+00
-2.239225606837043525e+00
-2.238233489778568064e+00
-2.236652288369173736e+00
-2.235234835103586004e+00
-2.233915121875055920e+00
-2.232654677774002838e+00
