1.247891676129856894e-02
2.148962018096918156e-02
6.420572896976629862e-02
4.360524450001340008e-02
4.386914955893327778e-02
-2.652690551511437470e-02
-8.562330396491019124e-01
-1.157474958289214761e+00
-2.346207241642122576e-01
1.993885998383383706e-01
3.014850274622314363e-01
2.711935196671542148e-01
-6.324431857576251481e-02
2.045431322243466618e-02
9.944295596138814919e-02
1.429823199260270017e-01
1.298928272427617991e-01
1.167280103904115851e-01
9.908996234220363020e-02
9.183824714655000609e-02
6.492872072266304972e-02
1.075316849621468507e-01
8.454737149562119303e-02
4.142646317284331275e-02
5.386582430300017321e-02
5.848109635514258525e-02
-6.591330950135690370e-02
-2.549858328714638828e-02
2.381938348801195676e-02
4.829384823847429620e-02
7.377901719394629187e-02
9.662456549398612538e-02
7.673564947647212864e-02
-9.666577730534100521e-01
-2.868358474915494227e+00
-5.394360674603145833e-01
1.129617178813273615e-01
1.135086034409185651e-02
3.097238075928118728e-01
5.375792000313130148e-02
-2.008329659647987986e-01
3.533856073151062094e-02
2.050459957648015918e-01
4.643129696664108907e-01
5.089896723550872970e-01
4.510112776347268704e-01
-4.456540241879641817e-02
-2.731097300160375760e-02
8.629235379546937312e-02
2.318915619364077252e-01
2.514986801038129882e-01
2.202323082540082189e-01
-2.370534553652498821e-01
-1.321692546153454328e+00
-1.105895019548263775e-01
3.132637246378670026e-01
4.259825772830477253e-01
2.879452164456319241e-01
2.312542334062298033e-01
3.146731205615794780e-01
2.939136688623936178e-01
2.509984564167970778e-01
-1.656242012136074915e-01
-2.113424234730059692e-01
1.643728585459261482e-01
3.223058614785405118e-01
3.625661180311910425e-01
3.632312282986384089e-01
3.539992931976037038e-01
2.541428361689311299e-01
6.517572967442918086e-02
6.044136701664586109e-02
1.684683234237587257e-01
2.152468163747386365e-01
1.488281248365901921e-01
1.622066516100912348e-01
2.187824833870626595e-01
2.557702295005133131e-01
1.469456467743873451e-01
4.981356407309153744e-02
1.755315717422202826e-01
1.434462383558156584e-01
5.206417161615117806e-02
9.475604495616944678e-02
1.942652867454439658e-01
2.171808339854870706e-01
3.132945656063149675e-01
3.161474679495519524e-01
2.279770609494004008e-01
2.730886373519526011e-01
2.741471484025287952e-01
2.757246802186874013e-01
1.991253024682914652e-01
1.668839941483634959e-01
2.077213601480702443e-01
2.064817641556995487e-01
2.032491346767364426e-01
2.773978029156442537e-01
3.193492010147173654e-01
2.419931008947257822e-01
2.423514258208802064e-01
1.912183111816518899e-01
1.647925838374000307e-01
1.859463320102830441e-01
1.542626311036481290e-01
2.403150564607370310e-01
3.216154950882634811e-01
3.766541341047245361e-01
4.275114931973627574e-01
3.710144168548893950e-01
2.458478587814546534e-01
9.136191153966558010e-02
2.756101963035979124e-02
-6.605499235746021824e-01
-1.086663724389780761e+00
-1.924926853245207958e-01
3.239292571732001469e-01
5.085955613123215313e-01
2.054708898604574452e-01
4.311998696991341945e-02
4.865719693437406401e-01
6.821777331581524439e-01
6.695290866077416858e-01
4.949016542989602696e-01
3.388817961128469669e-01
-5.273747534838187090e-02
4.060318631066042738e-01
6.481443265826254407e-01
6.234692941263784149e-01
6.161357955438412359e-01
6.676496348231273359e-01
6.082781491201950663e-01
-5.296925451518655903e-01
-8.481544858507650275e-01
3.479455650282036738e-01
7.255710149389675845e-01
6.305133285354860284e-01
6.933480535875550244e-01
7.640374384578485500e-01
7.975656813983063032e-01
7.098489871681209484e-01
-3.698766460760382069e-01
-1.742111517375831253e+00
2.196146414475672326e-01
8.655281356824949812e-01
9.537417485545103268e-01
8.775758733017079427e-01
8.902695971584151380e-01
8.870852210642369284e-01
8.292147572219203955e-01
6.168033071537390999e-01
5.945888833949077856e-01
5.559939601028400791e-01
4.836513017437751305e-01
4.987563523358045092e-01
4.536081796652284837e-01
4.490540236400502039e-01
4.872283337349927468e-01
5.649928386321069196e-01
5.903170466632418067e-01
6.566238170018402487e-01
6.648051944708976979e-01
6.942915511356719804e-01
7.819222996444150642e-01
7.549628062310694832e-01
7.365631627675188753e-01
7.453368860949223240e-01
7.656735432295699306e-01
7.544732915288815400e-01
7.651461061927971041e-01
