-6.876339917060407406e-04
-9.633791992672440831e-04
2.760221398994087104e-03
8.007721860036939865e-03
1.180092011628250913e-02
1.103327706319942245e-02
-4.725803040196231708e-02
-1.750475772809181318e-01
-2.611393703280975309e-01
-2.616955195047008798e-01
-2.266196753888339577e-01
-1.850171060787448307e-01
-1.654685846443002262e-01
-1.602316892072321308e-01
-1.449650941290950290e-01
-1.226075192539402420e-01
-9.889970977629677917e-02
-7.743934859465174958e-02
-5.899488112639522663e-02
-4.290745140094216759e-02
-2.983485662957631457e-02
-1.645708002658550356e-02
-2.618411697959071791e-03
6.026712110981198231e-03
1.178636341616655890e-02
1.805834559158770586e-02
1.607780268157086787e-02
8.557939993121196909e-03
6.219138063510446825e-03
8.058025497023762335e-03
1.267018325480608748e-02
2.016215794153922852e-02
2.768963258884910017e-02
-3.325202195358387125e-02
-2.797789409396803650e-01
-4.905823679397969261e-01
-5.160201680770016841e-01
-5.029370774369600339e-01
-4.724628554844868544e-01
-4.373217746213947099e-01
-4.319468715385548774e-01
-4.258005914991450647e-01
-3.937080014825712349e-01
-3.342797283685496890e-01
-2.568651478681109324e-01
-1.816262904925144417e-01
-1.434082325623227405e-01
-1.364340247269293371e-01
-1.238317882349370541e-01
-9.738278803563821251e-02
-6.283023072028223743e-02
-3.049182891130885337e-02
-3.092358211818709013e-02
-1.305042043313053568e-01
-2.190536172036058882e-01
-2.077119273682388467e-01
-1.622448956477721416e-01
-1.184549453773469929e-01
-8.639231990308510190e-02
-5.231921129362051420e-02
-1.573959634822845455e-02
1.590634150790072587e-02
1.727055110867976861e-02
-1.107959050244859689e-02
-1.870621164632253752e-02
6.990403360943905908e-03
4.432334261677715187e-02
8.278714065922831988e-02
1.197483067480659136e-01
1.501212760419911585e-01
1.613360040824270425e-01
1.600840162294071833e-01
1.652852415192708480e-01
1.775579489838879088e-01
1.869748863999010080e-01
1.929827944298882492e-01
2.025746598259789977e-01
2.167333880591065798e-01
2.252436222682880629e-01
2.198891525200821484e-01
2.163623092752652299e-01
2.201764016468276131e-01
2.180344289867205410e-01
2.128932260290631318e-01
2.149543795263612334e-01
2.230192981379651995e-01
2.376069830185818521e-01
2.572410383425607350e-01
2.721511579034912587e-01
2.845979438241236226e-01
2.979831688919639121e-01
3.104483797343417506e-01
3.174102721596943066e-01
3.172744960668088532e-01
3.180067331710684231e-01
3.228503590211109220e-01
3.288124974104935649e-01
3.380067715279843066e-01
3.524231947710443347e-01
3.645615210762140901e-01
3.715472159056173451e-01
3.740358623888508927e-01
3.712169732601986460e-01
3.673192790319859680e-01
3.622685423731858978e-01
3.600586041622390598e-01
3.668039969520632271e-01
3.810123644477319549e-01
4.023395565756142656e-01
4.235532037936750593e-01
4.323107171556774819e-01
4.222613198091172415e-01
3.983121423028441188e-01
3.253087614295168684e-01
1.832180753793848094e-01
7.422605333072931910e-02
5.456333274324340343e-02
8.128892281078221871e-02
1.023498325887685495e-01
9.645382939196425753e-02
1.094371247788304552e-01
1.620924648081095987e-01
2.257972846112744347e-01
2.767603540905828607e-01
3.071827548201283009e-01
3.029894984427136118e-01
3.028261716364761824e-01
3.438511455510602777e-01
3.975038867000221798e-01
4.481925741389597428e-01
5.005173626111302232e-01
5.516487507294062231e-01
5.241847825540659755e-01
4.066290572633288747e-01
3.463606122702367340e-01
3.820730615453923895e-01
4.357943844290973479e-01
4.878614261815769071e-01
5.475293096321002251e-01
6.133966122084935080e-01
6.743586568169989137e-01
6.566326646377929066e-01
4.852449326399720375e-01
3.588650591541611701e-01
3.913433324603097230e-01
4.717886456487333513e-01
5.565859118561037322e-01
6.351495063616645620e-01
7.113712057400010114e-01
7.861531192770678800e-01
8.448056962698202721e-01
8.863890336934590053e-01
9.188011002237935765e-01
9.389298067888731669e-01
9.528668551787483620e-01
9.624497331931431976e-01
9.664555840506096063e-01
9.721468804883627302e-01
9.864745673484034416e-01
1.008825422469049826e+00
1.037237826038001520e+00
1.069284666861108901e+00
1.102242423399218518e+00
1.142515951496813509e+00
1.186232769067269821e+00
1.226629047870017253e+00
1.266265140694162072e+00
1.306322187308870619e+00
1.344835878579989208e+00
1.381133353858084778e+00
