-1.018452363713295492e-02
6.145133218827621494e-03
5.006459922408276059e-02
2.728611633426539923e-02
2.319357708244708036e-02
-4.036374936010952985e-02
-8.273021198033253532e-01
-1.057845327107004518e+00
-1.196888354950271793e-01
2.710430214091261170e-01
3.232269618610602024e-01
2.593295639609624059e-01
-8.114778070974307256e-02
8.333296417741595241e-03
8.273854716573936230e-02
1.149405930801770115e-01
9.831666869704094869e-02
7.950735764710725739e-02
5.919969041633857398e-02
5.556516337435581793e-02
2.893752530874696069e-02
7.461219133798241421e-02
5.213386921364886878e-02
7.253481840475105302e-03
2.218309231144202642e-02
3.125883601946946588e-02
-8.859845041923229692e-02
-4.162151918748764612e-02
8.327701556320277892e-03
2.769783174463935627e-02
4.838804214349955168e-02
6.761649518998352759e-02
4.535556534659349048e-02
-9.496792464387130428e-01
-2.697127413897830728e+00
-3.041032334430476824e-01
2.768393650499735292e-01
1.051728120740590411e-01
3.434705083693674332e-01
5.656778040189086587e-02
-2.037509408699226809e-01
3.266724784429891892e-02
1.856519005010880408e-01
4.143213472600641434e-01
4.230455869521377310e-01
3.466682566374098551e-01
-1.353673533477067759e-01
-9.632317822692784692e-02
2.724292380642218819e-02
1.632613075444990791e-01
1.747993990983431889e-01
1.402373662973417645e-01
-2.972519707338297512e-01
-1.305648368713014706e+00
-6.144950193373693859e-02
3.191456956925451394e-01
3.836463164140253568e-01
2.074970172419709491e-01
1.492248139290187903e-01
2.231014779429492945e-01
1.893341890815401773e-01
1.509084851320214582e-01
-2.466260172918350868e-01
-2.670422685537285901e-01
1.237067426333912784e-01
2.676443122316660705e-01
2.779388889543918384e-01
2.595522055981122067e-01
2.442193329641470234e-01
1.638968813252302259e-01
-2.821353184255859237e-02
4.187590955660097647e-03
1.103886019579520539e-01
1.358020017970516802e-01
7.616678430707582437e-02
9.098164213097512110e-02
1.422343980372389183e-01
1.673161365482551122e-01
6.070337930311311969e-02
-3.609790127350340216e-02
1.038282699322582714e-01
9.390394751816386054e-02
1.388641516389771402e-02
5.040331964886549110e-02
1.299030241494973092e-01
1.402973752223744819e-01
2.181172863778057247e-01
2.088899798266340424e-01
1.374654454080341259e-01
1.699765650874853207e-01
1.608455792051459166e-01
1.619756478580136605e-01
8.718560586267204426e-02
6.525479121035804297e-02
1.163868045131792317e-01
1.402658895295282315e-01
1.371381229058932782e-01
1.892390746383770805e-01
2.164979328591202790e-01
1.524682962438725919e-01
1.378801951332481179e-01
9.413683752229246027e-02
6.850673236728799242e-02
9.049930751451640276e-02
6.258008376611295942e-02
1.372387482416055349e-01
2.003137508272430645e-01
2.417624282564950211e-01
2.949542076183697681e-01
2.298467799190062055e-01
1.012791198148048077e-01
-4.294996677343765334e-02
-8.299279560567116021e-02
-7.388731921308625550e-01
-1.081515119565331196e+00
-1.674566096150582606e-01
3.071558854897584734e-01
4.348317965430997245e-01
1.004855599223805768e-01
-6.235029802071904992e-02
3.528336540487785888e-01
5.213008521265740658e-01
4.666816792040767714e-01
2.875653296930499869e-01
1.500672002136579919e-01
-2.018504579988349423e-01
2.508355270754548672e-01
4.767015233913660111e-01
4.335909564262898086e-01
4.117752356111432643e-01
4.587452238480312916e-01
4.076420794706874240e-01
-6.898881877058945511e-01
-8.940186259760110055e-01
3.065672119524808781e-01
6.296336901175211276e-01
4.923646870423306066e-01
5.157407982379176303e-01
5.666385353956457926e-01
5.872882436963825503e-01
4.854003698093390939e-01
-5.728029164735262135e-01
-1.757357576266287191e+00
2.437652955343889705e-01
7.995026129292832628e-01
8.386816527772953389e-01
7.203588159079685749e-01
6.538179772176581084e-01
6.497583639670890809e-01
6.303429439878546203e-01
4.260798901719389242e-01
4.075245898646345788e-01
3.519725128237162215e-01
2.807096951317686884e-01
3.101660874515915767e-01
2.661287783407356722e-01
2.619178914171638173e-01
3.237398759118704783e-01
4.120508456361553495e-01
4.494294303122361445e-01
5.063795528680740121e-01
5.032800599739569725e-01
5.170576782673204086e-01
6.164924085733574088e-01
5.766447980895980097e-01
5.785955271787459608e-01
5.374323704234662546e-01
5.289326344493978649e-01
5.314810531848299657e-01
5.537206527684721546e-01
5.845038380389593335e-01
6.067012090395356161e-01
6.279731231142704484e-01
6.311658701387947712e-01
6.245538446469158789e-01
6.078103883176761979e-01
5.950866628407449621e-01
5.872621142848020170e-01
5.955664446727295669e-01
5.971643006242184359e-01
6.061471810270639970e-01
6.219762035223721508e-01
6.439468435605879559e-01
6.777286134912086091e-01
7.177355816249322285e-01
7.203618935667321921e-01
7.353283426254475508e-01
7.195460299010651983e-01
7.247808479393946790e-01
7.101537476436561303e-01
7.026525950539901366e-01
7.023221429540535965e-01
7.159870708232982661e-01
7.338652206332414440e-01
7.562285902127050541e-01
7.941955785677012880e-01
8.139541942254273632e-01
8.333615123309887629e-01
8.287321284368620589e-01
8.068095943264943504e-01
7.828285297262427278e-01
7.774905086617693861e-01
7.755848900192483519e-01
7.787856884666446433e-01
7.949139228188430994e-01
8.214103065677083038e-01
8.458600076882696328e-01
8.438594761417999024e-01
8.468803009580514463e-01
8.495773650032314439e-01
8.320245254869489404e-01
8.218502308384127986e-01
8.179282990645106999e-01
8.240278558261417974e-01
8.317559823745488412e-01
8.447535820475118307e-01
8.739096913319845950e-01
8.933446317427000682e-01
8.992980100680993960e-01
8.883116503872197089e-01
8.731241293028966233e-01
8.580024834483865881e-01
8.573656909360609646e-01
8.590768053069166577e-01
8.572475376390902291e-01
8.618237074161227973e-01
8.647037250590012825e-01
8.765395546513401470e-01
8.948439310628044652e-01
9.096126214567932244e-01
9.162467533928970731e-01
9.114850635858879890e-01
9.063708863532604632e-01
8.917658965609218669e-01
8.877855085624406506e-01
8.720816644240194648e-01
8.686486013591037114e-01
8.748650485731221949e-01
8.810763005992967578e-01
8.978094218248218183e-01
9.190228033410257069e-01
9.255476606291619390e-01
9.358006912223726381e-01
9.121581185658786950e-01
8.858214953035128403e-01
8.706347210135363390e-01
8.567220987604478033e-01
8.572012908238897388e-01
8.570789764233035513e-01
8.697613198341733742e-01
8.887298921030355459e-01
