2.849215393897701776e-03
8.040077248404489327e-03
1.518925859310997321e-02
2.270976082220939329e-02
2.890229896205638929e-02
3.020495066745155360e-02
-2.523922593629689126e-02
-1.439997046399665859e-01
-2.151229449669871396e-01
-2.018348883563964302e-01
-1.574939604051340536e-01
-1.113980141053547979e-01
-9.066685405812190124e-02
-8.520807200521224312e-02
-7.053448970119702288e-02
-4.914626395661440827e-02
-2.729040016849669514e-02
-8.298345613444696456e-03
8.058471929386447352e-03
2.180685114141943381e-02
3.243364945399075661e-02
4.334215620528678731e-02
5.418187681851865944e-02
6.058787550173688058e-02
6.524537359719607965e-02
7.029660537669489562e-02
6.731883317814778278e-02
6.004714541372160180e-02
5.860263466563653267e-02
6.187243358564003398e-02
6.833869711976275907e-02
7.741897944177855706e-02
8.597750989929205112e-02
2.708391604369338179e-02
-2.078747663290705927e-01
-3.916969164072892640e-01
-3.905304128357880433e-01
-3.573015010010699988e-01
-3.114063265560411686e-01
-2.665181166082420949e-01
-2.545705674859319867e-01
-2.429906549645630132e-01
-2.083880036709029326e-01
-1.499352596697914042e-01
-7.684836059592736746e-02
-8.920986904190283950e-03
2.010078275329514608e-02
1.995733240050260801e-02
2.787504510726340756e-02
5.133141513719284565e-02
8.330652871354574107e-02
1.123078985170285204e-01
1.087140256478334871e-01
1.085911652920940051e-02
-6.706821926735062611e-02
-4.410212517669960530e-02
9.686853546970915219e-03
5.948882419684942829e-02
9.507608910670858893e-02
1.298519932421248468e-01
1.664684876898157584e-01
1.967494221082602135e-01
1.958511044477845020e-01
1.684502845253392500e-01
1.627893496055795863e-01
1.874582513611080525e-01
2.228335742737362346e-01
2.598448252431805328e-01
2.943658848820964735e-01
3.179239981399605286e-01
3.219597685200381587e-01
3.136011727740135036e-01
3.107638838651141655e-01
3.193400264546280565e-01
3.269219851339744687e-01
3.306656348949853497e-01
3.389186406919715289e-01
3.533018863548514910e-01
3.627243221392657535e-01
3.600629551146007912e-01
3.597791767529743834e-01
3.617720908084897102e-01
3.534539862704451640e-01
3.433245012603655666e-01
3.449105582863283281e-01
3.557365254284190481e-01
3.749620540506051758e-01
4.000821048361193344e-01
4.171168863569069685e-01
4.305871784436062777e-01
4.477767443603952180e-01
4.649419849279969319e-01
4.765814172549311944e-01
4.809525854610204321e-01
4.848688830989905107e-01
4.879807771195131538e-01
4.884987647433653990e-01
4.951271572153008171e-01
5.107188347766350445e-01
5.224738009449615417e-01
5.295305204869159565e-01
5.341447128739779115e-01
5.341997152361247503e-01
5.349020405696486291e-01
5.351826026115810153e-01
5.402228431148248244e-01
5.572318499840810402e-01
5.830355479691715637e-01
6.131702946739537863e-01
6.402510131782983560e-01
6.556198489966663656e-01
6.542991547915169015e-01
6.401242892571513687e-01
5.806932062623557655e-01
4.589695581300181071e-01
3.758712115562468092e-01
3.819957549562636445e-01
4.300193930652805863e-01
4.679554702262008758e-01
4.768703132259953792e-01
5.054177530837274945e-01
5.707469644898168770e-01
6.435750355812217549e-01
7.011978078983688301e-01
7.341024722609472697e-01
7.292400787326265288e-01
7.314172851879092718e-01
7.759272821054356006e-01
8.297554660158806827e-01
8.786741344195573289e-01
9.272535804608191823e-01
9.704173255109023177e-01
9.356857857881406559e-01
8.160807972313515180e-01
7.589412763393972305e-01
7.986329302276636843e-01
8.525412958677587305e-01
9.034417664973930506e-01
9.605150643677872191e-01
1.019847094867071480e+00
1.072150781940765629e+00
1.051226783764283690e+00
8.804677741358224452e-01
7.602116625701837993e-01
8.021779508091425592e-01
8.845136693235110537e-01
9.604192342464515919e-01
1.032774728313745172e+00
1.104353141395479021e+00
1.162275010246134554e+00
1.195653911022018789e+00
1.213691130556962428e+00
1.230393814733678814e+00
1.243029326017022651e+00
1.252442956633098348e+00
1.259995808075633494e+00
1.265756308313878975e+00
1.272472789042404129e+00
1.283049550160849650e+00
1.296067796692872642e+00
1.313083723479749887e+00
1.333990074225923417e+00
1.357238954098443751e+00
1.385397519215687989e+00
1.414188032318844268e+00
1.437812946629675626e+00
1.458099270520377022e+00
1.479004112853429920e+00
1.499976694019318657e+00
1.520777828103291762e+00
