-3.526919722007464120e-02
-1.291749602136839370e-02
3.965933496939237635e-02
2.242584171570875459e-02
1.659616439887915199e-02
-4.748461088907923039e-02
-9.152073668392316508e-01
-1.293026585603450629e+00
-4.020638506203406681e-01
5.988438066664114601e-02
2.027780047005038055e-01
2.109715999468572689e-01
-1.089891530113121787e-01
-1.940747954675087553e-02
6.696391962405422171e-02
1.135870281758686873e-01
1.146781013263548921e-01
1.020618795840551318e-01
8.300352233721759732e-02
8.318528291601391678e-02
5.282473061862293096e-02
1.018572047631649824e-01
8.226325661235713016e-02
2.834517623691686430e-02
3.684959700592848469e-02
4.654102109704152251e-02
-8.760161922864272144e-02
-5.585736900832050100e-02
-9.751842524771538873e-03
9.335027398810744059e-03
3.387012456592890242e-02
6.115105110074460504e-02
4.458228801071219272e-02
-1.038421610742447987e+00
-3.096799203337961437e+00
-8.620152229862397819e-01
-1.675989631846171446e-01
-2.239672528467717694e-01
1.111480889989953091e-01
-9.833807650742243389e-02
-3.499403147716491080e-01
-9.832730376050546894e-02
9.863331703867952993e-02
3.935896579894935798e-01
4.685509006113310893e-01
4.428552622562602625e-01
-4.879911259210341357e-02
-5.570863565861002703e-02
4.720452218407045208e-02
1.829350239279848023e-01
2.104408207008085230e-01
1.875033470970951244e-01
-2.842745425273173754e-01
-1.450447627092083414e+00
-2.944843051028150915e-01
1.452048054358072993e-01
2.929562623586669523e-01
1.622485519496772721e-01
1.384921284997462920e-01
2.347154301721249836e-01
2.160058638789317254e-01
1.944869849907245596e-01
-2.345563980007139004e-01
-3.174341597703264628e-01
7.352141644101521656e-02
2.576327477749457695e-01
2.973851020008670409e-01
3.037034417546297105e-01
3.115553225209770072e-01
2.611471896821466188e-01
3.767928555413992131e-02
6.829496502838333649e-02
1.617574440185471363e-01
1.719757126475417730e-01
1.178072344928650927e-01
1.283238561091699093e-01
1.783949751061266187e-01
2.035321910649824928e-01
9.580432680119220501e-02
-2.963136126979133353e-02
1.106546051621171284e-01
1.280721954172178711e-01
5.212094991479544054e-02
7.260123205735116714e-02
1.386675569603380009e-01
1.511188820202413741e-01
2.331750089666628778e-01
2.361537481958657647e-01
1.895699379133580775e-01
2.120988155371416051e-01
1.962149084283600908e-01
1.980990332192741343e-01
1.153440723127242135e-01
8.439503344200013912e-02
1.358140848899343223e-01
1.874724351713964177e-01
1.896351155881710604e-01
2.297650839880570894e-01
2.586610362692607357e-01
2.147696999573500409e-01
1.807276345026573861e-01
1.323795277848821561e-01
8.933976379133626300e-02
9.771929966016895674e-02
6.065459843905728066e-02
1.205522709572115492e-01
1.790577054121850475e-01
2.295955988452292040e-01
3.149493266017535098e-01
2.612928379361928455e-01
1.185922915441920134e-01
-5.943098533085312135e-02
-1.320739766036764240e-01
-8.967473387391866613e-01
-1.388492956293742475e+00
-5.445629191542503689e-01
-9.796983371458935219e-03
2.117994954624288217e-01
-6.993242958683947019e-02
-2.298776818755272067e-01
1.988527054177252062e-01
4.435492741260161909e-01
4.379811592419156074e-01
2.927805377617401228e-01
1.641257456209913590e-01
-2.200141500096781111e-01
1.940362366335068312e-01
4.615643135887413373e-01
4.645162190416776138e-01
4.697051841569530040e-01
5.481301200469066437e-01
5.317894958830293728e-01
-6.653783358779953305e-01
-1.017356222878776251e+00
1.313329419024999445e-01
5.387681637089499764e-01
4.838757353527407545e-01
5.507574809504238722e-01
6.551699566509175954e-01
7.283604894621316106e-01
6.505427908442259488e-01
-5.188875933410178609e-01
-1.905200848206719089e+00
-1.777029044148467629e-02
6.361402127829102193e-01
8.409785921167973743e-01
8.350580920440799915e-01
7.835582899637676402e-01
8.417562447889063160e-01
9.086882833641607427e-01
7.192889590475068928e-01
6.834565605715885450e-01
5.746107246422611503e-01
4.673391583166761065e-01
4.767138096190339791e-01
4.015123764515536875e-01
3.707122695445839167e-01
4.373914432986513723e-01
5.527045974537339035e-01
6.265859461807339326e-01
6.934447002107988478e-01
7.167856160740186944e-01
7.319090176503084688e-01
8.829664996274110278e-01
8.551035447973542869e-01
8.848085575783573020e-01
9.072356262486749312e-01
9.376491692797405131e-01
9.192846082660797169e-01
9.303548804466568178e-01
