1.227321302626543757e-02
2.082406073909166128e-02
6.239478529821934627e-02
4.076241215047678168e-02
4.058477521868365107e-02
-2.895464060653356320e-02
-8.434305738524869867e-01
-1.117918243117722366e+00
-1.876080120635733595e-01
2.319195166738936276e-01
3.162736263312975749e-01
2.726538634917964332e-01
-6.519417706415606140e-02
1.924269003520225757e-02
9.632013746793813280e-02
1.367474898910413239e-01
1.211246409595770207e-01
1.066014151173734492e-01
8.850542074493883415e-02
8.131609924679299162e-02
5.501727753672531335e-02
9.773184646177732193e-02
7.465545058010877866e-02
3.251500054951664276e-02
4.603793107303184862e-02
5.118744059431633298e-02
-7.082640784160840197e-02
-2.772597802678414269e-02
2.211938908205011642e-02
4.589962661099314389e-02
7.015543296454079814e-02
9.143038791351380812e-02
7.047627521177941834e-02
-9.561792009145643201e-01
-2.800807074193081725e+00
-4.449289635278650401e-01
1.839807904291718699e-01
5.864319390664834986e-02
3.367376361163437193e-01
6.671248222753514701e-02
-1.901124231759400429e-01
4.399551839373905260e-02
2.062545049626122728e-01
4.537432320126674745e-01
4.859752715274061607e-01
4.196989342473985696e-01
-7.265750245638566418e-02
-4.669659665648671215e-02
7.093900621499965586e-02
2.154660029321990855e-01
2.320790453705335321e-01
1.990163950300068429e-01
-2.515154136598731216e-01
-1.307361081302427452e+00
-8.152060270310165779e-02
3.292774118007244510e-01
4.252545124163731871e-01
2.762606066583035980e-01
2.147229985287054665e-01
2.941783105895071637e-01
2.699153268399236971e-01
2.255952276717736460e-01
-1.845015964415389620e-01
-2.192466909108820305e-01
1.585859526048798429e-01
3.103533738469994030e-01
3.435401355123791634e-01
3.387516259528763896e-01
3.259099557307212347e-01
2.253706708655436874e-01
4.045926408195779644e-02
4.124798875151122757e-02
1.514723372103931043e-01
1.976081149593483521e-01
1.312519477262409640e-01
1.453945885578985242e-01
2.014376424832967916e-01
2.367284736820612912e-01
1.280644593422677058e-01
3.416202758487790758e-02
1.614178748312718736e-01
1.292850254463905613e-01
3.984790693632181413e-02
8.446178409277191323e-02
1.831311375120391327e-01
2.037748076626563487e-01
2.964451768859697189e-01
2.955965444562654865e-01
2.063095335952877529e-01
2.511442311887888135e-01
2.514468463255764008e-01
2.525200430057166212e-01
1.768757286854765742e-01
1.469293437050156470e-01
1.891917760203160326e-01
1.884753801102048987e-01
1.857330971268594810e-01
2.590994262624456423e-01
2.988697648001787943e-01
2.207600761733793104e-01
2.216904729038507438e-01
1.718586387590017583e-01
1.475270451253270776e-01
1.702076669082862315e-01
1.398809345389132042e-01
2.259385443807239158e-01
3.047924847680599791e-01
3.561729252200678264e-01
4.029566181126257307e-01
3.439321614739176969e-01
2.199038737319063408e-01
7.052575218166348692e-02
1.349670171223307791e-02
-6.576248328251483866e-01
-1.055561547446421056e+00
-1.507498550765406231e-01
3.524735363603973548e-01
5.178495239862020982e-01
2.037283739042254904e-01
4.045651212857563628e-02
4.781582815935659925e-01
6.605827046277668035e-01
6.363569964386983635e-01
4.567784481874755942e-01
3.023299164571612851e-01
-7.952501034197961838e-02
3.838686985274261665e-01
6.191244352217667446e-01
5.868923505588805600e-01
5.748368644581371978e-01
6.224217761222079481e-01
5.607231045854228491e-01
-5.591751511630873583e-01
-8.443317345996890211e-01
3.596487855992771543e-01
7.204546421865416495e-01
6.101479023913216615e-01
6.626312634289404091e-01
7.241688056798176731e-01
7.499158116437951715e-01
6.578966461330699733e-01
-4.057013534115090359e-01
-1.729383919373234546e+00
2.524324050894534710e-01
8.752908767020136649e-01
9.372263524280379787e-01
8.428114879855758135e-01
8.436691565525402670e-01
8.322327819202020027e-01
7.697554178412567838e-01
5.585837996265046179e-01
5.406422230119252159e-01
5.061422946694837943e-01
4.385373080593920614e-01
4.578309485852165017e-01
4.162934811067991459e-01
4.150788889640404933e-01
4.551444382961333246e-01
5.325550227974309436e-01
5.562877926924039151e-01
6.201724110245694366e-01
6.257641083972793616e-01
6.529822184517086736e-01
7.373311701649727379e-01
7.074966244724462117e-01
6.879160537895081529e-01
6.961350278665068281e-01
7.158011655925630157e-01
7.042164189112551931e-01
7.147707743745289610e-01
