1.292289662211811019e-02
2.298711153894154174e-02
6.833696680863908524e-02
5.040284048571984366e-02
5.218246860817248728e-02
-1.948892858580271448e-02
-8.818533036619951027e-01
-1.245030366741339600e+00
-3.478877112259897153e-01
1.089488237420292716e-01
2.458213028699210434e-01
2.450762445543213097e-01
-7.875186691239582926e-02
6.166833941229646343e-03
9.145857643756433175e-02
1.439484966767752283e-01
1.388395254456594452e-01
1.311772310901055116e-01
1.169225621464406450e-01
1.116106722098157422e-01
8.511378318316580038e-02
1.287919724173975655e-01
1.071900542808529866e-01
6.298808380299864007e-02
7.375100123917432970e-02
7.762289718684126094e-02
-5.160341948656612526e-02
-1.733675546631596731e-02
3.009987865407179677e-02
5.546548402136543265e-02
8.332711700909692376e-02
1.096707594319382417e-01
9.257743616329988656e-02
-9.862865066264796532e-01
-3.015577946855365621e+00
-7.632679289973347547e-01
-7.820720684684584478e-02
-1.380408185413074529e-01
2.007574451332251042e-01
-2.333580170127053099e-02
-2.695788511279071931e-01
-2.622872411399265746e-02
1.622951792949071659e-01
4.508317347766440664e-01
5.282317686322615113e-01
4.956146518759899089e-01
9.130123823077387901e-04
4.534638864994437746e-03
1.119625628168101211e-01
2.613639142393585080e-01
2.891971581323536378e-01
2.640487351961630091e-01
-2.054857659001247672e-01
-1.352260606248428143e+00
-1.804466772482365422e-01
2.639508050453923671e-01
4.098005068148615204e-01
2.965865997823436961e-01
2.534438307934866463e-01
3.489375533031451870e-01
3.396583303938209841e-01
3.038192584051342404e-01
-1.231822656659800064e-01
-1.913320581415418886e-01
1.785941976803556708e-01
3.490078503042390867e-01
4.054841486027844777e-01
4.203809768042492956e-01
4.222770938966899923e-01
3.275793231905944625e-01
1.331124486272570184e-01
1.182432115398999450e-01
2.220408665835089945e-01
2.705196866818659340e-01
2.046257960958813571e-01
2.169936597907689835e-01
2.752974929268445226e-01
3.168073203809544935e-01
2.089496922626022934e-01
1.059450490318597504e-01
2.286267960935924604e-01
1.969094858020441763e-01
1.016941149835537128e-01
1.401735430578619490e-01
2.412554956472080792e-01
2.693441088954797724e-01
3.737776333225324432e-01
3.863731766509527210e-01
3.030219994640224179e-01
3.510252099639564194e-01
3.559315919458055921e-01
3.608026521432114442e-01
2.842958209414076509e-01
2.488044733505425654e-01
2.876756753658152310e-01
2.862081347094316830e-01
2.827767766409658989e-01
3.594404442622713414e-01
4.072728011600900144e-01
3.332592405854967188e-01
3.340875002938651916e-01
2.816710871944739791e-01
2.518787665520343388e-01
2.704456887697528344e-01
2.363538290986880175e-01
3.227165231840090076e-01
4.098953610837350880e-01
4.741683016316295962e-01
5.359969524040923972e-01
4.879256525207000261e-01
3.634720563933453996e-01
2.004402986716585788e-01
1.230527921802729296e-01
-6.021358329798185416e-01
-1.093722333069481634e+00
-2.327846285440031138e-01
3.026364042021588707e-01
5.245582830749763170e-01
2.458354079965507366e-01
8.790866752537682127e-02
5.457532803252579390e-01
7.732947221051726938e-01
7.916436114440628113e-01
6.352390934233356212e-01
4.830674134240838802e-01
7.606402502063103199e-02
5.272294254578224759e-01
7.860377080558436091e-01
7.813208684671695270e-01
7.890853099269423687e-01
8.544846975256756849e-01
8.059043680615857186e-01
-3.654597639635154271e-01
-7.561172170151375660e-01
4.155977657896675614e-01
8.236822699542424298e-01
7.610281934768052814e-01
8.491294827715700766e-01
9.445435954983433247e-01
1.001331394271350206e+00
9.303121632830624321e-01
-1.768776794532642693e-01
-1.652280774678225317e+00
2.556389684626242387e-01
9.413622840920345958e-01
1.084015681415722021e+00
1.051228108316545118e+00
1.096765835526327226e+00
1.120257014025075382e+00
1.081784813606153861e+00
8.758654607657182511e-01
8.519679663447308204e-01
8.103840287131737208e-01
7.323052701244361362e-01
7.415606853152176825e-01
6.909700762049065803e-01
6.808945443744175430e-01
7.162232049589677407e-01
7.959653575568156336e-01
8.264372465309862692e-01
9.002816541177591780e-01
9.170889273470955727e-01
9.550712831818559678e-01
1.053824585635060096e+00
1.037783510503119899e+00
1.026980255918192864e+00
1.041949022296337013e+00
1.068612626550848432e+00
1.063081726951140560e+00
1.078727930065366936e+00
