-2.314574280686373164e+00
-2.312880547634907469e+00
-2.312012501410553256e+00
-2.310166846354898329e+00
-2.307740274760526233e+00
-2.302988856245417271e+00
-2.321572481144787758e+00
-2.314835865161689821e+00
-2.311388361625889676e+00
-2.306372595733415132e+00
-2.298287591537160779e+00
-2.284935162839605738e+00
-2.273552346688827885e+00
-2.267749883013744583e+00
-2.253950379713325347e+00
-2.224088379116119008e+00
-2.157351827455692206e+00
-1.954358802622737423e+00
9.010748347786271495e+01
-2.766105176574810365e+00
-2.573570814936805284e+00
-2.487611775044284101e+00
-2.440496829971125603e+00
-2.423680627632206264e+00
-2.413792051994203103e+00
-2.402423080964831481e+00
-2.409142996248597512e+00
-2.433152160319007606e+00
-2.438230320359189740e+00
-2.422725426353101064e+00
-2.401362206228495388e+00
-2.381181566324601651e+00
-2.367552914468073144e+00
-2.153364297121849624e+00
-2.304862884403884760e+00
-2.305778985470855247e+00
-2.300924886744321718e+00
-2.294580370962629345e+00
-2.286329494182950839e+00
-2.276538312594793112e+00
-2.270915989831487902e+00
-2.265005862586234375e+00
-2.252401570497364336e+00
-2.223337458586368776e+00
-2.137002515561602145e+00
-1.517450621368136687e+00
-1.262825269990703703e+01
-5.720254909670654531e-01
-2.802564336187027827e-01
-3.567413881048948632e+00
-2.682558217370932141e+00
-2.538292333612050644e+00
-2.579930235057254606e+00
-2.087710699791319513e+00
-2.216704997475683392e+00
-2.186157121071774068e+00
-2.036344055087948579e+00
1.979478046223391630e+00
-2.835158229607866787e+00
-2.559925157261834894e+00
-2.470358677595219099e+00
-2.432975296878504778e+00
-2.437285274161651305e+00
-2.491376958123874719e+00
-2.508487424485708939e+00
-2.447416110691447155e+00
-2.405626784301460042e+00
-2.381969532748922092e+00
-2.367117750311057200e+00
-2.357908005645252381e+00
-2.353473361071375169e+00
-2.351070770397356569e+00
-2.347149045362793895e+00
-2.341656207956761548e+00
-2.336653226646296488e+00
-2.332149896937058653e+00
-2.327434634222031562e+00
-2.322687411326009865e+00
-2.318321635852084839e+00
-2.314115539546655498e+00
-2.309916959171746775e+00
-2.305843751467509861e+00
-2.301357653429377592e+00
-2.296654319405674105e+00
-2.292865255908460576e+00
-2.289943755737941178e+00
-2.287899202166590484e+00
-2.286312443169634889e+00
-2.283811737733166591e+00
-2.281018396484337352e+00
-2.278565999862631308e+00
-2.276085960342502990e+00
-2.272905813644433337e+00
-2.268835277211462831e+00
-2.264974517581991087e+00
-2.261495918035861141e+00
-2.257957754693784569e+00
-2.255388906270390681e+00
-2.254108993645743464e+00
-2.252069570887788696e+00
-2.249125922315522441e+00
-2.245584877062053231e+00
-2.241165148088107184e+00
-2.236871778454966098e+00
-2.232495008662768843e+00
-2.229229566818003327e+00
-2.228600208211510392e+00
-2.229565956010352235e+00
-2.231186631804786380e+00
-2.231788953282232146e+00
-2.229660053684892063e+00
-2.223971601398448072e+00
-2.215393723104861490e+00
-2.191203047932011039e+00
-2.110011804791926515e+00
-1.977541543533606117e+00
-2.008168226830458813e+00
-2.089737130886002436e+00
-2.123081180965925796e+00
-2.123505097978393596e+00
-2.138303643099147777e+00
-2.168808369077245501e+00
-2.190385382544540960e+00
-2.200472721965756051e+00
-2.202456440037801055e+00
-2.194925972274884174e+00
-2.190130953114832302e+00
-2.197305756114220632e+00
-2.204886999964200900e+00
-2.209669887975576508e+00
-2.213417407467917819e+00
-2.215735987850450783e+00
-2.204327540656048967e+00
-2.170174432061126257e+00
-2.148668662205018620e+00
-2.163018421254697454e+00
-2.176849732232476242e+00
-2.185819153463611109e+00
-2.193660898291612149e+00
-2.200128678116298087e+00
-2.204017018873421385e+00
-2.194897593219529597e+00
-2.147581382249310611e+00
-2.096623586245399018e+00
-2.120971523838413475e+00
-2.150879331427150376e+00
-2.169088851415891028e+00
-2.180508471174330332e+00
-2.188553773856760643e+00
-2.193503841441650337e+00
-2.194527423137987654e+00
-2.193219888189995359e+00
-2.191423904579168802e+00
-2.188730087318963680e+00
-2.185699697452050394e+00
-2.182496776933751548e+00
-2.179009420278109843e+00
-2.175993181750901062e+00
-2.174146879112747399e+00
-2.173125354794357200e+00
-2.172798311061878707e+00
-2.172853027151226968e+00
-2.172947716269276963e+00
-2.173740453646632709e+00
-2.174499335056481186e+00
-2.174431430986505820e+00
-2.173985164398219982e+00
-2.173552872126841784e+00
-2.172964084948038277e+00
-2.172198528828350295e+00
