1.499332646099092091e-06
1.110869511306210234e-05
3.880411400601304115e-05
1.011398440352278671e-04
1.910796448630778990e-04
2.963100049669100083e-04
2.843493948583578003e-04
-2.549041084243892290e-04
-1.399254670118027424e-03
-2.673071005152508582e-03
-3.762487375554777504e-03
-4.589503572294852986e-03
-5.212582997377917561e-03
-5.788026505616539891e-03
-6.306715386522489426e-03
-6.723221058195298985e-03
-7.018218503692785076e-03
-7.202899220308318917e-03
-7.294334540505948566e-03
-7.309382499316872256e-03
-7.262005286137041341e-03
-7.164682407873866100e-03
-7.007651050922356767e-03
-6.806435057042307946e-03
-6.584736112313913266e-03
-6.342711739028237920e-03
-6.093669624671427774e-03
-5.889125685804991184e-03
-5.715349839505799723e-03
-5.541180944208821089e-03
-5.347425351481753693e-03
-5.118510560621012014e-03
-4.846096005630044432e-03
-4.664927374414799648e-03
-5.270046372422949703e-03
-7.297354751255403192e-03
-9.725998681694037612e-03
-1.200335191189583206e-02
-1.407653876354426209e-02
-1.586216699832089169e-02
-1.749155821335898406e-02
-1.908690503502868951e-02
-2.055016774398463544e-02
-2.175786368228488366e-02
-2.258679198497118290e-02
-2.302164582033299628e-02
-2.316977966260220720e-02
-2.327853876754947329e-02
-2.338274266658489295e-02
-2.341417089289181061e-02
-2.329907675739447889e-02
-2.302763630147620921e-02
-2.267780993744818521e-02
-2.259530771461034163e-02
-2.315508112189523793e-02
-2.383325796457031950e-02
-2.429118408875411209e-02
-2.446306086415243886e-02
-2.442350046752466558e-02
-2.421582417055589617e-02
-2.382208428593434249e-02
-2.326072720147552217e-02
-2.261489517356842643e-02
-2.208871405396842583e-02
-2.169446343360553753e-02
-2.124097700949668585e-02
-2.061706566677764391e-02
-1.979885606816109492e-02
-1.879552839946607018e-02
-1.763546350358521572e-02
-1.639804103869426863e-02
-1.518517307212743396e-02
-1.400498695132330537e-02
-1.280223244464021200e-02
-1.155430856242309345e-02
-1.028767911528923225e-02
-8.997749842224931488e-03
-7.654782250900079091e-03
-6.252714659617294307e-03
-4.852208839384800597e-03
-3.493261071290872620e-03
-2.130637347454845607e-03
-7.768611931483588532e-04
5.294125156914577905e-04
1.813054777089070316e-03
3.127791645566817443e-03
4.504224839278021461e-03
5.984785535472371583e-03
7.563745317361224296e-03
9.200871575070525277e-03
1.090360471080751431e-02
1.267293654550442211e-02
1.449606457006864628e-02
1.633113823308941781e-02
1.815959895917632766e-02
1.999661852505987825e-02
2.184493943680704611e-02
2.371124413441052722e-02
2.563262193759307042e-02
2.762304634798276592e-02
2.964780586129872608e-02
3.169071824719196101e-02
3.372444222319278401e-02
3.573490637872923925e-02
3.772666348464750324e-02
3.969937070181617234e-02
4.169977348355201341e-02
4.377866085939444846e-02
4.597077025867623429e-02
4.829100001096674200e-02
5.069606390720995948e-02
5.309960016369460328e-02
5.541115456343643358e-02
5.750888418801427399e-02
5.903852321515624252e-02
5.988038019406773105e-02
6.049992298144096087e-02
6.126162109005281464e-02
6.225992003272916298e-02
6.334511763211737867e-02
6.446142657924988639e-02
6.581377965235213345e-02
6.752028895485329141e-02
6.955220710480622404e-02
7.178954546811258663e-02
7.408260636873158222e-02
7.628892907058124062e-02
7.860789476541370224e-02
8.118552199373990641e-02
8.401823327496310556e-02
8.708955253538386287e-02
9.039873501816489409e-02
9.377148887268502153e-02
9.664537805459585962e-02
9.893270305528258091e-02
1.012215868603823093e-01
1.037964193946323554e-01
1.066448728736266588e-01
1.097774788844243649e-01
1.132187990199697292e-01
1.169608318663580698e-01
1.208179741046387090e-01
1.241212994054379376e-01
1.264097644833150069e-01
1.285661708618610899e-01
1.311064410034277206e-01
1.341069772104999669e-01
1.375167386271860248e-01
1.413075843289795797e-01
1.454477369397882691e-01
1.498620108546142859e-01
1.544271691729107165e-01
1.590953163216206889e-01
1.638300922639348567e-01
1.685913624998646998e-01
1.733704990356365327e-01
1.781465631769318381e-01
1.829173899770847045e-01
1.877094195992588810e-01
1.925636076688589937e-01
1.975038500954380827e-01
2.025585658513769372e-01
2.077349394489928225e-01
2.130501418859586660e-01
2.185347940150363932e-01
2.241729272514458304e-01
2.299446647986982395e-01
2.358458065857898522e-01
2.418766496130646815e-01
2.480271119570186256e-01
