-5.254588557713255059e-03
-1.312199208901692303e-02
-1.494509623197387213e-02
-1.422036786303782288e-02
-1.534297725746991067e-02
-2.071660843859943896e-02
-8.334729609016636176e-02
-2.185808318661366378e-01
-3.155297262554964677e-01
-3.268442294742911480e-01
-3.005421332995061312e-01
-2.652368057947868674e-01
-2.498864682552049687e-01
-2.477456909756871328e-01
-2.346733817069183159e-01
-2.145166466741446620e-01
-1.924683773405869158e-01
-1.721749979780238804e-01
-1.554653759928208145e-01
-1.407406494881562053e-01
-1.286696906854935540e-01
-1.159694010095803501e-01
-1.019366231455079291e-01
-9.371765660636185991e-02
-8.942234181255059866e-02
-8.418248065820317649e-02
-8.706986180591681779e-02
-9.630677085839928209e-02
-1.007550883265862923e-01
-1.016794045939858337e-01
-1.005821292659332122e-01
-9.661814420528999636e-02
-9.224475913114060788e-02
-1.565661526775212753e-01
-4.112667682061439400e-01
-6.388092939053531261e-01
-6.818306655737852440e-01
-6.840503933443207174e-01
-6.679146362648256119e-01
-6.446132077637438673e-01
-6.493280287213877289e-01
-6.524867104798764972e-01
-6.273401775147329218e-01
-5.724785924520713332e-01
-4.979821423467084562e-01
-4.239852859880952618e-01
-3.851363692896974111e-01
-3.782190573829797842e-01
-3.670320736875636314e-01
-3.434964718838452447e-01
-3.126677097642680536e-01
-2.833959787944722031e-01
-2.865534001249501750e-01
-3.913796942750102925e-01
-4.904390858878868720e-01
-4.913402089934483796e-01
-4.573916858488837889e-01
-4.254540442206441453e-01
-4.040385473147627970e-01
-3.779874099934826814e-01
-3.493935752821182295e-01
-3.244284807158835937e-01
-3.280268672316106193e-01
-3.630296016125508785e-01
-3.767680131794380327e-01
-3.535223940209267779e-01
-3.183614652042885962e-01
-2.837362492187029961e-01
-2.501774732456047423e-01
-2.179011635070124964e-01
-2.033237262741817430e-01
-1.996638458474168931e-01
-1.866876747283549576e-01
-1.713665073483140178e-01
-1.612538383048317814e-01
-1.537588951559215877e-01
-1.437010735077565715e-01
-1.313222738414093205e-01
-1.258931814063219967e-01
-1.364198387878066965e-01
-1.455095050381789157e-01
-1.408243938201450274e-01
-1.358502283843761038e-01
-1.341570304844651451e-01
-1.304632517859470597e-01
-1.253985462002993878e-01
-1.171795476754576015e-01
-1.064171310270645432e-01
-9.724605329060101444e-02
-8.932144717138301715e-02
-8.433546869950848957e-02
-8.193952006051533066e-02
-8.536978059288932719e-02
-9.558132935803391461e-02
-1.029136671829238014e-01
-9.952494991218582832e-02
-8.943581859480710661e-02
-7.896995512837576281e-02
-6.812213237260474064e-02
-5.801686023859863733e-02
-5.345031599504117964e-02
-5.591669567191381168e-02
-6.439667522674585864e-02
-7.593474786236276142e-02
-8.954783925969198033e-02
-1.028134264391744185e-01
-1.117021776324010479e-01
-1.162059710687856490e-01
-1.115808053292178664e-01
-1.044016869470159314e-01
-1.109733016988111443e-01
-1.386570762541565194e-01
-1.805650075312528191e-01
-2.743883883949941871e-01
-4.414071260475519454e-01
-5.779108242667898576e-01
-6.259690242157157636e-01
-6.260433045402403751e-01
-6.301286473445648628e-01
-6.601961166696185268e-01
-6.731500427446224233e-01
-6.454956117628524170e-01
-6.053246470336566265e-01
-5.769062456757449997e-01
-5.640985847962771693e-01
-5.803959652773910127e-01
-5.936847638024027596e-01
-5.671481304858180250e-01
-5.249674846005539797e-01
-4.839746354061294498e-01
-4.391426777426800099e-01
-3.901386308185381679e-01
-4.185449725160325096e-01
-5.369003912381955512e-01
-5.983309016422110327e-01
-5.655994521704694744e-01
-5.132226135813209300e-01
-4.630759740914327516e-01
-4.055806258317589119e-01
-3.386542368270458736e-01
-2.750238732042910583e-01
-2.961477688872791725e-01
-4.693560006910919569e-01
-5.947899911913807625e-01
-5.663162435539800255e-01
-4.856982584848484885e-01
-3.914313778336459548e-01
-3.094344048441905470e-01
-2.344019592170508148e-01
-1.468700677455976877e-01
-6.410602434525745907e-02
1.532684406672868427e-03
4.995227306974032305e-02
7.670491199587353703e-02
9.416427894069037685e-02
1.045865643071935969e-01
1.049438174250063027e-01
1.079518900267024406e-01
1.257564061014880830e-01
1.588916916419914338e-01
2.011881102232112029e-01
2.469583828585540375e-01
2.918673368357310727e-01
3.468545321606889553e-01
4.087502447088955382e-01
4.698154694646125562e-01
5.340205890586439130e-01
5.990806413749494297e-01
6.610713860450920798e-01
7.185723187795980405e-01
