-1.128697747576358490e-02
4.987122705436952859e-03
5.508878372643884191e-02
3.887917747741536506e-02
3.767578581783966041e-02
-3.076638579355551323e-02
-9.126379157127086916e-01
-1.317016350105635336e+00
-4.406826242334933030e-01
2.638512825027209546e-02
1.822656624680146220e-01
2.013691358922461427e-01
-1.135526878299906173e-01
-2.409861309564435491e-02
6.642839450234429288e-02
1.220733508714876986e-01
1.257982521952165922e-01
1.201457732043928750e-01
1.067239083248494591e-01
1.064925884694052638e-01
7.942205937006414918e-02
1.272488360141234010e-01
1.081963956227367796e-01
5.921310001915804783e-02
6.831433813426901480e-02
7.490955342148897245e-02
-5.916321302515235858e-02
-2.959941283868060269e-02
1.569147009917471608e-02
3.783536520863808178e-02
6.478414365940894648e-02
9.308969158297437929e-02
7.759202682788336747e-02
-1.021626065694792418e+00
-3.133484105734299696e+00
-9.379942084257877344e-01
-2.401436282607590789e-01
-2.817325965751886763e-01
7.387582039967480196e-02
-1.261312997079178100e-01
-3.690686078304525330e-01
-1.161804380772275824e-01
8.829322035497406962e-02
3.978414898980215386e-01
4.945488701501720707e-01
4.828883889912632399e-01
-5.154760910504770088e-03
-1.036588891767255445e-02
9.371956314760503115e-02
2.395794855714317440e-01
2.726756465820592834e-01
2.530604467582562300e-01
-2.226924520092844750e-01
-1.411162948148726004e+00
-2.710278133459716465e-01
1.776727671223739258e-01
3.394761539341318857e-01
2.299861838648409595e-01
2.042321113428028356e-01
3.075175263353726596e-01
3.008585453424336698e-01
2.774237774628264819e-01
-1.543692462427132539e-01
-2.410303535870051417e-01
1.357735239161968477e-01
3.190831160910992947e-01
3.757720899578858575e-01
3.943606467277666061e-01
4.059935731009337578e-01
3.376452103326346155e-01
1.272310911014849222e-01
1.306993125567139924e-01
2.274966341778145162e-01
2.574566349162870638e-01
1.973250039660386923e-01
2.078907168811857942e-01
2.624755710115342366e-01
2.975656598816535658e-01
1.898206974445488526e-01
7.192413219327305207e-02
2.008868622742544519e-01
1.934558511800819613e-01
1.058737316290469799e-01
1.328645105434050344e-01
2.163974081665378801e-01
2.383516996089731776e-01
3.349699791139332250e-01
3.471331503056104828e-01
2.846311121430720181e-01
3.214641697551498534e-01
3.177434637371210346e-01
3.225288829872886009e-01
2.426588070075783865e-01
2.073525118043731130e-01
2.509825960209750018e-01
2.758263744195665335e-01
2.752321097348225387e-01
3.346954837922235804e-01
3.755701224772828306e-01
3.181603712870502143e-01
3.015623846385298568e-01
2.500289935832780697e-01
2.111983036913612777e-01
2.223442053298444465e-01
1.844095430938495761e-01
2.563421749702164965e-01
3.306762296867186146e-01
3.914738371410185214e-01
4.699664486042363087e-01
4.232865339988767794e-01
2.899531148581376283e-01
1.144994823246502369e-01
3.139131822365873875e-02
-7.345179194862462291e-01
-1.263750478373336428e+00
-4.347496785040103617e-01
1.039990144246766973e-01
3.410703604649229503e-01
7.191150642532306847e-02
-8.517662500294441441e-02
3.649926749686427385e-01
6.178637354940466064e-01
6.417726109319993322e-01
5.027186687596675307e-01
3.669562874708406364e-01
-3.414915751685412837e-02
3.953221698925850069e-01
6.673351523328687751e-01
6.777164899975627321e-01
6.934366982823759740e-01
7.741894902151194024e-01
7.493582237642402166e-01
-4.502009512625422261e-01
-8.593239014014042443e-01
2.844912440099067186e-01
7.042281811003627823e-01
6.605672236833928235e-01
7.508529772705422323e-01
8.641754403723469480e-01
9.427427734553014416e-01
8.790483410723354263e-01
-2.717480517407535046e-01
-1.756162811123866296e+00
1.085393347424111199e-01
7.930122673881959683e-01
9.922557636178902518e-01
9.959886319976405389e-01
1.011631603453072570e+00
1.068411693781897043e+00
1.096253800124285860e+00
9.066774403374603386e-01
8.794887007109677413e-01
8.089084644101000032e-01
7.123372834144043875e-01
7.175440313917589297e-01
6.512687469654363515e-01
6.241648975219638018e-01
6.733087098024892470e-01
7.661583392208038967e-01
8.190842277453147524e-01
8.981357443555662012e-01
9.177719622702131819e-01
9.512041614491564268e-01
1.078547971887831913e+00
1.066021043469490337e+00
1.086755564690997211e+00
1.056460739614601962e+00
1.051971595265234205e+00
1.057040494994344826e+00
1.083703885709026427e+00
1.123172091399888606e+00
1.157389523000387666e+00
1.192538450935976213e+00
1.209084812548589793e+00
1.212697371424089399e+00
1.201622937621745990e+00
1.190346286668834130e+00
1.181394699677548399e+00
1.188647048368768999e+00
1.189983996444903269e+00
1.199550022801783689e+00
1.218062078792207847e+00
1.245720696439274633e+00
1.289487008372414811e+00
1.344739964254947129e+00
1.363438958239655774e+00
1.393112176153520565e+00
1.388692033601711895e+00
1.402038466805856531e+00
1.392595771252770565e+00
1.386852769798406992e+00
1.386885582767812153e+00
1.401930181635882899e+00
1.423740256016339245e+00
1.452994437156230445e+00
1.502371480490922506e+00
1.536680885316029865e+00
1.571529321583770011e+00
1.580430208586659724e+00
1.566421809599446657e+00
1.543957104271661773e+00
1.536714469334041766e+00
1.532149878665371112e+00
1.532936194439358246e+00
1.548711981444409913e+00
1.578837517455798700e+00
1.610897081812864506e+00
1.616722782547599602e+00
1.625901019474996323e+00
1.633800086174918231e+00
1.618440941670262756e+00
1.606961519700021546e+00
1.600205077095164574e+00
1.603864878680921091e+00
1.610558991729945877e+00
1.624394644486002903e+00
1.658149875616586666e+00
1.685674687294457463e+00
1.700243397249756150e+00
1.695249509370001739e+00
1.681915211522667652e+00
1.664875754434880450e+00
1.660800154405162044e+00
1.659386403268454879e+00
1.654520338520645506e+00
1.656507767424282740e+00
1.657562588897808720e+00
1.669017641019848286e+00
1.689635497802485009e+00
1.709129312521449728e+00
1.721266666121558098e+00
1.720676880117435026e+00
1.717573408292517367e+00
1.702144688501058711e+00
1.695308056647911066e+00
1.674770270157015961e+00
1.665153072697348913e+00
1.666231724990953511e+00
1.669036968532532805e+00
1.684926345549252913e+00
1.708834299175736371e+00
1.719771542825192512e+00
1.734923702438760262e+00
1.713244591453400689e+00
1.683111223625816555e+00
1.660364694104721872e+00
1.636950751724774333e+00
1.628012635744491954e+00
1.619780251552817907e+00
1.626762078158668023e+00
1.643847091501053459e+00
