1.451483217584189089e-06
1.052206890833748153e-05
3.611458285428622477e-05
9.264205479498439835e-05
1.711625578414128590e-04
2.591088693422290905e-04
2.293238055952287902e-04
-2.964658943357256901e-04
-1.346581924193824241e-03
-2.435899865596043677e-03
-3.287186759845673028e-03
-3.863831272990007632e-03
-4.251945099596808261e-03
-4.614172816864031863e-03
-4.937764631859297391e-03
-5.179146568247754330e-03
-5.323422952400922413e-03
-5.384937337784950415e-03
-5.381288877716422676e-03
-5.328024664882075392e-03
-5.236783428395589898e-03
-5.117110707869174969e-03
-4.957293435319596979e-03
-4.771522495234570629e-03
-4.580347554303495702e-03
-4.380677058633371951e-03
-4.183468390771361532e-03
-4.035063836318778310e-03
-3.916133000613618124e-03
-3.794641672686648211e-03
-3.653260921555841808e-03
-3.479252052541782075e-03
-3.267398709186764352e-03
-3.150379564268424547e-03
-3.782267305919885959e-03
-5.694349764512570029e-03
-7.819133440702515092e-03
-9.664777162376561245e-03
-1.124026966601550034e-02
-1.250852724317630393e-02
-1.363022972140880834e-02
-1.473175054654815748e-02
-1.571726393411579381e-02
-1.647706428262781658e-02
-1.690930111798141441e-02
-1.701988004948269684e-02
-1.692576223213704961e-02
-1.686170225328352881e-02
-1.683919654118398723e-02
-1.677811080656183007e-02
-1.660430984739296248e-02
-1.631186342200058662e-02
-1.597835311549049286e-02
-1.592938699938451635e-02
-1.648497221644044247e-02
-1.709340078347355504e-02
-1.744767812615910865e-02
-1.751985286248121040e-02
-1.740766761261321183e-02
-1.716295805934101720e-02
-1.677284865196516928e-02
-1.625960102389802792e-02
-1.570431339054735240e-02
-1.529468664437928782e-02
-1.501976421854670993e-02
-1.468383352198641099e-02
-1.418891359180774608e-02
-1.352559084772631155e-02
-1.271290132464955765e-02
-1.178397840306493437e-02
-1.081620158704426314e-02
-9.900602720179518118e-03
-9.032391388162832463e-03
-8.150943808081127090e-03
-7.234448137040359189e-03
-6.309213054972452953e-03
-5.369055031579837017e-03
-4.385221309319188229e-03
-3.354469607908869624e-03
-2.336457061300189868e-03
-1.364671656797656219e-03
-3.903844304069792846e-04
5.738218252310994588e-04
1.492638709235371078e-03
2.394030173639126197e-03
3.329267326606265807e-03
4.323249332170898789e-03
5.411118353355000993e-03
6.580167741569208431e-03
7.788453227054212107e-03
9.043986351270348265e-03
1.034727369031367139e-02
1.168576700490183383e-02
1.302058646886483997e-02
1.433845821210552249e-02
1.565790434723249303e-02
1.698278671717760868e-02
1.832038484844276602e-02
1.970593440620284353e-02
2.114921296828730507e-02
2.261411402539107579e-02
2.408625759209685746e-02
2.554141182337861873e-02
2.696983348282771739e-02
2.837916542302917899e-02
2.977101843170836329e-02
3.119126345692926905e-02
3.268490389118760414e-02
3.427873243792408514e-02
3.597985989269352619e-02
3.774118458733439346e-02
3.948048949861866080e-02
4.111908710372043363e-02
4.255200123799957740e-02
4.345998175409858388e-02
4.377420556678060515e-02
4.397419427354787996e-02
4.438839397010400228e-02
4.506590768418915899e-02
4.583160539604619332e-02
4.662565196632963149e-02
4.764148200648692794e-02
4.897151300046202749e-02
5.056641479348617657e-02
5.230069317326961620e-02
5.403415362202578648e-02
5.564660983159917113e-02
5.734909465156651925e-02
5.927515364296112588e-02
6.140712671434950254e-02
6.372124516256030824e-02
6.621240617112333915e-02
6.870963562547309500e-02
7.069141023151898073e-02
7.213486618037187603e-02
7.364082198479000863e-02
7.545409228737527674e-02
7.752673458656565708e-02
7.984735412691829071e-02
8.242358909436665881e-02
8.523516234752345766e-02
8.809597099410095000e-02
9.037892165229981234e-02
9.171598441342093677e-02
9.302657472475478473e-02
9.477099542448720604e-02
9.696518639168372200e-02
9.951916395665043324e-02
1.023832633484667992e-01
1.055138868519730488e-01
1.088329705137206227e-01
1.122256809202391431e-01
1.156583252914400312e-01
1.191072741836996796e-01
1.225447985783958971e-01
1.259727767075899396e-01
1.293784794314315478e-01
1.327665733049191721e-01
1.361667407942152297e-01
1.396185248062620510e-01
1.431417273221867736e-01
1.467595567238412224e-01
1.504739584783409412e-01
1.542977544589540506e-01
1.582559990361936952e-01
1.623282242785800411e-01
1.664937664947472029e-01
1.707490257490456298e-01
1.750947036729982587e-01
1.795214830521982552e-01
