-3.266082130803709127e+00
-3.262823218719796081e+00
-3.261429944387359114e+00
-3.257412145517069924e+00
-3.252054362180230029e+00
-3.240452664877053301e+00
-3.276459106945210920e+00
-3.265702088701797123e+00
-3.258529892434845365e+00
-3.246895381670464431e+00
-3.226208784272876606e+00
-3.187549851001403756e+00
-3.158875588447349614e+00
-3.151845467899883069e+00
-3.117650050860030220e+00
-3.029401007490279518e+00
-2.783809138047781850e+00
-1.261669049327883929e+00
-4.791835188906510723e+00
-3.907614050093908276e+00
-3.726774868812003483e+00
-3.598787070981143366e+00
-3.516710115493541622e+00
-3.493492108681224728e+00
-3.481050392360604206e+00
-3.459613055575411433e+00
-3.492943882555592516e+00
-3.597328520144033703e+00
-3.620783044169362697e+00
-3.555022507902374507e+00
-3.482050938798831652e+00
-3.423778660597986523e+00
-3.390094540304581017e+00
-3.113986656817498755e+00
-3.248591603171000930e+00
-3.248299732627935477e+00
-3.236434874300671005e+00
-3.220756444015939302e+00
-3.199791414351153662e+00
-3.175062845563379810e+00
-3.164484381108526811e+00
-3.152670300085437027e+00
-3.121339986387376531e+00
-3.037880989444673663e+00
-2.699653647241863741e+00
-6.718085748866850615e+00
-4.923425428142468974e+00
5.736133655837234002e+00
9.228241096383367204e-01
-5.832592663350008699e+00
-4.004303996982954139e+00
-3.724539943366296235e+00
-3.912831125019002876e+00
-2.965188992119573541e+00
-3.104816574862938161e+00
-3.035039373215434821e+00
-2.711892296184408746e+00
5.446950839593716864e+01
-4.281684033750250862e+00
-3.772234873289900925e+00
-3.594996270711491526e+00
-3.522820516760969412e+00
-3.559211249826205403e+00
-3.813821575435770050e+00
-3.905255119668295194e+00
-3.612789765961731625e+00
-3.481902466290486053e+00
-3.421837516197046902e+00
-3.387636793256972645e+00
-3.368230969742421088e+00
-3.361965861872247885e+00
-3.361155550229870670e+00
-3.353936376719940604e+00
-3.340885863269608791e+00
-3.329845921022802635e+00
-3.320472456789980154e+00
-3.309878681336743345e+00
-3.298769872932864278e+00
-3.289379485282887039e+00
-3.281496758160600713e+00
-3.273143409197109222e+00
-3.264563405152340447e+00
-3.255687528942296183e+00
-3.246483401641328204e+00
-3.238739839309125124e+00
-3.232431422976883795e+00
-3.227670090262336977e+00
-3.223592896196923796e+00
-3.217645294976825276e+00
-3.211244168051562209e+00
-3.205581944798982619e+00
-3.199883417197663782e+00
-3.192617531356906291e+00
-3.183442300151337001e+00
-3.175081379690660288e+00
-3.167922387706481047e+00
-3.160748182928424743e+00
-3.155863719477241869e+00
-3.153724768441501514e+00
-3.149392755802005173e+00
-3.142849465467596026e+00
-3.134859548878806024e+00
-3.124869327330630497e+00
-3.115455868427220665e+00
-3.105930000489700582e+00
-3.099416681473805557e+00
-3.099323429402360830e+00
-3.102469914900080283e+00
-3.106620556858277205e+00
-3.107747337328252257e+00
-3.101953497995458164e+00
-3.087412249184265711e+00
-3.065965812970139481e+00
-2.998373958913633341e+00
-2.685506932115069301e+00
-1.813795500740448485e+00
-2.379110608733602472e+00
-2.779741658714682373e+00
-2.879916116072369192e+00
-2.876138765841586675e+00
-2.915141097438449069e+00
-2.989642964926920943e+00
-3.035316035883261154e+00
-3.052933244690829273e+00
-3.052796066421369581e+00
-3.030319270159079981e+00
-3.017666053523999636e+00
-3.037028861800413537e+00
-3.055036793010681428e+00
-3.064985035025774351e+00
-3.072354554250043002e+00
-3.076384507506554566e+00
-3.045313456076376823e+00
-2.948549910468126534e+00
-2.896042615622628436e+00
-2.954076899980129234e+00
-2.994894068100080187e+00
-3.017089059267462403e+00
-3.034553958776115223e+00
-3.047944387579996750e+00
-3.054909541980471932e+00
-3.029352091072034625e+00
-2.891893598374227992e+00
-2.740559346702400312e+00
-2.854608646017463336e+00
-2.944681472033996883e+00
-2.988735634255329288e+00
-3.012473959415649549e+00
-3.027645959436933154e+00
-3.036185562658141102e+00
-3.036118241964614661e+00
-3.031334664025202574e+00
-3.025991825985537620e+00
-3.018834589833110815e+00
-3.011419001392527051e+00
-3.003930332327726660e+00
-2.995970940267657312e+00
-2.989578501054414250e+00
-2.986462015848296403e+00
-2.985373667713239421e+00
-2.985759530147304108e+00
-2.986661175109045274e+00
-2.987305782685889533e+00
-2.989582168817073615e+00
-2.991501046445744549e+00
-2.991268200488089946e+00
-2.990227583998734229e+00
-2.989296091410023948e+00
-2.987961267717946789e+00
-2.986211397623474095e+00
