-1.347003974703597441e-06
-7.348303571446826767e-06
-5.715179111747459214e-06
2.680304792689800259e-05
8.813457979080582686e-05
1.674323908891129807e-04
1.270240250922119950e-04
-4.997223639853099614e-04
-1.894971841998424828e-03
-3.635306653243122830e-03
-5.375362998394047839e-03
-6.976594502134858891e-03
-8.441198066604356162e-03
-9.896618735887076357e-03
-1.132186551613272724e-02
-1.265469952936580482e-02
-1.385606781968393500e-02
-1.491733144723814304e-02
-1.584227660939310778e-02
-1.663888763127736176e-02
-1.731396483852444199e-02
-1.787702060281484012e-02
-1.831422608759102066e-02
-1.863831590272473082e-02
-1.887695126659369102e-02
-1.903464653014465269e-02
-1.912726319990448384e-02
-1.921678087525524603e-02
-1.930285070077525020e-02
-1.936144413736940254e-02
-1.937646554010628852e-02
-1.933182377359641407e-02
-1.921543016308329896e-02
-1.916483498315961834e-02
-1.994756329634435679e-02
-2.240903529289104551e-02
-2.567654354398144975e-02
-2.916403963882367723e-02
-3.274883525736437678e-02
-3.627540410008807392e-02
-3.980955609868961492e-02
-4.344392735982852138e-02
-4.705320396116774440e-02
-5.046718199564485807e-02
-5.349967599692371373e-02
-5.606759412090421557e-02
-5.822304383195180122e-02
-6.019808849211391588e-02
-6.204346484681665802e-02
-6.369985178806784887e-02
-6.508961483727242203e-02
-6.618965286532221826e-02
-6.706955410321781275e-02
-6.810302204823426298e-02
-6.976889525717647200e-02
-7.162268653684328301e-02
-7.330701205630821282e-02
-7.470746221083754413e-02
-7.585998732699594793e-02
-7.677901647000470731e-02
-7.742411102868165806e-02
-7.779457691975787126e-02
-7.795995261480631600e-02
-7.814143264688241941e-02
-7.839062654852728407e-02
-7.852610382584282456e-02
-7.841774611819835039e-02
-7.802099899754429135e-02
-7.732531379541678074e-02
-7.633848269983231627e-02
-7.512434447611911204e-02
-7.379713680170926771e-02
-7.237662155832269573e-02
-7.082220437777532462e-02
-6.912388892655456363e-02
-6.731243292929101063e-02
-6.539044929929145600e-02
-6.333403311387297840e-02
-6.114011830049335960e-02
-5.887542668807048407e-02
-5.659798748500136784e-02
-5.426780708438810885e-02
-5.188913250011340655e-02
-4.950481445041649692e-02
-4.710628905160321039e-02
-4.465243881900998746e-02
-4.211506102702325394e-02
-3.944822168202941071e-02
-3.664595120955146251e-02
-3.373520642741972830e-02
-3.071043857924632414e-02
-2.757288435314639991e-02
-2.433468932267520216e-02
-2.104122708369836683e-02
-1.771726805887525666e-02
-1.434770498749988153e-02
-1.091982924871729745e-02
-7.427470472256492845e-03
-3.841499825299459370e-03
-1.463517050971623740e-04
3.630385724146433218e-03
7.464581835554695392e-03
1.132199795289783213e-02
1.517652895817638015e-02
1.902133418071452059e-02
2.284604921364237137e-02
2.668666381732194212e-02
3.059154729109895762e-02
3.460523096345526073e-02
3.876369315247142622e-02
4.303573667482220311e-02
4.732995496565291921e-02
5.153628543366627068e-02
5.550188379677181705e-02
5.879627942052935430e-02
6.118656485665747990e-02
6.306915850091310283e-02
6.482865658008790666e-02
6.661757137407979534e-02
6.833060306830318620e-02
6.992757593160156548e-02
7.163887398701790366e-02
7.364361029276354775e-02
7.597016318135767221e-02
7.854231005004323751e-02
8.123243515917387414e-02
8.388729965053194626e-02
8.669090964716325010e-02
8.981731124450186010e-02
9.330070170298705723e-02
9.715390490840213056e-02
1.014060796059366443e-01
1.059027230356732463e-01
1.100237761071372611e-01
1.135698686757390941e-01
1.170719343574907895e-01
1.208492400919306681e-01
1.249395952145614663e-01
1.293912461106383749e-01
1.342720187188992664e-01
1.396170338134471445e-01
1.452592755073896791e-01
1.504681318023437242e-01
1.546348028637024308e-01
1.585358259287718286e-01
1.627277865728921358e-01
1.673856141983232626e-01
1.725365501310812955e-01
1.781922391580337828e-01
1.843779129177921527e-01
1.910811002859811314e-01
1.982017003665353660e-01
2.056834388297900384e-01
2.134642542910492879e-01
2.214769686788077840e-01
2.296905568574764966e-01
2.380576428921364340e-01
2.465509404426733109e-01
2.551893338535722311e-01
2.640169337312512354e-01
2.730680152774003222e-01
2.823776194754287205e-01
2.919576539423668349e-01
3.018305999612900248e-01
3.120471148984513277e-01
3.226068554187975779e-01
3.335022628994095406e-01
3.447082452819014708e-01
3.562066367461076410e-01
3.679890329533304638e-01
3.800596672131302256e-01
3.924305823648810976e-01
4.051129248134425764e-01
4.181153532486847069e-01
4.314362579509729567e-01
4.450639502368367584e-01
4.589782733305745599e-01
4.731575689343714419e-01
4.875833101152098337e-01
5.022443453157976467e-01
5.171299533695427053e-01
5.322340286681083166e-01
5.475570480371215742e-01
5.631070455341976588e-01
5.789022441307921651e-01
5.949638334453416499e-01
6.112985927277356790e-01
6.279100378337619803e-01
6.447889965994759720e-01
6.619278142648107321e-01
6.793106121628226246e-01
6.969213515866115038e-01
7.147490201899534545e-01
7.327912764598556450e-01
7.510517756781290855e-01
7.695410306465891859e-01
7.882781096079560790e-01
8.072774419443403682e-01
8.265487848928235737e-01
8.460869399199030250e-01
8.658718691281984681e-01
8.858786846072347343e-01
9.060889878558732180e-01
9.264882115916984739e-01
9.470666951425155133e-01
9.678244457598276229e-01
9.887704482394903405e-01
1.009913378510463700e+00
1.031250501794644281e+00
1.052777609186563934e+00
1.074487592739947761e+00
1.096362954135968293e+00
1.118386090418414414e+00
1.140543544440305368e+00
1.162827954746879611e+00
1.185235792446466707e+00
1.207769946739819300e+00
1.230442967701358192e+00
1.253265452104197930e+00
1.276239028875995274e+00
1.299353771586417183e+00
1.322593222186725592e+00
1.345939889613846807e+00
1.369382414283014437e+00
1.392912026821534033e+00
1.416519802722128851e+00
1.440199846621969426e+00
1.463948194916339762e+00
1.487767042533714834e+00
1.511664187687592920e+00
1.535647286847186432e+00
1.559719050170432775e+00
1.583875179910922082e+00
1.608107321104576659e+00
1.632402182419592229e+00
1.656747557914315605e+00
1.681127343133341778e+00
1.705530506414635994e+00
1.729952773897999396e+00
1.754393807370500991e+00
1.778860835401262719e+00
1.803365013943433404e+00
1.827913032450450892e+00
1.852507725419993312e+00
1.877134250457236586e+00
1.901770535509465843e+00
1.926397023408810583e+00
1.950996675691748727e+00
1.975559568651378273e+00
2.000079993873764561e+00
2.024561038773019739e+00
