-4.109914136384588383e-06
-2.485039954109317367e-05
-4.823735736934750611e-05
-5.061679572330353031e-05
-3.697838694924990847e-05
-2.069115716699149361e-05
-1.319013716119184524e-04
-7.906873673570967691e-04
-2.094807098187394592e-03
-3.574561637357272399e-03
-4.903709769297747920e-03
-5.988274207952110420e-03
-6.872997065213626647e-03
-7.707922753513493652e-03
-8.481375888312636321e-03
-9.146726489246401193e-03
-9.684946135485868884e-03
-1.010439486459116867e-02
-1.042385233285652094e-02
-1.066209577785325567e-02
-1.083172025161263652e-02
-1.094628411242507676e-02
-1.099419123517802847e-02
-1.099110923492709231e-02
-1.096604889284654577e-02
-1.092109522979322657e-02
-1.086806262251132325e-02
-1.086156976466444435e-02
-1.089096982565342445e-02
-1.092667246456366890e-02
-1.095193137733531906e-02
-1.095174597616159311e-02
-1.091593307948489182e-02
-1.097857668464078708e-02
-1.184824196875837628e-02
-1.420243081604685188e-02
-1.704258382944896788e-02
-1.979704943093369210e-02
-2.239369460964336575e-02
-2.473438582261501886e-02
-2.693412286843899911e-02
-2.911121023475650091e-02
-3.116073885941582702e-02
-3.294894461589798623e-02
-3.434293156741563546e-02
-3.532083981845638571e-02
-3.598335622622431118e-02
-3.657957109733268874e-02
-3.715520980385426247e-02
-3.764988126699152227e-02
-3.799639762706771839e-02
-3.818451586425467698e-02
-3.829058814239155034e-02
-3.866712389292015217e-02
-3.971319403834770029e-02
-4.092150160457032337e-02
-4.194766062642515253e-02
-4.271589733754808937e-02
-4.329736501567176682e-02
-4.372298803984260573e-02
-4.396983623821268394e-02
-4.405563332020916156e-02
-4.405662712767578065e-02
-4.418079299978847768e-02
-4.444977909818756401e-02
-4.466354146967532746e-02
-4.470153526626144402e-02
-4.454370995884598255e-02
-4.420100895510634814e-02
-4.369252684024606953e-02
-4.308091544798281491e-02
-4.247508511820145133e-02
-4.187177258445758804e-02
-4.122427135022664613e-02
-4.052840895744071886e-02
-3.980984320945436111e-02
-3.906525276605847530e-02
-3.827058830187243105e-02
-3.742664585799960336e-02
-3.659727172626096869e-02
-3.583047441043987758e-02
-3.506879042621635634e-02
-3.429837983478862401e-02
-3.354929948186260308e-02
-3.281044874705613817e-02
-3.204817834856416026e-02
-3.124301679663521458e-02
-3.036143020139006610e-02
-2.940657109246136783e-02
-2.840302447407262385e-02
-2.735197128376902834e-02
-2.626220432072783051e-02
-2.514760909720809012e-02
-2.405011776110358920e-02
-2.298382981016756574e-02
-2.191996203276576002e-02
-2.082991450483335366e-02
-1.970529565840205277e-02
-1.852817637549024690e-02
-1.729188685026043781e-02
-1.602239725885403268e-02
-1.474783609088127501e-02
-1.349822523406873399e-02
-1.229382342797011654e-02
-1.113511463444002286e-02
-1.002611115938457226e-02
-8.932665806089798433e-03
-7.815694227625225726e-03
-6.639564949479739332e-03
-5.373761654595305380e-03
-4.058650717473484722e-03
-2.788014512672851771e-03
-1.658729097873865325e-03
-7.961319779518449911e-04
-5.756597772951908441e-04
-1.131398422904798893e-03
-2.005331627472825822e-03
-2.821588463295388906e-03
-3.469687803117939284e-03
-4.088801683337967355e-03
-4.732859633287651337e-03
-5.199780986022660423e-03
-5.357041199181653696e-03
-5.229933136201819766e-03
-4.925697277325802662e-03
-4.577228413232834262e-03
-4.321885243506240482e-03
-3.975390063357126490e-03
-3.385541241072327189e-03
-2.546353052932408788e-03
-1.469645767425193381e-03
-1.443027906162450136e-04
1.268112565517945031e-03
2.190981399512357056e-03
2.530339149181419760e-03
2.861201968982521673e-03
3.474116505645533006e-03
4.365721727293104572e-03
5.544372581481421709e-03
7.043616216062417029e-03
8.866716829783259646e-03
1.082020116957725306e-02
1.220862757027917425e-02
1.257909058513737716e-02
1.279736722183773441e-02
1.338175134350864069e-02
1.445062457363402615e-02
1.596772564412118206e-02
1.787270526302920173e-02
2.015672363537327622e-02
2.279762444600449967e-02
2.568179358295252790e-02
2.873995206076608577e-02
3.189342413322701630e-02
3.507792380531287585e-02
3.827686674153130131e-02
4.145480470529295386e-02
4.460167016022289349e-02
4.776117427623020883e-02
5.099898902088166597e-02
5.436007810032128518e-02
5.787257836946072681e-02
6.154112717787735970e-02
6.537781829779891474e-02
6.943185197646169204e-02
7.368956708912777209e-02
7.814501284365532596e-02
8.279659359412804009e-02
8.764005102034644334e-02
9.265438546459071889e-02
