-1.819059275620185101e+00
-1.819165601669279431e+00
-1.819632484248231652e+00
-1.818037483343605265e+00
-1.818713638050143411e+00
-1.818514937162938550e+00
-1.819068719732727324e+00
-1.819134698207367729e+00
-1.819251753462589383e+00
-1.819446915112911567e+00
-1.819740268775953851e+00
-1.820160544966378691e+00
-1.820510226456701464e+00
-1.820734084503558670e+00
-1.821129859810197704e+00
-1.821772787835232332e+00
-1.822727382370839644e+00
-1.824050063604063965e+00
-1.825800428137111187e+00
-1.828301663532010624e+00
-1.831578906806490492e+00
-1.839044963974719726e+00
-1.874283195206982056e+00
-2.050479368412078784e+00
1.942963290899430984e-01
-1.715005571426329256e+00
-1.938767854201224994e+00
-1.842606358020858481e+00
-1.837193903590116362e+00
-1.838019661730820209e+00
-1.843028988755144759e+00
-1.865154266391750415e+00
-2.209042800860146816e+00
-1.823565675396350727e+00
-1.820040522735078214e+00
-1.819792705526352972e+00
-1.819971498106690344e+00
-1.820221054945605488e+00
-1.820533388465133795e+00
-1.820886670190823287e+00
-1.821096544183272048e+00
-1.821312075182079937e+00
-1.821722792158423365e+00
-1.822502978605696322e+00
-1.824000129154889294e+00
-1.826767570698200061e+00
-1.828825213736124500e+00
-1.828435641950945767e+00
-1.828785206073363367e+00
-1.830882463266447546e+00
-1.835888583901652327e+00
-1.845869331053794804e+00
-1.840110783169599307e+00
-1.825652563608790357e+00
-1.823417253887475331e+00
-1.823917258095515637e+00
-1.825414018246758197e+00
-1.827497912709632244e+00
-1.829682620502074863e+00
-1.833418848244595001e+00
-1.841226317433003246e+00
-1.857814715974908770e+00
-1.850041760610112496e+00
-1.835183817602795031e+00
-1.833279226668313555e+00
-1.839328151503699216e+00
-1.867140841444646204e+00
-1.657201338880325503e+00
-1.786664921225008973e+00
-1.799465159754252808e+00
-1.800994341302612156e+00
-1.799309743541653406e+00
-1.800468010256617069e+00
-1.803063376687375152e+00
-1.804428246646089695e+00
-1.805155574947114427e+00
-1.806439333086764742e+00
-1.808034385700103108e+00
-1.808699364131176823e+00
-1.807742977082805957e+00
-1.807032573753316385e+00
-1.807738254424910762e+00
-1.807870253320171150e+00
-1.807612023610232432e+00
-1.808165858623186351e+00
-1.809197260167473065e+00
-1.810548860160949847e+00
-1.811857558455572059e+00
-1.812658370661818230e+00
-1.813247214814311725e+00
-1.813760121460894492e+00
-1.814179885484108246e+00
-1.814403623763994222e+00
-1.814425329325498382e+00
-1.814524025544151931e+00
-1.814833965441882135e+00
-1.815204808717564733e+00
-1.815594810986863150e+00
-1.816012277174310130e+00
-1.816351018685119278e+00
-1.816590603900436696e+00
-1.816759491269355431e+00
-1.816867745306450344e+00
-1.816966022624539212e+00
-1.817055822078082583e+00
-1.817179231341979895e+00
-1.817392699173248971e+00
-1.817656061424137048e+00
-1.817946605694717555e+00
-1.818202372271711997e+00
-1.818387968620541306e+00
-1.818516605140924947e+00
-1.818617157785168637e+00
-1.818502265175341970e+00
-1.819522847763025863e+00
-1.819345669048850533e+00
-1.819510482426646369e+00
-1.819851131024314839e+00
-1.820235850632196950e+00
-1.820341855117213470e+00
-1.820697030346245970e+00
-1.822638770266154395e+00
-1.789418076912516975e+00
-1.815081868967704182e+00
-1.816374882156072124e+00
-1.815826086526112437e+00
-1.815422907514481876e+00
-1.817170378706477463e+00
-1.818002650181678836e+00
-1.818408345475196031e+00
-1.818686807638829173e+00
-1.818900103528113377e+00
-1.819083141938859338e+00
-1.819536065536245584e+00
-1.821120690329484537e+00
-1.819824132012795914e+00
-1.819576552670688185e+00
-1.819556428555221483e+00
-1.819574759012939413e+00
-1.819611628678921456e+00
-1.819678622252213884e+00
-1.819941252822033784e+00
-1.821698769019124420e+00
-1.976343115188809341e+00
-1.825593105711130315e+00
-1.821446423444930351e+00
-1.820630703184679122e+00
-1.820382135170447002e+00
-1.820289952837064185e+00
-1.820250608690531235e+00
-1.820281442767561542e+00
-1.820364640927399691e+00
-1.820476526055853306e+00
-1.820624403760863874e+00
-1.820784263191436159e+00
-1.820953418524320577e+00
-1.821140436539012031e+00
-1.821310369982745536e+00
-1.821425998327266704e+00
-1.821493699420310586e+00
-1.821535345869114142e+00
-1.821570567632204929e+00
-1.821612815364759053e+00
-1.821629250358762331e+00
-1.821641525290878860e+00
-1.821673373083136704e+00
-1.821710360616223046e+00
-1.821751050875502820e+00
-1.821803083216550156e+00
-1.821866564265139710e+00
