-3.397073795234523130e-02
-1.036573423744816154e-02
4.049548362805795859e-02
2.096455284641490779e-02
1.419559160153851737e-02
-4.803653114302924160e-02
-8.804192200293096127e-01
-1.190738032597353779e+00
-2.706928424936185795e-01
1.675871578246175830e-01
2.731200295140342460e-01
2.488746087331741852e-01
-8.354818707800482080e-02
3.646093012274512560e-03
8.224103619965536516e-02
1.186663209077358089e-01
1.107012437078834927e-01
9.181683782561300688e-02
6.922178785034394100e-02
6.738167006593907826e-02
3.663486184913269939e-02
8.453392839155193794e-02
6.326870310048095247e-02
1.071620150724328369e-02
2.161992219608438459e-02
3.245690533337598077e-02
-9.620926627758852323e-02
-5.734180220356096397e-02
-8.671101303883779754e-03
1.015118451880048060e-02
3.298334952283338284e-02
5.722400411545680576e-02
3.815305390435334842e-02
-1.006306713641395012e+00
-2.926133489376342212e+00
-6.060223628757500647e-01
5.526320859318877704e-02
-4.546397820168469189e-02
2.463220906718194270e-01
1.925313679569688394e-03
-2.595877333469842063e-01
-1.659438360812418370e-02
1.587916480290634258e-01
4.207113941820652681e-01
4.591539183478528519e-01
4.050246377254587693e-01
-8.875004786161530546e-02
-8.142675325313253332e-02
2.843511972541339083e-02
1.610464989038389860e-01
1.809340160625066973e-01
1.523311710176416811e-01
-3.055485359875811380e-01
-1.403589804443668987e+00
-2.029019474073870954e-01
2.171140699533574137e-01
3.309778257730200401e-01
1.753533970899648908e-01
1.381822105038751636e-01
2.216932114277247179e-01
1.912243238696858250e-01
1.623885895760890374e-01
-2.555954976861857242e-01
-3.136749091953523472e-01
8.384644488271597584e-02
2.536665374129685735e-01
2.755608826128578270e-01
2.671788850191370024e-01
2.636644500590130669e-01
2.064500480417690575e-01
-1.223859953815508578e-02
2.784521068962123383e-02
1.238924656953749592e-01
1.326823535307339597e-01
7.912177237866274693e-02
9.140780371598329623e-02
1.406048962976388372e-01
1.625798236897802174e-01
5.567747431511580608e-02
-6.112825123851725606e-02
8.433775956248568129e-02
1.005019434360572839e-01
2.586441704691560400e-02
4.896069907738486576e-02
1.138773593477642176e-01
1.229259187290995259e-01
1.990463378206424605e-01
1.949246059252726648e-01
1.447043880507583313e-01
1.651814877555823069e-01
1.476449790914949045e-01
1.487326036639763094e-01
6.836804863321989389e-02
4.293694407257441642e-02
9.751614111400747076e-02
1.479769613187012223e-01
1.475342289974115595e-01
1.841854287883617491e-01
2.081686874141422949e-01
1.613387009880886958e-01
1.277574914246626947e-01
8.259928510993749806e-02
4.502520021284051738e-02
5.849322250014685892e-02
2.628522791662312591e-02
8.873700164619333086e-02
1.450778934210114612e-01
1.902989935661945076e-01
2.669744067285130806e-01
2.061687868666672308e-01
6.512490631294527710e-02
-1.006122333084810555e-01
-1.558690451599932525e-01
-8.772384790485091566e-01
-1.294662032712243116e+00
-4.112696803098329634e-01
1.063119883366853841e-01
2.901433725219969562e-01
-1.614061206770233889e-02
-1.794311054188298948e-01
2.361097435510801923e-01
4.484863318407321109e-01
4.114826278083486000e-01
2.485537362411060491e-01
1.161124988390445367e-01
-2.526223999294221478e-01
1.697239312052536420e-01
4.204342400179058026e-01
4.023710111298413050e-01
3.917258266731344363e-01
4.553783772902422200e-01
4.262201702054155827e-01
-7.358505519562920094e-01
-1.011052320787038106e+00
1.632581515325975396e-01
5.383041714111931331e-01
4.485923508033416440e-01
4.889956262150738087e-01
5.678590114873203198e-01
6.161458154980179458e-01
5.204450249959642338e-01
-6.167136483963959748e-01
-1.891141681158420296e+00
5.340028199471653220e-02
6.657684909300258802e-01
8.116643178198040820e-01
7.558914304384845018e-01
6.695990823252004898e-01
7.015387698104873504e-01
7.447272974504268728e-01
5.426011705963540432e-01
5.046426388913372030e-01
3.993390767523267160e-01
3.020541894457901000e-01
3.218385649012870942e-01
2.567849103735314609e-01
2.369817513983452084e-01
3.102942081997207557e-01
4.241405644318833046e-01
4.905519231427236670e-01
5.470697549077492283e-01
5.597695698193601022e-01
5.657076555305426968e-01
7.039104957279532782e-01
6.627641698616071331e-01
6.824079809665276608e-01
6.956018005188950859e-01
7.173293099546557139e-01
6.922253342004033305e-01
6.984543533829961071e-01
