-1.559165136143395358e+00
-1.557202591846076789e+00
-1.556292184115196209e+00
-1.554019513996827362e+00
-1.551038251518902289e+00
-1.545453584016035276e+00
-1.568472502796379953e+00
-1.559515076025857816e+00
-1.555230283276318737e+00
-1.549385991672656449e+00
-1.540761280460824167e+00
-1.528111043523334711e+00
-1.517035646788781333e+00
-1.509746557710957005e+00
-1.496670683562955517e+00
-1.473460434806121100e+00
-1.433721477032085190e+00
-1.362934889423975893e+00
-1.207852049194020783e+00
-5.827769891160418103e-01
-4.260515091651207342e+00
-2.104208295704709464e+00
-1.854052104035845083e+00
-1.788299740090297130e+00
-1.755730153627126811e+00
-1.726632702943850184e+00
-1.734831350227568292e+00
-1.776213433322175961e+00
-1.787651538187967626e+00
-1.763202316606775399e+00
-1.725906150176020892e+00
-1.688839504851478379e+00
-1.663383555946046144e+00
-1.116045335625395873e+00
-1.539282185133254766e+00
-1.544224114530931002e+00
-1.539056338997295992e+00
-1.532123716638180699e+00
-1.523358972343631379e+00
-1.513193858348954368e+00
-1.506654648549962783e+00
-1.499862232244289606e+00
-1.487310392006729209e+00
-1.462651147102227878e+00
-1.409301215523964368e+00
-1.278486260348169701e+00
-1.116295484591959930e+00
-1.113632004327319569e+00
-1.039264295458868892e+00
-5.480940834025210817e-01
-5.109505882751827599e+00
-2.245610807108149753e+00
-2.341182123928446934e+00
-1.230503180480170267e+00
-1.405254346240363716e+00
-1.379031846309432208e+00
-1.266149899010952762e+00
-9.105415591560556132e-01
2.476542203710450529e+00
-2.497938536625549766e+00
-1.961959221656345509e+00
-1.827542307740305461e+00
-1.825824907420720677e+00
-1.948683460366842812e+00
-1.994863532776715687e+00
-1.847878614139832676e+00
-1.751288152242080676e+00
-1.699178225350920224e+00
-1.667894868875334558e+00
-1.649232098062715091e+00
-1.640876207310558055e+00
-1.637190818341803800e+00
-1.631153590805792142e+00
-1.622377750312956612e+00
-1.614616580367351339e+00
-1.607965127121196991e+00
-1.600754716053093718e+00
-1.593139380274924299e+00
-1.586600292490090158e+00
-1.581441018608013227e+00
-1.576098045242142920e+00
-1.570448132688029963e+00
-1.565092156539314328e+00
-1.559716239266476512e+00
-1.554382862724477121e+00
-1.549370341916355809e+00
-1.544925273836515789e+00
-1.540994404392348027e+00
-1.536815980172351104e+00
-1.532595657886014040e+00
-1.528690276420205496e+00
-1.524861070295107091e+00
-1.520574327374105028e+00
-1.515596972960259414e+00
-1.510756510011514342e+00
-1.506272313578328692e+00
-1.501792339182096203e+00
-1.498087679623974378e+00
-1.495517197119347941e+00
-1.492459738522651236e+00
-1.488641953826790987e+00
-1.484266630756282179e+00
-1.479057870449970835e+00
-1.473849062079247041e+00
-1.468506836408825844e+00
-1.464054050427583853e+00
-1.461986589369198786e+00
-1.461622978337391521e+00
-1.462247026363328484e+00
-1.462220910550324549e+00
-1.459654640284717253e+00
-1.453569409135741175e+00
-1.444515854642944630e+00
-1.421259527063546635e+00
-1.353672172310931732e+00
-1.254242335085730797e+00
-1.247769023711319036e+00
-1.298170824284030855e+00
-1.325191862417867350e+00
-1.323801779553521740e+00
-1.337518845069832318e+00
-1.370950264186130640e+00
-1.397176518827944136e+00
-1.410978057654706408e+00
-1.415374063470788091e+00
-1.409017455425989773e+00
-1.404608419235575445e+00
-1.412353972385225198e+00
-1.421074630681353979e+00
-1.427078575018722040e+00
-1.431973864921532780e+00
-1.435339614039471856e+00
-1.424591292300910972e+00
-1.391988178421478040e+00
-1.369622401550292690e+00
-1.378990375955897463e+00
-1.390842070029921995e+00
-1.399564281637760477e+00
-1.407930311987730443e+00
-1.415360694544673059e+00
-1.420302541304289790e+00
-1.411940051187333456e+00
-1.368157058249761748e+00
-1.321274312854584299e+00
-1.334575425031043761e+00
-1.359288959619148196e+00
-1.377250389009243570e+00
-1.389772547163436567e+00
-1.399274092703957972e+00
-1.405817391231816815e+00
-1.408253056640795808e+00
-1.407953483706384734e+00
-1.406757264422116904e+00
-1.404339448678673774e+00
-1.401335253013080706e+00
-1.397970106097094156e+00
-1.394143168229952323e+00
-1.390655372525260836e+00
-1.388277477419165074e+00
-1.386784533764511052e+00
-1.386033015306522120e+00
-1.385734567779483672e+00
-1.385535836220653128e+00
-1.386096165531841784e+00
-1.386754406896929082e+00
-1.386688628798192990e+00
-1.386270976428682911e+00
-1.385829589614484991e+00
-1.385198906846728306e+00
-1.384347891263982167e+00
