-4.096239851105538280e-06
-2.469261569380900263e-05
-4.771209982859286793e-05
-4.967789399964759136e-05
-3.581422531602309521e-05
-1.955243421484714476e-05
-1.305020221110244152e-04
-7.851662667809662524e-04
-2.075328675180747665e-03
-3.529351412457379898e-03
-4.824458476950189631e-03
-5.871421369619621300e-03
-6.718762220422090821e-03
-7.518117796971372085e-03
-8.258165022621050469e-03
-8.893010151897076318e-03
-9.404516613273225523e-03
-9.801726069428688681e-03
-1.010373283931568361e-02
-1.032930307041718052e-02
-1.049082787917857661e-02
-1.060152558729807702e-02
-1.064951780362531457e-02
-1.065024245313635383e-02
-1.063222551377058719e-02
-1.059699148018681744e-02
-1.055590025448532344e-02
-1.056280350763674596e-02
-1.060619297791455182e-02
-1.065612103304815900e-02
-1.069582409938418972e-02
-1.071044698705261693e-02
-1.069005987816116707e-02
-1.076851513537350688e-02
-1.164978086351458816e-02
-1.399898840037352120e-02
-1.681066855429870152e-02
-1.951836438070424576e-02
-2.205666955033164234e-02
-2.433336791945579433e-02
-2.646794991210911496e-02
-2.858050617662431445e-02
-3.056745225652278408e-02
-3.229746705072308183e-02
-3.364093380804036859e-02
-3.457926238604832475e-02
-3.521509321371010109e-02
-3.579679791129098537e-02
-3.636773752019536315e-02
-3.686596219310720596e-02
-3.722382272782934209e-02
-3.743110615936352803e-02
-3.756383325853840383e-02
-3.797200531506327026e-02
-3.904795181935290238e-02
-4.028009836371797270e-02
-4.132640897037760663e-02
-4.211491359046103805e-02
-4.271946154604581297e-02
-4.317229399953645408e-02
-4.345147180685327015e-02
-4.357548293312406285e-02
-4.362064657678774160e-02
-4.379329199814727819e-02
-4.411233850453606664e-02
-4.437689083309091787e-02
-4.446768632358265305e-02
-4.436628139275580751e-02
-4.408477458462378012e-02
-4.364291904383504894e-02
-4.310340557364940317e-02
-4.257410106581894366e-02
-4.205029950716968751e-02
-4.148458319897528612e-02
-4.087252919051864719e-02
-4.023941461312738332e-02
-3.958146510547087132e-02
-3.887445781707574155e-02
-3.811921144394903038e-02
-3.737920436243677424e-02
-3.670143766866937329e-02
-3.602779101642022974e-02
-3.534442971926225058e-02
-3.468124493472665715e-02
-3.402687284539177015e-02
-3.334776523141459031e-02
-3.262480760439222249e-02
-3.182501934688827111e-02
-3.095215158701665123e-02
-3.003102085547688926e-02
-2.906282386608735613e-02
-2.805631461126248394e-02
-2.702521908388462804e-02
-2.601102174924350280e-02
-2.502712906618017458e-02
-2.404434356916255663e-02
-2.303410674362185717e-02
-2.198823968996838074e-02
-2.088909550442765231e-02
-1.973037017144327332e-02
-1.853817743955818095e-02
-1.734042570041699829e-02
-1.616665082159205943e-02
-1.503645537852298618e-02
-1.394974016365248259e-02
-1.291005502536491517e-02
-1.188307070376289076e-02
-1.083000976331282075e-02
-9.715868049504637269e-03
-8.510987049777299709e-03
-7.256333701292737651e-03
-6.045350929780674877e-03
-4.973566090840312280e-03
-4.164284118916285540e-03
-3.988664188625808821e-03
-4.574370015685003121e-03
-5.460778844102214674e-03
-6.275265431378779409e-03
-6.912464069163116315e-03
-7.515075928249972947e-03
-8.138346200898391100e-03
-8.582161230932505366e-03
-8.717552436362211929e-03
-8.572965674566926722e-03
-8.257127038560603885e-03
-7.902707689147759826e-03
-7.645190830028868179e-03
-7.299139999345607629e-03
-6.713634396306245207e-03
-5.884371841905640908e-03
-4.824223429230050687e-03
-3.522820446689113941e-03
-2.141704936979422352e-03
-1.253082651678105557e-03
-9.432641972936589222e-04
-6.348101316860668654e-04
-4.069038552423722734e-05
8.319157528963884831e-04
1.988680495578807206e-03
3.460903722684643882e-03
5.249985720385432278e-03
7.161927100451149358e-03
8.505868109568579666e-03
8.839752098870039959e-03
9.034615767162149091e-03
9.603878010875609161e-03
1.065928729029962975e-02
1.215938537767313234e-02
1.404062768052840963e-02
1.629224646566632129e-02
1.889080131797621007e-02
2.172261430199411841e-02
2.471951495432509263e-02
2.780449613189066305e-02
3.091542708601786524e-02
3.403780259521027585e-02
3.713803272705033104e-02
4.020777224161633384e-02
4.329184714919144528e-02
4.645613928789970454e-02
4.974517717026832875e-02
5.318641118977034815e-02
5.678382734065984955e-02
6.054903191923866057e-02
6.453052207875333013e-02
6.871395147888892385e-02
7.309308406752126896e-02
7.766619433509551473e-02
8.242901386469481118e-02
8.736074692870660074e-02
