-6.239999214259601690e-01
-6.250467133849552104e-01
-6.255510324270585620e-01
-6.267169625738401306e-01
-6.282197169496510636e-01
-6.308127647621308842e-01
-6.172670833009404889e-01
-6.235544417549770957e-01
-6.258756000846404932e-01
-6.287001037191529695e-01
-6.324457203205741118e-01
-6.372971154260006488e-01
-6.415771482441202656e-01
-6.448734517290832802e-01
-6.497135492894606790e-01
-6.569130547137200793e-01
-6.671022547635496736e-01
-6.812289142116707552e-01
-7.017962008313103350e-01
-7.348665342763889274e-01
-7.930706978669757046e-01
-9.691715251154273680e-01
7.547961322675349471e+00
-1.999536027241296532e-01
-3.853869453251005384e-01
-4.606026487569394590e-01
-4.743306179877884166e-01
-4.619483609310617300e-01
-4.687255997754916637e-01
-4.902677689964467511e-01
-5.147501002363804590e-01
-5.375729848543785439e-01
-5.539892213703797585e-01
-2.010134894753273782e-01
-6.432920267951877102e-01
-6.357179502851271202e-01
-6.373654762347741309e-01
-6.400877270255921347e-01
-6.435744684440620755e-01
-6.475719406930167121e-01
-6.503032895594799134e-01
-6.531655715077682167e-01
-6.579377437891236191e-01
-6.661047321936155452e-01
-6.802663099949519676e-01
-7.038438252847893928e-01
-7.278165593659060573e-01
-7.408977543678213484e-01
-7.613904326065041861e-01
-8.105229429880655978e-01
-9.496914901458173297e-01
-1.727622776840194607e+00
-3.288792053365783730e+00
-8.272345587643654685e-01
-7.335004259191759690e-01
-7.432283113260576002e-01
-7.912780657339784085e-01
-9.018113382356880425e-01
-1.198187214212299345e+00
3.845335975548563212e+00
-2.068656252307350396e-01
-3.985351613087099176e-01
-4.273182981396455027e-01
-3.864115668368736101e-01
-3.859009493698304372e-01
-4.529050831306362657e-01
-5.031698818909684512e-01
-5.337942252375773577e-01
-5.534581055573651875e-01
-5.659729401296181850e-01
-5.727782162838693791e-01
-5.768637999337870026e-01
-5.814069631416137751e-01
-5.866772462022533663e-01
-5.913532814676706328e-01
-5.954160512669729455e-01
-5.995329079249308579e-01
-6.037112756007915193e-01
-6.074206802983902476e-01
-6.105158760070563684e-01
-6.135901047641356687e-01
-6.167306583256685348e-01
-6.197160149303923005e-01
-6.226710915675542912e-01
-6.256196725838126804e-01
-6.284653719404829086e-01
-6.311055200671070731e-01
-6.335162586624445424e-01
-6.359373384440124566e-01
-6.383304560058590260e-01
-6.405747901242833109e-01
-6.427526332198686410e-01
-6.450598985442432820e-01
-6.476070277211973814e-01
-6.501258192139707237e-01
-6.525316168770770586e-01
-6.549402633677735563e-01
-6.570874774379600325e-01
-6.588072057959901695e-01
-6.606342954252848454e-01
-6.627120345423684888e-01
-6.649896127272962865e-01
-6.675889851967182764e-01
-6.702389196187132914e-01
-6.729751690886828230e-01
-6.754562551498972667e-01
-6.771030218703595338e-01
-6.780403285654865719e-01
-6.784525717925864452e-01
-6.789292604507282114e-01
-6.802711083848609341e-01
-6.829547689512730502e-01
-6.868412614701964181e-01
-6.956321691120408435e-01
-7.166821587021221518e-01
-7.433420523991973727e-01
-7.534175537139572443e-01
-7.492513852354074633e-01
-7.462095821516090410e-01
-7.501064460256513522e-01
-7.483696883855308624e-01
-7.369478410638301558e-01
-7.254533011732338110e-01
-7.180368140137767252e-01
-7.146495786802975481e-01
-7.162631504574272778e-01
-7.174740256270866201e-01
-7.135366046463430534e-01
-7.088418193685908086e-01
-7.051529031322938401e-01
-7.019224044781420258e-01
-6.993880079094116908e-01
-7.030098916129636777e-01
-7.154180077107321623e-01
-7.245713581812631698e-01
-7.229039773283362225e-01
-7.193315394056767342e-01
-7.161662477243677660e-01
-7.126140283896527094e-01
-7.090535238209598745e-01
-7.063038154434286842e-01
-7.090692938668596845e-01
-7.253593554467578919e-01
-7.428529376254955352e-01
-7.418724463228121291e-01
-7.350858264245555551e-01
-7.287806534816602122e-01
-7.235247147996166639e-01
-7.189305046222427276e-01
-7.153010662204302150e-01
-7.133566755685349925e-01
-7.126831929340634586e-01
-7.125297209645874430e-01
-7.130242683887237920e-01
-7.139141536091035967e-01
-7.150851290329081067e-01
-7.165706429516094378e-01
-7.180468139956551754e-01
-7.191832120558330210e-01
-7.200108479124305294e-01
-7.205536089590994786e-01
-7.208889595554174301e-01
-7.211486555457473635e-01
-7.210734689569930911e-01
-7.208922954696526109e-01
-7.209509352584776432e-01
-7.211373583638547302e-01
-7.213342878176158823e-01
-7.216068073319168441e-01
-7.219773412792592771e-01
