-2.045326851017323973e-03
-4.132668316671517933e-03
-1.637816072133147383e-03
1.901852173606702247e-03
3.470006919395408201e-03
7.508595880109610911e-04
-5.485848409441330259e-02
-1.641623821907194081e-01
-2.184818986037410093e-01
-1.924062513570952981e-01
-1.436669960972308813e-01
-9.986695172982329449e-02
-8.445062428277369526e-02
-8.315632298788622201e-02
-7.228587972009548057e-02
-5.640714152169880313e-02
-4.109824968351975111e-02
-2.912348288761434228e-02
-2.068158595683941559e-02
-1.416351805758648760e-02
-9.974271255724535129e-03
-4.594224890049154221e-03
1.660678021076746752e-03
3.119264435403537941e-03
2.683914386608388884e-03
3.870575582187778252e-03
-2.063024942471777812e-03
-1.127670287353235538e-02
-1.406793856686839109e-02
-1.285883264194269404e-02
-9.595504739888509327e-03
-4.247876457594828604e-03
4.005752932257243201e-04
-5.946018245580306921e-02
-2.802270651209095575e-01
-4.287908874066346243e-01
-3.977154397580178191e-01
-3.482650318270867906e-01
-2.976073314195143982e-01
-2.560585561940284527e-01
-2.500404585872256780e-01
-2.438713926025114498e-01
-2.152521657285921819e-01
-1.659048005831355865e-01
-1.075535429832483458e-01
-5.822091174041249539e-02
-4.724522086529773374e-02
-6.127274241816124678e-02
-6.449491150545007268e-02
-5.248995462496786751e-02
-3.349821115926983339e-02
-1.739420602588332213e-02
-3.200551871219856070e-02
-1.335823724813154090e-01
-2.043576121827869463e-01
-1.776006354586449065e-01
-1.282006007957278704e-01
-9.090215782419044932e-02
-6.976251054687278297e-02
-4.826793872306731070e-02
-2.683690141461560555e-02
-1.116686593638011732e-02
-2.361000802949726751e-02
-5.854716530543910974e-02
-6.674780000440265482e-02
-4.286897695518747387e-02
-1.269734257966416077e-02
1.368895038641604681e-02
3.600154117151633387e-02
5.214144059909220363e-02
5.065337908533197597e-02
4.137247557732974534e-02
4.210949302386703119e-02
4.868578318757176004e-02
5.181433983862768905e-02
5.275759178547802242e-02
5.748158497577483816e-02
6.564321646018264622e-02
6.755368388958027381e-02
5.690284788481557443e-02
5.083335830653051141e-02
5.433620477813679017e-02
5.362689565902763189e-02
5.056150675911021825e-02
5.311405925619561846e-02
5.920457440994106313e-02
6.946640368451961756e-02
8.203265435476633782e-02
8.971991464160010421e-02
9.525859930078026117e-02
1.004101751259628833e-01
1.043568690792586462e-01
1.033376578631531595e-01
9.713259458446910077e-02
9.412247633294633375e-02
9.759928814955398657e-02
1.032287483925217048e-01
1.103087243181526539e-01
1.198668180176196002e-01
1.266770339664210210e-01
1.283527363122430043e-01
1.257025020565319118e-01
1.191807748741916390e-01
1.127379222762919381e-01
1.061370506017275117e-01
1.026097886574612594e-01
1.061848493664762777e-01
1.147770217442293655e-01
1.290344532998208282e-01
1.416124700923920288e-01
1.409549420109764695e-01
1.235268008792311800e-01
9.713549075147072387e-02
2.847073207453879040e-02
-9.292644714111572557e-02
-1.657689545520464602e-01
-1.530550836314621965e-01
-1.074460894674365563e-01
-7.988000685743480711e-02
-8.333056106910260996e-02
-7.007526785205912823e-02
-2.463258178017269789e-02
2.272772603060865815e-02
5.180512724253032164e-02
6.120196211873016323e-02
4.142086499296321334e-02
3.199053679145125867e-02
6.173254846967272252e-02
9.923221515735815290e-02
1.301052274731279157e-01
1.606429344773530332e-01
1.894034746339746944e-01
1.437535492368852974e-01
2.932998240166330428e-02
-1.085010492834641987e-02
3.762576293873216154e-02
9.123334823461258514e-02
1.339294129390741217e-01
1.774620418308651137e-01
2.224263988882221876e-01
2.587661412553956541e-01
2.179141006167503725e-01
4.908403899882149424e-02
-4.267463088422038253e-02
1.606286257964570363e-02
1.037325023814197472e-01
1.810681963970143804e-01
2.389620980899846703e-01
2.870060785625060951e-01
3.340814973835736224e-01
3.663957395237268377e-01
3.834362009590943088e-01
3.919594508750837147e-01
3.899224833000851098e-01
3.860469397304198691e-01
3.811953273835111955e-01
3.734622320324752498e-01
3.709866368212951238e-01
3.800262488791775195e-01
3.979851214162898332e-01
4.205324045871738914e-01
4.440303891978577000e-01
4.658720135214523550e-01
4.941116469384754240e-01
5.240058859144023362e-01
5.497813379524650879e-01
5.750256626913374802e-01
6.000630066255270290e-01
6.225956139441022330e-01
6.424778568638214171e-01
