1.213793100523445807e-02
2.039289875960705045e-02
6.122596781889381307e-02
3.895650620603654385e-02
3.853277654383572420e-02
-3.040819384050084950e-02
-8.348799570473732778e-01
-1.092254112304101410e+00
-1.579792878012173385e-01
2.514406591315360151e-01
3.241939776444749399e-01
2.723147907923009203e-01
-6.711660828346183161e-02
1.828180467164033235e-02
9.442647452129000751e-02
1.330844716774867986e-01
1.160571879198441791e-01
1.008639143223511586e-01
8.263368877940439894e-02
7.559077089969484797e-02
4.974610040756769630e-02
9.253500532948975843e-02
6.938689015338703192e-02
2.786524092929560867e-02
4.203770744388306974e-02
4.745866143742112631e-02
-7.306869461286183420e-02
-2.834128138959028653e-02
2.169536844703149128e-02
4.490515207174282375e-02
6.829046315189930827e-02
8.851678036102431091e-02
6.688303962117436718e-02
-9.487394190429293550e-01
-2.756363881128487403e+00
-3.846596312314266020e-01
2.274200256898733508e-01
8.631095190881221679e-02
3.515774699563586347e-01
7.323160614704662952e-02
-1.841125874454077604e-01
4.932484353860425164e-02
2.072653953019111261e-01
4.476166081613607295e-01
4.723881446716513000e-01
4.014154923223423044e-01
-8.816574687313045999e-02
-5.623048549821536152e-02
6.399644400465737126e-02
2.076772466510667936e-01
2.222474428934742841e-01
1.879944430255679755e-01
-2.580998872787332310e-01
-1.295270360460418324e+00
-6.074605708615420097e-02
3.406830552308716675e-01
4.255174373559308387e-01
2.696386711280652770e-01
2.053500602533923913e-01
2.825769060471894356e-01
2.563436441673818678e-01
2.113682805094478367e-01
-1.942685611806430623e-01
-2.219351685957624831e-01
1.569181622261139053e-01
3.043794362029668688e-01
3.328923281118113531e-01
3.246422879593276467e-01
3.095987376604487640e-01
2.087634828540581022e-01
2.657416694853609318e-02
3.086331663561836525e-02
1.422783131580515059e-01
1.877528246335484485e-01
1.212650071457637979e-01
1.357471786576746053e-01
1.912817347744511232e-01
2.253383106423215154e-01
1.167098646408562257e-01
2.482678739631488662e-02
1.529011407220778607e-01
1.205629076702008917e-01
3.225402319881900959e-02
7.794376723307819277e-02
1.758732096445640158e-01
1.949081842957898214e-01
2.852662381833271921e-01
2.820150445421278906e-01
1.920639771306941468e-01
2.367354652893997602e-01
2.365264249408366992e-01
2.372326166297834826e-01
1.621598142087403160e-01
1.336056028024858455e-01
1.766263265104555669e-01
1.760673967694972308e-01
1.734703989836715865e-01
2.461526039983792102e-01
2.843653497000987462e-01
2.056921028316845979e-01
2.069138546262792588e-01
1.578240746268524675e-01
1.347123988923187576e-01
1.581989003456890919e-01
1.285617956706666953e-01
2.144142034088677429e-01
2.914977818187752812e-01
3.403955843765847922e-01
3.844990119467902590e-01
3.238649291802497276e-01
2.006158347645923268e-01
5.451679073818468946e-02
1.695733037563679213e-03
-6.586242634666340523e-01
-1.038802921100019594e+00
-1.282108132307296644e-01
3.654594186630083508e-01
5.179848074273017966e-01
1.970092265906734363e-01
3.358726073248900768e-02
4.678030120817245896e-01
6.419486008231587437e-01
6.106730732923024707e-01
4.284290790349789546e-01
2.754317879895439858e-01
-9.984997682272092612e-02
3.663385634842523109e-01
5.968350573622827060e-01
5.596006642982522816e-01
5.445152244061868263e-01
5.895939294151371080e-01
5.264278902434280649e-01
-5.815925616154199451e-01
-8.455292470806730076e-01
3.623238830832518076e-01
7.111893794925020496e-01
5.906832324564877945e-01
6.365331399232154741e-01
6.923572941808805448e-01
7.133395027249505027e-01
6.188234415174590497e-01
-4.339590986229270309e-01
-1.726203955794377354e+00
2.671251497768173944e-01
8.735510988172229263e-01
9.179784702785191985e-01
8.119910965838770256e-01
8.056975281739326977e-01
7.894510752609005255e-01
7.244483056966186663e-01
5.144156459316526764e-01
4.993218643894288267e-01
4.673235512339289910e-01
4.024928122212681481e-01
4.240831926196824142e-01
3.844164961554470961e-01
3.848719111671448090e-01
4.256580123900457480e-01
5.023586036680252054e-01
5.246573058415854307e-01
5.866402929353160545e-01
5.902960341238226993e-01
6.158309509433695927e-01
6.978501831102907893e-01
6.659943657349416402e-01
6.455004835635027582e-01
6.531727779311300441e-01
6.721732468699496144e-01
6.600842108176182554e-01
6.702774796283390568e-01
