-1.979070998972973228e-03
-3.792975743219608765e-03
-1.154096658676214988e-03
2.134908468971303229e-03
3.358593145819151454e-03
4.562858659221931748e-04
-5.320677270832252503e-02
-1.534551182874928088e-01
-1.945164375475186280e-01
-1.603791376362545540e-01
-1.106218406337372284e-01
-7.035694855367979894e-02
-5.975463170020218345e-02
-6.155491505421044340e-02
-5.311754714716808434e-02
-3.991675498169527936e-02
-2.758903916983289351e-02
-1.855344932966554450e-02
-1.271795589436868629e-02
-8.357019135081361280e-03
-5.920972471701558063e-03
-1.919715158753379156e-03
2.946660359317425024e-03
3.250157666932318012e-03
2.163463359113533633e-03
2.926041360482464944e-03
-3.148527009375592239e-03
-1.160957863318099435e-02
-1.346697217299975061e-02
-1.169350997936074651e-02
-8.300836995612723146e-03
-3.260656962440934906e-03
7.361106568947407489e-04
-5.777445229102722013e-02
-2.656226710949345371e-01
-3.869527749950721907e-01
-3.374773492368766670e-01
-2.816157521169593281e-01
-2.312204818827465203e-01
-1.943636611036399509e-01
-1.930575561976244081e-01
-1.897682400367785571e-01
-1.646046642587811470e-01
-1.207486172767145149e-01
-7.059736888175646707e-02
-3.081761825597504473e-02
-2.831198036729189529e-02
-4.658565277038549668e-02
-5.154081687895328140e-02
-4.101463291957957447e-02
-2.439472737779610836e-02
-1.124345476053029494e-02
-2.791465112754972291e-02
-1.258472568616870457e-01
-1.849890992208454432e-01
-1.508267342022305835e-01
-1.008209070661857942e-01
-6.713916730951940970e-02
-5.047245349196827213e-02
-3.335528302778914544e-02
-1.647928043565239156e-02
-5.067411334051962271e-03
-2.038695695522698206e-02
-5.450285320687738022e-02
-6.007119752140600150e-02
-3.573175585073433413e-02
-7.810358282222356480e-03
1.479857897791460319e-02
3.281655096359267776e-02
4.475980422797071895e-02
4.012208916170228318e-02
2.976295358114433576e-02
3.024827455263233433e-02
3.625836775587623628e-02
3.860916184227584230e-02
3.901263414133317869e-02
4.320766588108683470e-02
5.047556746481737106e-02
5.135461950717520180e-02
4.055481206397937299e-02
3.537050778879227003e-02
3.934501778592298937e-02
3.874614755272542260e-02
3.603596472322178473e-02
3.884804410268891811e-02
4.466289241475826510e-02
5.411923740974869390e-02
6.515714199569112852e-02
7.107728323903607370e-02
7.511294640617173501e-02
7.891217084196830434e-02
8.172527461687104089e-02
7.989155981978290910e-02
7.363260241827905561e-02
7.107979671691390389e-02
7.479606020716475512e-02
8.014244184935725990e-02
8.656727899616946387e-02
9.502901714286236812e-02
1.004687896408962833e-01
1.010499180204345177e-01
9.784784533395256279e-02
9.146349368614707653e-02
8.574697998365640728e-02
8.012782056313889900e-02
7.772459364355416289e-02
8.194664941580800943e-02
9.038886010676579208e-02
1.036058841406043568e-01
1.143254434943977160e-01
1.120938076351558621e-01
9.462797993956206799e-02
7.030006120548655535e-02
6.564054462104812471e-03
-1.031273405285521166e-01
-1.597019790342305567e-01
-1.356741864064654468e-01
-8.646237172509738111e-02
-6.034095593894535370e-02
-6.539512684931839126e-02
-5.305496829880144288e-02
-1.107861401494939640e-02
2.997191306859600668e-02
5.201453401914653274e-02
5.575698512695475423e-02
3.303794811048055974e-02
2.386665394936795387e-02
5.251216344826835358e-02
8.617523875186669513e-02
1.119073452302409011e-01
1.368758406412035333e-01
1.597589587810020473e-01
1.107269228562191565e-01
2.505441377273168180e-03
-2.632319700776765414e-02
2.721657122452316585e-02
7.893037026301122361e-02
1.165664732825530958e-01
1.534663129859122344e-01
1.907141862125855403e-01
2.189656832054292790e-01
1.730181958637025397e-01
1.086466257877680142e-02
-6.296689322416497425e-02
5.625510189149168783e-03
9.217308333774808238e-02
1.616130690860783925e-01
2.091436124617648273e-01
2.467435505862767553e-01
2.836543521539493518e-01
3.064850416983759818e-01
3.161521762254232981e-01
3.193142851401156168e-01
3.140129007008568007e-01
3.087024253850968458e-01
3.034124131613847308e-01
2.961311014090362015e-01
2.945295857800280248e-01
3.038817125811948405e-01
3.208705368903396749e-01
3.411740278336258259e-01
3.614312665679824121e-01
3.795319209179940367e-01
4.036289120120283846e-01
4.285249386422975704e-01
4.491788381114583673e-01
4.693513211628070336e-01
4.893976893202822698e-01
5.070692433695900281e-01
5.224728981312128928e-01
