-2.074007428339041861e-03
-4.284132630550941713e-03
-1.868646209146003750e-03
1.763336852005529393e-03
3.483724847022910687e-03
8.624906773793601135e-04
-5.557043386175962441e-02
-1.689084991053197982e-01
-2.295351783447252270e-01
-2.079739296661041736e-01
-1.607116522597472896e-01
-1.160951978596043710e-01
-9.889150741191918281e-02
-9.623360881151897528e-02
-8.415636240034175819e-02
-6.689586140301302664e-02
-5.001107910661364842e-02
-3.642239424853683377e-02
-2.647683054274650033e-02
-1.864412681250816883e-02
-1.333301827259401884e-02
-7.025145074201836516e-03
1.236883616070223735e-04
2.350558739284245788e-03
2.434166879381030428e-03
3.995571161199090379e-03
-1.725953238386809981e-03
-1.115955971761433546e-02
-1.432364373306683342e-02
-1.338097902407213782e-02
-1.021271460388078339e-02
-4.761964874077828820e-03
1.657792611706567290e-04
-6.024880675481766173e-02
-2.866901825937415160e-01
-4.478429529428160638e-01
-4.266220243170984472e-01
-3.820259972131497261e-01
-3.329181815853177184e-01
-2.904265137309379186e-01
-2.828707099319005547e-01
-2.755839605939124914e-01
-2.454248122136956090e-01
-1.934915475995337975e-01
-1.311620988815729305e-01
-7.698662834859915094e-02
-6.139343848181251506e-02
-7.254244727305214635e-02
-7.412361162782399315e-02
-6.079187808317447483e-02
-4.022540431404658667e-02
-2.234486820163806425e-02
-3.557747845421478650e-02
-1.383155072359122384e-01
-2.140797555945739838e-01
-1.910763829263395497e-01
-1.426177600823117508e-01
-1.042039174797196321e-01
-8.124493000164682843e-02
-5.772099696390317614e-02
-3.401556883751140348e-02
-1.607536405982079933e-02
-2.677920861566105565e-02
-6.161358247971269325e-02
-7.070460336498417264e-02
-4.697921549156856835e-02
-1.580221664247530647e-02
1.236532849156374986e-02
3.682545571485732611e-02
5.518721083914789050e-02
5.553863843582833998e-02
4.718914268312161819e-02
4.839226352856641766e-02
5.546905828759329804e-02
5.913918723353636664e-02
6.049277717432493401e-02
6.559001940257028207e-02
7.426300693958304278e-02
7.674994059627029963e-02
6.629884117957740575e-02
5.993541243829019621e-02
6.324838892626669096e-02
6.248166889734717289e-02
5.924921816090906318e-02
6.165998339972132702e-02
6.783812274009136389e-02
7.844234700166660690e-02
9.170764476716448954e-02
1.002616610652122403e-01
1.066034859264674423e-01
1.125137950886049426e-01
1.171322053411771452e-01
1.166410271963938400e-01
1.106132132582500482e-01
1.075059238678614942e-01
1.109231483302511589e-01
1.166954678974533172e-01
1.240881339002015554e-01
1.341731297236992970e-01
1.416664126317071781e-01
1.439416637600209603e-01
1.416639938283806022e-01
1.351945094840593942e-01
1.285002367409831814e-01
1.214778195719789650e-01
1.174155267492450888e-01
1.206221042711014269e-01
1.291905079736582751e-01
1.438487900640865180e-01
1.572523554175453975e-01
1.573812154112776140e-01
1.401086177927221010e-01
1.129051776019124181e-01
4.204739581656247172e-02
-8.472995578354700075e-02
-1.654467787035723281e-01
-1.589864777106501370e-01
-1.163575988054342814e-01
-8.926226749481790124e-02
-9.268287317552520443e-02
-7.941995831836787256e-02
-3.269530309693019499e-02
1.743665686439155316e-02
4.990544831149273247e-02
6.232291060002919519e-02
4.446444305194395541e-02
3.548380984820967421e-02
6.606385875398106122e-02
1.055463974726541104e-01
1.390668787549277641e-01
1.725569008830482864e-01
2.045028550410174228e-01
1.610391399893177367e-01
4.454302372958435230e-02
-5.012608029054954617e-04
4.527428731327026029e-02
9.916952311298296574e-02
1.438192597172445741e-01
1.903169791750146389e-01
2.390120511461058528e-01
2.794961771506092041e-01
2.416764624909616965e-01
7.071851986407487467e-02
-2.870875543743407754e-02
2.494363596116936505e-02
1.121508001632712803e-01
1.923757214492103351e-01
2.548037120783634424e-01
3.079041496250401466e-01
3.602441577746759993e-01
3.977412351685363223e-01
4.191565201316528877e-01
4.311486177974681588e-01
4.315535877800752984e-01
4.291445754916618505e-01
4.251190494141792731e-01
4.176389076560664826e-01
4.150622195225691091e-01
4.241113087625237310e-01
4.425779670751520678e-01
4.662094810634730968e-01
4.913001662052324803e-01
5.150485872744112736e-01
5.454563391284757978e-01
5.779711961758491334e-01
6.065173364931231159e-01
6.345783354431309142e-01
6.624409882009291151e-01
6.877686517800077892e-01
7.102905016940342930e-01
