-1.289886163648370074e-06
-6.686915822806548469e-06
-4.028291359416149545e-06
2.686343106162057199e-05
7.998623964067679861e-05
1.424934381637986934e-04
8.301804711171741047e-05
-5.136882700524317974e-04
-1.735455270816318920e-03
-3.109256767888619790e-03
-4.314476074450574426e-03
-5.264756861786789276e-03
-6.011618621947386644e-03
-6.708382545279075078e-03
-7.344873416171297971e-03
-7.875233453141124162e-03
-8.280420623894151760e-03
-8.570353162881998860e-03
-8.763110264577059216e-03
-8.876638608623654142e-03
-8.924343709514278439e-03
-8.919366735413320271e-03
-8.851136346641452421e-03
-8.735356290861778783e-03
-8.598462719024511230e-03
-8.441614545971616937e-03
-8.277410858708710711e-03
-8.158964981015447149e-03
-8.074099121143402114e-03
-7.992400601804205626e-03
-7.895837067166646545e-03
-7.769053842431364841e-03
-7.602744980630199260e-03
-7.531345908683686509e-03
-8.256850052881162597e-03
-1.043615193811739048e-02
-1.305897797870596115e-02
-1.556201871578202431e-02
-1.788195267006760861e-02
-1.992756742135623829e-02
-2.182189302844020351e-02
-2.368531028548574030e-02
-2.541650895638387225e-02
-2.688702096244303258e-02
-2.796899145019268729e-02
-2.864409596686941575e-02
-2.901673488614233548e-02
-2.933562767950471939e-02
-2.964148546452278349e-02
-2.987022876562888882e-02
-2.995146704778044872e-02
-2.987520275180067034e-02
-2.971869229589544151e-02
-2.983124791645577062e-02
-3.060008891203171849e-02
-3.150943038867710239e-02
-3.221717875946404630e-02
-3.265213387098846176e-02
-3.288699717633630087e-02
-3.295892283990287802e-02
-3.284763192779915214e-02
-3.257138610298516979e-02
-3.221012298652858180e-02
-3.197021298648301119e-02
-3.186884981439587483e-02
-3.171050399699949784e-02
-3.137936683577059738e-02
-3.085354180859681619e-02
-3.014314891138500027e-02
-2.927205551344948253e-02
-2.831158182505216087e-02
-2.736748288056863043e-02
-2.644249723812155950e-02
-2.548588645177058548e-02
-2.448427192779418365e-02
-2.346365305835000983e-02
-2.242005310723790487e-02
-2.132652091357699342e-02
-2.018031645338216190e-02
-1.904360142357128249e-02
-1.796029154582554077e-02
-1.687896823861862253e-02
-1.579909200160451582e-02
-1.475529478016057369e-02
-1.372976266671322582e-02
-1.267873667670560076e-02
-1.157696449607102315e-02
-1.038620769586784225e-02
-9.110683806859183262e-03
-7.782773481891137012e-03
-6.399392435568505150e-03
-4.964381138902629331e-03
-3.491014565384753521e-03
-2.021160341502658761e-03
-5.711728062466805284e-04
8.808322481467947915e-04
2.350273230745711112e-03
3.844356428034713738e-03
5.390448975393452580e-03
6.998910090177092036e-03
8.639376228416104433e-03
1.028965968027018354e-02
1.192111776210359742e-02
1.351663136558595157e-02
1.507832967551475147e-02
1.660414587443257914e-02
1.813469772224178544e-02
1.971519640076232344e-02
2.138109606472780866e-02
2.315521027109512450e-02
2.499566033490678227e-02
2.681229983197353298e-02
2.851141567430007587e-02
2.996937087540446978e-02
3.082129539393335671e-02
3.094040119354063423e-02
3.078886733229386705e-02
3.073753877898976680e-02
3.088936869203184887e-02
3.110009079487936409e-02
3.131480734050426373e-02
3.173704833220814675e-02
3.249215862125691412e-02
3.355299090932263584e-02
3.480564209817567367e-02
3.610831510251090448e-02
3.732049469589408808e-02
3.863363475942217795e-02
4.019672407193064512e-02
4.201076709999173459e-02
4.406133007030885174e-02
4.635325436856243403e-02
4.871812663506127489e-02
5.058581912077131371e-02
5.186499978660891880e-02
5.313725427899092246e-02
5.469044524481464498e-02
5.651694673824920329e-02
5.862626592306998535e-02
6.104743481292104063e-02
6.377790016428101783e-02
6.662783625808706145e-02
6.891474515576856419e-02
7.018119923432983298e-02
7.130150062702167446e-02
7.279347354144903581e-02
7.475491430736350140e-02
7.714206506151649601e-02
7.991059887612719792e-02
8.304012464814448935e-02
8.648139899342423276e-02
9.011514139825939351e-02
9.388209728084755124e-02
9.772450386975277403e-02
1.015902417028438504e-01
1.054668779057158362e-01
1.093264365714019110e-01
1.131630779906632467e-01
1.170120554989532990e-01
1.209266403047938310e-01
1.249410289039485367e-01
1.290832354772179225e-01
1.333589834837895782e-01
1.377827917441133421e-01
1.423944056365525346e-01
1.471787585658019537e-01
1.521226398006798042e-01
1.572228075120199742e-01
1.624770133478549705e-01
1.678695603213196386e-01
