-3.301396953378624155e-02
-8.631811776289242608e-03
4.079066210174793483e-02
1.964471901193797290e-02
1.239858262082585601e-02
-4.825370396574785170e-02
-8.546687809171918948e-01
-1.119170116358913170e+00
-1.862637194674376384e-01
2.273444548383438957e-01
3.026909692662553830e-01
2.557748591013850326e-01
-8.243009976596352151e-02
5.943012387023362264e-03
8.113388708888052969e-02
1.123714195681906336e-01
1.002085675345708582e-01
7.914377914620322751e-02
5.612268317679584145e-02
5.457219770314046536e-02
2.494739858614855935e-02
7.299281496923608337e-02
5.133911178131714964e-02
4.989061007462068653e-04
1.349921491153875837e-02
2.524030798113651580e-02
-9.941762574863478863e-02
-5.590996839793208051e-02
-6.292458715101516969e-03
1.153422644705912915e-02
3.260014333505544676e-02
5.441109025737765614e-02
3.364117310207371397e-02
-9.821350630075841304e-01
-2.804058080655584373e+00
-4.375270501925425659e-01
1.837757848898641244e-01
4.287524995414740414e-02
3.008539443909947764e-01
3.317347759021199716e-02
-2.315102220912211850e-01
8.423525613675014734e-03
1.711406928482893386e-01
4.128691593654759684e-01
4.302397108590308994e-01
3.621936838339812059e-01
-1.260200436754350395e-01
-1.036679243061378597e-01
1.335829115221943975e-02
1.446852236895860566e-01
1.600929292494250034e-01
1.287590738965221360e-01
-3.174334198893698500e-01
-1.365923892354886870e+00
-1.395572426453612347e-01
2.587475444031771543e-01
3.446786315200747741e-01
1.714692128428719764e-01
1.267514363334285021e-01
2.035520341662624133e-01
1.673956146865121231e-01
1.361597141816736078e-01
-2.710235956553341263e-01
-3.103688952985960148e-01
9.025660526029406772e-02
2.483009526469858175e-01
2.575298638755242342e-01
2.401318604648463306e-01
2.306959388693900770e-01
1.711091181346464096e-01
-4.171064445683399929e-02
6.363587473607303091e-03
1.043388570661328008e-01
1.120294989132151753e-01
5.903641034812727451e-02
7.262145363180380619e-02
1.210698910018207924e-01
1.407979209589809988e-01
3.486918840621356513e-02
-7.549396854435533322e-02
7.303466091928824400e-02
8.753318044515123741e-02
1.348722868931036267e-02
3.807105815292184670e-02
1.016701928580085734e-01
1.080732181056172359e-01
1.800263376538403515e-01
1.714068907010556087e-01
1.196072448011159250e-01
1.395950031564254235e-01
1.217703348731408453e-01
1.230584023091901846e-01
4.509842059419089111e-02
2.391981529058456041e-02
8.051050472875359576e-02
1.297067049504163072e-01
1.272610509824955438e-01
1.615253547347673957e-01
1.823627849838682646e-01
1.341504222417330416e-01
1.016632106480781783e-01
5.933378322774640612e-02
2.583888636003936479e-02
4.263558219073704247e-02
1.334671329187812894e-02
7.681461124104921323e-02
1.308500063699463423e-01
1.719221809147000180e-01
2.425465052133518595e-01
1.775286077759731795e-01
3.896898914152363558e-02
-1.171113575178173993e-01
-1.603003732707375673e-01
-8.517237246937225947e-01
-1.220109422823356216e+00
-3.181356200727264993e-01
1.773342189180112938e-01
3.287124127334600798e-01
4.323547906758991310e-03
-1.598846303472417629e-01
2.470491001223510397e-01
4.379249982843515521e-01
3.822097398904436560e-01
2.117971245426007454e-01
8.168779682925023100e-02
-2.719680447673799017e-01
1.574156082870898365e-01
3.962439847878818644e-01
3.647282138536919738e-01
3.455248164689018742e-01
4.017533460394571154e-01
3.668707607693578732e-01
-7.657009640011316343e-01
-9.859947001844987513e-01
1.995511281313531726e-01
5.447888462832877199e-01
4.283434567255554604e-01
4.511851403481059730e-01
5.147815720015246344e-01
5.493833523659548135e-01
4.458650711239111608e-01
-6.623999584482873626e-01
-1.854752019774039695e+00
1.210899335486078504e-01
6.931232354599747847e-01
7.928870870368924795e-01
7.034167796569730235e-01
5.975642564354097797e-01
6.171224723700863279e-01
6.498784218478608210e-01
4.453306087302872918e-01
4.115123389976502732e-01
3.130116321315941641e-01
2.256875452157171558e-01
2.541270433009944485e-01
1.965148125284570946e-01
1.839802280561140813e-01
2.607716017923210061e-01
3.721883880786603926e-01
4.324870070176481396e-01
4.817174827526043979e-01
4.877859205057316072e-01
4.887510993635656442e-01
6.195646063646111923e-01
5.713757903941043548e-01
5.866339632880663846e-01
5.960707717631111846e-01
6.143883346823915126e-01
5.872412078091309162e-01
5.925691847326337580e-01
