1.213983927326267413e-02
2.040343824264116007e-02
6.125927572062826731e-02
3.903283563799453404e-02
3.865943226956893713e-02
-3.023774674929686698e-02
-8.348200807482607511e-01
-1.092725723088911360e+00
-1.592318593146966887e-01
2.496106063355061355e-01
3.220999801237337534e-01
2.701991327779235674e-01
-6.915653566860087420e-02
1.628159847240730207e-02
9.247369969436242121e-02
1.312184275714848858e-01
1.143171777643624820e-01
9.926970880256830165e-02
8.119038451893309527e-02
7.429415197359623413e-02
4.858631217889219228e-02
9.150301651470915676e-02
6.848666828866803447e-02
2.708615497633768548e-02
4.135998329034389770e-02
4.687329328299405518e-02
-7.358468976045884347e-02
-2.883741380985566094e-02
2.120509021160649904e-02
4.443281985554413394e-02
6.785716892092230612e-02
8.814868897321959107e-02
6.660214528466065764e-02
-9.490845346460928811e-01
-2.757506247334785776e+00
-3.873678837633507399e-01
2.234733582267637853e-01
8.159572216682031698e-02
3.464259969371398240e-01
6.791509865781114597e-02
-1.895358676769836048e-01
4.377742247105192996e-02
2.016795042880628053e-01
4.421482845388440830e-01
4.672338913294390994e-01
3.967134745913689642e-01
-9.242114204496937324e-02
-6.020597296114126029e-02
6.020372448782034674e-02
2.040646044446007001e-01
2.188669498795164647e-01
1.848849322179405841e-01
-2.609932076853397342e-01
-1.298300350328999153e+00
-6.432376263339348310e-02
3.367310868635656762e-01
4.214906932056566302e-01
2.657572523771747353e-01
2.017043521815218288e-01
2.792154118844253352e-01
2.533200473214812787e-01
2.087053107425453635e-01
-1.966350869188195072e-01
-2.241924392413132128e-01
1.546815392787886934e-01
3.022534653253360348e-01
3.310027210608342263e-01
3.230873917501813075e-01
3.084415651595618368e-01
2.080260330881643083e-01
2.620820261252182481e-02
3.077195116813097320e-02
1.424092861078835037e-01
1.881151519973611186e-01
1.218725281602499599e-01
1.365901791223032569e-01
1.923654292474871186e-01
2.266907260463407736e-01
1.183460051580426664e-01
2.670643397138527941e-02
1.549828402874617872e-01
1.228541297332833571e-01
3.473815940594993101e-02
8.058576863492411535e-02
1.786776070205838840e-01
1.979153487041588333e-01
2.885269290254397490e-01
2.855946375083797117e-01
1.959942836818586165e-01
2.410146632577642722e-01
2.411659951823165171e-01
2.422414603338994277e-01
1.675323353962354656e-01
1.393078934190061235e-01
1.826301670196909810e-01
1.823670554403228894e-01
1.800622906946072743e-01
2.530446795693446771e-01
2.915935325164398795e-01
2.132833415045922720e-01
2.148610018911790709e-01
1.661128146608808476e-01
1.433125132873962482e-01
1.670841314688243373e-01
1.377167076617454855e-01
2.238321132734919505e-01
3.012144706841092257e-01
3.504714760960727649e-01
3.950009183787264178e-01
3.348452346024619608e-01
2.120715223013217576e-01
6.637934442484638708e-02
1.385700656238009199e-02
-6.463640726077373166e-01
-1.026866091337995890e+00
-1.168896040929061214e-01
3.763411695859559813e-01
5.287623104198340140e-01
2.079264235456594334e-01
4.468105525475324358e-02
4.791035782026704104e-01
6.536470897621835530e-01
6.229656279623465576e-01
4.414153608863599088e-01
2.890934226519457084e-01
-8.564127234754631557e-02
3.809482366081242688e-01
6.119300466631112378e-01
5.753226312211199289e-01
5.609520316248265415e-01
6.068067336488345287e-01
5.444633974584700553e-01
-5.628970561084288837e-01
-8.267044730721970769e-01
3.809859499736071298e-01
7.299458134132288389e-01
6.098400400824423029e-01
6.562755163312598006e-01
7.128336084015565177e-01
7.346748032076446666e-01
6.410969819537990499e-01
-4.108902399785184234e-01
-1.703000686425457211e+00
2.898576854470587549e-01
8.961359976646663394e-01
9.408999899857531934e-01
8.355954100697102760e-01
8.301864769700038060e-01
8.149557140725554039e-01
7.510424322653059814e-01
5.420941024631400484e-01
5.280055026205141555e-01
4.969422083250401023e-01
4.329764861310345658e-01
4.553640534806755458e-01
4.164470771949859706e-01
4.176064527342384647e-01
4.590703604167101215e-01
5.364564037881625058e-01
5.594760554214157633e-01
6.222233106257308854e-01
6.266949252796063519e-01
6.530876535595671051e-01
7.360148197527329739e-01
7.051244530366791441e-01
6.856231907516907587e-01
6.942998512859841487e-01
7.143174389642090727e-01
7.032586136651874931e-01
7.144886598568633840e-01
