-1.251693700609201165e-06
-6.296805817412883492e-06
-3.139809568986321980e-06
2.655473338509587431e-05
7.486911363434591514e-05
1.286112498438029736e-04
6.128894164560019873e-05
-5.121395276502550831e-04
-1.631398360323818141e-03
-2.812207458430485141e-03
-3.767153094346654702e-03
-4.449492572274014839e-03
-4.938676286320550952e-03
-5.396131292206689592e-03
-5.809943397175024345e-03
-6.137115249656032237e-03
-6.363540473123778865e-03
-6.502720002452707336e-03
-6.573686689083859877e-03
-6.593299574024053498e-03
-6.572801220250011449e-03
-6.522502816403228341e-03
-6.429871240806520755e-03
-6.309261258736932089e-03
-6.183871008365252574e-03
-6.051342356257359036e-03
-5.921696786738016478e-03
-5.842824488249314177e-03
-5.796775308263878504e-03
-5.751786346960329442e-03
-5.691129999144629512e-03
-5.601778469590128033e-03
-5.477228124406612400e-03
-5.450047758582313683e-03
-6.183368621049496403e-03
-8.233025621893798329e-03
-1.054012415678957579e-02
-1.259504884120270576e-02
-1.439276229157328280e-02
-1.588769073589086159e-02
-1.723342127459094250e-02
-1.855715394289004366e-02
-1.976185538464799232e-02
-2.073393891862202951e-02
-2.136764407558885276e-02
-2.166661990439729124e-02
-2.174621965616055710e-02
-2.184466960784378631e-02
-2.198093635542577515e-02
-2.207890829139649153e-02
-2.206670594252144874e-02
-2.193704188953244857e-02
-2.176627427183933441e-02
-2.188424399977598189e-02
-2.262472629106234215e-02
-2.344276567959736879e-02
-2.402354174089102457e-02
-2.433094543300567958e-02
-2.446002960554792549e-02
-2.445704932636284801e-02
-2.430777225382983048e-02
-2.403499636062302741e-02
-2.371756364511384829e-02
-2.354688220580509680e-02
-2.351784833903473176e-02
-2.342996095553653846e-02
-2.317984690469120437e-02
-2.275955840932478158e-02
-2.218874052603155358e-02
-2.149616574452195214e-02
-2.075226394202575597e-02
-2.005325131021824109e-02
-1.938996644670016450e-02
-1.870671841532718302e-02
-1.799007414662049179e-02
-1.726493545754421988e-02
-1.652524067203343591e-02
-1.574435180826768560e-02
-1.492147434581028546e-02
-1.411716520108027839e-02
-1.336844142788386550e-02
-1.262001449302559142e-02
-1.187194487561895988e-02
-1.115693465515487856e-02
-1.045483423434048244e-02
-9.723684738099279412e-03
-8.942597723572830171e-03
-8.079210248296041577e-03
-7.143587767864752539e-03
-6.169848275775039435e-03
-5.154661752234656127e-03
-4.101944252864847713e-03
-3.024244328290938422e-03
-1.960264093280611724e-03
-9.211456039787844705e-04
1.180182660688174848e-04
1.172705969944149752e-03
2.249345166181558782e-03
3.373193913352903750e-03
4.551093895086299329e-03
5.751458133773708348e-03
6.953908837807162152e-03
8.133273857812838015e-03
9.277086544162848822e-03
1.039113664386642072e-02
1.147592123303438176e-02
1.257210065788023044e-02
1.372058536610361833e-02
1.495026935030203605e-02
1.627665465756999649e-02
1.765368436333928856e-02
1.899485765082507133e-02
2.021784451571031690e-02
2.121545490442647980e-02
2.165709460923833513e-02
2.146626174873079648e-02
2.112110624773106890e-02
2.096026709109983024e-02
2.104358755673764805e-02
2.120111998739924661e-02
2.137228720496348044e-02
2.174852260002138257e-02
2.242961175848450991e-02
2.336723373089255248e-02
2.444053922538470119e-02
2.551478585169715541e-02
2.646895193229982859e-02
2.750520854612677896e-02
2.876112145326141858e-02
3.022400524140471043e-02
3.187181149898203614e-02
3.370440568398194031e-02
3.555524735264388447e-02
3.689228001284670933e-02
3.768632464797912890e-02
3.853305429917175395e-02
3.968476157014796946e-02
4.110019169487329205e-02
4.276741439963110958e-02
4.469856860112165348e-02
4.687814243942547976e-02
4.911461612399743021e-02
5.076521750726103316e-02
5.146178288823780728e-02
5.211563396015082839e-02
5.319487849817568920e-02
5.473983053102930707e-02
5.666709837345267758e-02
5.891016442652936835e-02
6.143639216370460482e-02
6.419099620876890511e-02
6.705950203579190416e-02
6.999505956186273525e-02
7.295430460915684756e-02
7.589865385375078877e-02
7.882755783030886976e-02
8.172300238706334263e-02
8.458725672262715212e-02
8.746013518358908279e-02
9.039192522370417815e-02
9.341202405495593886e-02
9.654419336560968179e-02
9.978727236584582216e-02
1.031518691023833312e-01
1.066711592235462941e-01
1.103268330357172339e-01
1.141008391129865879e-01
1.179646848726842306e-01
1.219033138268674626e-01
1.259134264906194012e-01
1.300032177819594181e-01
1.341853914217767951e-01
1.384688497887719694e-01
1.428584460818899948e-01
1.473491803749469031e-01
1.519287296857615432e-01
1.565803426716934899e-01
1.612896639410449084e-01
1.660478896790520686e-01
1.708538719439575138e-01
1.757061920020837886e-01
1.806071435429228988e-01
1.855635836337591882e-01
1.905869560089656078e-01
1.956947906742729226e-01
2.009029769395214715e-01
2.062115457432877885e-01
2.116183657787190364e-01
2.171111717499337179e-01
2.226822932121592657e-01
2.283185003750851649e-01
2.340094727280098708e-01
2.397512785593886586e-01
2.455479363201398257e-01
2.514072308371304021e-01
2.573409400647446721e-01
2.633654596585749963e-01
2.694894591209313628e-01
2.757160156551097252e-01
2.820348153496813892e-01
2.884254762031782104e-01
2.948683495541310484e-01
3.013536659695630893e-01
3.078764611208450463e-01
3.144364859402041246e-01
3.210413105953758839e-01
3.277039387896193423e-01
3.344335343576216868e-01
3.412270967929101340e-01
3.480812606658770791e-01
3.549906711181217700e-01
3.619419512372110681e-01
3.689245676980602573e-01
3.759334857192379031e-01
3.829694565464175637e-01
3.900357021953020364e-01
3.971398755687328141e-01
4.042958932619633017e-01
4.115124287583851737e-01
4.187883879356264494e-01
4.261130555620252225e-01
4.334726341319563581e-01
4.408554998513923295e-01
4.482576378908496029e-01
4.556774827542624529e-01
4.631130874885971971e-01
4.705650369017774781e-01
4.780349280781073240e-01
4.855289946723997385e-01
4.930565412039550899e-01
5.006243738637781160e-01
5.082333962558209794e-01
5.158783374041291392e-01
5.235516785368624637e-01
5.312432758530248877e-01
5.389460108513070002e-01
5.466505141695915393e-01
5.543536095169133704e-01
5.620580364120363326e-01
5.697687472637184003e-01
5.774957895629690974e-01
5.852499399716308837e-01
5.930355614784561524e-01
6.008527099634691782e-01
6.086860149638643191e-01
6.165176297811831851e-01
6.243356994521233050e-01
6.321326478842619334e-01
6.399080720563905533e-01
6.476645023715612570e-01
6.554109533862262360e-01
