-1.637631423135317288e+00
-1.630780234584482402e+00
-1.641750378921845721e+00
-1.635672645957672922e+00
-1.631026362253564566e+00
-1.621998906969646770e+00
-1.642098821461938751e+00
-1.636227174320047606e+00
-1.631202302544952687e+00
-1.623599990134793059e+00
-1.612344000098055785e+00
-1.596202891734010310e+00
-1.582489771700968051e+00
-1.573531517297304783e+00
-1.557884560629269499e+00
-1.531881387450653387e+00
-1.491759869158797880e+00
-1.432147095986048058e+00
-1.341311190455363622e+00
-1.183116310908665980e+00
-8.914027614370412245e-01
5.958198561158075668e-01
-3.672141747056169692e+00
-2.655050704128316230e+00
-2.431612195157278222e+00
-2.250148700549165603e+00
-2.432158252615160610e+00
-4.076608371674565134e+00
-1.006703691554490021e+01
-5.510844873114567832e+00
-3.121502472227337677e+00
-2.366364549308819676e+00
-2.120170387445305060e+00
-1.407123003516114412e+00
-1.602546837203769003e+00
-1.611837236988247435e+00
-1.605121271843921171e+00
-1.595805165197984543e+00
-1.584100078531716527e+00
-1.570760782952642653e+00
-1.562542384110061633e+00
-1.554087092983903684e+00
-1.538385260634643981e+00
-1.508643766217250048e+00
-1.450461360976124547e+00
-1.337298827260011702e+00
-1.240531205013816418e+00
-1.246374549751834815e+00
-1.219362930666069822e+00
-1.094172604283759842e+00
-7.236489551893559025e-01
7.115753452162039139e-01
-3.140442679458055331e-02
-1.341128381328327013e+00
-1.455734755015347881e+00
-1.433428692333766463e+00
-1.359031695667547446e+00
-1.236491967108228396e+00
-1.073430717016845559e+00
-6.857904615804939485e-01
1.637499539715981722e+00
-4.901615667984883018e+00
-6.613809166056855204e+00
1.142252253855061683e-01
-3.658307140202945451e-01
3.427940192268933650e+00
-3.195876055315044706e+00
-2.308524352063022533e+00
-2.070871286273211709e+00
-1.972415182598050043e+00
-1.948902804797908450e+00
-1.955177363132246660e+00
-1.941441626825431976e+00
-1.910905254406314757e+00
-1.889112651687270272e+00
-1.874248424609620711e+00
-1.854052673807560225e+00
-1.829805525756563300e+00
-1.814554532083489047e+00
-1.814159294072314799e+00
-1.810950067790547013e+00
-1.799386711820111673e+00
-1.793939288049575254e+00
-1.791101199095073593e+00
-1.780878392551149991e+00
-1.766046432410116607e+00
-1.748360263346427246e+00
-1.730703182274317742e+00
-1.717617172371119327e+00
-1.706598181163521799e+00
-1.696095652524643116e+00
-1.686511796067422519e+00
-1.678373439144589696e+00
-1.671408353676893332e+00
-1.664289955223891004e+00
-1.656831483260012616e+00
-1.649479855861990529e+00
-1.642274256956294032e+00
-1.635360011804109392e+00
-1.628709889868090954e+00
-1.622090292757051744e+00
-1.615317413861307339e+00
-1.608153964093393506e+00
-1.600895549585190203e+00
-1.593451999340447456e+00
-1.586534613894721835e+00
-1.581388632817514628e+00
-1.577745372865083207e+00
-1.575380509397679152e+00
-1.572694674931162995e+00
-1.567491193739814825e+00
-1.558389176526315811e+00
-1.545506129705072951e+00
-1.510664388577652950e+00
-1.342136639268223908e+00
5.845191927737141135e-01
1.608077337924378902e+00
-9.605420996264946165e-01
-1.206438035114041352e+00
-1.194381950591457908e+00
-1.272504546970403272e+00
-1.404506326223720514e+00
-1.469382937515192777e+00
-1.494761358070641810e+00
-1.501547647690680387e+00
-1.490095629604500704e+00
-1.482075860890803121e+00
-1.496151835810695108e+00
-1.510336535660849577e+00
-1.518925654732214747e+00
-1.525287672088817104e+00
-1.529388907460827784e+00
-1.513866364876352844e+00
-1.460619102257570745e+00
-1.418454374317537292e+00
-1.442092730631663766e+00
-1.466215524860896124e+00
-1.481478422589002530e+00
-1.494303486386363788e+00
-1.504713318002813160e+00
-1.510925596625708245e+00
-1.498489662529633781e+00
-1.427988239677341786e+00
-1.331384142779728386e+00
-1.368881702169160164e+00
-1.421699408085120631e+00
-1.454170447356859519e+00
-1.473054951675902391e+00
-1.485530979325048850e+00
-1.494187309311507672e+00
-1.497600568526819220e+00
-1.497273638989920830e+00
-1.495287049918340605e+00
-1.491308906327378780e+00
-1.486561782607744853e+00
-1.481321925604365264e+00
-1.475335212726459844e+00
-1.469994357939808038e+00
-1.466625939452733451e+00
-1.464904965969630934e+00
-1.464252869440026306e+00
-1.464040707874985303e+00
-1.463724492119520937e+00
-1.464454935443886274e+00
-1.465338428597518172e+00
-1.465305317734373114e+00
-1.464918620688593132e+00
-1.464415242190792332e+00
-1.463516766937716040e+00
-1.462197036551116325e+00
