1.367171032180550423e-02
2.566034938071154459e-02
7.586557835070734113e-02
6.356318997740566246e-02
6.946667947253723496e-02
-2.631935638085732866e-03
-9.191257305580134984e-01
-1.396529692207156614e+00
-5.672937348523040546e-01
-9.657894324805380015e-02
8.463628261287071963e-02
1.302815221282248026e-01
-1.713398797731280898e-01
-7.890471470701466983e-02
2.247915593915122967e-02
9.674287433287959148e-02
1.133477744528265801e-01
1.241544516118993774e-01
1.249786235753399394e-01
1.319163583422370556e-01
1.144088332946083808e-01
1.671443813823264013e-01
1.545684365120566783e-01
1.146128038443620656e-01
1.273951980278622831e-01
1.338150475017750030e-01
-4.733086664480048306e-04
2.447974367894859699e-02
6.822735370931787280e-02
9.428579126905413388e-02
1.256904794600548214e-01
1.581350837156937084e-01
1.468009365801139221e-01
-9.904199825563222426e-01
-3.245630815331013608e+00
-1.169010303172246745e+00
-4.805372781888868072e-01
-5.045494075488807795e-01
-1.174667597822087461e-01
-2.939199664693542546e-01
-5.240426476334424377e-01
-2.652026583838686946e-01
-3.914595904713108476e-02
3.092723750506330971e-01
4.592873318392045601e-01
4.929961100615769531e-01
2.646653084049088722e-02
2.910414719388203231e-02
1.420682684243856075e-01
3.106580887520470902e-01
3.648888120749386177e-01
3.630166926972411834e-01
-1.145484255430231219e-01
-1.359633393747691654e+00
-2.670962568139264026e-01
1.948222212100975126e-01
3.880294438860673600e-01
3.177553939270236771e-01
3.040484024507366101e-01
4.287655079640470546e-01
4.497378889441747130e-01
4.379864575420778783e-01
5.554586401869197887e-03
-9.388803739628436007e-02
2.662120738224191818e-01
4.572652767970891152e-01
5.441568404783602153e-01
5.896742282574581884e-01
6.194139665577397258e-01
5.438128040490544102e-01
3.498430924208134618e-01
3.242035909425986517e-01
4.236237501138951922e-01
4.764147087455407603e-01
4.129613522607955556e-01
4.246277466530159472e-01
4.862399379359007567e-01
5.360423387936411599e-01
4.313336955799487171e-01
3.193505654023678364e-01
4.356849406612343101e-01
4.028849845502247007e-01
2.994244725325603262e-01
3.277425373056146451e-01
4.276448019803222311e-01
4.615505847134956374e-01
5.785548459661983278e-01
6.083760359784036176e-01
5.359551639512772914e-01
5.918840644822742636e-01
6.064801034368038080e-01
6.203215063616771552e-01
5.474282324863344318e-01
5.089105528324725514e-01
5.453640834099848789e-01
5.435961066757117877e-01
5.394952737373951424e-01
6.197015831743319936e-01
6.773407127859368826e-01
6.100802910849658645e-01
6.128823292988779814e-01
5.590756370419558419e-01
5.234307072073622891e-01
5.362020991929896674e-01
4.958633500932291271e-01
5.797901626858416035e-01
6.742895009832254871e-01
7.532078998575949536e-01
8.347932496755048337e-01
8.044842045427318400e-01
6.858096198629239915e-01
5.117171270116769310e-01
4.113390421600546243e-01
-3.803869179064252593e-01
-9.975010003274575876e-01
-2.234317558596105868e-01
3.116591218737074787e-01
5.743383892007085656e-01
3.271051414420325654e-01
1.731045454984490306e-01
6.525826600228886720e-01
9.364631516077556173e-01
1.017511143090499948e+00
9.082465738042151404e-01
7.804980499536375849e-01
3.633081104907635028e-01
8.100443169120840059e-01
1.103556593779487116e+00
1.142673165704817251e+00
1.189153745618242608e+00
1.292729541753653733e+00
1.278260999289184685e+00
6.634144843101874578e-02
-4.446603158291358437e-01
6.679781085377818339e-01
1.109134549610318432e+00
1.093392074630781252e+00
1.224543980140505139e+00
1.367942095879304931e+00
1.475192316025403461e+00
1.447358547858804911e+00
3.101372266579460191e-01
-1.335823578947374690e+00
4.542197137886401781e-01
1.175990887813856745e+00
1.394724898373632671e+00
1.434555289797487143e+00
1.544917506117128747e+00
1.629168567171452642e+00
1.643086496510936634e+00
1.469176613646963281e+00
1.461009383277963813e+00
1.429337645135908996e+00
1.352983679116220195e+00
1.359873559333853343e+00
1.304439014213289560e+00
1.286529672763088605e+00
1.316153313158683780e+00
1.397037023400138578e+00
1.434177896921059236e+00
1.519485854999161667e+00
1.550962648990288129e+00
1.604660516248422653e+00
1.724681312822210266e+00
1.731347060474505595e+00
1.738767851978885837e+00
1.769763274566612310e+00
1.812540470691952343e+00
1.821942134808086866e+00
1.851002304800561493e+00
