-1.978220436001358218e+00
-1.976297774300878052e+00
-1.975422163062798386e+00
-1.973158720342029548e+00
-1.970171217858349699e+00
-1.964366085709958742e+00
-1.986360829340081846e+00
-1.978393953906786740e+00
-1.974201924811436859e+00
-1.968210265804153147e+00
-1.958935201254375924e+00
-1.944496807245968961e+00
-1.932047669714004989e+00
-1.924772204395114539e+00
-1.909912370917124402e+00
-1.880988019567884972e+00
-1.825656540510510961e+00
-1.707094726012640340e+00
-1.301471141301941303e+00
-5.343723690492390155e+00
-2.595631782822514388e+00
-2.302598765834997785e+00
-2.191583096945436182e+00
-2.156520199349220679e+00
-2.137803818558947633e+00
-2.117997520215523899e+00
-2.129236504351289305e+00
-2.171791031900017543e+00
-2.184657593751928140e+00
-2.160824668469520482e+00
-2.125216498670957854e+00
-2.090996535194002082e+00
-2.068315070477547479e+00
-1.736314436570159270e+00
-1.962473966555282612e+00
-1.965318744900682812e+00
-1.959674270514482952e+00
-1.952232475349561014e+00
-1.942705572456022267e+00
-1.931546044567477249e+00
-1.924779129262178756e+00
-1.917730224212458534e+00
-1.903721956517225866e+00
-1.873974985450357345e+00
-1.800151686732154310e+00
-1.546440840946015749e+00
-1.099036505349264781e+00
-1.273969269237483104e+00
-1.178882444737086921e+00
1.391283808140967748e+00
-2.909907763655921631e+00
-2.408051836136207768e+00
-2.496391815469128694e+00
-1.690729777679179202e+00
-1.845249226704627432e+00
-1.814584847064363515e+00
-1.683951695653320257e+00
-1.108159269884482656e+00
-5.008831712527149094e+00
-2.530317734307628630e+00
-2.272169333848643280e+00
-2.187982447935413965e+00
-2.194650580920734839e+00
-2.307899818562018979e+00
-2.353049269695367318e+00
-2.221740822448553754e+00
-2.139172157056025370e+00
-2.095599550122321908e+00
-2.069574682437891333e+00
-2.054141274430755448e+00
-2.047582927586074852e+00
-2.044972948000984392e+00
-2.039790104609472632e+00
-2.031807805564612046e+00
-2.024748776742087752e+00
-2.018666374981402001e+00
-2.012002578504195061e+00
-2.004976574961660152e+00
-1.998928351222138744e+00
-1.994008853056692399e+00
-1.988884421664861790e+00
-1.983526023541432703e+00
-1.978277924863744097e+00
-1.972928767268439909e+00
-1.967876138504806693e+00
-1.963344530562493473e+00
-1.959533809302396401e+00
-1.956252878111698346e+00
-1.952461532324589299e+00
-1.948527839078485480e+00
-1.944928399640184269e+00
-1.941362299245712020e+00
-1.937189993230944207e+00
-1.932174415634837938e+00
-1.927356379100345407e+00
-1.922981550541051021e+00
-1.918607738100621907e+00
-1.915165633812140777e+00
-1.913021663210102030e+00
-1.910201559703504914e+00
-1.906456670210687543e+00
-1.902054955338246423e+00
-1.896698039525446688e+00
-1.891399724681900985e+00
-1.885976558133034775e+00
-1.881665029822707780e+00
-1.880158015969458862e+00
-1.880497023728453065e+00
-1.881777845602148336e+00
-1.882115192631504286e+00
-1.879453776787155306e+00
-1.872768719610221178e+00
-1.862739648716789098e+00
-1.835353643683646840e+00
-1.746055332236452706e+00
-1.596194637039993092e+00
-1.610924178425072073e+00
-1.699782672535986361e+00
-1.739190053300395000e+00
-1.739229081174339830e+00
-1.757273409927723851e+00
-1.795992265222409623e+00
-1.823906755734495455e+00
-1.837431893133360195e+00
-1.840856650440484410e+00
-1.832705293318249051e+00
-1.827306182769458331e+00
-1.835883366500073333e+00
-1.845174077729551776e+00
-1.851230580551761928e+00
-1.856037774817339780e+00
-1.859172147358994831e+00
-1.846498989701487847e+00
-1.807988826655829495e+00
-1.782466243792274252e+00
-1.796859958280656588e+00
-1.812167291887549325e+00
-1.822551624570596829e+00
-1.831894265725934501e+00
-1.839799384887335076e+00
-1.844744430517228473e+00
-1.834722070994536658e+00
-1.782224310470084561e+00
-1.724744973279801030e+00
-1.747655154886595508e+00
-1.780287654387611385e+00
-1.801529880917937421e+00
-1.815257944779850252e+00
-1.825119165439173852e+00
-1.831546818805626753e+00
-1.833456447949093793e+00
-1.832508631318118919e+00
-1.830750039858553446e+00
-1.827775333925711898e+00
-1.824299546088340884e+00
-1.820539082936127873e+00
-1.816361446629556120e+00
-1.812679182248370768e+00
-1.810347715981664996e+00
-1.809033161871744344e+00
-1.808537696212557222e+00
-1.808494585143802791e+00
-1.808501881750751661e+00
-1.809332772593391425e+00
-1.810193451453900426e+00
-1.810174044731039489e+00
-1.809748573597208088e+00
-1.809307088329266566e+00
-1.808654683463785773e+00
-1.807765523659373486e+00
