-3.213606036844204539e+00
-3.207079133032742391e+00
-3.165949308439352627e+00
-3.248287471238959778e+00
-3.227345772159727399e+00
-3.232741417149542329e+00
-3.213330534701392072e+00
-3.209181367900817428e+00
-3.201716095588938771e+00
-3.188129618078197058e+00
-3.165054587122869023e+00
-3.126958661749817736e+00
-3.100831057801613611e+00
-3.092213629041997702e+00
-3.063078195850116536e+00
-3.006077061535032513e+00
-2.910779024254610547e+00
-2.767005833423830552e+00
-2.570512046749890089e+00
-2.264033477621615553e+00
-1.894701615551169782e+00
-2.354331177077910731e-01
-9.144300585588917230e+00
-7.359139247235065184e+00
-9.382170719559528749e+00
-7.216074059258432705e+00
-1.871840788999223903e-01
-2.367557866389695231e+00
-2.495958422533960608e+00
-2.405702766552358263e+00
-2.120013362706574256e+00
-8.527941878020310895e-01
4.850354095621958095e+01
-3.035914721250888348e+00
-3.172420635143215595e+00
-3.178299728261708701e+00
-3.163518482211579386e+00
-3.144024062424872312e+00
-3.119344328704900526e+00
-3.092117511737072721e+00
-3.080989028821865539e+00
-3.068798328236887141e+00
-3.038085867302441567e+00
-2.969402607288035512e+00
-2.807569750374417694e+00
-2.389739815531680911e+00
-2.254191059621812876e+00
-2.543472918246894032e+00
-2.588233694856937994e+00
-2.438341000436769157e+00
-1.987873362281089129e+00
-9.074421060689625840e-01
-2.045681883183291916e+00
-2.927214577216275870e+00
-3.014542001845409214e+00
-2.967130974833765755e+00
-2.849441165869148307e+00
-2.678537312291777717e+00
-2.507847254268425807e+00
-2.184841906176949511e+00
-1.365382784214019374e+00
9.320780373045229883e-01
-1.445163057338111123e+00
-2.475532744239480110e+00
-2.546239081810321991e+00
-2.156444471991512568e+00
1.545632466691460039e-01
-7.263371691151080611e+00
-4.643046965948953719e+00
-4.189689812719676887e+00
-4.250717023397850625e+00
-4.560284750744430404e+00
-4.521422959923184770e+00
-4.293168583218190726e+00
-4.206897784838434795e+00
-4.176288074602563682e+00
-4.069361135608639657e+00
-3.933838531613409017e+00
-3.902109587953661141e+00
-4.051983356483110477e+00
-4.156803000146063631e+00
-4.058517877660240636e+00
-4.055600363871948666e+00
-4.101048880813313424e+00
-4.028952003033584361e+00
-3.913810932857463953e+00
-3.782282970177163861e+00
-3.674636370770243410e+00
-3.622151773433165189e+00
-3.586685552417439027e+00
-3.555841938937994051e+00
-3.531497023636439359e+00
-3.524809587655868270e+00
-3.536226665151857240e+00
-3.535468506463535832e+00
-3.509881572330847632e+00
-3.480163352040052338e+00
-3.450297386751839390e+00
-3.419235884272436632e+00
-3.397146958597333288e+00
-3.384400919217782189e+00
-3.377857772174561291e+00
-3.376797520527242469e+00
-3.375677203458226749e+00
-3.375088997510262701e+00
-3.369334143170988671e+00
-3.352081073189434157e+00
-3.330174970664422140e+00
-3.306515151894539706e+00
-3.288151201313879390e+00
-3.278485519568197226e+00
-3.277338003360000585e+00
-3.284320572541388650e+00
-3.551215387020715042e+00
-3.164971117812780399e+00
-3.176752134247506909e+00
-3.160781473513698536e+00
-3.121048973092708678e+00
-3.073399657619091840e+00
-3.072807530919392960e+00
-3.032116655835169539e+00
-2.561728543852579421e+00
-3.661689645411756899e+00
-3.434060589558882715e+00
-3.400027549447853126e+00
-3.494765943030781585e+00
-3.582469939634805201e+00
-3.382835174049033000e+00
-3.309552447463167013e+00
-3.278515419823908594e+00
-3.257714501416395514e+00
-3.242248877114882077e+00
-3.239009034059287195e+00
-3.373574217110673068e+00
-3.113246798805648030e+00
-3.288000500074455879e+00
-3.235733167839152991e+00
-3.221227485616838138e+00
-3.211470886224281340e+00
-3.203657141603159175e+00
-3.196207075849866186e+00
-3.180000409468309641e+00
-2.909512285221796279e+00
-3.359216258814924139e+00
-2.391112708899533423e+00
-3.133931004263170728e+00
-3.162147876760301735e+00
-3.166472624168897632e+00
-3.165653136436024973e+00
-3.163596824516384132e+00
-3.158608462413913465e+00
-3.151343805005316856e+00
-3.142852818661311609e+00
-3.132439196808985749e+00
-3.121785580607864041e+00
-3.110892817067136829e+00
-3.099095309772626372e+00
-3.089170674544460038e+00
-3.083667266159992870e+00
-3.081325724531513544e+00
-3.080155985126677542e+00
-3.078744270146703599e+00
-3.076381778245026677e+00
-3.075770729707260287e+00
-3.075027974903376649e+00
-3.072715616484060330e+00
-3.070074294357063582e+00
-3.067245638607300151e+00
-3.063648432357803486e+00
-3.059373053576664780e+00
