-1.509165666213603041e+00
-1.503917914703876590e+00
-1.512406728481737517e+00
-1.507674634664931235e+00
-1.504097300044524133e+00
-1.497256428923351423e+00
-1.512698760295203781e+00
-1.508102316241691776e+00
-1.504236556348851339e+00
-1.498452954496734213e+00
-1.489998590411772517e+00
-1.478053260530912461e+00
-1.467833715578834575e+00
-1.460947546707851208e+00
-1.449281457307929344e+00
-1.430267820399822476e+00
-1.401415331414284093e+00
-1.359278143350704848e+00
-1.296390989370847624e+00
-1.190590509754138937e+00
-1.004607922464896719e+00
-2.580856314167864762e-01
-3.814887129294953105e+00
-2.411389304082380391e+00
-2.172345366670458411e+00
-2.004889323741974927e+00
-2.133196378405749272e+00
-3.220411035460428728e+00
-5.790091144745245444e+00
-3.958200849674514465e+00
-2.589453368514671006e+00
-2.065385935105562787e+00
-1.882004678980941703e+00
-1.316330183668371845e+00
-1.480728794340615107e+00
-1.488623739543983859e+00
-1.483677756783927215e+00
-1.476725974718582801e+00
-1.467993590652462377e+00
-1.458041240265828264e+00
-1.451795293741326320e+00
-1.445361012837655945e+00
-1.433627067276842748e+00
-1.411764517467618107e+00
-1.369928465627595626e+00
-1.291228377849342523e+00
-1.222622993334484320e+00
-1.220323528927131029e+00
-1.196877087422531849e+00
-1.105197418238850204e+00
-8.467176602363541971e-01
5.472312879969876143e-02
-3.186187618827661105e-01
-1.271785285801344312e+00
-1.363739109987893716e+00
-1.347451933556278236e+00
-1.291189063057361697e+00
-1.199114480744158939e+00
-1.077074855978369161e+00
-7.927460975462359283e-01
7.496191001802456899e-01
-4.375976574804083086e+00
-5.452232683167460792e+00
-3.802072458571414959e-02
-4.479935310050875419e-01
3.260345215318733558e+00
-2.694440611948784259e+00
-2.030015882857764353e+00
-1.846321932918040920e+00
-1.769153121458190370e+00
-1.749104206733911981e+00
-1.751602826633144927e+00
-1.740131877028448626e+00
-1.716942892717520319e+00
-1.700160388008469470e+00
-1.688515231645296932e+00
-1.673212802481812256e+00
-1.655053566609573146e+00
-1.643331987159054819e+00
-1.642289226128847757e+00
-1.639390138420972809e+00
-1.630655928993979042e+00
-1.626225017101946779e+00
-1.623677817600793549e+00
-1.616021478674332101e+00
-1.605097635915001986e+00
-1.592089250666860911e+00
-1.579000268906028293e+00
-1.569112787615653426e+00
-1.560716283003612981e+00
-1.552711951634338616e+00
-1.545384402859374617e+00
-1.539097942564047194e+00
-1.533654040674683472e+00
-1.528127373765263641e+00
-1.522390038691963543e+00
-1.516742119042506776e+00
-1.511222620167974151e+00
-1.505944410308660775e+00
-1.500849071415599312e+00
-1.495756089186318416e+00
-1.490534365943708917e+00
-1.485002956554036357e+00
-1.479392798452074942e+00
-1.473636209814055631e+00
-1.468269353125691179e+00
-1.464245186499486540e+00
-1.461379513499306615e+00
-1.459516018886918287e+00
-1.457443991208974721e+00
-1.453472245588656175e+00
-1.446538977157513450e+00
-1.436734462500359299e+00
-1.410741225448949532e+00
-1.294009439737226597e+00
-4.941016283164277878e-01
-7.719119775119115401e-02
-1.013872189555288239e+00
-1.174042227715799358e+00
-1.162107540407464557e+00
-1.218410937850740616e+00
-1.320519324145224216e+00
-1.372542566405657194e+00
-1.393468660547774629e+00
-1.399530342898033908e+00
-1.391207445657492769e+00
-1.385355429910237302e+00
-1.396437638810025028e+00
-1.407707084608732506e+00
-1.414682112201489872e+00
-1.419906136515136641e+00
-1.423352850709343809e+00
-1.411797520703758746e+00
-1.372078396802341338e+00
-1.340439738378262469e+00
-1.356869061984164571e+00
-1.374609428899007391e+00
-1.386170805808171203e+00
-1.396085320439359734e+00
-1.404255926326305914e+00
-1.409251381833322991e+00
-1.400058146220215960e+00
-1.347738801086084237e+00
-1.276880558830783885e+00
-1.301787883500681753e+00
-1.340190809439467223e+00
-1.364733827843278569e+00
-1.379376305429554250e+00
-1.389225784826824794e+00
-1.396160610577561911e+00
-1.399067837464931241e+00
-1.399071070822521801e+00
-1.397792375935865028e+00
-1.394970470951353736e+00
-1.391493128729132334e+00
-1.387599340803516323e+00
-1.383090505386810776e+00
-1.379021870230096258e+00
-1.376373939148106240e+00
-1.374917152420593869e+00
-1.374326378018466244e+00
-1.374092994353524055e+00
-1.373792118067093337e+00
-1.374287215352145264e+00
-1.374928135383265637e+00
-1.374968159726165595e+00
-1.374393271681619177e+00
-1.373193559118153662e+00
-1.371725160962490975e+00
-1.370246574147669039e+00
-1.368976507632679640e+00
-1.367910976022417513e+00
-1.366977922701103410e+00
-1.366030213437999352e+00
-1.364878231743626102e+00
-1.363395415165197022e+00
-1.361559758290022071e+00
-1.359446943341617420e+00
-1.357216784829086365e+00
-1.354941604048927939e+00
-1.352645480702908243e+00
-1.350433282827932402e+00
-1.348398317939606406e+00
-1.346661973550260516e+00
-1.345331778374322607e+00
-1.344174463012048015e+00
-1.343026074358067090e+00
-1.341743822532083463e+00
-1.340277670608633676e+00
-1.338623445448006821e+00
-1.336717403628218559e+00
-1.334655351050853644e+00
-1.332579591943217956e+00
-1.330609358833046318e+00
-1.328805143056134952e+00
-1.327292292566865539e+00
-1.326038127192216365e+00
-1.324923534986213625e+00
-1.323783843651371583e+00
-1.322372232182280838e+00
-1.320580225560878951e+00
-1.318513775340686145e+00
-1.316306322952110808e+00
-1.314021538522566868e+00
-1.311778658653594665e+00
-1.309722935086748752e+00
-1.307906205596967908e+00
-1.306158530362006687e+00
-1.304360582003800673e+00
-1.302532263023617798e+00
-1.300549602359565959e+00
-1.298346409606569107e+00
-1.296001837732472683e+00
-1.293616638292959031e+00
-1.291264488326404170e+00
-1.288994514710395389e+00
-1.286938462363186542e+00
-1.285129113977086845e+00
-1.283429498300302729e+00
-1.281656884987927736e+00
-1.279686086830240654e+00
-1.277489815282820462e+00
-1.275155151608383886e+00
-1.272781065398319367e+00
-1.270368006081585399e+00
-1.267942233878843750e+00
-1.265535006523819117e+00
-1.263196740046471866e+00
-1.261020703632416806e+00
-1.259024224597516284e+00
-1.257136888209494208e+00
-1.255238944971660109e+00
-1.253258247214310561e+00
-1.251130117279628085e+00
-1.248864198435660322e+00
-1.246449355341638698e+00
-1.243898861092746611e+00
-1.241346338074571509e+00
-1.238855874910935517e+00
-1.236501257393150421e+00
-1.234376107112258758e+00
-1.232417211723243256e+00
-1.230560429928490462e+00
-1.228608891783589119e+00
-1.226344288922820436e+00
-1.223811872037809945e+00
-1.221083340220197044e+00
-1.218263441742412523e+00
-1.215442683865425977e+00
-1.212711733457643382e+00
-1.210197407833729644e+00
