-1.113178675054298829e-02
5.180447425839114321e-03
5.442411485174698804e-02
3.714004607535429520e-02
3.529644730968172633e-02
-3.269877877213842043e-02
-9.012489916663589673e-01
-1.278651341548908915e+00
-3.879338097416268338e-01
7.340767123597752297e-02
2.168296557009620484e-01
2.238094728400462086e-01
-9.669324233486645270e-02
-9.069102892815573969e-03
7.764945573089371278e-02
1.283777338232501009e-01
1.274468647183797099e-01
1.181144643369888142e-01
1.020144301728331399e-01
9.981884624199949263e-02
7.156167906508272003e-02
1.181213965210322764e-01
9.774045327729086186e-02
4.861145879767394401e-02
5.807794789886021325e-02
6.476823877879747671e-02
-6.746002233323863950e-02
-3.518482729695146527e-02
1.128559680885794954e-02
3.351291606883131241e-02
5.988894481797583241e-02
8.702155570583422484e-02
7.045892944485010467e-02
-1.014300066324850036e+00
-3.072132608751376281e+00
-8.379298166412098015e-01
-1.457783673701742999e-01
-1.999453401199678959e-01
1.412083998037803600e-01
-7.196771866010354124e-02
-3.196434443308133755e-01
-7.106256884173121902e-02
1.240406169151312687e-01
4.193368753273241656e-01
4.995490062364195682e-01
4.737130564338498662e-01
-1.877019765407688875e-02
-2.146095994907835924e-02
8.327261068679142619e-02
2.263744633544126916e-01
2.550379168098589333e-01
2.317643024003750718e-01
-2.401101073916844797e-01
-1.403308753139543841e+00
-2.441499681906221242e-01
1.995584478589937927e-01
3.496471456150139212e-01
2.303366463718039825e-01
1.984503890314682772e-01
2.957469392151665377e-01
2.831475812024841776e-01
2.553924196886436793e-01
-1.736068798293399496e-01
-2.515475930695407758e-01
1.280941978641949308e-01
3.065332090219536898e-01
3.563221793321859621e-01
3.684726039187734004e-01
3.746018843757997208e-01
3.026829726301464851e-01
9.317456359654732734e-02
9.991566860965800378e-02
1.979668779321338556e-01
2.273462403863940884e-01
1.672297462928928891e-01
1.784172489690649122e-01
2.326356064852844741e-01
2.663004084580657405e-01
1.584898825290240731e-01
4.350123490415508387e-02
1.744703530260775237e-01
1.671766788556591776e-01
8.101527162073299260e-02
1.098555551889511539e-01
1.933973922258064859e-01
2.140474810555748064e-01
3.080435871166972150e-01
3.167820706261778585e-01
2.522791534233096433e-01
2.877964177000258417e-01
2.826472675922028777e-01
2.862952466556509812e-01
2.065801215715769024e-01
1.728833041549864835e-01
2.176498898124607506e-01
2.425436401050344026e-01
2.417132333126092436e-01
3.001984742787959792e-01
3.390238968597568681e-01
2.802915748359626202e-01
2.635940761434078516e-01
2.129163876653775433e-01
1.759556372667671065e-01
1.889359661424414860e-01
1.528688229367403673e-01
2.257849574688085559e-01
2.990181501348408988e-01
3.572108963640972523e-01
4.318239984632659123e-01
3.817552029152378457e-01
2.481511205625084038e-01
7.655324104663441265e-02
-1.661301654229813130e-04
-7.494147010306031476e-01
-1.248697579447315853e+00
-4.007479935501447321e-01
1.355188677300993016e-01
3.607326295473289868e-01
8.290700413310390926e-02
-7.563780755842904047e-02
3.690998820529674540e-01
6.086467221520789339e-01
6.185140400291241347e-01
4.699012470857941715e-01
3.301101886624749904e-01
-6.700561420534748014e-02
3.646750765482159595e-01
6.294655097565176050e-01
6.306374442755265930e-01
6.387023897414363383e-01
7.120837031802363937e-01
6.807665348696887442e-01
-5.071231302119675322e-01
-8.865875303383583539e-01
2.701696601792465957e-01
6.804452997118553004e-01
6.247152130264078673e-01
7.046965595015103334e-01
8.071694939740202690e-01
8.746549615639609421e-01
8.020820367792400596e-01
-3.391410630924356906e-01
-1.781374400291027893e+00
1.095131469031989380e-01
7.825987245654250080e-01
9.616464220784148864e-01
9.468082308803198455e-01
9.474180609826053923e-01
9.912824542408592565e-01
1.007798239064997992e+00
8.115131908788616455e-01
7.817314991290535975e-01
7.104473502885106928e-01
6.155673953438334234e-01
6.232924928791683250e-01
5.599291443637373078e-01
5.363864467034300532e-01
5.880784312690634508e-01
6.811321504313190278e-01
7.324070821546564414e-01
8.084600118795565171e-01
8.245221538297186070e-01
8.544620359716441627e-01
9.769205371176163943e-01
9.591734712782116201e-01
9.756802830345264743e-01
9.455807645043574627e-01
9.487310197904559317e-01
9.694967926732528385e-01
1.019966115611055102e+00
1.085811478713636813e+00
1.121876230384956763e+00
1.160575404836534430e+00
1.183129270329695171e+00
1.195090817713521325e+00
1.194526104590810878e+00
1.195439669289394491e+00
1.199832517773696594e+00
1.221987671094973749e+00
1.238373359138142726e+00
1.263943525823874259e+00
1.281261132179172924e+00
1.310291425849157143e+00
1.357911553178761999e+00
1.418780080289347989e+00
1.444933269930541053e+00
1.484019229733322121e+00
1.490775575876002401e+00
1.516806458303776139e+00
1.521626112813030618e+00
1.531449732280681930e+00
1.547953455933128053e+00
1.579848250180997837e+00
1.619168349355261549e+00
1.666114280364745959e+00
1.733224860862327077e+00
1.785218465056329196e+00
1.837609309355140885e+00
1.864939393908883858e+00
1.870633539001020917e+00
1.869061977246680106e+00
1.881401386356041039e+00
1.897501515794277172e+00
1.919155263500836650e+00
1.956022003405949894e+00
2.006998056650656892e+00
2.059716693210107419e+00
2.086155456113224282e+00
2.116422881808899259e+00
2.146032313845501971e+00
2.152805583833145242e+00
2.167310129670009911e+00
2.186713812807741242e+00
2.216373680952528957e+00
2.249005845294620443e+00
2.288922409287194704e+00
2.348039026752064995e+00
2.400600238308455037e+00
2.439853296417239470e+00
2.459876449991880598e+00
2.472510266937074874e+00
2.485879368002185785e+00
2.512155656637457213e+00
2.540639745645818071e+00
2.565120475197272931e+00
2.596122582645875365e+00
2.626280243210921128e+00
2.666112995122622564e+00
2.714919356161824116e+00
2.762170365345857803e+00
2.801755641474802161e+00
2.826671300050004110e+00
2.848854918878768405e+00
2.858095723001687016e+00
2.875609585606224261e+00
2.879048110402763871e+00
2.893275703355531192e+00
2.917825389257705293e+00
2.943443733514883309e+00
2.981769906054664077e+00
3.027239865899979954e+00
3.061948062242841218e+00
3.100391709905539805e+00
3.101198199483314877e+00
3.094073533329890768e+00
3.094519346890329370e+00
3.093886754262245020e+00
3.107783590716017841e+00
3.122054532920431225e+00
3.150894349553761131e+00
3.189084648481004258e+00
