-1.284716937666560387e-06
-6.631770091729380710e-06
-3.897813827208927929e-06
2.683485807154130866e-05
7.927472565493433516e-05
1.404904257109931007e-04
7.975704499585113639e-05
-5.138864262249967767e-04
-1.721120575414023315e-03
-3.066557787285406275e-03
-4.233582360598450028e-03
-5.141277025844122502e-03
-5.845402178152337910e-03
-6.500920199986418360e-03
-7.097859525699782950e-03
-7.591079917521641705e-03
-7.962506302991865376e-03
-8.222819277147953160e-03
-8.390463760541465657e-03
-8.483416763254406426e-03
-8.514907012219881735e-03
-8.497750463956369946e-03
-8.421128304029844650e-03
-8.300557898723803785e-03
-8.162008659557851153e-03
-8.006102907512739619e-03
-7.845012812238471092e-03
-7.731039135512291806e-03
-7.651078818863228485e-03
-7.574385417875873980e-03
-7.482991294549149429e-03
-7.361794915045764484e-03
-7.201854179796412722e-03
-7.137367525986290477e-03
-7.864865562234259547e-03
-1.002650763242325660e-02
-1.260376070596041891e-02
-1.503934810442492109e-02
-1.727760969725586696e-02
-1.923395243067900842e-02
-2.103630730496974799e-02
-2.280675851748831598e-02
-2.444521457063085143e-02
-2.582580810601665597e-02
-2.682434219899459266e-02
-2.742623266371334995e-02
-2.773814546092641040e-02
-2.800796401396553337e-02
-2.827370296910696607e-02
-2.846963628797347448e-02
-2.852508879296640487e-02
-2.843038267282170170e-02
-2.826264213397956457e-02
-2.836843401325883987e-02
-2.912719062246834495e-02
-3.001827630395100671e-02
-3.070259560354872408e-02
-3.111357707877833445e-02
-3.132719345775015346e-02
-3.138219207324692561e-02
-3.125946831841175388e-02
-3.097822757453924311e-02
-3.061853809884984567e-02
-3.038485618675900932e-02
-3.029121297957560258e-02
-3.014113506611584489e-02
-2.982034439787473526e-02
-2.930888274589386541e-02
-2.861833634408407490e-02
-2.777345489498264305e-02
-2.684562887636338102e-02
-2.593940169901718870e-02
-2.505583284461454160e-02
-2.414336346383906887e-02
-2.318847121092563329e-02
-2.221690017664059227e-02
-2.122429227946757979e-02
-2.018365347617099778e-02
-1.909246029113760915e-02
-1.801262627860730076e-02
-1.698705597185557609e-02
-1.596368571301080147e-02
-1.494194849187441103e-02
-1.395612701833328327e-02
-1.298799789757509870e-02
-1.199397202394366507e-02
-1.094936822723528019e-02
-9.816791306137915424e-03
-8.601356634295356796e-03
-7.335803826260916573e-03
-6.017117062398260816e-03
-4.649221689884005214e-03
-3.245349925708826237e-03
-1.846959973542564937e-03
-4.696649411030377926e-04
9.089040974198474548e-04
2.304247152424731843e-03
3.723515492957450192e-03
5.193810978380540740e-03
6.724996814562228878e-03
8.286500424820191640e-03
9.856348943859850539e-03
1.140637884284019694e-02
1.292015603923683462e-02
1.440039481290718987e-02
1.584548094223763720e-02
1.729613223322634327e-02
1.879702377586228712e-02
2.038269162832105977e-02
2.207485268683594473e-02
2.383091250500133859e-02
2.556110033217817365e-02
2.717324637594859676e-02
2.854609323512394964e-02
2.931982614375988269e-02
2.937530002527339798e-02
2.917788411117201719e-02
2.909473780038026799e-02
2.922301661769350148e-02
2.941460356723252928e-02
2.961338646091609544e-02
3.002082914961612392e-02
3.075827199045056901e-02
3.179500625321171614e-02
3.301549931832605672e-02
3.427838801731166590e-02
3.544557679152462309e-02
3.670998209821160763e-02
3.821904716925296486e-02
3.997176292261234165e-02
4.195241636804165203e-02
4.416491371413277384e-02
4.644085516005704711e-02
4.821532781021829750e-02
4.940607999791816335e-02
5.059756107305617145e-02
5.207339481349630012e-02
5.382140688034681153e-02
5.584788488138466706e-02
5.817911791565175128e-02
6.081027862183944338e-02
6.355081165700662837e-02
6.572343044412370938e-02
6.688348727226633983e-02
6.791156586364380243e-02
6.931963791816127263e-02
7.119770066920828866e-02
7.349604829687848839e-02
7.616655890615185720e-02
7.918639302858018758e-02
8.250484698748057621e-02
8.600272759610311235e-02
8.962207511593545117e-02
9.330678523570810901e-02
9.700675422555962713e-02
1.007114614255556068e-01
1.043946058876681487e-01
1.080518772671196226e-01
1.117194742107450178e-01
1.154507546803364565e-01
1.192794047810415564e-01
1.232326591955736073e-01
1.273154388649629376e-01
1.315415821144061415e-01
1.359499177858263241e-01
1.405245150067951088e-01
1.452517685125498670e-01
1.501282375024114157e-01
1.551515468442307977e-01
1.603060323085075123e-01
