-1.964110254466085781e+00
-1.962503050361227741e+00
-1.955206573931178804e+00
-1.978391180684022643e+00
-1.969082196323017175e+00
-1.971880973362359457e+00
-1.963978081385837848e+00
-1.962976195283814729e+00
-1.961198969434466921e+00
-1.958208676697722916e+00
-1.953657571426444139e+00
-1.947047043425534030e+00
-1.941623307487851946e+00
-1.938296344321282616e+00
-1.932191308012827680e+00
-1.922110283015812993e+00
-1.907008243812167825e+00
-1.886015630840884860e+00
-1.858350336443483464e+00
-1.818962546183191531e+00
-1.768475349161337418e+00
-1.651204312834021248e+00
-1.071924094744763245e+00
1.435868745808385860e+00
1.367066459426051139e+01
-4.017755292714133120e+00
-7.592401275042842679e-01
-1.653374329221499073e+00
-1.718976322062274908e+00
-1.707101019046418422e+00
-1.643197687040867550e+00
-1.388191726669772308e+00
3.044871556622499309e-01
-1.900040182053829518e+00
-1.949859317923587243e+00
-1.953295794224068960e+00
-1.950475187812082289e+00
-1.946583504531283815e+00
-1.941716647652611538e+00
-1.936228555815080243e+00
-1.933062055563250059e+00
-1.929814084508961525e+00
-1.923485660537069819e+00
-1.911293534532742866e+00
-1.887561121839873346e+00
-1.842990642474505281e+00
-1.811853746885437211e+00
-1.821501538209977289e+00
-1.818148497008678754e+00
-1.787800600545148777e+00
-1.714864156881339197e+00
-1.574184849576425238e+00
-1.665128711423695895e+00
-1.869393001382124497e+00
-1.900836583886104547e+00
-1.892939083222218599e+00
-1.870309880916095180e+00
-1.839095947774795015e+00
-1.806964951487012527e+00
-1.752730192452074620e+00
-1.642223318712941360e+00
-1.422713667287277328e+00
-1.539649727928138256e+00
-1.738189777077125964e+00
-1.763574442963173006e+00
-1.681867753134697496e+00
-1.342957997891399469e+00
-7.183478464005206732e+00
-2.513492817177620964e+00
-2.283733802078030006e+00
-2.262400127572230524e+00
-2.300030947591394259e+00
-2.281086035187781302e+00
-2.233345316672498804e+00
-2.209578189348448074e+00
-2.197629420728117289e+00
-2.174798295447468721e+00
-2.146366059149301897e+00
-2.135404808918062614e+00
-2.154608940022333385e+00
-2.169088675944235156e+00
-2.155981706654650054e+00
-2.154180012891555140e+00
-2.159856464948363808e+00
-2.149607119457658477e+00
-2.130494198027431896e+00
-2.105929582651202558e+00
-2.082864645414953308e+00
-2.069326396110882094e+00
-2.059596513550534524e+00
-2.051198087031935735e+00
-2.044418987317647929e+00
-2.041097998599484598e+00
-2.041342279373096869e+00
-2.040118585734136403e+00
-2.035008278146437810e+00
-2.028823200195516208e+00
-2.022323821686518919e+00
-2.015362777464353883e+00
-2.009849323032632196e+00
-2.006117148071505873e+00
-2.003651182218177951e+00
-2.002287058959728583e+00
-2.001096329861926648e+00
-2.000072026033517858e+00
-1.998390512963886811e+00
-1.994936136689613448e+00
-1.990497193570101464e+00
-1.985502786921745422e+00
-1.981202513123624609e+00
-1.978372751962900411e+00
-1.976906251350282862e+00
-1.976413776916930987e+00
-1.985572443892720695e+00
-1.947778802624597683e+00
-1.955328860017060411e+00
-1.952798145381734018e+00
-1.946182257469643906e+00
-1.938728040411993536e+00
-1.937421981563401951e+00
-1.930938017341180535e+00
-1.891099966704073987e+00
-2.379944801403703458e+00
-2.038281499401432217e+00
-2.016102491827046705e+00
-2.029553884120269824e+00
-2.040265647616768430e+00
-2.003466864349507048e+00
-1.986668493803487756e+00
-1.978882793729812795e+00
-1.973679932224980726e+00
-1.969815025923006502e+00
-1.967773567452655747e+00
-1.967741776652227825e+00
-1.972604784390951105e+00
-1.965395187378167430e+00
-1.963193020745752415e+00
-1.961513331794950021e+00
-1.960076467468587991e+00
-1.958760909329483546e+00
-1.957294866714913706e+00
-1.953514049469286640e+00
-1.928819211951515067e+00
-2.479876213958026376e+00
-1.873745840537012874e+00
-1.934297456187107134e+00
-1.944462415684432566e+00
-1.947248865166190335e+00
-1.948074652539793172e+00
-1.948267156436508163e+00
-1.947547604423986556e+00
-1.946134511872898099e+00
-1.944338561966495016e+00
-1.942041425722426551e+00
-1.939588015860508774e+00
-1.937011993802458587e+00
-1.934184970429888129e+00
-1.931630482061390097e+00
-1.929901490513623585e+00
-1.928887713438108387e+00
-1.928252309967326106e+00
-1.927699500296324864e+00
-1.927032179333964201e+00
-1.926749471723616658e+00
-1.926519981403596704e+00
-1.925993285963299773e+00
-1.925390879384415221e+00
-1.924735685169859156e+00
-1.923912355405944963e+00
-1.922921509457495404e+00
