-1.059447746110903608e-02
5.775559628188974351e-03
5.201351879223113650e-02
3.137164665662546537e-02
2.790537976362109790e-02
-3.790387657197374915e-02
-8.601609152893725518e-01
-1.150253428582216353e+00
-2.240350755214764455e-01
2.040559186504162514e-01
2.976528669030444330e-01
2.625013381677973046e-01
-7.318158825594572869e-02
1.245174383550520791e-02
8.995159138275143906e-02
1.280223647256883979e-01
1.159246134090368835e-01
9.902628475742367153e-02
7.862632655046258856e-02
7.409129751665216590e-02
4.559373543916181437e-02
9.088651406257805543e-02
6.865345657293042692e-02
2.138981776834205858e-02
3.375585120294661429e-02
4.181707377780052859e-02
-8.332233729152480062e-02
-4.206305332323582308e-02
7.311840181135877137e-03
2.864816123753984381e-02
5.219323434386249211e-02
7.488850180126276068e-02
5.480724169432702603e-02
-9.794528569312548338e-01
-2.856945568365522270e+00
-5.159117319458591533e-01
1.280792839328971922e-01
1.342523888349786421e-02
2.967903768687545352e-01
3.825808814636878774e-02
-2.213685109349533275e-01
1.680521614774564687e-02
1.847897006690359945e-01
4.382746878078370711e-01
4.723343901950971535e-01
4.111652596365192869e-01
-8.197698860797873743e-02
-6.478575811664229189e-02
4.932160155094535842e-02
1.879560505508775237e-01
2.061190595330621433e-01
1.752048026840592743e-01
-2.784621784077960238e-01
-1.353001859294402864e+00
-1.380434727694814512e-01
2.768451837617056377e-01
3.806900754997859515e-01
2.276367068981623998e-01
1.778662934720471323e-01
2.588767656149013052e-01
2.311323202075628580e-01
1.943002651246244494e-01
-2.194133156862835277e-01
-2.649492008854999470e-01
1.229280642066520601e-01
2.830799869817687830e-01
3.099382856947995868e-01
3.029101148464432569e-01
2.943985787986762581e-01
2.151210565097479432e-01
1.335196684596815647e-02
3.393774700239767655e-02
1.369409652617901985e-01
1.644236534622643131e-01
1.046159146090490238e-01
1.179400415902752963e-01
1.706049022394175441e-01
1.992785890476210520e-01
9.167122280935839640e-02
-1.320652854804958004e-02
1.234421760684258074e-01
1.151967424159101860e-01
3.279400640138559891e-02
6.648145481531587964e-02
1.482881386671159596e-01
1.632441041021955863e-01
2.477359246977396678e-01
2.453205120249402349e-01
1.755119129915135023e-01
2.081215726458030546e-01
1.996436668356076638e-01
2.009057906916685288e-01
1.231461195776660938e-01
9.574122333378946859e-02
1.442485559944328699e-01
1.687783773305079060e-01
1.666836355426674077e-01
2.214497313485764840e-01
2.532956715297921546e-01
1.907488363799671183e-01
1.744995110999680021e-01
1.272552202408173405e-01
9.661595517535853661e-02
1.150271705720404963e-01
8.406465957406172862e-02
1.586078110628317828e-01
2.264655464509928162e-01
2.749462135455717493e-01
3.365441062310541853e-01
2.764184044141024255e-01
1.440455792129644030e-01
-1.291454239472175636e-02
-6.834466581115990202e-02
-7.629419892901725397e-01
-1.167923063569717090e+00
-2.723664069505639662e-01
2.375131050735012073e-01
4.108168756477161843e-01
9.973621683775128755e-02
-6.370040242766124294e-02
3.625680365850720843e-01
5.589536583010801252e-01
5.273693977385583986e-01
3.556185138725557193e-01
2.119752903351624918e-01
-1.630322777745512319e-01
2.800531176834542002e-01
5.225163245826039971e-01
4.966231243383858462e-01
4.847055238891512796e-01
5.397688141220295943e-01
4.936970309812822588e-01
-6.462521731229813327e-01
-9.240358641364534442e-01
2.657848181143674937e-01
6.325386196603953737e-01
5.312470146603330834e-01
5.767922758970128738e-01
6.461749664024940554e-01
6.822955329652543588e-01
5.877918999965849878e-01
-5.112265846524167712e-01
-1.806542837691087922e+00
1.582830530309426165e-01
7.744620857473483166e-01
8.761741174312559499e-01
7.989212009851071050e-01
7.550813554953609286e-01
7.647122144956365331e-01
7.538919476675585152e-01
5.466319975125827346e-01
5.183798313979494088e-01
4.527983890092043273e-01
3.694768641091987771e-01
3.890029981528481673e-01
3.368321052955161043e-01
3.250471765021958892e-01
3.836394386732185358e-01
4.750042271952478745e-01
5.187140453866061485e-01
5.834855074466069880e-01
5.874611042547073225e-01
6.065275554805229508e-01
7.139482172263761361e-01
6.811210360473531900e-01
6.866246375074329666e-01
6.461252830954012927e-01
6.361614522823291207e-01
6.372138430459488578e-01
6.590816450636616253e-01
6.912679535818271326e-01
7.160592683498966382e-01
7.404577960365232858e-01
7.463922035689812828e-01
7.412678292803718261e-01
7.243905755474544517e-01
7.102118259433396474e-01
7.003153361550176204e-01
7.069155594452237734e-01
7.073190875690383850e-01
7.155564775443634673e-01
7.314721598834061922e-01
7.545881217799523810e-01
7.909391140672445975e-01
8.351530275401852776e-01
8.418396731257749011e-01
8.600553782429412042e-01
8.460898981880209391e-01
8.519773861561570349e-01
8.370389585384685471e-01
8.281898825070550529e-01
8.262880887861521195e-01
8.390159828903840378e-01
8.570268813520792728e-01
8.806004754107324972e-01
9.213144815099797436e-01
9.446753581649108833e-01
9.676913666662132485e-01
9.656867602409024975e-01
9.442154023982641808e-01
9.184949465333267504e-01
9.105389997523978263e-01
9.061245775276998149e-01
9.072133793529553181e-01
9.221993609390912727e-01
9.490769903946982833e-01
9.752423820028690571e-01
9.747755575986085663e-01
9.785531880625146783e-01
9.815955732940675471e-01
9.632659905199568717e-01
9.511640555095660643e-01
9.449815970855839353e-01
9.491888192252346812e-01
9.556753824902656236e-01
9.681614947655752257e-01
9.981457082836204808e-01
1.019486559198953035e+00
1.027257211846092755e+00
1.016906981237604146e+00
1.000798798824155122e+00
9.835128559362377176e-01
9.804111975414042668e-01
9.800028977902596194e-01
9.762363495203687513e-01
9.791527837025955083e-01
9.807093627763238119e-01
9.917696158647943960e-01
1.010235939238438574e+00
1.025898414707360429e+00
1.033505288302662528e+00
1.029050582417305737e+00
1.023387419406899701e+00
1.007227898288270751e+00
1.001100956835223155e+00
9.826974978718221454e-01
9.762937448926178874e-01
9.801304901464927832e-01
9.846955021141315934e-01
1.000731787311282872e+00
1.022442580435255266e+00
1.029867070202650670e+00
1.040984890918635219e+00
1.016933068123081041e+00
9.880861610834515973e-01
9.692544105838744040e-01
9.512993038797095124e-01
9.480791696369552657e-01
9.449441778352241084e-01
9.556057793332080053e-01
9.739268082633372181e-01
