-3.911569305356786258e-06
-2.268600014172483036e-05
-4.124452403238832430e-05
-3.856131682791995714e-05
-2.270578389756913401e-05
-7.481322746764359124e-06
-1.151172835892994663e-04
-7.172719256763098123e-04
-1.835254602347940762e-03
-2.983522872177707397e-03
-3.891314793719701827e-03
-4.528660900585384369e-03
-4.984219052599325739e-03
-5.419693242500792617e-03
-5.819670439483989877e-03
-6.141800024405526422e-03
-6.374611315579618506e-03
-6.531810622590459962e-03
-6.633330596015085158e-03
-6.695749189622068019e-03
-6.727976861437012963e-03
-6.739055040907955714e-03
-6.714435403314535783e-03
-6.667969687149870144e-03
-6.623555953839906085e-03
-6.577577773987075202e-03
-6.537896080585497982e-03
-6.550978531527840674e-03
-6.597108994167519107e-03
-6.644827885830904141e-03
-6.679582376942588134e-03
-6.689954836577514420e-03
-6.670078269527444925e-03
-6.750789961282525030e-03
-7.577749346248893215e-03
-9.666504781178380037e-03
-1.194384454207497032e-02
-1.392896609539283868e-02
-1.564437847862896677e-02
-1.706370448389689723e-02
-1.834864091782287959e-02
-1.962603115429677886e-02
-2.079631661474506954e-02
-2.174911140842406693e-02
-2.238652908116566670e-02
-2.272101219732930444e-02
-2.286943379468545784e-02
-2.306287079524335995e-02
-2.331159174024896932e-02
-2.353612817588321762e-02
-2.366717058018683734e-02
-2.369881182822679636e-02
-2.370587922588095892e-02
-2.400944357850206060e-02
-2.492287396562487684e-02
-2.589356357674441750e-02
-2.662304873836536870e-02
-2.709212425524054960e-02
-2.740640574941704058e-02
-2.760987419076061863e-02
-2.768857194374555256e-02
-2.766683329628702795e-02
-2.761874910493192573e-02
-2.772835314973036078e-02
-2.798190269664227806e-02
-2.817290058088667976e-02
-2.820279761974183591e-02
-2.807465008185116087e-02
-2.781406926040075681e-02
-2.744735743769256484e-02
-2.703618969392422230e-02
-2.667487490822256085e-02
-2.634220404202621338e-02
-2.598528283959313304e-02
-2.560001299968195365e-02
-2.520972043995623260e-02
-2.480754851068588465e-02
-2.436965080471926656e-02
-2.389919450137134235e-02
-2.345649098226072066e-02
-2.307752018836449481e-02
-2.269844475252669538e-02
-2.230809085807283071e-02
-2.193590450040568476e-02
-2.156851142385824566e-02
-2.117485408243997141e-02
-2.074098260818447656e-02
-2.024083835681647625e-02
-1.968501666623393570e-02
-1.910012689185401971e-02
-1.848670019269556611e-02
-1.785263431905797019e-02
-1.720960749809314835e-02
-1.659383205841472378e-02
-1.601096949061544053e-02
-1.542828793988480947e-02
-1.481943642549763893e-02
-1.417997812734748259e-02
-1.349626934590352108e-02
-1.276660374758192482e-02
-1.201851346723504035e-02
-1.127680846157055536e-02
-1.056512115726147491e-02
-9.895678236016506452e-03
-9.262507603960521904e-03
-8.665063840118367861e-03
-8.068378689101898121e-03
-7.438776933622935281e-03
-6.749465400465091275e-03
-5.980886869189943472e-03
-5.179976318628164850e-03
-4.434098739412208577e-03
-3.821176949285649133e-03
-3.440059898235430999e-03
-3.611159501347914642e-03
-4.388559496754319313e-03
-5.291172751305409615e-03
-5.997347021828041205e-03
-6.466446346916802403e-03
-6.877796555315066757e-03
-7.292895429940640141e-03
-7.527685459294838378e-03
-7.489512628911419723e-03
-7.236134805723372539e-03
-6.884302720845930819e-03
-6.555405212182081193e-03
-6.356900698313459538e-03
-6.088895325224432005e-03
-5.618702962106985818e-03
-4.963116041260201040e-03
-4.146444728444993559e-03
-3.165914774480470782e-03
-2.181047042430717987e-03
-1.708106816302349534e-03
-1.743425169730441126e-03
-1.693676338134013273e-03
-1.328392528405780357e-03
-7.053354485272456944e-04
1.508686767365924027e-04
1.248575050614294472e-03
2.571572396998751849e-03
3.925103546127529583e-03
4.680056239618625435e-03
4.526355591411855388e-03
4.383832694743834343e-03
4.686585310066135150e-03
5.459311681246492055e-03
6.601987954536026743e-03
8.021759924990729679e-03
9.694038394094720706e-03
1.158752230480479886e-02
1.359361872217613836e-02
1.566082022560945364e-02
1.773215012943156824e-02
1.976868026746997700e-02
2.177577410516077366e-02
2.373565508910747968e-02
2.565374687130827364e-02
2.758106415173043266e-02
2.957927096620271284e-02
3.168245807572893369e-02
3.390655242164487132e-02
3.624604043658485875e-02
3.870594400410470176e-02
4.132577829985335099e-02
4.408280527855235054e-02
4.696763937894232049e-02
4.997681755807835413e-02
5.310529371846763047e-02
5.633363343694240688e-02
