-1.095807046594224517e-02
5.385512312838454212e-03
5.366271404832675951e-02
3.523054686874859537e-02
3.276386161799957342e-02
-3.462656871116362445e-02
-8.882287429030442105e-01
-1.236356217476515473e+00
-3.317719772049082527e-01
1.209502156209789903e-01
2.491823426010825182e-01
2.423546594423755252e-01
-8.391657054426715501e-02
2.245813528743471899e-03
8.528637331639893349e-02
1.311978151911081525e-01
1.258666705354252180e-01
1.132912375378717362e-01
9.506309035081912662e-02
9.147664169825570069e-02
6.261593520239135124e-02
1.083682553459558995e-01
8.704787473250208407e-02
3.823798744219636392e-02
4.847363011630276275e-02
5.552601610493238665e-02
-7.444913004751510521e-02
-3.913400955232435030e-02
8.521826685009486341e-03
3.068586233493993121e-02
5.629887668498088915e-02
8.205932961425631278e-02
6.432538040768376320e-02
-1.004184691141498886e+00
-3.002567359542952730e+00
-7.292492678742983347e-01
-4.810800609932636140e-02
-1.193783191995111681e-01
2.039610382573583125e-01
-2.431214010311519291e-02
-2.768934144978711376e-01
-3.261392402464842466e-02
1.527296538399807724e-01
4.332129238777906455e-01
4.966987795339431466e-01
4.572440084987183240e-01
-3.772787056852520970e-02
-3.558993130658938409e-02
7.127971044255675126e-02
2.123739341760575994e-01
2.370900747918733009e-01
2.107395728299232274e-01
-2.558304683161639614e-01
-1.390347084436020619e+00
-2.112618458305356439e-01
2.251320838665625823e-01
3.611778400172194758e-01
2.308284509926855077e-01
1.925320083814869854e-01
2.837900881037022649e-01
2.653953614327678179e-01
2.337668477988477933e-01
-1.911516668214817971e-01
-2.588759279528431989e-01
1.238012596562207968e-01
2.966309395793089165e-01
3.388772020752439107e-01
3.443309943942827189e-01
3.450249719709325147e-01
2.699462757624795373e-01
6.224770794125982637e-02
7.313965584032813827e-02
1.727801792094533218e-01
2.015964492101031957e-01
1.415851997670858342e-01
1.535009820471280317e-01
2.072863212378030229e-01
2.393550288257016434e-01
1.315372685962755139e-01
1.980882394982280692e-02
1.528230881858486656e-01
1.454422605252930212e-01
6.065966270794978521e-02
9.129153049530419617e-02
1.745236256827764065e-01
1.934759576438480344e-01
2.844136573135229162e-01
2.893735644417367858e-01
2.228400949778277518e-01
2.571150800533560932e-01
2.506052093977170214e-01
2.532177273852131982e-01
1.738997428335659623e-01
1.421248990216186781e-01
1.881406481811849774e-01
2.130046315354921227e-01
2.118279938019607678e-01
2.691471825232040760e-01
3.056717153871034709e-01
2.455517239723573608e-01
2.288455954002885651e-01
1.791829383665821118e-01
1.442772469809683045e-01
1.591501772573490903e-01
1.249349694216026763e-01
1.986388391824342459e-01
2.703475039540509939e-01
3.254588653040797475e-01
3.957360452217866809e-01
3.420839918240885513e-01
2.084808516146453017e-01
4.138536042655562019e-02
-2.831546808852089536e-02
-7.593985163053790233e-01
-1.226640316611518733e+00
-3.603560459007961181e-01
1.701602002196550278e-01
3.801058235287722575e-01
9.174377795477574316e-02
-6.868774353176097802e-02
3.698102641191181594e-01
5.947370975118522196e-01
5.898871656737010305e-01
4.320852275725747260e-01
2.894003121229211106e-01
-1.018473119208212069e-01
3.330457418261010272e-01
5.903095483762860196e-01
5.820416151278242634e-01
5.826721632293828668e-01
6.490568176665533207e-01
6.118261238994586737e-01
-5.616641955316212798e-01
-9.078892707427491660e-01
2.616814933475790084e-01
6.597026126489521358e-01
5.897824840393086632e-01
6.583091704796648624e-01
7.492432473738261933e-01
8.053654408032900891e-01
7.242283024882129050e-01
-4.048098670286914835e-01
-1.799565347019639550e+00
1.181628783571157665e-01
7.757334906335325853e-01
9.308256261320593250e-01
8.952650756982020175e-01
8.800538139800682114e-01
9.110018120816720799e-01
9.166852917806880274e-01
7.148733552039353567e-01
6.839668895930834935e-01
6.133404295739098844e-01
5.214295535734836395e-01
5.326304153654991547e-01
4.728458384747144527e-01
4.533081885924561960e-01
5.076178451886288467e-01
6.005462142748111409e-01
6.496639711102802917e-01
7.221717715013127314e-01
7.342148576307517827e-01
7.603703498591083410e-01
8.775933610958877029e-01
8.544172303470827234e-01
8.667215000712626960e-01
8.303453378859234624e-01
8.221491683388006955e-01
8.244041596459936727e-01
8.480693871090700942e-01
8.834704144245772994e-01
9.126208269615615487e-01
9.420402417534079476e-01
9.528657372864932640e-01
9.516207649396190016e-01
9.371172037821771106e-01
9.238985289883629992e-01
9.140911364410433393e-01
9.207946434440014150e-01
9.215760584702354929e-01
9.304936249207689247e-01
9.478135688671235348e-01
9.733643617380404178e-01
1.013612201965098158e+00
1.063510286701111696e+00
1.076208561712550749e+00
1.100003517994337709e+00
1.090513304798829353e+00
1.099773293716745259e+00
1.087212727392709244e+00
1.079578184781008865e+00
1.078403520889046785e+00
1.092183324568637204e+00
1.112101983408475325e+00
1.138590825546469620e+00
1.183751087061957641e+00
1.212646723161248108e+00
1.241530332537624570e+00
1.244785232043579493e+00
1.226712938705215583e+00
1.202241996347656272e+00
1.194356010555559955e+00
1.189731432859166382e+00
1.190683349177818151e+00
1.206224488370958747e+00
1.235003161691896612e+00
1.264432580506951620e+00
1.267352940132188133e+00
1.273990360132962962e+00
1.279581997212270394e+00
1.262806914847994566e+00
1.251084528834571330e+00
1.244753423300521078e+00
1.248929411669766898e+00
1.255853576325516752e+00
1.269412093811608466e+00
1.301734668058460498e+00
1.326604982386727638e+00
1.338114208460686516e+00
1.330651928780381077e+00
1.316051831742377054e+00
1.298997562076573242e+00
1.295590257509993792e+00
1.294961297362599240e+00
1.291001769185750714e+00
1.293878208291243448e+00
1.295659188202594070e+00
1.307435134751065320e+00
1.327526594541034610e+00
1.345637288731799774e+00
1.355973643486551028e+00
1.353820529777501891e+00
1.349737767904764185e+00
1.334204601622623443e+00
1.328005036033415909e+00
1.308855018009321247e+00
1.301238202657622134e+00
1.304197184862291969e+00
1.308464211727818682e+00
1.325065914689769198e+00
1.348537424300034537e+00
1.358323304001481269e+00
1.371982691543836896e+00
1.349512615425164430e+00
1.320322585974774254e+00
1.299859801773575629e+00
1.279593255509906768e+00
1.274063365121339775e+00
1.269046846279889618e+00
1.278633232770135741e+00
1.297164565844579620e+00
