-1.276236364645403576e+00
-1.276899388525165602e+00
-1.275806297992112759e+00
-1.276422427884815525e+00
-1.276878653362120808e+00
-1.277726791054508926e+00
-1.275763181144582203e+00
-1.276367668197239347e+00
-1.276860021718127181e+00
-1.277582053513810934e+00
-1.278614527642732313e+00
-1.280038313254219906e+00
-1.281273492425042404e+00
-1.282150929503343528e+00
-1.283569192274911286e+00
-1.285814631426621002e+00
-1.289152684128002324e+00
-1.293950812465960665e+00
-1.301014114109166675e+00
-1.312642606434159420e+00
-1.332809510133933895e+00
-1.403025599215110386e+00
-8.159793932979693132e-01
-1.153632735300402334e+00
-1.193107421213106978e+00
-1.215894778736088533e+00
-1.206859525284230905e+00
-1.145125096909452855e+00
-1.089516199601857860e+00
-1.128794076667982038e+00
-1.182889980016192943e+00
-1.218492812602678610e+00
-1.234872866671143044e+00
-1.306820285579224361e+00
-1.280164420221095778e+00
-1.278980473534138129e+00
-1.279556432394137078e+00
-1.280390473650254268e+00
-1.281441114975636841e+00
-1.282642489316495160e+00
-1.283422824607587609e+00
-1.284231335051774447e+00
-1.285665310406233885e+00
-1.288277094145026780e+00
-1.293149493337525158e+00
-1.302040994204804347e+00
-1.310316640418658807e+00
-1.311954771249276286e+00
-1.315896436575259010e+00
-1.328400949706521894e+00
-1.363903948480644779e+00
-1.507207225428543573e+00
-1.472999537336531661e+00
-1.310358500220920153e+00
-1.296525625261888859e+00
-1.298510015074170409e+00
-1.306096067184944642e+00
-1.318958094788886148e+00
-1.337099359823587408e+00
-1.383907452989771691e+00
-1.838517729633120323e+00
-1.059914642129722306e+00
-1.053477000052666757e+00
-1.760994472397917843e+00
-1.532470142512706079e+00
-6.746609347725174288e-01
-1.174165094661036246e+00
-1.221598748183604144e+00
-1.238864642296823471e+00
-1.246931290637155687e+00
-1.249473846513796449e+00
-1.249773871981163076e+00
-1.251240969430522876e+00
-1.253697852010017044e+00
-1.255556788190258954e+00
-1.256919235810100677e+00
-1.258582900493668610e+00
-1.260499909496310744e+00
-1.261833354086274062e+00
-1.262186204013667545e+00
-1.262679134794014946e+00
-1.263671699034849327e+00
-1.264290239317257702e+00
-1.264738706814730662e+00
-1.265608451980893223e+00
-1.266756890406530722e+00
-1.268089682356297043e+00
-1.269442384234944043e+00
-1.270528759301799759e+00
-1.271482406276906785e+00
-1.272394474681429299e+00
-1.273242788968597106e+00
-1.274006851499070336e+00
-1.274710554080412228e+00
-1.275414070336978956e+00
-1.276117215021674411e+00
-1.276805064176432136e+00
-1.277463740377574153e+00
-1.278074286548095628e+00
-1.278678434997224445e+00
-1.279305272867421239e+00
-1.279965182040901928e+00
-1.280682499993300860e+00
-1.281415314045145637e+00
-1.282172510517685771e+00
-1.282876139866129028e+00
-1.283386921796030977e+00
-1.283730048538156865e+00
-1.283926559203484086e+00
-1.284147208496474457e+00
-1.284633551555663500e+00
-1.285533813968996464e+00
-1.286833708867315407e+00
-1.290266921101798747e+00
-1.304412369025435225e+00
-1.369497365259615851e+00
-1.412036093968672024e+00
-1.344983466154220153e+00
-1.326341300957820657e+00
-1.329200428984594895e+00
-1.321531423573016450e+00
-1.305759784791440170e+00
-1.297435547360771713e+00
-1.293950869797282799e+00
-1.292782326435829354e+00
-1.293770206053350691e+00
-1.294454873189324617e+00
-1.292747308712541843e+00
-1.291007017903502252e+00
-1.289882450319209006e+00
-1.289022037482943306e+00
-1.288425067763051546e+00
-1.289870281262823548e+00
-1.295036526022012247e+00
-1.299255170915526003e+00
-1.297310769449924406e+00
-1.295000338883492974e+00
-1.293414416372251630e+00
-1.292009265069856250e+00
-1.290822461988975656e+00
-1.290060063081035713e+00
-1.291186419500292004e+00
-1.297902826747854954e+00
-1.307112881133091209e+00
-1.304424068953778715e+00
-1.299535073641657545e+00
-1.296223578058784076e+00
-1.294165824815560750e+00
-1.292738926856777493e+00
-1.291707735761230547e+00
-1.291224174277611825e+00
-1.291141324359290410e+00
-1.291246460635476545e+00
-1.291568254655094838e+00
-1.291986214658428889e+00
-1.292469222604706980e+00
-1.293040574993710834e+00
-1.293565713363832526e+00
-1.293911907421668506e+00
-1.294100304251474043e+00
-1.294180742239045667e+00
-1.294210594320484020e+00
-1.294243519851178803e+00
-1.294170394456075623e+00
-1.294073893377306828e+00
-1.294061378097513648e+00
-1.294082332852766859e+00
-1.294115213373285611e+00
-1.294187108346893433e+00
-1.294302160457732498e+00
