-1.106380226079226210e-02
5.263960905690479031e-03
5.413149371299549872e-02
3.638290701982679204e-02
3.426736478870122393e-02
-3.352513679071711383e-02
-8.962428859706511597e-01
-1.261931457302960968e+00
-3.651240440587296687e-01
9.356671738752839196e-02
2.315527655482955693e-01
2.333855044102715881e-01
-8.931340727231940058e-02
-2.240346124681397849e-03
8.304838545493814506e-02
1.318586256164335502e-01
1.291196776023470216e-01
1.183918004453798356e-01
1.013103215204362445e-01
9.841497046123112713e-02
6.976655964776300178e-02
1.158662800193055870e-01
9.497302975598462260e-02
4.582559058036314581e-02
5.546909186158621718e-02
6.219493008280303076e-02
-6.924779054519551724e-02
-3.583381250849293487e-02
1.108807213842631645e-02
3.328658282719050565e-02
5.935288940448876088e-02
8.592159657090105152e-02
6.885134460405278878e-02
-1.009611633626088745e+00
-3.043930743502138103e+00
-7.932223121709434110e-01
-1.039358368521830778e-01
-1.636819292990266128e-01
1.713049789917064913e-01
-4.728725306171242121e-02
-2.965885419296284131e-01
-4.943313796675674610e-02
1.420430443472435467e-01
4.316029901596484808e-01
5.051313307852389745e-01
4.736350838795783114e-01
-2.028120383333943677e-02
-2.147485050212121632e-02
8.381688726939036382e-02
2.259084040755605094e-01
2.527871143305800983e-01
2.280353480959166901e-01
-2.420544808825945970e-01
-1.394187509582081708e+00
-2.268973046608481481e-01
2.144235200350564363e-01
3.593075394827283109e-01
2.357378175159391409e-01
2.012605665664036203e-01
2.960384791386253545e-01
2.809428684910285634e-01
2.513877432207866636e-01
-1.763242627890062864e-01
-2.504617573056469593e-01
1.303304825689082513e-01
3.065437611638180404e-01
3.532546594695052944e-01
3.625556657269886629e-01
3.662504084230193691e-01
2.927324124854930321e-01
8.355511057190165292e-02
9.160669854070710438e-02
1.900358840645452740e-01
2.189705440414611015e-01
1.586641635263885408e-01
1.699155093747434231e-01
2.237548448019232028e-01
2.565765238220085176e-01
1.485222807494225028e-01
3.458121203862210558e-02
1.661788263296362367e-01
1.586940667495484736e-01
7.291094499310578347e-02
1.023140140686506078e-01
1.856141015912397829e-01
2.054629010552541102e-01
2.980971141002232705e-01
3.051424394974896481e-01
2.395826799762103831e-01
2.743376547111367469e-01
2.683692846922864916e-01
2.713164457941650842e-01
1.914559671931772566e-01
1.582311820550283965e-01
2.032416236817831123e-01
2.278946063650473808e-01
2.266979313462348933e-01
2.844923514316546331e-01
3.221636042468336014e-01
2.626030977129523158e-01
2.456086880969187425e-01
1.950421624449394098e-01
1.586225450838097129e-01
1.721140127943285858e-01
1.365662525258604099e-01
2.096107636674770236e-01
2.820677890955346490e-01
3.388443963722971297e-01
4.115030502223279707e-01
3.597131995910176072e-01
2.257552013653720824e-01
5.558767756636195934e-02
-1.863260767534670459e-02
-7.609173527863886122e-01
-1.247507337381156267e+00
-3.917864870613966266e-01
1.429365113752508742e-01
3.626848476338329630e-01
8.096984151103163441e-02
-7.821904864360040843e-02
3.641553861259231306e-01
5.979380176321439366e-01
6.017945371240963626e-01
4.491610073855884511e-01
3.077408124112042676e-01
-8.755950013322749692e-02
3.450469562103123389e-01
6.065899541495242131e-01
6.036563560806936790e-01
6.082946183473008084e-01
6.783489733815916134e-01
6.440614117031623342e-01
-5.388906693724871966e-01
-9.057161478586265302e-01
2.561741554936350918e-01
6.618131163204512557e-01
6.004462239971858351e-01
6.756566312170132482e-01
7.731688448873096364e-01
8.356167268021166272e-01
7.589727784909089392e-01
-3.782718125435495238e-01
-1.802414205822999937e+00
9.926302493016890549e-02
7.667175029521580143e-01
9.364944769025118632e-01
9.132775568196703775e-01
9.071517795387492589e-01
9.452333932324471499e-01
9.566482365383420783e-01
7.567595657211640958e-01
7.253984501831490794e-01
6.491759720451465432e-01
5.560488021570584305e-01
5.650516242345712259e-01
5.019147684385987240e-01
4.813842046876923852e-01
5.320588084772971404e-01
6.287121450422045177e-01
6.795571284248631549e-01
7.483308003054573998e-01
7.667526948850793556e-01
7.917082678501626836e-01
9.147135783305900825e-01
8.907450838302205520e-01
8.983294059267636911e-01
9.151711823900685605e-01
9.418725187014475031e-01
9.282087289644175288e-01
9.399825689117613514e-01
