1.141933920309066508e-03
3.942972146039873220e-03
1.013241120548456775e-02
1.790580514563788750e-02
2.471417515646457883e-02
2.694860705880314927e-02
-3.038223302311015422e-02
-1.640419701083074833e-01
-2.632873652298998168e-01
-2.777354524168303418e-01
-2.531069420688733529e-01
-2.177281904490626085e-01
-2.012554956959874686e-01
-1.982165672138683499e-01
-1.841647550570189307e-01
-1.611182154516256626e-01
-1.349253925759949235e-01
-1.095160203752015698e-01
-8.566621863021790795e-02
-6.348820778139506460e-02
-4.394225280946542633e-02
-2.395735535675324115e-02
-3.488080528133253450e-03
1.211863104372143222e-02
2.493560538609001717e-02
3.777670586025497212e-02
4.181537566259226762e-02
3.938016096394109100e-02
4.132454907883675171e-02
4.729932254987745388e-02
5.626557584930090561e-02
6.828819179222905822e-02
8.049731455054630336e-02
2.253084013661758866e-02
-2.314392650532339224e-01
-4.673552805460861048e-01
-5.214446111371637826e-01
-5.329196123736998914e-01
-5.217440170774783059e-01
-5.002837280985166224e-01
-5.051031967327216377e-01
-5.074464898721384731e-01
-4.814334360612320118e-01
-4.240664090864975644e-01
-3.429311747832525792e-01
-2.585161255223408783e-01
-2.079290313802932000e-01
-1.885394073713514140e-01
-1.638399940823047629e-01
-1.245485181302475042e-01
-7.564601990088379302e-02
-2.801610951268364985e-02
-1.340737621492568525e-02
-1.023919527775300625e-01
-1.890334530515958011e-01
-1.770877188988347617e-01
-1.279334989134789657e-01
-7.611775626947323015e-02
-3.372150886310790879e-02
1.160506515229344643e-02
6.151726137318748455e-02
1.076014966999927353e-01
1.229375070778122581e-01
1.062874445754980052e-01
1.072011501881319911e-01
1.401998370227482138e-01
1.866606910694999510e-01
2.370622259319327685e-01
2.876166783860034659e-01
3.307365885649244386e-01
3.541170788732873054e-01
3.628152906529498178e-01
3.752550547235685707e-01
3.960138890532182154e-01
4.145440866267002256e-01
4.286713807425678313e-01
4.462459546127414134e-01
4.692285593442101499e-01
4.871084163044258064e-01
4.910589426450953643e-01
4.955431986618574758e-01
5.042047781994775102e-01
5.037807219808134729e-01
4.993420658062943662e-01
5.034899546321256469e-01
5.156146580168277094e-01
5.361683431758395013e-01
5.639175356499839253e-01
5.866802357276380553e-01
6.068553823483309184e-01
6.299331760040798311e-01
6.531160109664005953e-01
6.710503831220941962e-01
6.812348840834679953e-01
6.907311716715150984e-01
7.012804438264080842e-01
7.104652664410847640e-01
7.239001685575535694e-01
7.448760566699876851e-01
7.635010444111978156e-01
7.771326134210556624e-01
7.869957157958034077e-01
7.911449470592281097e-01
7.941400740591412211e-01
7.956091080674752014e-01
8.002265821669137802e-01
8.156774643609346898e-01
8.406135865771822147e-01
8.731421897747555505e-01
9.059562843563796486e-01
9.275276819127473704e-01
9.305017687253409608e-01
9.176397810059317983e-01
8.530728831907061771e-01
7.120906738756255239e-01
5.951626995904406581e-01
5.657657397075629424e-01
5.858089358533707935e-01
6.044989774944276029e-01
5.982337773474118992e-01
6.129495383861393032e-01
6.713591491666638378e-01
7.461106367749525958e-01
8.126795962151810437e-01
8.594654177703291431e-01
8.696491573667157748e-01
8.822635246820996757e-01
9.376928201787765316e-01
1.007739131276480515e+00
1.077003642533637118e+00
1.149420711835366093e+00
1.220693392779123254e+00
1.212228081863282902e+00
1.104329651529091905e+00
1.043968085143834212e+00
1.080120130132961265e+00
1.137834686022425545e+00
1.197908053620477364e+00
1.269355981167238356e+00
1.349504187031199232e+00
1.427495691509051756e+00
1.429430611907356319e+00
1.266906691809400076e+00
1.131971572993560882e+00
1.156261087255631592e+00
1.233274972969360173e+00
1.318248370609446996e+00
1.405472390562160445e+00
1.497250941748675013e+00
1.586232664080957422e+00
1.657409749877586602e+00
1.712267287180322395e+00
1.760965383728027689e+00
1.800179496520926348e+00
1.832835162906804705e+00
1.860552871697255473e+00
1.882589291984790192e+00
1.904127676086966314e+00
1.930669056927423410e+00
1.961966244331690534e+00
1.998226150482291574e+00
2.038760457666009440e+00
2.081557214147304435e+00
2.131411857023297163e+00
2.184639589789901137e+00
2.234523419847761705e+00
2.282723298417876467e+00
2.331689066147595746e+00
2.380173991409312073e+00
2.427565905551391623e+00
