-1.007457094677914437e-02
6.235299865234627571e-03
4.953308882719919398e-02
2.622891526108466625e-02
2.202074358806595245e-02
-4.089706706200708225e-02
-8.183984070040916103e-01
-1.033742318686381223e+00
-9.377204042284009722e-02
2.862814426928117495e-01
3.277541481518863042e-01
2.571288166459564373e-01
-8.355634843557556424e-02
7.622015940502741005e-03
8.158642027306201028e-02
1.125285701424590667e-01
9.498012965088510617e-02
7.588895277618837309e-02
5.575280041290289756e-02
5.241954096718828143e-02
2.628997971835817654e-02
7.200319740131083668e-02
4.940166526032550853e-02
5.097161374850694981e-03
2.060170628377630889e-02
2.982325796496711201e-02
-8.872760298703123716e-02
-4.041548851112600899e-02
9.482460194001188225e-03
2.820039230582941162e-02
4.808128079672235183e-02
6.639913123632171232e-02
4.361757406640660861e-02
-9.408400487379531274e-01
-2.654249088235780984e+00
-2.501883991017466169e-01
3.121423724418038170e-01
1.255044473895739476e-01
3.529386253173938948e-01
6.009174036314401945e-02
-1.989276911596541964e-01
3.794726451489394137e-02
1.876350848159938078e-01
4.104125809626243404e-01
4.132726735696992670e-01
3.337614936196122151e-01
-1.445529884769337914e-01
-9.956310157477962774e-02
2.620962768136338855e-02
1.611674411756569281e-01
1.707461278372938152e-01
1.351556550746110252e-01
-2.980265548696734990e-01
-1.289115875593555005e+00
-3.863970346252218468e-02
3.317551510687710148e-01
3.857906929722649814e-01
2.041686413167106418e-01
1.443798731592249029e-01
2.169188292400754114e-01
1.819954581822137429e-01
1.434679964567544264e-01
-2.495634759910887457e-01
-2.635504976598381788e-01
1.273585915194964668e-01
2.666254729297897197e-01
2.725545621099474403e-01
2.513976826562238642e-01
2.345300965455089925e-01
1.541509795474394207e-01
-3.530551291312547524e-02
3.333110141673367721e-05
1.067182745121042775e-01
1.312763817385268761e-01
7.149307326775433680e-02
8.652095275259866214e-02
1.372153058391331337e-01
1.612137614481953252e-01
5.480848335524166060e-02
-3.995781477399720782e-02
1.005700858177408785e-01
8.997476577561402955e-02
1.044695402448697630e-02
4.753579890392867213e-02
1.262366467710739348e-01
1.353237566917964985e-01
2.113420288101645061e-01
2.003650839399150341e-01
1.286088136709917229e-01
1.611060620631190876e-01
1.517600121212389908e-01
1.527765345524735308e-01
7.867419929702396120e-02
5.801508748397785076e-02
1.095807519431888921e-01
1.330383286341167148e-01
1.294454858326560820e-01
1.806782511662279878e-01
2.066138943119824878e-01
1.421493341997511206e-01
1.279263316901761705e-01
8.497923315918981535e-02
6.047653672872127517e-02
8.315439084406514580e-02
5.578001373186139422e-02
1.301994692250141583e-01
1.917993192190474150e-01
2.312882497836039886e-01
2.822475626813373828e-01
2.159005468247447435e-01
8.840051234625584398e-02
-5.255404783949102487e-02
-8.886064736714827106e-02
-7.348991936324706931e-01
-1.061958338764948273e+00
-1.446551466667066188e-01
3.195075824252456287e-01
4.351141079821866375e-01
9.544296691860459925e-02
-6.636530865100992438e-02
3.463450737466102214e-01
5.079261496789503338e-01
4.479552662804744401e-01
2.676559893716329297e-01
1.322754535836127843e-01
-2.133862407804816008e-01
2.413738655740068073e-01
4.623887741598020074e-01
4.146589563660192934e-01
3.903497636038466001e-01
4.352875302255146406e-01
3.829364606581331376e-01
-7.032252715962625800e-01
-8.886875993160188170e-01
3.128682020661052721e-01
6.232040186939539206e-01
4.764168666842253930e-01
4.944045334334616348e-01
5.409660720404603218e-01
5.580490995548283983e-01
4.546566353863347731e-01
-5.923710292857706783e-01
-1.748144805329310492e+00
2.600410056259753189e-01
7.979499420354712047e-01
8.204765465872930763e-01
6.921684864256487657e-01
6.207013148274510561e-01
6.138999722714758578e-01
5.928102304588416249e-01
3.892476529646250460e-01
3.731025650857840992e-01
3.160051445809096693e-01
2.492863667885616419e-01
2.814729182097737148e-01
2.384447989954016078e-01
2.374694777418449032e-01
2.978630187975466193e-01
3.885977622789051900e-01
4.242010247456269312e-01
4.734656916438610974e-01
4.728383356010509297e-01
4.821331322648391149e-01
5.824286848139056394e-01
5.372279801480457362e-01
5.324206668688985511e-01
5.394512399671234082e-01
5.564550663342626713e-01
5.360647336843266109e-01
5.436939365455154549e-01
