-2.073656477177319036e-03
-4.283305597559911547e-03
-1.870767937701711594e-03
1.754956734282591985e-03
3.470723320033587082e-03
8.489273322921687959e-04
-5.557176659922494211e-02
-1.688868100023304397e-01
-2.295669370374252283e-01
-2.082231584431475935e-01
-1.613108165299673435e-01
-1.171026337924984950e-01
-1.003016484555583621e-01
-9.800674823967230054e-02
-8.626399696365798231e-02
-6.931364925725512494e-02
-5.270956958051473129e-02
-3.936561625770414879e-02
-2.962612494673560332e-02
-2.196225765317690037e-02
-1.678661445632325180e-02
-1.058519455675492604e-02
-3.519477773388658692e-03
-1.352117460894672590e-03
-1.306549629382111914e-03
2.314464498356007954e-04
-5.501621721000520514e-03
-1.493683125407354109e-02
-1.810553074203596902e-02
-1.717621986476913082e-02
-1.402847692787761481e-02
-8.602082709204064009e-03
-3.697832278959105670e-03
-6.411914792358548720e-02
-2.905286137079873821e-01
-4.517259684687832122e-01
-4.308705544122565789e-01
-3.869114373049962197e-01
-3.385895120931469160e-01
-2.969522530639250313e-01
-2.902440130809975094e-01
-2.837755868065586218e-01
-2.544202885430821293e-01
-2.032694792683923668e-01
-1.416781102905418366e-01
-8.815789183501460125e-02
-7.310520798309104451e-02
-8.467143574420044061e-02
-8.659064429223917170e-02
-7.355278000818117612e-02
-5.324764373695441144e-02
-3.559008891030036176e-02
-4.899682733592112399e-02
-1.518485990967415322e-01
-2.277202279884165681e-01
-2.049513220186471862e-01
-1.568364526458188857e-01
-1.188068223920232813e-01
-9.621541021538695948e-02
-7.302248116637320707e-02
-4.960537025506621400e-02
-3.190141402740565013e-02
-4.278286600998474493e-02
-7.773857901899919320e-02
-8.693953738074115811e-02
-6.334982694025344252e-02
-3.232032011305295549e-02
-4.283003408162885939e-03
2.008507854451365912e-02
3.840440696522100239e-02
3.876993218428315124e-02
3.048686738496933502e-02
3.178389734946047290e-02
3.896774358343214201e-02
4.275890684175515100e-02
4.424931458633292458e-02
4.949477377966772507e-02
5.832494845673088374e-02
6.098215328119663270e-02
5.071976799613481246e-02
4.455489294661114930e-02
4.805979480792151037e-02
4.748109279422448731e-02
4.443723210989531519e-02
4.703289781741472331e-02
5.339119981850865698e-02
6.417572372735350084e-02
7.762647737552913485e-02
8.638133415617518795e-02
9.294519059540837236e-02
9.909737806972301888e-02
1.039772479167533764e-01
1.037659912998058487e-01
9.803513249534510920e-02
9.523275173094331025e-02
9.895376245492316925e-02
1.050282487069436471e-01
1.127260883103966271e-01
1.231225519581415906e-01
1.309392810919682570e-01
1.335557443496230290e-01
1.316364819111366935e-01
1.255383923094849363e-01
1.192209212376578314e-01
1.125726192798512659e-01
1.088769964489557096e-01
1.124373313889498599e-01
1.213487249977753674e-01
1.363461262160520771e-01
1.500949701452182761e-01
1.505896072318665402e-01
1.337078157316322069e-01
1.069086221501538841e-01
3.645195472315659879e-02
-8.994365249490363090e-02
-1.703831230029478339e-01
-1.638442895562301216e-01
-1.213122090461521418e-01
-9.440852184659156987e-02
-9.804215228058602016e-02
-8.499954614753330029e-02
-3.851255714941319991e-02
1.139496362087514397e-02
4.369589175211033294e-02
5.602602664858094550e-02
3.816075992608862488e-02
2.923131549767611637e-02
5.987074321448568326e-02
9.942529232972038833e-02
1.330604946989628612e-01
1.667255748650474656e-01
1.989151647540602919e-01
1.557840060444382890e-01
3.971389461676935739e-02
-4.927830796743276620e-03
4.112113736781061041e-02
9.520528792263796558e-02
1.400361036282621041e-01
1.867491444357877173e-01
2.357200857435712005e-01
2.765632482182987517e-01
2.392133307705868739e-01
6.884846788938889239e-02
-2.998738003613486691e-02
2.405705730912250512e-02
1.115030875619544837e-01
1.919266011266037575e-01
2.546025891783491035e-01
3.080483301537397800e-01
3.608478585931592098e-01
3.989294378711842892e-01
4.210606189431729263e-01
4.338836779221892370e-01
4.352163071614027490e-01
4.338076495627586349e-01
4.308298839209686593e-01
4.244291667713279703e-01
4.229472231114160263e-01
4.330931184245930265e-01
4.526571313429304522e-01
4.773966820015500545e-01
5.036195366499306436e-01
5.285376176806663162e-01
5.601600137520328371e-01
5.939396852060262466e-01
6.238145482028487621e-01
6.532728141609335237e-01
6.826033314792997464e-01
7.094706856385613047e-01
7.336048765434796115e-01
