-1.508994053321992990e+00
-1.507825204580189649e+00
-1.507207574523754090e+00
-1.505969724479805816e+00
-1.504360412229616584e+00
-1.501414701686220710e+00
-1.515054014987797792e+00
-1.509373966667948430e+00
-1.506973205420888196e+00
-1.503786879837641255e+00
-1.499103915171184243e+00
-1.492221801202361586e+00
-1.486133418012341778e+00
-1.482075074827586825e+00
-1.474799934964416970e+00
-1.461716593652637286e+00
-1.438708568130711019e+00
-1.395454764267591408e+00
-1.287605894708070853e+00
-5.170789674117044488e-01
-2.091149185256152787e+00
-1.727064673800104089e+00
-1.639822304374511930e+00
-1.612573186133690495e+00
-1.597999243675432446e+00
-1.585091629716178563e+00
-1.586781536674420234e+00
-1.599927679155179305e+00
-1.601983324504796080e+00
-1.592282487178920958e+00
-1.578150109870342543e+00
-1.563761488420699841e+00
-1.553280050503210497e+00
-7.057862219296194839e-01
-1.499116280299775728e+00
-1.501495559695946724e+00
-1.498688163743132185e+00
-1.494956910227598357e+00
-1.490238025020828916e+00
-1.484739819453748222e+00
-1.481138181682639665e+00
-1.477382933794309183e+00
-1.470481587217157493e+00
-1.456826281002165935e+00
-1.426503253041119912e+00
-1.346592864169333881e+00
-1.230808866683987812e+00
-1.221999027099820667e+00
-1.152301292510358621e+00
-4.604971500528535211e-01
-2.151842259066490737e+00
-1.765185276138694803e+00
-1.781292027281610402e+00
-1.290518768559105300e+00
-1.420384926872104492e+00
-1.403799259143549305e+00
-1.322855761733581437e+00
-9.190396187973900455e-01
-2.619991628883203916e+00
-1.790027632638945043e+00
-1.663508947429819473e+00
-1.618961734382480921e+00
-1.616174227440592581e+00
-1.649206790077520690e+00
-1.658151997769902408e+00
-1.617739339869093129e+00
-1.586183794607932018e+00
-1.566868942492433581e+00
-1.554350567378318893e+00
-1.546406351352857422e+00
-1.542287118610426777e+00
-1.539902264813250543e+00
-1.536735294727570755e+00
-1.532622132544428251e+00
-1.528862976643041938e+00
-1.525499237531789509e+00
-1.522006012896994553e+00
-1.518456624436183011e+00
-1.515226188855032019e+00
-1.512279432683597991e+00
-1.509323274250847113e+00
-1.506384222901243186e+00
-1.503339791249906909e+00
-1.500198530102892835e+00
-1.497388763530251854e+00
-1.494980179224141281e+00
-1.493048003704517068e+00
-1.491458380119976779e+00
-1.489531081287937431e+00
-1.487490319267684491e+00
-1.485646297135331473e+00
-1.483817031497421279e+00
-1.481651964631114149e+00
-1.479017584856722856e+00
-1.476446102653524939e+00
-1.474047308871379469e+00
-1.471610822799291896e+00
-1.469653030490294165e+00
-1.468398451868291321e+00
-1.466839634367265166e+00
-1.464827809280294879e+00
-1.462499162669749442e+00
-1.459684054199779979e+00
-1.456875081925637527e+00
-1.453991426910339557e+00
-1.451623727999269198e+00
-1.450631205148574132e+00
-1.450614765462379996e+00
-1.451131394690754250e+00
-1.451268053001697478e+00
-1.449993640825301355e+00
-1.446772249894120232e+00
-1.441913951529529392e+00
-1.429459734473085497e+00
-1.394678248970516288e+00
-1.347085960439875496e+00
-1.343418982564678954e+00
-1.366439285951239979e+00
-1.379418342202175962e+00
-1.378735193479858401e+00
-1.385578992132659115e+00
-1.402573488488546571e+00
-1.416357594633194994e+00
-1.423846979341509611e+00
-1.426336238151848512e+00
-1.423050029274884443e+00
-1.420763739085279642e+00
-1.424898051337068372e+00
-1.429594935066333727e+00
-1.432883739906118503e+00
-1.435592056176089093e+00
-1.437462403321354776e+00
-1.431689662043470923e+00
-1.414286447209597730e+00
-1.402340244670855940e+00
-1.406950064263060352e+00
-1.413055119839565554e+00
-1.417658533377720742e+00
-1.422170593043156961e+00
-1.426227492460319768e+00
-1.428969986743280574e+00
-1.424494723012557085e+00
-1.400980938147551313e+00
-1.376050380276346186e+00
-1.382541216012154184e+00
-1.395376812227444141e+00
-1.404896181817612222e+00
-1.411729170493537966e+00
-1.417032130365177167e+00
-1.420664597364660109e+00
-1.421998233441326587e+00
-1.421826881030329837e+00
-1.421197603514498642e+00
-1.419925971726163416e+00
-1.418324164457002823e+00
-1.416518054229896295e+00
-1.414462194745601753e+00
-1.412569847870208672e+00
-1.411244489635772981e+00
-1.410367800326986609e+00
-1.409894439228609908e+00
-1.409687712721660269e+00
-1.409559131337812410e+00
-1.409849323482221362e+00
-1.410193685294730548e+00
-1.410134401373394963e+00
-1.409869070540672897e+00
-1.409597275877534805e+00
-1.409233749335363717e+00
-1.408760216814359145e+00
