1.769562081602898962e-02
2.597412606310122232e-02
6.957397147280763861e-02
5.055105969732159171e-02
5.248083650225904978e-02
-1.965206303140518140e-02
-8.702274531626620346e-01
-1.209981310239585328e+00
-3.020798727268354522e-01
1.474974442362349536e-01
2.722987627771177310e-01
2.604302388500416288e-01
-6.779977450979590703e-02
1.589626330367473889e-02
9.864098789395878142e-02
1.483501074280243470e-01
1.394855122360835475e-01
1.300643844325470588e-01
1.147618013712581597e-01
1.078714676531674910e-01
8.134840792524462849e-02
1.238736563817269681e-01
1.013984015402214917e-01
5.840184716525860520e-02
6.983335433075417431e-02
7.326451280578616387e-02
-5.384645030086015333e-02
-1.717783733979226513e-02
3.112266079642466224e-02
5.689196301720546300e-02
8.428789213366080779e-02
1.092902443433147741e-01
9.109931761027978414e-02
-9.751788552996116799e-01
-2.956845130449846870e+00
-6.739005755876338322e-01
1.359289050260642506e-03
-7.182899012929269689e-02
2.540147112638588833e-01
1.735382647336464190e-02
-2.315689938625761501e-01
8.133410552164627161e-03
1.889603382745779492e-01
4.662394870321101559e-01
5.318075211444724948e-01
4.886766228660011646e-01
-7.752081828368735661e-03
8.687768919231238229e-04
1.104157243947754830e-01
2.595719887054950825e-01
2.842144567370939456e-01
2.563086257599474505e-01
-2.091658098815973033e-01
-1.332574832296729905e+00
-1.446931224516618542e-01
2.940340435203750435e-01
4.286308598648908008e-01
3.084889581809548975e-01
2.582178144921888352e-01
3.489982476047224780e-01
3.361787389673495108e-01
2.958272460887764188e-01
-1.278962076743194731e-01
-1.870002167988546460e-01
1.828608097057162207e-01
3.477033262101723587e-01
4.002418025590304129e-01
4.107774290066201761e-01
4.077420474633863812e-01
3.062228507630880281e-01
1.162997966240185421e-01
1.000229601908771970e-01
2.064020449397576673e-01
2.582378781463147144e-01
1.908165531029655249e-01
2.036354219219447537e-01
2.621044547836072214e-01
3.035881201339023505e-01
1.951408372231946686e-01
9.626071792051443810e-02
2.180439875369953595e-01
1.811250485939696897e-01
8.537195709131836785e-02
1.273423049834006004e-01
2.315848060757137450e-01
2.594144144384653572e-01
3.630700563224976141e-01
3.729216893896381002e-01
2.836927030879661804e-01
3.330043180637932143e-01
3.383280001016124583e-01
3.419352016655702320e-01
2.656285249416084904e-01
2.304526218334756460e-01
2.684985065288908457e-01
2.615479249953325258e-01
2.576687153892524007e-01
3.372392014420693140e-01
3.848188395941977147e-01
3.062819777957361822e-01
3.103342319091172974e-01
2.576635219559106904e-01
2.301876994423692757e-01
2.505184020163839786e-01
2.174070920413627706e-01
3.062559415294489051e-01
3.941240352856515416e-01
4.562440389967651888e-01
5.113989533460534531e-01
4.605201824551871104e-01
3.371797675113648030e-01
1.781688931292562672e-01
1.046980493938464429e-01
-6.036831392145731723e-01
-1.072197095882633899e+00
-1.967657202817334194e-01
3.333855435192953909e-01
5.430937556158949020e-01
2.562188686931207160e-01
9.667298430465631753e-02
5.522546199496883856e-01
7.664397333130810175e-01
7.756782999003788426e-01
6.106778370842858017e-01
4.536843687772734723e-01
4.884514606198472886e-02
5.061188894742842947e-01
7.578992553607335481e-01
7.449588945468644807e-01
7.470839110406458650e-01
8.055804060059690297e-01
7.491877030649281011e-01
-4.086795068703449885e-01
-7.783623205540357581e-01
4.052226221480607071e-01
8.037162179632841852e-01
7.292573366180754579e-01
8.105302928092796844e-01
8.958304392030775887e-01
9.420561526141955078e-01
8.650041864283741777e-01
-2.273498571158940051e-01
-1.676699302740445097e+00
2.533866796173594449e-01
9.300463398355349742e-01
1.047896755234082322e+00
9.971075459872537072e-01
1.040504817144312089e+00
1.049884627925792513e+00
9.926096468285021679e-01
7.817766358396796011e-01
7.588609196151190339e-01
7.244714441515092140e-01
6.505670216347499979e-01
6.611503236493320168e-01
6.144455226199652120e-01
6.079430258124189912e-01
6.406508030421977917e-01
7.158453440960435010e-01
7.399474621651003226e-01
8.117953953702859993e-01
8.246785605978620426e-01
8.616935919381084608e-01
9.507170526492632057e-01
9.316390182017281196e-01
9.134567162081838054e-01
9.250121176024672653e-01
9.485775869475701061e-01
9.418392874024672512e-01
9.556083077155149708e-01
