7.530893105486806014e-04
2.589134003480635798e-03
7.210523660007223286e-03
1.216578604856003928e-02
1.541877283999957757e-02
1.410317046151400924e-02
-4.059958565918565798e-02
-1.485329278926052488e-01
-2.011183190660426057e-01
-1.736933407214936720e-01
-1.240726468294076068e-01
-7.983960271832857281e-02
-6.431420066119480916e-02
-6.308946049904681774e-02
-5.234439792426819060e-02
-3.603363715293114722e-02
-2.021454077743940064e-02
-7.652761326813396769e-03
1.952250937639968265e-03
9.451105772853313908e-03
1.448182462561200395e-02
2.052557958571666827e-02
2.702547265255083458e-02
2.922948735361054207e-02
3.006057848612602237e-02
3.207282406132560409e-02
2.681264393528072498e-02
1.853382258390197379e-02
1.669341657945971891e-02
1.913730705870958504e-02
2.397299881661680773e-02
3.079331989340003059e-02
3.666440989083073060e-02
-2.218069870031678936e-02
-2.412668666595452205e-01
-3.870890777492229651e-01
-3.540019473137864248e-01
-3.032081902421854269e-01
-2.507490308645047850e-01
-2.077678078618921675e-01
-2.004773370727659931e-01
-1.930630161317697102e-01
-1.638994530439819575e-01
-1.143048504276703847e-01
-5.525952918923045937e-02
-5.002076370248569048e-03
6.599982298820529850e-03
-6.273908344644127388e-03
-7.723404303571436771e-03
6.839653075496067089e-03
2.877477799500121475e-02
4.735013516394459554e-02
3.484030215739257474e-02
-6.416326072303553396e-02
-1.313788228076880338e-01
-1.008178809362594575e-01
-4.781286356643188462e-02
-6.140693051711325345e-03
1.878090591365782699e-02
4.278814235690790030e-02
6.724758725900092937e-02
8.544317936859872897e-02
7.471178902426135748e-02
4.223060188190477099e-02
3.560943612667346464e-02
5.916316503694712958e-02
8.978637851416548799e-02
1.182835999654033160e-01
1.427180115049312137e-01
1.579847282858604929e-01
1.554848070769607460e-01
1.443052887074671720e-01
1.418728960321735677e-01
1.487098020086923267e-01
1.532652880629900849e-01
1.548334643066824889e-01
1.606415277924438945e-01
1.710842027841719681e-01
1.756778033477355561e-01
1.684848099891227136e-01
1.653139775131614309e-01
1.674848736323279186e-01
1.622885469471419817e-01
1.558448139232983254e-01
1.586757805377478903e-01
1.676436411467702170e-01
1.823199735855026149e-01
2.001991048549482954e-01
2.106383047601142755e-01
2.182423713306679280e-01
2.277757586306452253e-01
2.366596689094714046e-01
2.403184711406790575e-01
2.381315641081754308e-01
2.376252460415403112e-01
2.396775725580627403e-01
2.415025101857402601e-01
2.476789431365464533e-01
2.596360839771095219e-01
2.676797564290862574e-01
2.709848525626105120e-01
2.712522793613666994e-01
2.676911160782708965e-01
2.649558802426777437e-01
2.620995449503333852e-01
2.634082824484068053e-01
2.740646510543010006e-01
2.908562544242530579e-01
3.114026667903571077e-01
3.286623906924659999e-01
3.335963696074310536e-01
3.228087804351832402e-01
3.024885904491250166e-01
2.407995773440712861e-01
1.267395892908840804e-01
6.058377201528274136e-02
7.981314680862935940e-02
1.314822583362671438e-01
1.650119741298221587e-01
1.674189626070781145e-01
1.879522035617078590e-01
2.405946417255762360e-01
2.953011811011375665e-01
3.318268421294650050e-01
3.461263847168421504e-01
3.284254150117023041e-01
3.222870702650529329e-01
3.566573481105022592e-01
3.977209869568465450e-01
4.319849109104715867e-01
4.653339582710975808e-01
4.944862446805485257e-01
4.493201556690888943e-01
3.341113867675165605e-01
2.924447029408247523e-01
3.410907399915070748e-01
3.949271579971749824e-01
4.392152953534670390e-01
4.850879787408813870e-01
5.310483120721114503e-01
5.682759565442103700e-01
5.322173953920001921e-01
3.644887592713506042e-01
2.696812938037244090e-01
3.287998316362820694e-01
4.153749350968202192e-01
4.879294302236614200e-01
5.470285166783759312e-01
5.994048479012746844e-01
6.424898775023812902e-01
6.658012236018836516e-01
6.757937314541460072e-01
6.831726652659411148e-01
6.850530612169052347e-01
6.854517123726991956e-01
6.852024464262347347e-01
6.834444735803547610e-01
6.849032757986526221e-01
6.935471936324404396e-01
7.071275001122969694e-01
7.246950357704511347e-01
7.444070645646223561e-01
7.643440501729495962e-01
7.892432242409250787e-01
8.145986693186920702e-01
8.350361769250530530e-01
8.535122421010714611e-01
8.724611773389481240e-01
8.905012947495123399e-01
9.074421801465056836e-01
