-6.657511095740950395e-04
-8.591143602002287083e-04
2.791452644281367662e-03
7.525813287152936966e-03
1.056950367178461497e-02
9.079975530374526094e-03
-4.771193600326350398e-02
-1.655834974168838847e-01
-2.340566759658065377e-01
-2.187350009004636886e-01
-1.741413776361852017e-01
-1.292399329782384920e-01
-1.103123564817096725e-01
-1.062765615692616988e-01
-9.289086715393726768e-02
-7.368010529439890377e-02
-5.440005765564250029e-02
-3.819867800587917889e-02
-2.537248296750881094e-02
-1.490205469975175445e-02
-7.236559475455833605e-03
1.096848420547933377e-03
9.995586972051627439e-03
1.404323949279676770e-02
1.588929243229088989e-02
1.878608004439233370e-02
1.406431423115996407e-02
5.145560999701715918e-03
2.227232036607495243e-03
3.636748324932421658e-03
7.653852544386809988e-03
1.417987480948929187e-02
2.031323521171435678e-02
-4.007521845653409798e-02
-2.730510329890919463e-01
-4.500885077661200828e-01
-4.427276778014380132e-01
-4.062698618431143660e-01
-3.606161050216334929e-01
-3.180640865320457644e-01
-3.092301233294157403e-01
-3.008140419461799442e-01
-2.690727125096976091e-01
-2.140960737047798990e-01
-1.463523125696015170e-01
-8.508466571899092612e-02
-6.244261136828434255e-02
-6.831483330386595165e-02
-6.589976590336341089e-02
-4.864141022560992955e-02
-2.363424837267607062e-02
-1.255330713093336797e-03
-1.067416139940187240e-02
-1.127618671672865891e-01
-1.927771918310864918e-01
-1.728659436001960814e-01
-1.241237335723355262e-01
-8.219652871551980100e-02
-5.476530773419550913e-02
-2.689557505774696142e-02
1.930040960021452146e-03
2.492652687302817846e-02
1.826826976313372999e-02
-1.430710165717898399e-02
-2.305559254872378838e-02
7.460295359992021036e-04
3.378153493580061950e-02
6.576860602663928135e-02
9.473803361760679831e-02
1.163376366901053005e-01
1.193384537384254429e-01
1.119878919490119584e-01
1.127249372729322296e-01
1.209792471859097579e-01
1.265308255419548000e-01
1.292159733760532836e-01
1.358289715955376953e-01
1.468425834527073981e-01
1.520572351143583412e-01
1.443089488765499362e-01
1.397631305780281941e-01
1.427806243510822692e-01
1.400371896862881160e-01
1.350016266607170223e-01
1.374105258032973509e-01
1.453125695148496099e-01
1.589426730250158015e-01
1.763945236332402078e-01
1.882645958898362670e-01
1.975249360311985836e-01
2.075495985495927898e-01
2.165839481046960835e-01
2.202796184041901917e-01
2.176802303817338691e-01
2.168147955566880059e-01
2.203712348269434851e-01
2.250468009627985544e-01
2.328388878384581862e-01
2.453215947985011580e-01
2.549648694050472564e-01
2.595174604612365821e-01
2.599736080404939087e-01
2.558931272753879882e-01
2.515963430747617524e-01
2.467786614058910533e-01
2.453204416608238958e-01
2.525558776562347174e-01
2.663334064141874014e-01
2.859537317465383199e-01
3.041221116199439578e-01
3.094965030894525904e-01
2.972591172684266314e-01
2.735370527133363927e-01
2.046659841642999300e-01
7.563305234450815040e-02
-1.155500547480596552e-02
-1.019203376186654693e-02
3.112696683404790610e-02
6.028643027887814476e-02
5.984662875666053178e-02
7.703629403582450130e-02
1.296052871162664544e-01
1.879476661638392332e-01
2.299456107258556481e-01
2.504478917206623412e-01
2.378753901101579027e-01
2.326997933709937794e-01
2.681410652059880717e-01
3.134333904338371668e-01
3.536352161695568985e-01
3.940487015117470904e-01
4.320867123095802897e-01
3.934478817948791063e-01
2.753891914886681946e-01
2.240355644393637047e-01
2.665074606189945516e-01
3.208953587103909322e-01
3.691132899904167042e-01
4.212760757017509627e-01
4.763475066429674332e-01
5.240256133300695840e-01
4.942600737617739992e-01
3.228889717843261842e-01
2.128229344744652085e-01
2.598873014295902673e-01
3.455511213157172468e-01
4.268833094368402192e-01
4.960080171981225972e-01
5.588717535386694690e-01
6.175768799459273595e-01
6.588799265565914443e-01
6.840444068420766799e-01
7.019048708492107158e-01
7.097485707424092682e-01
7.137192247132410072e-01
7.154163953697931788e-01
7.135073144633027331e-01
7.149564655566804650e-01
7.256110680055957163e-01
7.437539142562368255e-01
7.675355459286000714e-01
7.939578387315465724e-01
8.203540824001878118e-01
8.531237030463930671e-01
8.880382472915462344e-01
9.194366380777554415e-01
9.468168395727026843e-01
9.697604369513789235e-01
9.909816318848048144e-01
1.012538129939088982e+00
1.036250014297021016e+00
1.062111860516616657e+00
1.089553408190420125e+00
1.117298442078834331e+00
1.143595232162781139e+00
1.167179824568034263e+00
1.187740494785289647e+00
1.205904821311994946e+00
1.223119490341974869e+00
1.240003535741209362e+00
1.256733796796085434e+00
1.274257097626993795e+00
1.293419260406706295e+00
1.315361994638726939e+00
1.341155123634801161e+00
1.368641371239357252e+00
1.396315553002047682e+00
1.422795563360270021e+00
1.447589238261229205e+00
1.470624033151410881e+00
1.491226826239264946e+00
1.510344535989805559e+00
1.529396609405034857e+00
1.549558592240168453e+00
1.571418356196111699e+00
1.596266926035489808e+00
1.623797296720281613e+00
1.652838276726057209e+00
1.681702875671035713e+00
1.707766790524191780e+00
1.729846072236729260e+00
1.749080511636520008e+00
1.766891816149355421e+00
1.783931447766395451e+00
1.801446530766819265e+00
1.820951248513069221e+00
1.842954972102740285e+00
1.865589785779933285e+00
1.887579472157113081e+00
1.909161994168052434e+00
1.928983555347307366e+00
1.946345619826638451e+00
1.962136962690846254e+00
1.977455044819057539e+00
1.993070338626845572e+00
2.009478102084286455e+00
2.028072906951011056e+00
2.049165580395777564e+00
2.071257137888199651e+00
2.092377882923269539e+00
2.111204128728329188e+00
2.127486008377301285e+00
2.142217057358289711e+00
2.156475819468079536e+00
2.170242336830024321e+00
2.183785590659538034e+00
2.197418568158446384e+00
2.211661257227168331e+00
2.227481511187072716e+00
2.245023821300268452e+00
2.263514364340915019e+00
2.281678811505961857e+00
2.298779917382735238e+00
2.314158925792561661e+00
2.327966112571998369e+00
2.340102547980935643e+00
2.350741139630039278e+00
2.361305957959664692e+00
2.372432922003008926e+00
2.384852989588801986e+00
2.399491404213251577e+00
2.415630176902272552e+00
2.432596398048202158e+00
2.448333654143214133e+00
2.460629475389426446e+00
2.470062974272527967e+00
2.477443320651059100e+00
2.483884215851665633e+00
2.490291030101469349e+00
2.497543431444805950e+00
2.506852093672522486e+00
