-1.156999541575500119e-02
4.608573280073031096e-03
5.625799443637634345e-02
4.212927105048710347e-02
4.231934789427015120e-02
-2.666555205351935076e-02
-9.326933025138287592e-01
-1.388325646565868654e+00
-5.435468166058384787e-01
-7.183987965167953904e-02
1.027480681255537875e-01
1.421259887973254088e-01
-1.626973408811706601e-01
-6.947603843533034507e-02
2.865965254182077648e-02
9.437768611974865773e-02
1.081955891529377961e-01
1.112192675043474632e-01
1.048335835629792406e-01
1.103692093905559723e-01
8.759520845071175343e-02
1.397068254070714388e-01
1.249696201914021476e-01
7.803849277257937644e-02
8.800415930623696481e-02
9.570818764536213885e-02
-4.063008756708346575e-02
-1.537365663953755082e-02
2.800100359286784510e-02
5.007680602180672458e-02
7.814328163366079938e-02
1.087347844179552270e-01
9.546386800109904480e-02
-1.029760116983934104e+00
-3.242284438334991581e+00
-1.127160237833690681e+00
-4.307062518245325933e-01
-4.583950741131301854e-01
-8.270156026000446969e-02
-2.621013951160290345e-01
-4.978309879204510513e-01
-2.378710740057697615e-01
-1.627368617875626922e-02
3.205957005884773614e-01
4.504943469521072164e-01
4.694703762719342754e-01
-4.597420910512697856e-03
-9.072937377484421861e-03
9.813776648100693001e-02
2.527435012047679619e-01
2.975683380723027072e-01
2.883400518950048896e-01
-1.908401363552066354e-01
-1.423019717495406233e+00
-3.193520975407565521e-01
1.353064950950690071e-01
3.166479417916969741e-01
2.250256215673394622e-01
2.115531341415831934e-01
3.274444218505993542e-01
3.338703710301290095e-01
3.209802916846177800e-01
-1.130944931535886044e-01
-2.138437280627907555e-01
1.582276833093722024e-01
3.506845927158278031e-01
4.208889621293955274e-01
4.528950377342592093e-01
4.768028460897041354e-01
4.175689400377693983e-01
2.081333908105272301e-01
2.076497423690463195e-01
3.034900649987639643e-01
3.355490438068348125e-01
2.763614752255416085e-01
2.865762375542003637e-01
3.424188995696152982e-01
3.806782414567160822e-01
2.737228076825302114e-01
1.510238879240964893e-01
2.763123487962826363e-01
2.684338850220476247e-01
1.780503530854229410e-01
2.012395323033198680e-01
2.841582753826162877e-01
3.080075275108456467e-01
4.091454519748445873e-01
4.276904397720705520e-01
3.693632273588546289e-01
4.092373749449106368e-01
4.088408099404165497e-01
4.164746782855170970e-01
3.371128485966091159e-01
2.994654695977385650e-01
3.412967884632315263e-01
3.661534621004666201e-01
3.660681382162522257e-01
4.273904139998629947e-01
4.722024893440144311e-01
4.176322467811466321e-01
4.016892519014387819e-01
3.489842207683741537e-01
3.069204384146100306e-01
3.145989804116009481e-01
2.729139081701026370e-01
3.424815741173029005e-01
4.182328903941215925e-01
4.834306690829193176e-01
5.690308603909606244e-01
5.290611025335902884e-01
3.970424194009296581e-01
2.151943098567161150e-01
1.203826300015839457e-01
-6.768100989422021208e-01
-1.263972256742246225e+00
-4.763947497949692078e-01
5.913705171641332747e-02
3.117754552316771566e-01
5.478186518948718886e-02
-1.019048882369080616e-01
3.563016269664412983e-01
6.328027149090205139e-01
6.835270812514800953e-01
5.646789864336316800e-01
4.397380618064892221e-01
3.476064261087152829e-02
4.623985839499579198e-01
7.494689874664099971e-01
7.793160632146221012e-01
8.124234435272473798e-01
9.105095761620347616e-01
9.018002070508025492e-01
-3.145751544518045617e-01
-7.761249436734671825e-01
3.416209229894422439e-01
7.755911030504438752e-01
7.527282837706112950e-01
8.621868984317966333e-01
9.969197157513070007e-01
1.098474683935443119e+00
1.054750647203497538e+00
-1.092214157954596310e-01
-1.668777337422656881e+00
1.436052567738688446e-01
8.428387883646893952e-01
1.075520883843380737e+00
1.112763032678584230e+00
1.157763188263434717e+00
1.241599087810721924e+00
1.294710392555852074e+00
1.122221399036190892e+00
1.104833236845136124e+00
1.035859845879682828e+00
9.415233385151646761e-01
9.459590488671680841e-01
8.762690151237436664e-01
8.464312194523804234e-01
8.904334800828188623e-01
9.877485284803858567e-01
1.045418157855606101e+00
1.125282986220485615e+00
1.156929798147763977e+00
1.195173664269220337e+00
1.336275706349080217e+00
1.331898841676754763e+00
1.355731693746396349e+00
1.387649357064065780e+00
1.429241030534626589e+00
1.428864702403865650e+00
1.452028417087392498e+00
