-1.236826835802007215e-06
-6.154849132148737141e-06
-2.835312437746413369e-06
2.638648383557971912e-05
7.296781492088375216e-05
1.237215063696014993e-04
5.409496954300532930e-05
-5.100615405310320646e-04
-1.592307678762087389e-03
-2.707060314066669221e-03
-3.581209163987279179e-03
-4.182440186772824579e-03
-4.598760294266356421e-03
-4.992440785208955047e-03
-5.349267374286339333e-03
-5.626306871937931768e-03
-5.810491433666755377e-03
-5.915938748056221060e-03
-5.961447863186978419e-03
-5.963080485362783761e-03
-5.931083509882821916e-03
-5.874704645551980485e-03
-5.780790310244050129e-03
-5.663349772449038574e-03
-5.544556939317184761e-03
-5.421010448815928411e-03
-5.302083572863451957e-03
-5.234068160112576550e-03
-5.197318468383613395e-03
-5.160081500582530678e-03
-5.106478004968969912e-03
-5.024514917871243311e-03
-4.908736377756715147e-03
-4.890847557426702269e-03
-5.619674086222399730e-03
-7.615991620964481998e-03
-9.808263582889911042e-03
-1.171165048710852072e-02
-1.334334172679453590e-02
-1.467264512822238041e-02
-1.586137093828051195e-02
-1.703613621351714527e-02
-1.809924078077486051e-02
-1.894094056225230013e-02
-1.946187912544139823e-02
-1.967176793516327987e-02
-1.968779167119275378e-02
-1.974258969493504490e-02
-1.984652180621186701e-02
-1.991957150531678197e-02
-1.989009553614215151e-02
-1.975235373341231726e-02
-1.958260009626050513e-02
-1.970371346809065768e-02
-2.043104482648981299e-02
-2.121178614330239756e-02
-2.174404161109725481e-02
-2.200518350459176875e-02
-2.209746390061113550e-02
-2.206898943230975810e-02
-2.190645024835935484e-02
-2.163324512923366083e-02
-2.132692813286732325e-02
-2.117296389613531130e-02
-2.115844666427684623e-02
-2.108217637892538174e-02
-2.084621246288998614e-02
-2.044774745681466471e-02
-1.990938807501737087e-02
-1.926100075395024633e-02
-1.857205504287798986e-02
-1.793494670040141070e-02
-1.733635778829865220e-02
-1.671939625799390497e-02
-1.607118618512154429e-02
-1.541660567034690982e-02
-1.474912930121787848e-02
-1.404251748736791948e-02
-1.329684755662312659e-02
-1.257211891177362900e-02
-1.190293861913096010e-02
-1.123294995493482988e-02
-1.056280599521858266e-02
-9.924718272623095014e-03
-9.297907540594819997e-03
-8.641308597361141777e-03
-7.935707278037705883e-03
-7.150752113041477023e-03
-6.298321046676508966e-03
-5.412734705168120719e-03
-4.490231526340109428e-03
-3.534555902668206229e-03
-2.557853901557080416e-03
-1.597622286437395001e-03
-6.632053875402347566e-04
2.711260860654708367e-04
1.220572369079613289e-03
2.191079678980761229e-03
3.207040615874860202e-03
4.274039783485048850e-03
5.360197038399039729e-03
6.445941336440753032e-03
7.507378740021859211e-03
8.533603519585462177e-03
9.531469134473011598e-03
1.050207869578724702e-02
1.148579779813739543e-02
1.252176678903405699e-02
1.363653255891798116e-02
1.484323158294974590e-02
1.609477162462984862e-02
1.730646295062633969e-02
1.840027461371565934e-02
1.927470577748724781e-02
1.961079247424090191e-02
1.934835722275210154e-02
1.896808468875783166e-02
1.879416721909624513e-02
1.887041679407715569e-02
1.901905719918064661e-02
1.917939786745967781e-02
1.953993308323557013e-02
2.019257161098412384e-02
2.108326398602177257e-02
2.209074738988420911e-02
2.308449090836843520e-02
2.395126295858277313e-02
2.489680395620515185e-02
2.605386353448554959e-02
2.740483157434040959e-02
2.892545748373956740e-02
3.061444124761178442e-02
3.230661356574744680e-02
3.348409432050009765e-02
3.413890562320628930e-02
3.486842952190783579e-02
3.590928376446621273e-02
3.720771930754981222e-02
3.874516519213012933e-02
4.052917017029476765e-02
4.254117199233569541e-02
4.459070037405687276e-02
4.605062622910010423e-02
4.658421885790189898e-02
4.711206412920031228e-02
4.807994874794631335e-02
4.950671814710283503e-02
5.129648523525297266e-02
5.337742969455811642e-02
5.571508750943724581e-02
5.825480572754969388e-02
6.088536648558545705e-02
6.356504495918954833e-02
6.625515698407233312e-02
6.892173942242699192e-02
7.156789013760353479e-02
7.417821784905107019e-02
7.675711588109145056e-02
7.934499576957708411e-02
8.199082729200304898e-02
8.472174622619639550e-02
8.755912931954076828e-02
9.049986586497853203e-02
9.355326138441924511e-02
9.675073202706982456e-02
1.000725147535604098e-01
1.035003938836236287e-01
1.070065646793017661e-01
1.105772409419142205e-01
1.142102428833913635e-01
1.179143990914723883e-01
1.217024290879384213e-01
1.255828603315570502e-01
1.295600621537799368e-01
1.336287231033427836e-01
1.377766422954086190e-01
1.419876779420840562e-01
1.462484350532290978e-01
1.505511486297909929e-01
1.548955093680151607e-01
1.592806782930884235e-01
1.637093257453836881e-01
1.681883883750354414e-01
1.727290401598227665e-01
1.773481218551584693e-01
1.820604456648347580e-01
1.868650730058881160e-01
1.917593033181242135e-01
1.967307597881980952e-01
2.017720714691763617e-01
2.068705540193376269e-01
2.120166869049079639e-01
2.172073100010862290e-01
2.224469350842342430e-01
2.277434472929509568e-01
2.331083531650325613e-01
2.385573564401285984e-01
2.440982216591179865e-01
2.497332391433269849e-01
2.554517048074482211e-01
2.612335567111971346e-01
2.670600941650644322e-01
2.729226830233226209e-01
2.788173373030605195e-01
2.847445425938183172e-01
2.907122186930254371e-01
2.967332170240548073e-01
3.028161835992997375e-01
3.089576869171940521e-01
3.151542264757186684e-01
3.214004920500155849e-01
3.276834761651025718e-01
3.339933357239930345e-01
3.403257552261771401e-01
3.466820213739608691e-01
3.530656268962020783e-01
3.594842194296676285e-01
3.659513168590757815e-01
3.724749093839053726e-01
3.790533300919820547e-01
3.856757171918095972e-01
3.923286311779977664e-01
3.990011432269540692e-01
4.056899640964202192e-01
4.123940778710500354e-01
4.191119609664599177e-01
4.258445007732496457e-01
4.325934521953555545e-01
4.393650193782022706e-01
4.461681994958713315e-01
4.530093030570346846e-01
4.598887745847707875e-01
4.668011340254272223e-01
4.737389590709483178e-01
4.806924888756358150e-01
4.876551590896497368e-01
4.946182486334662065e-01
5.015792433423915675e-01
5.085413035515443658e-01
5.155095162535673348e-01
5.224937544091508013e-01
5.295042905774831610e-01
5.365448943582703523e-01
5.436151520461763864e-01
5.506996573642901627e-01
5.577811756817093736e-01
5.648487726182243041e-01
5.718958077808574680e-01
5.789226224750149141e-01
5.859321853534017466e-01
5.929335962511578240e-01
