-1.113068782226117256e-02
5.179011004620600635e-03
5.441442052950371672e-02
3.713531324032096070e-02
3.531268500952897127e-02
-3.264602588353510138e-02
-9.010796795484069532e-01
-1.278504205094409540e+00
-3.882784068777986874e-01
7.230868003723928128e-02
2.150503666243164802e-01
2.215375357658847799e-01
-9.924619887220351155e-02
-1.182512271750707500e-02
7.470303671696756909e-02
1.252860639648072372e-01
1.242765107415044062e-01
1.149292576873610083e-01
9.886421009870899335e-02
9.673748431368325851e-02
6.857516349251763232e-02
1.152380202330304110e-01
9.497531730398495187e-02
4.598537264972688693e-02
5.558967495158111116e-02
6.240879239772116616e-02
-6.968115374784145111e-02
-3.729641058037647117e-02
9.238126805339141878e-03
3.150967177745411796e-02
5.792649966849704180e-02
8.510578277543967562e-02
6.860844629369508563e-02
-1.015962269685369179e+00
-3.073591253275221646e+00
-8.401451101756146622e-01
-1.494110392466893034e-01
-2.048914151210811663e-01
1.351219973121830786e-01
-7.895714521315133627e-02
-3.273097948160942350e-01
-7.935698021690351656e-02
1.151534413591539241e-01
4.099563225319136639e-01
4.898621957355572265e-01
4.639513507853957885e-01
-2.836458157466914543e-02
-3.082820386619851416e-02
7.407110158839713687e-02
2.173023405549700249e-01
2.461214670758432865e-01
2.230626680900587300e-01
-2.485036273687432351e-01
-1.411332590797176101e+00
-2.522664197155942700e-01
1.910077404625486752e-01
3.407214245554757714e-01
2.212223488734798571e-01
1.892980462232756456e-01
2.866348578715370299e-01
2.741583886465042696e-01
2.466107397209349739e-01
-1.820810528305923104e-01
-2.597442180625667008e-01
1.200080587287754436e-01
2.984901722471661745e-01
3.483856310724103844e-01
3.607402920885901532e-01
3.671641098634351730e-01
2.956227295194458482e-01
8.656106102708538419e-02
9.373440432755811291e-02
1.921565878500143265e-01
2.218819980261948210e-01
1.621246995298575855e-01
1.736708694771124384e-01
2.282329873426955091e-01
2.622426114219091886e-01
1.548078667115850293e-01
4.020954606719759350e-02
1.715161590592165775e-01
1.645297552003937847e-01
7.868412140313568726e-02
1.078201366760707658e-01
1.916237860076171473e-01
2.125340528744152913e-01
3.068016893435585035e-01
3.158484083562595468e-01
2.517102405405181598e-01
2.876186267105641514e-01
2.828784421694821027e-01
2.869548687473189030e-01
2.076914042019907536e-01
1.744479227423886558e-01
2.196400132389866033e-01
2.449394860145362729e-01
2.445144106469735179e-01
3.034035337841906599e-01
3.426428184198402338e-01
2.843597535484722050e-01
2.681336793280748587e-01
2.179339314350432488e-01
1.814433235471247796e-01
1.948664754293620849e-01
1.592198657308290244e-01
2.325246596288093603e-01
3.061256040026564262e-01
3.646971863111838630e-01
4.397202220661503569e-01
3.901219898148378107e-01
2.570516565777116180e-01
8.600992262213857931e-02
9.800706360047983789e-03
-7.389546351266036428e-01
-1.237919009351822641e+00
-3.901530271220717272e-01
1.455987737011990024e-01
3.703196251298124242e-01
9.221162501951635226e-02
-6.645964593020128874e-02
3.781353758601588844e-01
6.175873088394217003e-01
6.275476907774033553e-01
4.792426103892859501e-01
3.399072772501762763e-01
-5.666174624349842870e-02
3.754642872654875285e-01
6.406264185817861501e-01
6.422660104492383670e-01
6.509271466734506406e-01
7.250020101229642799e-01
6.944796070138523625e-01
-4.924111277410420096e-01
-8.709923198507267816e-01
2.861063055010435452e-01
6.964768967236087960e-01
6.409878275193235941e-01
7.213857257976465931e-01
8.244146015680713369e-01
8.926028775178673769e-01
8.208947395416038573e-01
-3.192275354253716335e-01
-1.760341536111003968e+00
1.308904844482975116e-01
8.038421545907989962e-01
9.829086123395013308e-01
9.683928219158466355e-01
9.695986063339232519e-01
1.014269649774724558e+00
1.031769684306172330e+00
8.361561723700419169e-01
8.074402022416129476e-01
7.331350854103493297e-01
6.409657414852226731e-01
6.506345873532791702e-01
5.880231572215407487e-01
5.677550094556388371e-01
6.191181007748826071e-01
7.174730714713778434e-01
7.708449865433277814e-01
8.427081617223504129e-01
8.644971691440447303e-01
8.928335285776358710e-01
1.019871397856875639e+00
1.000143506858160336e+00
1.011556931354112621e+00
1.032121128043286262e+00
1.062576414946255987e+00
1.052513806998653489e+00
1.067704947387427605e+00
