-1.091539764042318873e-02
5.436144528117048749e-03
5.347654431727066199e-02
3.476172557246241107e-02
3.213817931367767000e-02
-3.511114452564779997e-02
-8.850509300514890487e-01
-1.225975517918062696e+00
-3.179050079814083607e-01
1.328638972809523811e-01
2.575807945267791221e-01
2.475897350469385694e-01
-7.988705612045648996e-02
6.101434689308606052e-03
8.840072324693737382e-02
1.332671055162447382e-01
1.269659748182473402e-01
1.136755381542560867e-01
9.497751780906683872e-02
9.107606853111376022e-02
6.207097368900875434e-02
1.076100419177246359e-01
8.602833246376583032e-02
3.725247099222056546e-02
4.762242311402260092e-02
5.470277356568097743e-02
-7.478394327936674357e-02
-3.878671993780422739e-02
9.101847020596222360e-03
3.119927889126481932e-02
5.657960772706254610e-02
8.196097005051838913e-02
6.389736644912885621e-02
-1.000665328376554530e+00
-2.984466206155073742e+00
-7.014459560674165539e-01
-2.274099059808475792e-02
-9.782399214778335350e-02
2.215877775979732678e-01
-9.932031969764311408e-03
-2.632762792935754992e-01
-1.963825572100513783e-02
1.636951617265582359e-01
4.408882539891060826e-01
5.005579746829955656e-01
4.579763286868350769e-01
-3.747128628408209761e-02
-3.408324563320778988e-02
7.332865772570673624e-02
2.139165079325001939e-01
2.376235468543274332e-01
2.104505664303023826e-01
-2.549098703439785507e-01
-1.382487629394142825e+00
-1.985780168792873057e-01
2.360204584571544140e-01
3.686635980233127219e-01
2.356592391807926790e-01
1.958305675157568926e-01
2.856241124304995660e-01
2.657955287002514155e-01
2.331720666919663287e-01
-1.908204864750213392e-01
-2.561318340377596314e-01
1.271972182404433604e-01
2.985657461974952076e-01
3.388750886444323318e-01
3.425854016528024348e-01
3.418221606013718827e-01
2.658169447684569087e-01
5.838461414727199456e-02
7.009854168908749572e-02
1.699248636014862313e-01
1.983967529592916834e-01
1.382036311068168821e-01
1.500893374255035106e-01
2.035599272289882189e-01
2.350283587930339091e-01
1.269981867298684008e-01
1.585760696895740715e-02
1.491649483191669345e-01
1.415610041177493839e-01
5.692136834769975784e-02
8.780438517542543675e-02
1.707802863861909715e-01
1.891423832604685606e-01
2.791580673703936699e-01
2.830158805239354480e-01
2.158004090783741113e-01
2.495757687156604787e-01
2.425264868921126749e-01
2.446689035079940566e-01
1.652228472865839293e-01
1.336873682749475656e-01
1.797752782664247262e-01
2.043986115326341391e-01
2.029049941261630852e-01
2.597064608724612422e-01
2.954333457389290429e-01
2.347352921275490389e-01
2.177834459466785333e-01
1.681216134009758112e-01
1.334702542240044643e-01
1.485599208923109593e-01
1.145570864458790583e-01
1.882197452289991191e-01
2.593273234119756188e-01
3.134592479100458129e-01
3.824467355491023568e-01
3.276807646458236301e-01
1.938303070650459481e-01
2.758192068835858823e-02
-4.065490586570389558e-02
-7.675237698392908259e-01
-1.227103863859916766e+00
-3.564379352081830654e-01
1.726499756248444650e-01
3.789046392026171883e-01
8.804465519521662009e-02
-7.275826594214984677e-02
3.642952437154569623e-01
5.857067553039141394e-01
5.772824958718186794e-01
4.172095697157840455e-01
2.737397604871105727e-01
-1.161931709183221390e-01
3.193302920266963829e-01
5.745706296576933436e-01
5.637852536620486799e-01
5.623551639313293382e-01
6.267453271138101467e-01
5.877418947398550531e-01
-5.825764170761837946e-01
-9.210160182826210296e-01
2.513711669096794776e-01
6.461197383538783701e-01
5.724856037969164868e-01
6.379695480113622974e-01
7.258184148619232223e-01
7.788608036408106727e-01
6.952816877188785494e-01
-4.311560401067447978e-01
-1.814667232812077646e+00
1.092960115955487477e-01
7.628050876152141502e-01
9.118227612215910050e-01
8.709848070744669046e-01
8.516629928963715956e-01
8.791554721311644061e-01
8.818264512564749635e-01
6.777553028495192367e-01
6.459144307070209257e-01
5.706991061775998908e-01
4.804707601314233134e-01
4.926535468500006232e-01
4.326928371020693498e-01
4.156038172012428977e-01
4.684737868197291211e-01
5.649200490522021667e-01
6.137911389062095102e-01
6.795251870268553818e-01
6.945547691462776729e-01
7.163446053998371310e-01
8.349666550959375932e-01
8.065092918175259529e-01
8.108095141489786162e-01
8.248014080683444549e-01
8.487462456321126503e-01
8.328240975312654060e-01
8.428505237259824590e-01
