-1.315048759543306902e-06
-6.966374455276378484e-06
-4.714006674795355846e-06
2.692915942040553247e-05
8.352127161679776760e-05
1.528364308508136835e-04
1.005175763765819331e-04
-5.104386663334058724e-04
-1.805834378638265358e-03
-3.328751532122233882e-03
-4.742534219292111886e-03
-5.935180304108938522e-03
-6.936263872898628183e-03
-7.888910881769036973e-03
-8.779811053659216172e-03
-9.557698793284706909e-03
-1.019689330090388542e-02
-1.070165237854900885e-02
-1.108643688430514633e-02
-1.136745082526172124e-02
-1.155766933446896773e-02
-1.167085355678830656e-02
-1.169694720334215482e-02
-1.165206787570467403e-02
-1.156463928116996560e-02
-1.143839611979581734e-02
-1.128816205247767067e-02
-1.117137455947702154e-02
-1.108101424873242022e-02
-1.098908867935147193e-02
-1.087794891435140375e-02
-1.073151246350568556e-02
-1.053898699855225322e-02
-1.043606635214869988e-02
-1.115242198912912153e-02
-1.342198025904250622e-02
-1.628380923316537915e-02
-1.915321501324969422e-02
-2.193318916442839328e-02
-2.450037547974266705e-02
-2.695174217919697052e-02
-2.939629868667023235e-02
-3.172375373214097322e-02
-3.378974608340291202e-02
-3.544466355202971486e-02
-3.664720673996611083e-02
-3.748554699154475756e-02
-3.820792215046433377e-02
-3.886515747701844298e-02
-3.939961227010366218e-02
-3.974133073881016415e-02
-3.987792504091528661e-02
-3.988649708743997879e-02
-4.012954208845285337e-02
-4.103432147398440588e-02
-4.211302849266917309e-02
-4.301295566665801900e-02
-4.364194932998219367e-02
-4.405647753722045923e-02
-4.428473463465548710e-02
-4.429919759104248428e-02
-4.411184739746215611e-02
-4.380032921533436735e-02
-4.357933276514788790e-02
-4.348169491530230052e-02
-4.331753637703684989e-02
-4.296431319178743019e-02
-4.239053202906401668e-02
-4.159834291696808822e-02
-4.060615097183215699e-02
-3.948376128692942383e-02
-3.834209548152218983e-02
-3.719205786307707567e-02
-3.598740077534878790e-02
-3.471601930777783868e-02
-3.340569066756807204e-02
-3.205486116863449225e-02
-3.063733981716249694e-02
-2.914972979606330131e-02
-2.765571692078324512e-02
-2.620466851247279030e-02
-2.474907893306407466e-02
-2.328930351259701076e-02
-2.186236597705526821e-02
-2.045317845449979785e-02
-1.901780979103681254e-02
-1.752861717854256249e-02
-1.594328328483209795e-02
-1.426131642324801434e-02
-1.251281782311010164e-02
-1.069384766846153897e-02
-8.807375415577634037e-03
-6.866483858962627203e-03
-4.914791611228027345e-03
-2.972297552866461426e-03
-1.019757019199712608e-03
9.575134396583935732e-04
2.966708782143401453e-03
5.036325078731715942e-03
7.179166338677176427e-03
9.366060133720514533e-03
1.157391963103777087e-02
1.377174766525601259e-02
1.593883557150364491e-02
1.807400096796180425e-02
2.017237681420021994e-02
2.227348989590071521e-02
2.442475018973792183e-02
2.666604017897206136e-02
2.902589722422222254e-02
3.146662375482251611e-02
3.389689866687215641e-02
3.621563784291934041e-02
3.828700015367732246e-02
3.971950470272642142e-02
4.034482341864558536e-02
4.060376501063575616e-02
4.088041560976600486e-02
4.130411547720379967e-02
4.174978823061693128e-02
4.216974333507578221e-02
4.277922587619668177e-02
4.372565997788567527e-02
4.500293861547938895e-02
4.650919503826239643e-02
4.810415481513653779e-02
4.963786947383987819e-02
5.129580202343882178e-02
5.323542692250037706e-02
5.546912725074780448e-02
5.799067660065096441e-02
6.081155333123021423e-02
6.376530291271771678e-02
6.625703067137914126e-02
6.814867293839112217e-02
7.000330854388367441e-02
7.212603565937959760e-02
7.453046210339285549e-02
7.724258216862757431e-02
8.030662271880975589e-02
8.373363918093372493e-02
8.734016593201983369e-02
9.041984078469215980e-02
9.245036139500119321e-02
9.426930699730942664e-02
9.641786518982321808e-02
9.903055672403739129e-02
1.020943420149134084e-01
1.055867462527477624e-01
1.095033090484119481e-01
1.138060591831104029e-01
1.183791929594396886e-01
1.231605330358966910e-01
1.280876687977042239e-01
1.330989202684799144e-01
1.381717878434563229e-01
1.432690427208798412e-01
1.483752240627616292e-01
1.535192555333694531e-01
1.587505530533253606e-01
1.641044251160870548e-01
1.696138286418064078e-01
1.752869795957620325e-01
1.811422496814758809e-01
1.872234793626658123e-01
1.935224959200941008e-01
2.000259006156021313e-01
2.067051693624888942e-01
2.135412898653584191e-01
2.205262614510593300e-01
2.276648282501819442e-01
2.349687055818546477e-01
2.424477775898449261e-01
2.501088182979867014e-01
2.579483607203621465e-01
2.659537819938533332e-01
2.741055450745611966e-01
2.823843111356495461e-01
2.907751910831558040e-01
2.992712528630653845e-01
3.078661470255171784e-01
3.165581081307055622e-01
3.253514189423040714e-01
3.342568998314158768e-01
3.432939638006560212e-01
3.524830049735052095e-01
3.618289907133609984e-01
3.713335439833352902e-01
3.809862054436123358e-01
3.907790123221986933e-01
4.006967980909074689e-01
4.107255295413075324e-01
4.208570061785419925e-01
4.310917586930213541e-01
4.414357282230496060e-01
4.519007414616286189e-01
4.625056513613194920e-01
4.732632647798636349e-01
4.841809817895447177e-01
4.952514419301340398e-01
5.064539579687650228e-01
5.177650996057813204e-01
5.291695127997506631e-01
5.406564923842647197e-01
5.522205984147319224e-01
5.638657291272175520e-01
5.756036537484732207e-01
5.874445045690457334e-01
5.993865125027848517e-01
6.114266257726731491e-01
6.235591085497298458e-01
6.357686491561697073e-01
6.480409911294918723e-01
6.603667460046680482e-01
6.727427637279148609e-01
6.851694236002895400e-01
6.976528893884006433e-01
7.102077168901301807e-01
7.228451035621661358e-01
7.355666413639300183e-01
7.483627493118308882e-01
7.612184114819958713e-01
7.741188016963703733e-01
7.870559743612143278e-01
8.000247692540076727e-01
8.130199815079903747e-01
8.260394006851441429e-01
8.390825110577369017e-01
8.521544345899706441e-01
8.652649222207399182e-01
8.784225469516530049e-01
8.916303158815126473e-01
9.048842618264363313e-01
9.181768413856912225e-01
9.314963693338949025e-01
9.448330298384008952e-01
9.581738767810671353e-01
9.715116683968255673e-01
9.848458571448919230e-01
9.981793587023050085e-01
1.011521792931426633e+00
1.024885441360108285e+00
1.038277160797326681e+00
1.051699475210378543e+00
1.065137774357935330e+00
1.078571843313917533e+00
1.091985414828641643e+00
1.105365699776316157e+00
1.118707393298243646e+00
1.132009229877619871e+00
1.145278069046066216e+00
