-2.973262106113453207e+00
-2.964334323929181281e+00
-2.977362319870963336e+00
-2.970603561644856505e+00
-2.964887520166116452e+00
-2.951754684291986841e+00
-2.977508539597629955e+00
-2.971294305300683725e+00
-2.965039607774431651e+00
-2.954468048131591473e+00
-2.936565236424610426e+00
-2.906257246186594756e+00
-2.883682985335891402e+00
-2.875426282417699042e+00
-2.849610864372725594e+00
-2.795253060599296013e+00
-2.690236922686012111e+00
-2.479725141499575347e+00
-1.951552926590838011e+00
2.393696931250641313e+00
-6.077629139550435156e+00
-3.983579343665009098e+00
-3.539430262461055854e+00
-3.474023603195754983e+00
-3.464062094401603176e+00
-3.411936632775828038e+00
-3.620894663464411245e+00
-5.840909911773721319e+00
-2.346042253883229378e+01
-6.012675414583937616e+00
-4.058441727178542457e+00
-3.524100210847081360e+00
-3.355195456843042656e+00
-2.817797587811246895e+00
-2.946518759158549550e+00
-2.949882885652367115e+00
-2.938852232785138519e+00
-2.924250277894784311e+00
-2.905371716501084833e+00
-2.883794498875706935e+00
-2.873917031248196086e+00
-2.863313478720697081e+00
-2.837667514511117428e+00
-2.778046706271551258e+00
-2.616558993116615106e+00
-1.958023196511646358e+00
-1.425323699143886458e+00
-2.140114885765331820e+00
-2.208292926086244279e+00
-1.764239518125309214e+00
7.856623149374132531e+00
-4.880245041097441394e+00
1.209503850664465432e+02
-2.709600053422921651e+00
-2.809808779387294564e+00
-2.764540945937517868e+00
-2.627021246030146528e+00
-2.324400698236754437e+00
-1.720516237562682793e+00
1.051146523035601810e+01
-4.492571682893506946e+00
-3.803986886855314609e+00
-4.237783056605090692e+00
-3.601850015176450981e-01
-1.375238290969390542e+00
-7.743779023293345887e+00
-3.760533761579758938e+00
-3.417956898597756421e+00
-3.292764842782154755e+00
-3.237096825789159027e+00
-3.234955345922565950e+00
-3.256740598869850345e+00
-3.250264952331862744e+00
-3.221382478273829175e+00
-3.202703714544558711e+00
-3.190842132892952598e+00
-3.171033430934209640e+00
-3.146317500612629381e+00
-3.132916496734560852e+00
-3.137046679404561722e+00
-3.135208510932948833e+00
-3.121884276666551550e+00
-3.117050966202556950e+00
-3.114833711402433813e+00
-3.102237463074631663e+00
-3.084882427691002516e+00
-3.065451620530846633e+00
-3.047442561062786659e+00
-3.034912703713222637e+00
-3.024306627059230479e+00
-3.014031561426040895e+00
-3.004525200407029306e+00
-2.996154702852080298e+00
-2.988454867532380099e+00
-2.980491207629502703e+00
-2.972454757463617980e+00
-2.964628735775050927e+00
-2.957294957298401528e+00
-2.950723855010448204e+00
-2.943933339723657561e+00
-2.936519114449011258e+00
-2.928401047238819110e+00
-2.919230852580882107e+00
-2.910042112870767639e+00
-2.900577434297218815e+00
-2.892632860423464791e+00
-2.888615427409348957e+00
-2.887059866964277077e+00
-2.887098038947920386e+00
-2.885497907890290481e+00
-2.878641248965455368e+00
-2.864334618127942989e+00
-2.842906153730554220e+00
-2.764895816125893191e+00
-8.933722053359538506e-02
-3.440978662140624422e+00
-3.658851747305694069e+00
-8.772873799532741046e-01
-2.374578102845367855e+00
-2.356424276807953966e+00
-2.529614709229446312e+00
-2.727063906023498241e+00
-2.800225556498190826e+00
-2.822734052869093624e+00
-2.823659308451248684e+00
-2.799046653634251758e+00
-2.783824159635401863e+00
-2.807738824126018606e+00
-2.828068530658946145e+00
-2.838333847157073375e+00
-2.845384749474466624e+00
-2.849278632482413531e+00
-2.820288322446476315e+00
-2.706067451861136952e+00
-2.620444322177664098e+00
-2.713714024171730799e+00
-2.767728738816745082e+00
-2.793324544503645424e+00
-2.811446944082844013e+00
-2.824500295046053822e+00
-2.830843595744858554e+00
-2.806909078020837001e+00
-2.648964119298193864e+00
-2.356973554694238082e+00
-2.585907335024244524e+00
-2.716374058147370540e+00
-2.769111192249652298e+00
-2.793225656531747703e+00
-2.806940756474072707e+00
-2.815444793932284639e+00
-2.816722342714660599e+00
-2.813375581036228645e+00
-2.808513755621533825e+00
-2.801260976828182869e+00
-2.793564615176872934e+00
-2.785652320982153096e+00
-2.776944939751006203e+00
-2.769954682683066771e+00
-2.766708233281101492e+00
-2.766013146704227044e+00
-2.766822865395498710e+00
-2.767800916807744649e+00
-2.768149207758971109e+00
-2.770087527082881529e+00
-2.771852997397837193e+00
-2.772003905839984572e+00
-2.770732392648286524e+00
-2.768220367023315198e+00
-2.765365478226760931e+00
-2.762739128915987497e+00
-2.760754635722603823e+00
-2.759277056037256148e+00
-2.758070602494052448e+00
-2.756761100670940490e+00
-2.754942444030632487e+00
-2.752390634332395614e+00
-2.749137140853544103e+00
-2.745410389986533417e+00
-2.741603434874808176e+00
-2.737839575675059756e+00
-2.734140668523620477e+00
-2.730720637918911287e+00
-2.727747642222647873e+00
-2.725449533215144271e+00
-2.723998370920669210e+00
-2.722739834601374032e+00
-2.721334743688395896e+00
-2.719489224415525541e+00
-2.717191995101663871e+00
-2.714476776988994366e+00
-2.711247257380184905e+00
-2.707772503370998507e+00
-2.704393392290469933e+00
-2.701348091066633650e+00
-2.698719724718982693e+00
-2.696753258267351683e+00
-2.695279245445931782e+00
-2.693986645053564999e+00
-2.692488763062676149e+00
-2.690264776652967260e+00
-2.687171720441154488e+00
-2.683565440789657863e+00
-2.679786488300967218e+00
-2.675969369022457300e+00
-2.672373511194765960e+00
-2.669292086475557824e+00
-2.666764972832242453e+00
-2.664307613405357600e+00
-2.661658397240567631e+00
-2.658904122453246366e+00
-2.655759092080000272e+00
-2.652126192580083419e+00
-2.648245284562983581e+00
-2.644369925183827963e+00
-2.640650462644325014e+00
-2.637170259752583235e+00
-2.634214327578443537e+00
-2.631784042802399082e+00
-2.629494454327438557e+00
-2.626912234765175214e+00
-2.623802424455030646e+00
-2.620176469481227954e+00
-2.616307493733107670e+00
-2.612439915724170447e+00
-2.608548899357398643e+00
-2.604688136665944675e+00
-2.600912587512142160e+00
-2.597329815489441973e+00
-2.594137897119033642e+00
-2.591326992272257712e+00
-2.588687074488500883e+00
-2.585923411387355486e+00
-2.582901530849467608e+00
-2.579503980986575407e+00
-2.575811762494171653e+00
-2.571814071536242530e+00
-2.567575548369108951e+00
-2.563433240883013386e+00
-2.559506160840713918e+00
-2.555939854547552237e+00
-2.552912487228546468e+00
-2.550196943442353703e+00
-2.547624439254573492e+00
-2.544699110054297719e+00
-2.540963631018909208e+00
-2.536643602805526587e+00
-2.531965466841960222e+00
-2.527208898954984573e+00
-2.522568512966091525e+00
-2.518234864600414458e+00
-2.514465766175858263e+00
