1.377333228245878304e-02
2.603881264542860785e-02
7.695008493839085306e-02
6.554387305269809838e-02
7.220721279058654740e-02
2.947395464207632626e-04
-9.233552505548222600e-01
-1.417201897226469942e+00
-5.999148249359922414e-01
-1.305431174581898890e-01
5.415597376433334276e-02
1.045589808887572442e-01
-1.947035689259046798e-01
-1.015875220577854565e-01
1.823641929200703338e-03
7.918302897425842646e-02
9.922022478977103599e-02
1.133090223874272939e-01
1.171640386558956970e-01
1.268808413108564459e-01
1.117868874207757213e-01
1.669565059289042919e-01
1.568429819978853224e-01
1.187090172047809561e-01
1.329361026128415280e-01
1.407873711796927829e-01
6.827062293629521800e-03
3.130755856985772967e-02
7.512995970875537000e-02
1.017554179972493533e-01
1.340830723235616473e-01
1.678150063428855421e-01
1.577763726548536138e-01
-9.868203978453479186e-01
-3.273448798041942442e+00
-1.225498354725485628e+00
-5.429202710094898077e-01
-5.675052433435955335e-01
-1.782019444219752335e-01
-3.512132082791555865e-01
-5.811819757130995967e-01
-3.218819914331710885e-01
-9.187873179743438756e-02
2.642893366350231310e-01
4.248518288397654663e-01
4.693461472543156154e-01
9.270642667733322573e-03
1.442644641867309174e-02
1.305136967350470911e-01
3.039611117340772495e-01
3.641460917256584273e-01
3.679839745450949051e-01
-1.080250128315601715e-01
-1.364347183774719197e+00
-2.825657672389777497e-01
1.808680178324671983e-01
3.801411653144715075e-01
3.161541608007569781e-01
3.074880585952078360e-01
4.375549497864467119e-01
4.643590975184669900e-01
4.578927289314316251e-01
2.689511672336026421e-02
-7.506579617864936327e-02
2.847414212786508192e-01
4.794892389607014471e-01
5.716811450826626562e-01
6.228930275148437667e-01
6.582686298353149779e-01
5.873538187902096475e-01
3.955924769900727167e-01
3.703525176088395265e-01
4.706690367861301461e-01
5.253388689312383786e-01
4.634511704572558122e-01
4.761384002835769014e-01
5.391845283070848538e-01
5.910559839468197962e-01
4.877531859807837655e-01
3.754343408677187077e-01
4.915168328137302645e-01
4.590454868975812341e-01
3.548547996787376202e-01
3.819734830325546837e-01
4.817195326776479436e-01
5.164201635442438043e-01
6.352231463386852628e-01
6.676819441291600432e-01
5.972737725557493160e-01
6.548854329951532272e-01
6.714675222225768847e-01
6.872683978697162743e-01
6.156598869826928055e-01
5.774637671568214614e-01
6.141750586752983132e-01
6.128532967295901024e-01
6.090800244954548415e-01
6.901175021983604330e-01
7.494672518066956002e-01
6.836176049145006317e-01
6.871988889334749162e-01
6.336791167101788469e-01
5.976143171413956789e-01
6.098203519903013792e-01
5.687334331496338713e-01
6.522967258636104271e-01
7.477345641923600628e-01
8.287177375740304441e-01
9.132868182464124462e-01
8.859715638883978173e-01
7.688508350005249792e-01
5.939835965230201298e-01
4.908988390858493034e-01
-3.098831480505458980e-01
-9.453324918563028589e-01
-1.863382723789225870e-01
3.446644560828709403e-01
6.093974062490128407e-01
3.640099403455014371e-01
2.087568828774291063e-01
6.895719077680424469e-01
9.801345711245746939e-01
1.069765857278726306e+00
9.679378145940296108e-01
8.451116192905678837e-01
4.283048870549902021e-01
8.757288985697572192e-01
1.175169068947704343e+00
1.221936872404787655e+00
1.275867751433921837e+00
1.387186880470222095e+00
1.380247289988963288e+00
1.659262058289696640e-01
-3.596360731057866578e-01
7.445653590273192401e-01
1.189265053537230665e+00
1.179667166261762157e+00
1.317156701970476629e+00
1.468192127005333969e+00
1.584059918763936148e+00
1.564459648323177632e+00
4.259229853061323734e-01
-1.241539289964592729e+00
5.308512160603209296e-01
1.254773707877733013e+00
1.482130680389451616e+00
1.531499487660085146e+00
1.651476893731213647e+00
1.745712310520897148e+00
1.769234084552425035e+00
1.602689428603275346e+00
1.599780910756313679e+00
1.572473064242329910e+00
1.499180317462198486e+00
1.508264700089313237e+00
1.454371467413545282e+00
1.437255364786321321e+00
1.467619501759460432e+00
1.549913059633017287e+00
1.589100666393190142e+00
1.677074553129856094e+00
1.711711792445589353e+00
1.768796975079086398e+00
1.893057147250408523e+00
1.904350848340301994e+00
1.915950556310645592e+00
1.950900937072877372e+00
1.997684728224695894e+00
2.010972774800174445e+00
2.043720073687319339e+00
