-7.715299626256809651e-01
-7.724344363684139125e-01
-7.755967387587880957e-01
-7.495831271726236533e-01
-7.669371946117656824e-01
-7.631662604245739168e-01
-7.716766490274418189e-01
-7.722033875459859420e-01
-7.731612508653153970e-01
-7.746482318582388338e-01
-7.766654417332192750e-01
-7.792287653109775114e-01
-7.814333796334266280e-01
-7.831277270450572869e-01
-7.855519346755636123e-01
-7.889306392733227424e-01
-7.933220493292569842e-01
-7.987040488637413560e-01
-8.050833450277540271e-01
-8.129143738706765543e-01
-8.220980914819603358e-01
-8.355525206560950879e-01
-8.582628266236552728e-01
-8.836701940881451778e-01
-9.107326194165514810e-01
-9.578938458687705770e-01
-9.516807876455877224e-01
-9.107397720235747007e-01
-9.018564924969481034e-01
-9.092333634545417542e-01
-9.306702735697042206e-01
-9.864834844575871564e-01
-1.106704914927261862e+00
-8.296844550578015287e-01
-7.851970564834729327e-01
-7.806667506944329205e-01
-7.814666709099621356e-01
-7.829557508799304122e-01
-7.848728520811701914e-01
-7.870470522105379452e-01
-7.884647806560101113e-01
-7.899381732889484420e-01
-7.924342619863895543e-01
-7.965852623401935562e-01
-8.032099517815421974e-01
-8.127237535933964363e-01
-8.206338436770117539e-01
-8.239880104036662045e-01
-8.286539781566205631e-01
-8.376540496968110094e-01
-8.526586364660774242e-01
-8.737936357608627747e-01
-8.765086945363177451e-01
-8.338669691579403409e-01
-8.174749583349532056e-01
-8.195887312788326939e-01
-8.278754802486260056e-01
-8.384904285960360637e-01
-8.490272704986223662e-01
-8.643856609757900600e-01
-8.886050202982990198e-01
-9.227225493004844736e-01
-9.271223133904857860e-01
-8.962795102332578034e-01
-8.901022995550121886e-01
-9.164450608093874795e-01
-9.836804684191449155e-01
-1.173696335000279145e+00
-3.983049188740295676e+00
-1.577604054456146487e-01
-3.783292085113806325e-01
-4.097118867881635040e-01
-4.767788704789306387e-01
-5.417423025863664643e-01
-5.762180361671231932e-01
-5.964945443447645657e-01
-6.180824647223026602e-01
-6.397798788296453765e-01
-6.514613288480419762e-01
-6.487635486910925398e-01
-6.469981869255694296e-01
-6.542975322689897899e-01
-6.576366272539346802e-01
-6.579685877002949823e-01
-6.629128763388598689e-01
-6.710746235333340248e-01
-6.818779145317532819e-01
-6.932272839101958350e-01
-7.012635178319944762e-01
-7.075892382144610693e-01
-7.131754522882445269e-01
-7.178737997105539836e-01
-7.209585041625194979e-01
-7.223772359413205280e-01
-7.240696367867698324e-01
-7.270108868452314077e-01
-7.303677767615930350e-01
-7.338919736537850014e-01
-7.376766942179824316e-01
-7.409609136756292180e-01
-7.434902022878948635e-01
-7.454233561306609079e-01
-7.468260950158324141e-01
-7.480598077228041154e-01
-7.491627764473181017e-01
-7.504154920162687814e-01
-7.522450023365547800e-01
-7.544825638283285674e-01
-7.570460227781734552e-01
-7.594610287699532503e-01
-7.612813016717804304e-01
-7.624791665389920592e-01
-7.632621720390284636e-01
-7.619862540073536472e-01
-7.276194283750796465e-01
-7.883466024195483479e-01
-7.847402551790605418e-01
-7.878413909297916629e-01
-7.907555219388227030e-01
-7.893217529166371982e-01
-7.911115266512960265e-01
-8.042642764530480992e-01
-8.988969568639413321e-01
-6.666609674671106767e-01
-7.225723985951442163e-01
-7.186898524172886660e-01
-7.172473465977118323e-01
-7.437352290736325422e-01
-7.557935552042276406e-01
-7.614048422484887002e-01
-7.650038439920658906e-01
-7.675802498364707738e-01
-7.690202971273660815e-01
-7.697639294577178770e-01
-7.708585589218299727e-01
-7.722096588180754617e-01
-7.731951997670634125e-01
-7.740816333107261027e-01
-7.748317710756118526e-01
-7.755021666291181948e-01
-7.762420086047226997e-01
-7.780196784768165230e-01
-7.848480215943874905e-01
-8.011997743976675412e-01
-7.968683026696914418e-01
-7.891884260765881232e-01
-7.854094406803537876e-01
-7.837979871165432488e-01
-7.830482435501553429e-01
-7.826443990281759522e-01
-7.827413274940393517e-01
-7.832385729272670627e-01
-7.839652171405615544e-01
-7.849540547040483318e-01
-7.860568175857981510e-01
-7.872473070464248712e-01
-7.885709934545470645e-01
-7.898438879976639182e-01
-7.908610285518449246e-01
-7.916218456072853238e-01
-7.922134437938340712e-01
-7.927285317728969272e-01
-7.932458908140267440e-01
-7.935948150825630210e-01
-7.938764812771249568e-01
-7.942399369405572784e-01
-7.946181432499326291e-01
-7.950090538845856480e-01
-7.954595275619852357e-01
-7.959792112094985495e-01
