-1.301976171523187949e-06
-6.819813933134900955e-06
-4.351654895406428168e-06
2.690314508654564871e-05
8.167383301468853472e-05
1.473885699566499972e-04
9.123240428794896742e-05
-5.123779147420815102e-04
-1.769129842078326267e-03
-3.213217898589667502e-03
-4.516010305813419716e-03
-5.578894581243715525e-03
-6.443196791172690722e-03
-7.257794753346173341e-03
-8.011433095071417848e-03
-8.656028298108742192e-03
-9.169696811774982054e-03
-9.559958134408391012e-03
-9.843428521636237230e-03
-1.003743126428152839e-02
-1.015531202911803405e-02
-1.021059036631820349e-02
-1.019296770651963516e-02
-1.011833017755079528e-02
-1.001401253393746811e-02
-9.882314113316406287e-03
-9.736777225964653518e-03
-9.632437235609464868e-03
-9.559406121361949463e-03
-9.488234939820277061e-03
-9.400898413944560467e-03
-9.281548946736899522e-03
-9.120058624690294616e-03
-9.051387740446135977e-03
-9.790629649281720748e-03
-1.203098796313851158e-02
-1.478480377649376079e-02
-1.747767180347708713e-02
-2.002992435746746985e-02
-2.233525173406483363e-02
-2.450481560288457830e-02
-2.665428578567341153e-02
-2.867875948223015323e-02
-3.044284373481375913e-02
-3.180898704178621722e-02
-3.274862615725600279e-02
-3.335914402923148558e-02
-3.388964500003042307e-02
-3.438604863706978820e-02
-3.478748096918991145e-02
-3.502375343670010438e-02
-3.508366677743143813e-02
-3.504431786855442821e-02
-3.526116646623132789e-02
-3.614018394116389615e-02
-3.717828999358589737e-02
-3.802765364313140384e-02
-3.860671888360613785e-02
-3.898035870337908382e-02
-3.918150807118258444e-02
-3.918652417151228390e-02
-3.901077101000004904e-02
-3.873317992610447041e-02
-3.856410890413106834e-02
-3.852808904181419941e-02
-3.843202819800049796e-02
-3.815665697654749278e-02
-3.767535944456253810e-02
-3.699439852891201613e-02
-3.613501999023518291e-02
-3.516780360670247740e-02
-3.420090255088473197e-02
-3.324079347397451006e-02
-3.223864535259819697e-02
-3.118143600864952195e-02
-3.009577455914526703e-02
-2.897860739836033775e-02
-2.780311808238032992e-02
-2.656604855554748137e-02
-2.533010772030578478e-02
-2.414162613055056278e-02
-2.295084102815205321e-02
-2.175743322588821055e-02
-2.059699617451026324e-02
-1.945284635293487857e-02
-1.828098634338820583e-02
-1.705490518799199218e-02
-1.573434909351006591e-02
-1.432126659457136179e-02
-1.284695939096315923e-02
-1.130794267736472819e-02
-9.707635359598627833e-03
-8.059204195630867776e-03
-6.405316980588398115e-03
-4.763999880216349993e-03
-3.114527440946451842e-03
-1.441720900788202560e-03
2.617225266186241819e-04
2.023795743950139881e-03
3.856089316178263303e-03
5.728850690501898456e-03
7.619503585548939757e-03
9.498339689167733038e-03
1.134660887611579211e-02
1.316496472426301710e-02
1.495012022926014636e-02
1.674228582371900184e-02
1.858781246140580462e-02
2.052431214805184104e-02
2.257732337768483116e-02
2.470691618539724160e-02
2.682233307484805512e-02
2.882634439919366451e-02
3.058957060274231782e-02
3.173464065312155830e-02
3.211535229185843998e-02
3.218428362461924624e-02
3.231908299025305908e-02
3.263539575094279860e-02
3.299786909989110839e-02
3.335464632357319076e-02
3.391442319709678244e-02
3.481258978196030002e-02
3.603143832218190512e-02
3.746218020690662148e-02
3.896319922993480428e-02
4.038911452801800805e-02
4.192836093905193129e-02
4.373391333105183798e-02
4.581210306338411031e-02
4.815228283092826828e-02
5.076235060939167376e-02
5.347474851967952414e-02
5.570757690714955163e-02
5.734758433234900254e-02
5.896822203178449934e-02
6.086619271706041751e-02
6.304427926856411013e-02
6.551988680331324866e-02
6.832920157888594526e-02
7.147599632234906408e-02
7.477328750469967866e-02
7.752709880799123210e-02
7.924935808751219779e-02
8.079764168475063457e-02
8.270171329273794114e-02
8.507717768808328862e-02
8.789480246406405906e-02
9.112033912808395475e-02
9.474058885217881421e-02
9.871133122207752242e-02
1.029147649888514926e-01
1.072904008151892158e-01
1.117791302742812409e-01
1.163241559798229990e-01
1.209082270294853378e-01
1.254992149945613755e-01
1.300867142203869786e-01
1.347033877969028293e-01
1.394001710284417106e-01
1.442121595829645997e-01
1.491710314101627466e-01
1.542833504829771718e-01
1.595659353568028294e-01
1.650602692710609054e-01
1.707557502890103274e-01
1.766376141430441304e-01
1.826770285729527321e-01
1.888556584940357108e-01
1.951665314273732799e-01
2.016153040379952688e-01
2.082141571705374561e-01
2.149730247771676206e-01
2.218984926752604891e-01
2.289869462179326409e-01
2.362259910809574315e-01
2.435968863308099197e-01
2.510816435718180029e-01
2.586670703482227829e-01
2.663479668715547644e-01
2.741195985081185671e-01
2.819816554792377583e-01
2.899395547409451268e-01
2.980047917429048954e-01
3.061968361673545469e-01
3.145354513661403062e-01
3.230247357063540381e-01
3.316655802786280249e-01
3.404471587188855342e-01
3.493615939618688326e-01
3.583942094757427976e-01
3.675319200354981719e-01
3.767676887712886891e-01
3.861031214930482625e-01
3.955449190139215254e-01
4.051052504962974754e-01
4.148027373809557439e-01
4.246494982225121895e-01
4.346520968775205995e-01
4.448025517362628189e-01
4.550802346287005640e-01
4.654625855916214028e-01
4.759356310066214513e-01
4.864902073140695005e-01
4.971223946135639449e-01
5.078373409164269603e-01
5.186475431921734325e-01
5.295633299451572018e-01
5.405829841674253400e-01
5.517036348028264703e-01
5.629198429667531256e-01
5.742169216989925218e-01
5.855816551630279587e-01
5.970058920882437281e-01
6.084876766516372770e-01
6.200283816556365624e-01
6.316348672803027142e-01
6.433218865505437867e-01
6.551003467220591903e-01
6.669714129714864326e-01
6.789253373744040809e-01
6.909474262376187337e-01
7.030236436494360364e-01
7.151470621704200115e-01
7.273135327291784247e-01
7.395188297635740815e-01
7.517616438831684622e-01
7.640422179336674446e-01
7.763662018970475254e-01
7.887435010214223219e-01
8.011824919889459773e-01
8.136858341313542020e-01
8.262493211664657666e-01
8.388654280376636185e-01
8.515228251884656707e-01
8.642123413187289271e-01
8.769219212569365762e-01
8.896453806023939537e-01
9.023831140711608967e-01
9.151387293923305410e-01
9.279221748309908202e-01
9.407455906338016982e-01
9.536153968724039309e-01
9.665336012296887880e-01
9.794853882313022675e-01
9.924510132761094061e-01
1.005415190232552103e+00
1.018366379531899568e+00
1.031300543870389497e+00
1.044217501354956834e+00
1.057124853563818023e+00
