-1.423763421571289545e+00
-1.423091436596393589e+00
-1.424185782734409100e+00
-1.423573294136959211e+00
-1.423113586647829942e+00
-1.422243083446434353e+00
-1.424225270667306642e+00
-1.423628283534036587e+00
-1.423131792065907675e+00
-1.422393981312516598e+00
-1.421322876407425939e+00
-1.419819617933553157e+00
-1.418522130834257489e+00
-1.417626992710470768e+00
-1.416133937401165666e+00
-1.413714392445712509e+00
-1.410039418103456343e+00
-1.404632273218785476e+00
-1.396436337848809606e+00
-1.382285640944818095e+00
-1.355961814668066978e+00
-1.233450551721100519e+00
-1.640898238896872030e+00
-1.521700839554085638e+00
-1.496889607052831916e+00
-1.479516375947770745e+00
-1.489899892204076481e+00
-1.556188927245496956e+00
-1.625440585291232587e+00
-1.580965735436966835e+00
-1.519721937023807978e+00
-1.481641329110328087e+00
-1.464880103128931355e+00
-1.396364749313986575e+00
-1.420068112627848267e+00
-1.421123955152611362e+00
-1.420506060822722016e+00
-1.419630736740504773e+00
-1.418528954808531140e+00
-1.417268441903069665e+00
-1.416462840758025532e+00
-1.415629713276703061e+00
-1.414124514214375905e+00
-1.411328723941355667e+00
-1.405966592973574070e+00
-1.395757418026694729e+00
-1.386327041045121611e+00
-1.385373084225244522e+00
-1.381583345667415808e+00
-1.367677388737251754e+00
-1.324834726733533197e+00
-1.101774336509177443e+00
-1.194881779762501539e+00
-1.390775603148286077e+00
-1.404231079305386931e+00
-1.402091523417582808e+00
-1.394267336359452436e+00
-1.380849401403755783e+00
-1.361698781860366081e+00
-1.310223531475177561e+00
-5.720811805841982123e-01
-1.614350782099854165e+00
-1.634405461688939853e+00
-1.010859020462646640e+00
-1.198986579511956085e+00
-2.158509056952768290e+00
-1.525878765039262674e+00
-1.477773848557972780e+00
-1.460660506781647383e+00
-1.452772076935278989e+00
-1.450463641271468429e+00
-1.450429571407919394e+00
-1.449077198627389151e+00
-1.446606115578521923e+00
-1.444758929109947188e+00
-1.443425701248334914e+00
-1.441741608944647535e+00
-1.439771578292900367e+00
-1.438435138246381584e+00
-1.438161802452935678e+00
-1.437716249043361039e+00
-1.436707464968730585e+00
-1.436113505104235077e+00
-1.435702659740034415e+00
-1.434811483858205339e+00
-1.433610140194538474e+00
-1.432209487122742875e+00
-1.430796753682745281e+00
-1.429683806225802822e+00
-1.428715244247366511e+00
-1.427789477350755787e+00
-1.426931150118075475e+00
-1.426164405222997367e+00
-1.425463842692008321e+00
-1.424760608310647436e+00
-1.424053875356459775e+00
-1.423362084158465768e+00
-1.422698994066704525e+00
-1.422083684976221951e+00
-1.421475267855529356e+00
-1.420844402598728573e+00
-1.420180031335869231e+00
-1.419457287282398728e+00
-1.418719876737735586e+00
-1.417958365984921976e+00
-1.417255055902728378e+00
-1.416753985916989089e+00
-1.416424609201299756e+00
-1.416241786233843447e+00
-1.416026784605013411e+00
-1.415533077261302841e+00
-1.414610266557567941e+00
-1.413273662810488940e+00
-1.409652284076620354e+00
-1.393467702835617494e+00
-1.286752691699980078e+00
-1.210101115175714614e+00
-1.348297510772789476e+00
-1.372781060874011194e+00
-1.370481949867925708e+00
-1.379337987291061163e+00
-1.395526431953932001e+00
-1.403635322059499480e+00
-1.406917742879812527e+00
-1.407948612729723381e+00
-1.406862982637403725e+00
-1.406111118583991626e+00
-1.407783776708438461e+00
-1.409473733989621280e+00
-1.410541367139403590e+00
-1.411349293442104802e+00
-1.411898344607619871e+00
-1.410371208244743269e+00
-1.404949417261586619e+00
-1.400535347285834398e+00
-1.402762374019224989e+00
-1.405237238282795120e+00
-1.406878610498135451e+00
-1.408297940490432110e+00
-1.409475027786433188e+00
-1.410211765487987767e+00
-1.409011671576199776e+00
-1.401912373309406101e+00
-1.392009132497523893e+00
-1.395313686021141919e+00
-1.400652372254801215e+00
-1.404100598445999770e+00
-1.406177382489630645e+00
-1.407586036959074693e+00
-1.408586333111940370e+00
-1.409030899671292136e+00
-1.409074607921010802e+00
-1.408938803650161331e+00
-1.408589677814870766e+00
-1.408146463314850605e+00
-1.407642173021016685e+00
-1.407050318438046288e+00
-1.406512454333535889e+00
-1.406162069707286300e+00
-1.405971361917273565e+00
-1.405898214861008189e+00
-1.405875136061582653e+00
-1.405844581585467212e+00
-1.405922048044339734e+00
-1.406020938344929361e+00
-1.406039994820488470e+00
-1.405976528343219734e+00
-1.405828334964353665e+00
-1.405642734438938390e+00
-1.405454384908684240e+00
-1.405292957238859719e+00
-1.405158414611598738e+00
-1.405041405850560698e+00
-1.404922357400045119e+00
-1.404775715489354315e+00
-1.404584195075025743e+00
-1.404344437062435835e+00
-1.404066283792130942e+00
-1.403771054865672774e+00
-1.403468599397048377e+00
-1.403162285137961041e+00
-1.402866433107907929e+00
-1.402593951075519207e+00
-1.402361645925109812e+00
-1.402184586377970499e+00
-1.402031706733325667e+00
-1.401880714303382014e+00
-1.401712091589291109e+00
-1.401518610734208803e+00
-1.401299434575764558e+00
-1.401045564202930027e+00
-1.400769732667625167e+00
-1.400491219570659363e+00
-1.400226441870577876e+00
-1.399983948405479239e+00
-1.399781192889398396e+00
-1.399614184590297405e+00
-1.399466846755888394e+00
-1.399316670099247206e+00
-1.399129571295059105e+00
-1.398890120227746836e+00
-1.398612271335960333e+00
-1.398314087938330896e+00
-1.398004273259954688e+00
-1.397699306958070542e+00
-1.397419488486037809e+00
-1.397172430228575957e+00
-1.396935051692890228e+00
-1.396690818851760607e+00
-1.396442357713930438e+00
-1.396172387549155625e+00
-1.395871381524848465e+00
-1.395550022640380750e+00
-1.395222204814794420e+00
-1.394898276677627225e+00
-1.394585267914482785e+00
-1.394301844190801720e+00
-1.394053051015476719e+00
-1.393820024678813496e+00
-1.393577137062145477e+00
-1.393306493112380640e+00
-1.393003825275530350e+00
-1.392681014676604434e+00
-1.392351898967951085e+00
-1.392016574987119393e+00
-1.391678767242374937e+00
-1.391342985816985012e+00
-1.391016491677667055e+00
-1.390712763169051902e+00
-1.390434605474418106e+00
-1.390172243172743904e+00
-1.389908643244628594e+00
-1.389633322723679898e+00
-1.389336785493999749e+00
-1.389020081121096428e+00
-1.388681401462086296e+00
-1.388322390910716075e+00
-1.387962182606579997e+00
-1.387610175877538987e+00
-1.387277263484946843e+00
-1.386977368403328637e+00
-1.386701761892835894e+00
-1.386441303227110566e+00
-1.386167417093652876e+00
-1.385847870462250775e+00
-1.385488590157620603e+00
-1.385099607587458204e+00
-1.384695992337516168e+00
-1.384291045898024208e+00
-1.383898261082833203e+00
-1.383536697343828781e+00
