-2.797025274470675171e+00
-2.793744258543411796e+00
-2.792307261044947531e+00
-2.788327307403779542e+00
-2.783033129980140519e+00
-2.772010446185364962e+00
-2.808519308990624630e+00
-2.796862057115793831e+00
-2.789678967872957216e+00
-2.778526517877315527e+00
-2.759664202706785474e+00
-2.726755749200226120e+00
-2.700496523662362591e+00
-2.690340014081300524e+00
-2.659152022579543306e+00
-2.586807990184441408e+00
-2.414614708986257963e+00
-1.815054161312064540e+00
-8.565419210493535829e+00
-3.695886200397083599e+00
-3.361713045961356450e+00
-3.182107127165645366e+00
-3.078777962336012752e+00
-3.047321784891326768e+00
-3.030376022714795781e+00
-3.005933566427308357e+00
-3.035699205819919921e+00
-3.131508915556111550e+00
-3.157861409261347063e+00
-3.100830072912387436e+00
-3.029618485262314476e+00
-2.969172506569040415e+00
-2.932804036796645697e+00
-2.595134879753705270e+00
-2.776768260603140526e+00
-2.777927918991277778e+00
-2.766746374471112713e+00
-2.752042343853619677e+00
-2.732701615784200122e+00
-2.709887357401886909e+00
-2.698481105274457725e+00
-2.686297800832265104e+00
-2.657536440316612847e+00
-2.587114868294836612e+00
-2.355905840404666662e+00
9.653795320547062797e-01
-8.080735423183256216e+00
2.771450657658265371e-01
-2.012845273058405660e-01
-7.879100108278838555e+00
-3.718796798387616676e+00
-3.332910543065385589e+00
-3.519893819409939617e+00
-2.442945954903823935e+00
-2.616515937330909036e+00
-2.552938651134053050e+00
-2.279344439186960614e+00
3.998330273109524935e-01
-4.339338221718412214e+00
-3.423670504387689384e+00
-3.180449565173082860e+00
-3.087926132243446808e+00
-3.118671038546051655e+00
-3.360248585918719222e+00
-3.457494421095304027e+00
-3.177631439396127799e+00
-3.037350749469784006e+00
-2.970508032201202298e+00
-2.932118380222950460e+00
-2.910141686307124775e+00
-2.902369132251805262e+00
-2.900671007850723626e+00
-2.893066010630718221e+00
-2.879706931789252522e+00
-2.868213694359624810e+00
-2.858439746739505072e+00
-2.847438548802297298e+00
-2.835819412612866408e+00
-2.826008307289214372e+00
-2.818014586262199472e+00
-2.809527320364037628e+00
-2.800673472747882364e+00
-2.791795576962382341e+00
-2.782651082392069153e+00
-2.774492667232564713e+00
-2.767540049078837772e+00
-2.762020202043446560e+00
-2.757296361136085228e+00
-2.751125462866599758e+00
-2.744576532516092904e+00
-2.738690500229088887e+00
-2.732803720464755060e+00
-2.725561607329739289e+00
-2.716588344471620342e+00
-2.708231213231135914e+00
-2.700908799407492289e+00
-2.693589916309138133e+00
-2.688299955632796223e+00
-2.685577261570438079e+00
-2.681074776343771227e+00
-2.674587862371272440e+00
-2.666768122769448190e+00
-2.657077681213791287e+00
-2.647772059865508343e+00
-2.638325228109523302e+00
-2.631468119912231174e+00
-2.630445957043625604e+00
-2.632677663076292696e+00
-2.636155953759456771e+00
-2.637127059658497696e+00
-2.631819979985617231e+00
-2.618447707529025337e+00
-2.598605662017849482e+00
-2.539431999174981414e+00
-2.303122637280549334e+00
-1.793455490911529449e+00
-2.021464166923786721e+00
-2.313018429157780886e+00
-2.403530624041320340e+00
-2.402708986454368922e+00
-2.439109082141873941e+00
-2.510426995376326520e+00
-2.556625796168592313e+00
-2.575997910748523800e+00
-2.577828727448729040e+00
-2.558439345879863769e+00
-2.546777808098976692e+00
-2.563950364803393001e+00
-2.580968414447332826e+00
-2.590945077581330747e+00
-2.598507253171254305e+00
-2.602912758589205566e+00
-2.575380195147887186e+00
-2.491239952311000039e+00
-2.441695659031717369e+00
-2.485609499400422528e+00
-2.521142790298347425e+00
-2.542008076680318140e+00
-2.559113444181156716e+00
-2.572625502768180361e+00
-2.580136387568441769e+00
-2.557757117048399920e+00
-2.440377867382072630e+00
-2.312061641823067504e+00
-2.392016266146940850e+00
-2.469181604968310406e+00
-2.510946362255064734e+00
-2.534877159406085489e+00
-2.550746448439189962e+00
-2.560147141587814090e+00
-2.561220084640505767e+00
-2.557480124967307589e+00
-2.552859953886149391e+00
-2.546339853636435446e+00
-2.539348547299837833e+00
-2.532155088224279815e+00
-2.524425739015228043e+00
-2.518012972078511158e+00
-2.514535981352242544e+00
-2.513013418092440610e+00
-2.512958087635840165e+00
-2.513529353610982398e+00
-2.513971098679471439e+00
-2.515948601292190112e+00
-2.517721429874489658e+00
-2.517575337350118403e+00
-2.516647753041465929e+00
-2.515766920629822323e+00
-2.514496750761032295e+00
-2.512813326487053800e+00
