1.184760154042757002e-02
1.949192928337837097e-02
5.880071446698238724e-02
3.532181952046226092e-02
3.454511524068517442e-02
-3.295883806583727038e-02
-8.159692785580640040e-01
-1.038360877505215329e+00
-9.907025305250621861e-02
2.863269893220750095e-01
3.340623056176948436e-01
2.658090062383109409e-01
-7.515584198761907087e-02
1.352410447739438304e-02
8.840059569376604309e-02
1.239086787391558558e-01
1.045454463225058001e-01
8.854027884006041016e-02
7.052804466413291340e-02
6.416010238267727539e-02
3.952763560608156534e-02
8.258232673065060703e-02
5.938784487076370633e-02
1.928137905084817416e-02
3.482364669178244360e-02
4.075700391881801471e-02
-7.664047521345172809e-02
-2.870518392133363655e-02
2.138688409168816931e-02
4.314877005253465320e-02
6.460767007106189841e-02
8.267370852051611485e-02
5.979280543454743024e-02
-9.319284327365982001e-01
-2.661980209254534380e+00
-2.633020279134747899e-01
3.073234229608575729e-01
1.311285944900845157e-01
3.697890642787767246e-01
7.585820468654358439e-02
-1.802891254294961554e-01
5.310646607964572552e-02
2.028932513173980767e-01
4.292747117452336836e-01
4.399596172243148140e-01
3.611505146717988723e-01
-1.204009647561527230e-01
-7.485571712123166577e-02
5.077615018708050987e-02
1.923232649828643948e-01
2.025241969918861185e-01
1.660264372986207659e-01
-2.701706654163942289e-01
-1.267799014487047016e+00
-1.794147822397257341e-02
3.608129205845820864e-01
4.213962227758650259e-01
2.519353293230472413e-01
1.833003166793800154e-01
2.571001398492027690e-01
2.278915354556197148e-01
1.826107326491908378e-01
-2.126226588790908478e-01
-2.253014287654846459e-01
1.547387850471076409e-01
2.924116646584006274e-01
3.111766459720436417e-01
2.963156882113810453e-01
2.775580749848364226e-01
1.770762223739548169e-01
1.419181486657594693e-03
1.328706419198413813e-02
1.269177078321132301e-01
1.707097166265314492e-01
1.039156933446834241e-01
1.191283119023244519e-01
1.735791814475324824e-01
2.051285846698462922e-01
9.688669280583672716e-02
9.516964565683017074e-03
1.392010881984241388e-01
1.063367234918132787e-01
2.043427482252105354e-02
6.826285805243595406e-02
1.644147787775246672e-01
1.800512947715010026e-01
2.657257372121473726e-01
2.578822498706623279e-01
1.672210528200342994e-01
2.120942148247694781e-01
2.112521226633863325e-01
2.115967416254384004e-01
1.381353080610617790e-01
1.127642551223674849e-01
1.574055194842214345e-01
1.571626142902057821e-01
1.548924056255370219e-01
2.261450947897790664e-01
2.612183597353052167e-01
1.817390569869719585e-01
1.839310680404621645e-01
1.366823964575159533e-01
1.162860707612123901e-01
1.414524232330189868e-01
1.132247443822396171e-01
1.985321020744188480e-01
2.718685221053716017e-01
3.157864861854037253e-01
3.547597060731738638e-01
2.915041737574372016e-01
1.707111503378014317e-01
3.206810775776802735e-02
-1.187501379408012481e-02
-6.496154659651294239e-01
-9.937920219423670432e-01
-7.464438673496637255e-02
3.957483483794818069e-01
5.202881704455417644e-01
1.859956222416102034e-01
2.383298689437654549e-02
4.515460798129740660e-01
6.092883346659226929e-01
5.649638254210436195e-01
3.793042972057200646e-01
2.312569772788423683e-01
-1.288816581541247785e-01
3.430328051815024759e-01
5.631412594040986486e-01
5.158640918049727242e-01
4.954254743809022310e-01
5.363575391139207005e-01
4.713101043044994887e-01
-6.101141445516319317e-01
-8.298169489945623756e-01
3.827389507128898249e-01
7.038516897502605785e-01
5.617676011784064061e-01
5.948343816281326246e-01
6.402860824631557701e-01
6.531331747951150124e-01
5.553632995067516731e-01
-4.724305263589319015e-01
-1.697888150306456456e+00
3.150654654844954328e-01
8.826177060327236035e-01
8.894859104930722404e-01
7.609128123950037459e-01
7.422136609686221798e-01
7.185855377561993773e-01
6.508310169866770023e-01
4.454336191283282398e-01
4.377908440080279240e-01
4.118394464100456620e-01
3.532304482608455976e-01
3.796851140028913996e-01
3.438514768083620332e-01
3.476402492740551242e-01
3.897185170473981275e-01
4.647758994503121688e-01
4.841646252346132329e-01
5.424836043492189397e-01
5.426530779148732719e-01
5.653855257045568017e-01
6.432958952503711192e-01
6.081682654634865681e-01
5.867970705542100429e-01
5.942644559860097431e-01
6.127037710253104841e-01
6.003577363854317728e-01
6.105372227785270667e-01
