1.150389262999507514e-02
1.845861166684125559e-02
5.603611899684554642e-02
3.132026615968379335e-02
3.030639708001691204e-02
-3.537408507673239777e-02
-7.930919497916062433e-01
-9.765258339731269777e-01
-3.562168047398450721e-02
3.193907323973397272e-01
3.387620725488176832e-01
2.540057796056430783e-01
-8.576850482564474243e-02
8.417893725082281620e-03
8.258753765290977045e-02
1.150041248506714353e-01
9.351963887446571033e-02
7.707507283321354818e-02
5.964382615379183739e-02
5.419136410704238072e-02
3.096007399549994751e-02
7.414765715635865395e-02
5.076611830362619260e-02
1.219674318660612239e-02
2.909021576721682045e-02
3.533939857166761012e-02
-7.859355773924546484e-02
-2.738434269908837301e-02
2.223608977903730397e-02
4.199577008523856098e-02
6.112826652728468174e-02
7.677017584369542902e-02
5.266289546353022238e-02
-9.105580934077787125e-01
-2.551434784632013564e+00
-1.299522364725954615e-01
3.865376129111903758e-01
1.699193912259269190e-01
3.806309526331839721e-01
7.288269163758548386e-02
-1.779990999926183981e-01
5.739605978352926852e-02
1.990296506823011902e-01
4.105816840532198198e-01
4.069117537435851806e-01
3.212746634338724538e-01
-1.488647900056205842e-01
-8.726028881261034542e-02
4.360789229855233096e-02
1.815465842427379517e-01
1.861575759241770323e-01
1.470339120902152130e-01
-2.773642180710218508e-01
-1.229380797966263650e+00
3.388297414192592560e-02
3.829800877744979903e-01
4.154023513094913800e-01
2.322068940603856935e-01
1.607399630687773029e-01
2.321049644678396806e-01
2.006155751901091966e-01
1.558366316418853814e-01
-2.266817966461580069e-01
-2.226527538154630947e-01
1.569217196156336980e-01
2.821096627122831046e-01
2.896586500400323283e-01
2.678906672956129498e-01
2.457079740573526461e-01
1.463947044396368691e-01
-2.131897434658822088e-02
-1.143928606750721499e-03
1.140277515444346745e-01
1.550274355403173931e-01
8.748668360862954518e-02
1.032195482101870287e-01
1.560621054690459475e-01
1.845081991600437399e-01
7.678881123578745749e-02
-5.412887769351421019e-03
1.255579683095339738e-01
9.162210029326511851e-02
8.244125625877618546e-03
5.807952857163994898e-02
1.516328249458029909e-01
1.631251264211007745e-01
2.434053215286672012e-01
2.305916714208975371e-01
1.396367558349463911e-01
1.849505697472172416e-01
1.834014936916136262e-01
1.832848412129834403e-01
1.116285348518712417e-01
8.965879845184404617e-02
1.356190531083705797e-01
1.352058410887856388e-01
1.328766977897536394e-01
2.020498908885305922e-01
2.332593770122327603e-01
1.529175846923626070e-01
1.561975807443697906e-01
1.109097575887129095e-01
9.330298652793400649e-02
1.198712640545426256e-01
9.275869189362950795e-02
1.768655239345366392e-01
2.454703698301945458e-01
2.835891998626374200e-01
3.168772405083477017e-01
2.510716856919491535e-01
1.335317500754654163e-01
3.478425397452189483e-03
-3.094038115761726937e-02
-6.433864960136301825e-01
-9.482226151896847588e-01
-2.402567770337752165e-02
4.160567412351507399e-01
5.082057981367177346e-01
1.609768858630354071e-01
2.747834139567195688e-03
4.239530009858800685e-01
5.638467915526252927e-01
5.063619993465553470e-01
3.188736916369084851e-01
1.779305184842537302e-01
-1.642550967240946624e-01
3.127556790598843839e-01
5.193929045499785513e-01
4.603934614376928858e-01
4.342886128793910228e-01
4.709144698844438537e-01
4.041418871493558385e-01
-6.456462716063106066e-01
-8.161887559000176040e-01
3.962211847293539702e-01
6.817753099392296345e-01
5.149763152576781744e-01
5.348892056579688248e-01
5.701432106963967295e-01
5.752770819711006123e-01
4.752263511454986045e-01
-5.221379109964804366e-01
-1.671174831982816578e+00
3.569287331278973019e-01
8.739444294678487823e-01
8.372571600054029561e-01
6.854020867009282814e-01
6.556041236380033554e-01
6.261313082093946658e-01
5.571452124647633397e-01
3.583006158141078812e-01
3.592466050456598614e-01
3.394103987874479422e-01
2.867460234061022240e-01
3.172864580028058601e-01
2.843708043036135003e-01
2.905588167867031446e-01
3.327543085215881602e-01
4.047413822825028928e-01
4.199970279996706468e-01
4.735962788805851975e-01
4.695252676112705581e-01
4.889079749859779334e-01
5.619247917232370604e-01
5.230351777751730546e-01
5.006357443656977990e-01
5.076229435194685724e-01
5.249783322829673082e-01
5.118321530335009362e-01
5.213969984065484065e-01
