-9.936699525086854431e-03
6.339406555110180599e-03
4.885691995289359602e-02
2.493972969721059210e-02
2.064221464473600318e-02
-4.142813307679343166e-02
-8.071152534850537519e-01
-1.004155773818357744e+00
-6.335801718471067989e-02
3.024232428642116277e-01
3.305004409588812031e-01
2.520168641680160526e-01
-8.821571823574701765e-02
5.476583671411613952e-03
7.907297905717372566e-02
1.086040461242344657e-01
9.009285654210827388e-02
7.083623291570997904e-02
5.106474317184391681e-02
4.820954004691500178e-02
2.276970674512220766e-02
6.855539747792745164e-02
4.584027421421864312e-02
2.300291786716552461e-03
1.852363179429293571e-02
2.791063314905596962e-02
-8.900900716270720991e-02
-3.912405063325753718e-02
1.058454299647790947e-02
2.841828117535459899e-02
4.728140402193464070e-02
6.450682613725786108e-02
4.116400805599182422e-02
-9.299414826378346044e-01
-2.601467508361845038e+00
-1.865148018822408993e-01
3.504189802815169674e-01
1.446760412379246574e-01
3.589279938206799692e-01
5.949891759376596534e-02
-1.971139821068736975e-01
4.067435457597617932e-02
1.864671023434744668e-01
4.022225408887725173e-01
3.983596457072683950e-01
3.156842381271966480e-01
-1.572644276547454367e-01
-1.046441755870843732e-01
2.373128497239879522e-02
1.571886425131405751e-01
1.643147832343704040e-01
1.275725707423704391e-01
-3.000434324327072022e-01
-1.269654461983868776e+00
-1.268863669074848932e-02
3.439439945436530977e-01
3.848291220294894899e-01
1.968918110399677235e-01
1.358123171483285874e-01
2.071560870927885156e-01
1.712159760264719277e-01
1.329304094576700401e-01
-2.541813481599615177e-01
-2.602511931426505498e-01
1.304180385488460658e-01
2.636366022236220075e-01
2.642671605077824837e-01
2.400126905092052065e-01
2.216447821212532976e-01
1.415919850567973481e-01
-4.425081942300659876e-02
-5.197110672570476320e-03
1.019949926282072705e-01
1.254437042477847264e-01
6.552980565602639640e-02
8.087870930020799043e-02
1.309251930809122166e-01
1.536688543996584111e-01
4.768492933991738680e-02
-4.443576606120624994e-02
9.679492332510655772e-02
8.534875793417023848e-02
6.482378058365628748e-03
4.428964769853260819e-02
1.219842542890917370e-01
1.295106211484777781e-01
2.034149006623957867e-01
1.904830011857427119e-01
1.185912107099141577e-01
1.512882124206086920e-01
1.418600037131999003e-01
1.429031619328035851e-01
6.981789491100223732e-02
5.083343058891692801e-02
1.029525278087132512e-01
1.259074247671779501e-01
1.218066244098590101e-01
1.720539579931955887e-01
1.964904830564059568e-01
1.316995991273100242e-01
1.181216208825662528e-01
7.630893626076074021e-02
5.328906100329044992e-02
7.683476825507257191e-02
5.014589955776829755e-02
1.242549803759559757e-01
1.840553352049820179e-01
2.212436320344108864e-01
2.696560028483287463e-01
2.020947776000148188e-01
7.625115243242774898e-02
-6.043705434589702330e-02
-9.213333357129821488e-02
-7.260687653821400467e-01
-1.034457554017840897e+00
-1.146454332139491689e-01
3.353807372069074755e-01
4.358037225562738648e-01
9.007737223441181218e-02
-6.984659770539847212e-02
3.400493552858026569e-01
4.934359544692689115e-01
4.274902898664557638e-01
2.465160372850494219e-01
1.143988590584228970e-01
-2.231090916152012327e-01
2.340694146550866550e-01
4.489290670199006517e-01
3.957296723054508081e-01
3.688035802295211441e-01
4.117258355714446538e-01
3.583598162320632552e-01
-7.130480172528832483e-01
-8.756262617518553171e-01
3.257397465607606568e-01
6.194417383961492440e-01
4.610599241908449053e-01
4.730235106964394975e-01
5.149783944576493688e-01
5.284536278088562966e-01
4.240284140158276371e-01
-6.082728173974689678e-01
-1.728302798278962271e+00
2.866345778514827747e-01
8.009148620830253140e-01
8.028206363736978268e-01
6.630989873623329700e-01
5.867515865366996763e-01
5.777004308265449861e-01
5.555449546543331785e-01
3.547363770981903919e-01
3.424251914976033095e-01
2.923802474085460679e-01
2.272350859382058497e-01
2.610461504884721284e-01
2.202012416990881682e-01
2.188385839534522370e-01
2.809605299510706811e-01
3.661091324066617636e-01
3.988894106855572774e-01
4.507858027777406074e-01
4.434368773943362374e-01
4.541557108845165613e-01
5.488820539059949821e-01
5.050929159414306868e-01
5.051188511924982194e-01
4.635804604455503464e-01
4.556795942314960657e-01
4.585746444121757692e-01
4.803217231219019112e-01
5.095139347129103990e-01
5.294775638045983168e-01
5.482869998565257363e-01
5.493257591020852537e-01
5.413212858722741272e-01
5.240901836380803536e-01
5.115375774011120535e-01
5.041079742801138908e-01
5.124679851870249658e-01
5.137759688959175897e-01
5.221951825488158061e-01
5.369856722683620243e-01
5.573421653428189959e-01
5.887443919907744405e-01
6.255169306274650509e-01
6.251593455074071493e-01
6.376808059476837265e-01
6.203107518053581071e-01
6.245493902113381512e-01
6.093955188138671097e-01
6.018551225959560824e-01
6.014886949428335239e-01
6.146487730905747515e-01
6.313672358627582248e-01
6.519704556292222897e-01
6.873342484683124809e-01
7.041104430245690438e-01
7.206341479762972124e-01
7.137699290167198729e-01
6.908803885223271379e-01
6.670986136871350780e-01
6.622812121215102543e-01
6.606755410974796128e-01
6.638520825647511447e-01
6.793447991529246721e-01
7.043307363476118965e-01
7.265760336411832832e-01
7.226115335645459936e-01
7.241807468684899884e-01
7.256631704221834234e-01
7.075426538791955711e-01
6.974011790582355097e-01
6.936045719395693698e-01
6.995309085708347752e-01
7.066751065186627212e-01
7.186719996742174654e-01
7.460740410527832989e-01
7.632174934252093923e-01
7.670437260854205963e-01
7.546905139317219291e-01
7.390273239100271230e-01
7.240678843881247495e-01
7.236436720626091557e-01
7.252780246060548386e-01
7.232340492662496789e-01
7.274188039219282587e-01
7.297203396150953036e-01
7.406732660448822614e-01
7.575805623606588490e-01
7.705937701462426404e-01
7.755070760731044288e-01
7.694708936825935819e-01
7.635802289006641264e-01
7.487499801288317602e-01
7.448086820853665468e-01
7.294023829014892879e-01
7.263487382323063901e-01
7.325384359525002331e-01
7.382912983422118547e-01
7.540385266878175674e-01
7.736305928515594399e-01
7.784066971391079282e-01
7.870073881045298592e-01
7.625274990985271284e-01
7.365551176003530820e-01
7.222705196401311145e-01
7.093669192972202886e-01
7.105526287336372260e-01
7.106995165313445550e-01
7.230769270924914949e-01
7.409913030972248293e-01
