-1.971042555909856109e+00
-1.965213342770772087e+00
-1.974311897352878153e+00
-1.969352046264739808e+00
-1.965451885759144313e+00
-1.957546615462417039e+00
-1.974542816171331427e+00
-1.969816228308723494e+00
-1.965588746816988808e+00
-1.959001649549573232e+00
-1.948899077579717920e+00
-1.933773970205842740e+00
-1.921131192998242199e+00
-1.913578258494142759e+00
-1.899053514369485773e+00
-1.873376499418061059e+00
-1.831227955434970855e+00
-1.763585670709613140e+00
-1.648532802058365387e+00
-1.403035910189507796e+00
-7.319526362273569564e-01
-6.329773436134525255e+00
-2.711011394216825465e+00
-2.504034041520775133e+00
-2.439631555337631319e+00
-2.363247067029983661e+00
-2.486614730769527881e+00
-3.366433498448476946e+00
-5.167521380676719289e+00
-3.900454239819866054e+00
-2.879920060668559323e+00
-2.456358572062985246e+00
-2.304275166025604005e+00
-1.807031779056621490e+00
-1.945769316506955615e+00
-1.951569442502866458e+00
-1.945353218320899913e+00
-1.936936432845588918e+00
-1.926295398887793331e+00
-1.914107932076766883e+00
-1.906951283833779431e+00
-1.899570629212460116e+00
-1.885075891608802845e+00
-1.856064434161273313e+00
-1.794271122430988630e+00
-1.654082590632135474e+00
-1.531626508291804356e+00
-1.571973611849848851e+00
-1.555562406884233084e+00
-1.399272300227278887e+00
-7.443759882856820775e-01
-8.249243245377324740e+01
8.247609089343643785e-01
-1.735217519587040069e+00
-1.829946123462462548e+00
-1.807427693607764674e+00
-1.735066432482039067e+00
-1.605017853976679731e+00
-1.410283523658681926e+00
-7.851413447798660794e-01
-1.028960472665254677e+01
-3.091215912677917288e+00
-3.485299296791844803e+00
1.380696822031037829e-01
-6.878819675535696732e-01
-2.167348367669627152e+01
-2.798705161262562857e+00
-2.395456821973730666e+00
-2.261205178789084336e+00
-2.201865893616406389e+00
-2.189736471440461685e+00
-2.197362353419444414e+00
-2.189264355899825709e+00
-2.167912084138793549e+00
-2.152776564991277120e+00
-2.142492295400868052e+00
-2.127777724402630355e+00
-2.109822454370478884e+00
-2.098760125634424156e+00
-2.099016662781106213e+00
-2.096697992029144419e+00
-2.087694552752497490e+00
-2.083505020776029504e+00
-2.081211670770352296e+00
-2.073015091058756809e+00
-2.061386851562273748e+00
-2.047805608311459302e+00
-2.034509385823964678e+00
-2.024717861322809842e+00
-2.016421978535912096e+00
-2.008485330970378513e+00
-2.001191171047933093e+00
-1.994853133054342198e+00
-1.989214502313243482e+00
-1.983446956584058007e+00
-1.977524141117149581e+00
-1.971714098884803867e+00
-1.966124597627097792e+00
-1.960917241494369412e+00
-1.955782606906850463e+00
-1.950470145869533267e+00
-1.944868225830156394e+00
-1.938758026550787994e+00
-1.932556666272714052e+00
-1.926166924130526592e+00
-1.920400920085185259e+00
-1.916569900435221019e+00
-1.914238114686962700e+00
-1.913078815483562733e+00
-1.911402869315443898e+00
-1.907058365452257043e+00
-1.898741427288622052e+00
-1.886603891400077337e+00
-1.850543924648605731e+00
-1.619577632525293520e+00
-3.623927449542090784e+00
-3.910839163411484520e+00
-1.126227116378478055e+00
-1.549123062636613923e+00
-1.543065579513090757e+00
-1.638479938115024570e+00
-1.772253180414066431e+00
-1.830753727421135846e+00
-1.852066261380527212e+00
-1.856884735923375551e+00
-1.845105553898879647e+00
-1.837109130355912612e+00
-1.850570477930983060e+00
-1.863610632943619727e+00
-1.871182439373903383e+00
-1.876688801575229215e+00
-1.880136817310180675e+00
-1.865081052644382398e+00
-1.811444684746117861e+00
-1.768767830415714837e+00
-1.798133245195854713e+00
-1.823873236929129060e+00
-1.838943866825999418e+00
-1.850939717134618245e+00
-1.860303522657691833e+00
-1.865632253925753492e+00
-1.853484257091830401e+00
-1.781785632510287876e+00
-1.674946122850703212e+00
-1.727627905503066330e+00
-1.785840962895197226e+00
-1.817604808656081428e+00
-1.834802149725056619e+00
-1.845649602095750463e+00
-1.852921477062287270e+00
-1.855436962335894613e+00
-1.854672317595970732e+00
-1.852571587699279876e+00
-1.848761889005669179e+00
-1.844340608076651566e+00
-1.839554283010528035e+00
-1.834128005644628079e+00
-1.829411891049721905e+00
-1.826617626866990918e+00
-1.825338907360782859e+00
-1.825095468474013938e+00
-1.825194845794498200e+00
-1.825115039739497957e+00
-1.825989967897754918e+00
-1.826943969226330733e+00
-1.827074689691424503e+00
-1.826409368350728979e+00
-1.824977545915924093e+00
-1.823251079081400716e+00
-1.821558411354447848e+00
-1.820164042114191139e+00
-1.819041328470155872e+00
-1.818084936296611831e+00
-1.817099834467483799e+00
-1.815848921671616045e+00
-1.814182986612607129e+00
-1.812089332057769564e+00
-1.809675281119640822e+00
-1.807150094663255713e+00
-1.804599664625895716e+00
-1.802049020813971225e+00
-1.799626630037525210e+00
-1.797442480747047933e+00
-1.795640825207260427e+00
-1.794343404033029721e+00
-1.793229440484859438e+00
-1.792093189676569498e+00
-1.790757687061351078e+00
-1.789177283304720589e+00
-1.787356023535539684e+00
-1.785223155103115023e+00
-1.782911282307339640e+00
-1.780606007310655547e+00
-1.778454353127658871e+00
-1.776523854778752964e+00
-1.774965967780692377e+00
-1.773721004849731164e+00
-1.772627899894285264e+00
-1.771473223555027232e+00
-1.769949288420714195e+00
-1.767936985760204083e+00
-1.765593181826180746e+00
-1.763096827019586810e+00
-1.760529214951067845e+00
-1.758041251006168260e+00
-1.755811870142222286e+00
-1.753892959470988000e+00
-1.752049236669978471e+00
-1.750128047099666517e+00
-1.748160958481431049e+00
-1.745989151808237771e+00
-1.743537618318357074e+00
-1.740918740091650374e+00
-1.738266591095849467e+00
-1.735673235455764019e+00
-1.733196723561350794e+00
-1.731002360898170167e+00
-1.729118497439978253e+00
-1.727355543350570954e+00
-1.725475048002642176e+00
-1.723324711805204412e+00
-1.720882871259199032e+00
-1.718275207184887687e+00
-1.715633390635759259e+00
-1.712954742117626772e+00
-1.710272275325576574e+00
-1.707623418185612918e+00
-1.705071252105346602e+00
-1.702732385755088451e+00
-1.700619693205745575e+00
-1.698632947076656130e+00
-1.696613381556461242e+00
-1.694472726944610930e+00
-1.692133310634197585e+00
-1.689618327920126006e+00
-1.686917354986334328e+00
-1.684054397001742309e+00
-1.681207852394889901e+00
-1.678456293288323575e+00
-1.675890626698582908e+00
-1.673624570604483885e+00
-1.671561328363766474e+00
-1.669612562125722066e+00
-1.667515697726219992e+00
-1.664995938829428646e+00
-1.662133312921373118e+00
-1.659032963771143621e+00
-1.655838711387401130e+00
-1.652666785318581688e+00
-1.649631877401384061e+00
-1.646892066989695591e+00
