-1.271430745267027613e-06
-6.494227214250713544e-06
-3.581271240471075876e-06
2.673540645702329583e-05
7.747601831711801979e-05
1.355657949864205053e-04
7.197302830780124964e-05
-5.135883027702429484e-04
-1.684599592027926415e-03
-2.961244007244983722e-03
-4.038312787028454191e-03
-4.849000594223810794e-03
-5.459361908411610939e-03
-6.027729226400532769e-03
-6.543913532083946508e-03
-6.964017537104645779e-03
-7.271871578900751185e-03
-7.479545349087193817e-03
-7.605902493746719180e-03
-7.668565678499716064e-03
-7.679979025858804653e-03
-7.651895857457111962e-03
-7.572711715765129657e-03
-7.457362520747270324e-03
-7.330568745220435688e-03
-7.191592702049376222e-03
-7.051572886006425220e-03
-6.960847661889621278e-03
-6.904147905495378566e-03
-6.850113758633228841e-03
-6.781135597281223379e-03
-6.682874028156588278e-03
-6.547352316795398280e-03
-6.508129899174496663e-03
-7.248050873952909846e-03
-9.373328717905068941e-03
-1.184743593272450518e-02
-1.413125178506484739e-02
-1.618975843139031784e-02
-1.795508396031573334e-02
-1.956676037245879893e-02
-2.115008709943155818e-02
-2.260708088271244642e-02
-2.381754898649385624e-02
-2.466547327235473624e-02
-2.514440490257972838e-02
-2.536523909210243802e-02
-2.557239410718560937e-02
-2.579620706045607920e-02
-2.596645842645974034e-02
-2.601163525996135970e-02
-2.592274511302838924e-02
-2.577639132045194195e-02
-2.591209266346727533e-02
-2.669010025923239729e-02
-2.757887805744578189e-02
-2.824834886015111304e-02
-2.864418969684606395e-02
-2.885045138093647252e-02
-2.890937620570585218e-02
-2.880422305228766064e-02
-2.855596096014332425e-02
-2.824438088823172030e-02
-2.806867768247025066e-02
-2.803487462008658060e-02
-2.794445842226245605e-02
-2.768730137435184563e-02
-2.724829505894030626e-02
-2.664241966415192148e-02
-2.589621431909929980e-02
-2.508079114189199627e-02
-2.429729927767980413e-02
-2.354246847680396826e-02
-2.276278386051749578e-02
-2.194450750258970795e-02
-2.111284703423371711e-02
-2.026258371518317725e-02
-1.936671887968551692e-02
-1.842332954042791293e-02
-1.749370799837639268e-02
-1.661826108081574868e-02
-1.574345758258809819e-02
-1.486884116035720738e-02
-1.402795138637156179e-02
-1.320168449280518554e-02
-1.234703320748719961e-02
-1.144083592933882974e-02
-1.044779143896083784e-02
-9.375131419353217171e-03
-8.256276394598445825e-03
-7.088167411867560275e-03
-5.874765477487903925e-03
-4.629037944177235436e-03
-3.391297506803135631e-03
-2.175259901780575260e-03
-9.573996264345254002e-04
2.778945835590731269e-04
1.537565468208027973e-03
2.848014516318242775e-03
4.217883473461875136e-03
5.616163996056145087e-03
7.021519933547119320e-03
8.407036354941827341e-03
9.757971149980868703e-03
1.107840231330894584e-02
1.236769735906853053e-02
1.366665601758422499e-02
1.501847741200910621e-02
1.645537577727065534e-02
1.799643538745371654e-02
1.959750568647649141e-02
2.117002866054205554e-02
2.262584430054959822e-02
2.384957461522609415e-02
2.449366182521637778e-02
2.445704162021319211e-02
2.421124565784251240e-02
2.411243671255709764e-02
2.424243784225130552e-02
2.444358937556896302e-02
2.465722565031954264e-02
2.508011299238209132e-02
2.582418822975727710e-02
2.685082666631231907e-02
2.804162399183340523e-02
2.925742209705657626e-02
3.036693433956475299e-02
3.156700308344778660e-02
3.300125846139914665e-02
3.466395104980492248e-02
3.653668628761615189e-02
3.862162141661017872e-02
4.075103234162038429e-02
4.237352954938402444e-02
4.342919012687054131e-02
4.450816869795565928e-02
4.588209644052732711e-02
4.752699023719136884e-02
4.944135557662401870e-02
5.164524287818223619e-02
5.412898223743493192e-02
5.670118423619747300e-02
5.869845820040161394e-02
5.970794489654004944e-02
6.062413251353861166e-02
6.194224106185749340e-02
6.373203758847015288e-02
6.592941198179234907e-02
6.847786246285478273e-02
7.134975388894172765e-02
7.449212890431033962e-02
7.778745992057777003e-02
8.118255240994151634e-02
8.462760232845742414e-02
8.807720109019613608e-02
9.152499330016083956e-02
9.494842412082926675e-02
9.834590436299502081e-02
1.017555433331370635e-01
1.052287692101095268e-01
1.087977596187277018e-01
1.124895710261636927e-01
1.163059858485035458e-01
1.202597932667460456e-01
1.243870337923709407e-01
1.286719119130065592e-01
1.330971390270963006e-01
1.376336817967644954e-01
1.422649672344990235e-01
1.469862031971231886e-01
1.518046508850915965e-01
1.567329045894323147e-01
1.617803383579597132e-01
1.669524975427714442e-01
1.722448950568803427e-01
1.776451450169933277e-01
1.831357288645204529e-01
1.887009663269351711e-01
1.943305305925407123e-01
2.000219571918094297e-01
2.057728369809656843e-01
2.115847573643049595e-01
2.174643018975629949e-01
2.234231701808859771e-01
2.294797987668642791e-01
2.356516186880014130e-01
2.419401607965964984e-01
2.483443097763130547e-01
2.548521859399090483e-01
2.614558963860612040e-01
2.681415742627725196e-01
2.748978324019152319e-01
2.817196275133963534e-01
2.886101951627802475e-01
2.955770691330426025e-01
3.026323217563212098e-01
3.097932885337080222e-01
3.170699614244670839e-01
3.244666646897052531e-01
3.319738318345659689e-01
3.395708387417898932e-01
3.472368445802220815e-01
3.549605066723316438e-01
3.627353977957922804e-01
3.705600820588554889e-01
3.784414557869426043e-01
3.863925694368576802e-01
3.944232120539943320e-01
4.025309746556292034e-01
4.107127266452886838e-01
4.189631074759514462e-01
4.272682707680694469e-01
4.356167257548118621e-01
4.440023737683804761e-01
4.524251073038950688e-01
4.608876389795480977e-01
4.693975081526136073e-01
4.779691029152503545e-01
4.866120324310365675e-01
4.953260660190129117e-01
5.041008062858416405e-01
5.129220621459423812e-01
5.217772867812265902e-01
5.306614213808458214e-01
5.395720409415781793e-01
5.485064883845945927e-01
5.574647999262969389e-01
5.664482308664823274e-01
5.754629521839064177e-01
5.845186246120624984e-01
5.936227256237481820e-01
6.027768384246978695e-01
6.119760628896545596e-01
6.212128297679102573e-01
6.304765158241458778e-01
6.397592355303426404e-01
6.490506652402938670e-01
6.583466049003932063e-01
6.676490662608194349e-01
6.769626671219608482e-01
6.862975759901039918e-01
6.956651999544219978e-01
7.050707271354924588e-01
7.145149308569417324e-01
7.239825868934819386e-01
7.334550731568044712e-01
7.429192467175627090e-01
7.523661286850786833e-01
7.617941106400671902e-01
7.712049102851449289e-01
7.806072277748614674e-01
