-2.801727793570373493e+00
-2.795566512201729026e+00
-2.761031140694931274e+00
-2.839561276895543607e+00
-2.816340501986760003e+00
-2.823168367950093405e+00
-2.801404558353280727e+00
-2.797499718964793214e+00
-2.790524521029020377e+00
-2.778149945399855270e+00
-2.757877796981532015e+00
-2.725823134844423290e+00
-2.702145956267192339e+00
-2.691848823057060969e+00
-2.665603527494285530e+00
-2.617193305800939118e+00
-2.539404538250092269e+00
-2.425969474839920093e+00
-2.274240106833128827e+00
-2.048816452642518104e+00
-1.776055386232466837e+00
-8.852532283627224663e-01
-2.201733449744849622e+02
-1.105748109077199892e+01
-1.569160805938192560e+01
-8.409294679650001214e+00
7.035444641647159436e-02
-1.940904186540715948e+00
-2.084943937773689804e+00
-2.017818984398079607e+00
-1.785178514985663822e+00
-8.773848208618340028e-01
5.419712696128945240e+00
-2.614280867934756891e+00
-2.758456776267843136e+00
-2.766066033476524577e+00
-2.753016536877487042e+00
-2.735672900409547026e+00
-2.713849050797497497e+00
-2.689578567906247386e+00
-2.678200551006646446e+00
-2.666234138579294921e+00
-2.638839753313663827e+00
-2.580643116432963513e+00
-2.453059874285636432e+00
-2.166119434762982632e+00
-2.034921114580981794e+00
-2.200115341973514660e+00
-2.224740932834668339e+00
-2.099762286905760611e+00
-1.755389855855008285e+00
-1.037619603940473034e+00
-1.727474651601869082e+00
-2.507416719200675548e+00
-2.599448168734360465e+00
-2.559641955887751230e+00
-2.459144676618659986e+00
-2.317766114058676052e+00
-2.176817905807429732e+00
-1.927021620545659619e+00
-1.370955252485647424e+00
-1.660087383574860853e-01
-1.257754330416273936e+00
-2.076484475508425298e+00
-2.150237769321364567e+00
-1.831757623133593471e+00
-3.799912662686664167e-01
-1.097587787898347500e+01
-4.529750354961779024e+00
-3.891669908703815128e+00
-3.919356380483308477e+00
-4.219135666813844665e+00
-4.170508049679467533e+00
-3.930725527105134010e+00
-3.833852179043522046e+00
-3.796175312552912740e+00
-3.685647586872052184e+00
-3.546319854246683612e+00
-3.508536741835665218e+00
-3.646643674040555450e+00
-3.748660506871519527e+00
-3.660309932582978654e+00
-3.657061896851497629e+00
-3.701141036375460658e+00
-3.634453946885022990e+00
-3.521826818976883100e+00
-3.390083469869795696e+00
-3.279584573982425422e+00
-3.223549988177424552e+00
-3.185570747173787076e+00
-3.152964936563016796e+00
-3.127335087725203078e+00
-3.118989617356417110e+00
-3.128477234875701729e+00
-3.127515260697846244e+00
-3.103450673785046021e+00
-3.074693168892463024e+00
-3.045305333530012870e+00
-3.014407027513323012e+00
-2.991934755135080337e+00
-2.978652222918039882e+00
-2.971618551464528579e+00
-2.970128436438477681e+00
-2.968947480694566821e+00
-2.968464855075532149e+00
-2.963363887338849700e+00
-2.947185063251607673e+00
-2.925903439933332351e+00
-2.902297193051759372e+00
-2.883601478453515110e+00
-2.873797339365751213e+00
-2.872973443709275543e+00
-2.880697426984946574e+00
-3.065639609309976255e+00
-2.736106639539857888e+00
-2.757624055987391021e+00
-2.743433021601912714e+00
-2.706125168716645213e+00
-2.662518189299404980e+00
-2.660218855081957656e+00
-2.623558381657480787e+00
-2.295564569498715457e+00
-3.449105508471899562e+00
-3.066704996905627922e+00
-3.016088286273026053e+00
-3.112333754844657463e+00
-3.201540582126272572e+00
-2.991858770336989437e+00
-2.910580939491267394e+00
-2.876090449905677193e+00
-2.853391268540196535e+00
-2.836835372692449120e+00
-2.835134243811777477e+00
-2.938562019525234881e+00
-2.560697007814404902e+00
-2.900174054660562994e+00
-2.835481802801248286e+00
-2.817443834682103354e+00
-2.805925356239733492e+00
-2.797123841681199874e+00
-2.789314323211393720e+00
-2.775411852918107769e+00
-2.637558058172364994e+00
-2.970167115312059902e+00
-2.325388812035763753e+00
-2.730247704832814648e+00
-2.754882363436641501e+00
-2.758729701819331304e+00
-2.757881092480666929e+00
-2.755828009511469112e+00
-2.751178795131601795e+00
-2.744472028912419148e+00
-2.736627260722942268e+00
-2.727057405457357753e+00
-2.717162514257126293e+00
-2.706986437930331668e+00
-2.695968430347704281e+00
-2.686436021457510037e+00
-2.680648913067891215e+00
-2.677729831202502631e+00
-2.676034066320533533e+00
-2.674307360919374155e+00
-2.671853826255746966e+00
-2.670950987679220567e+00
-2.670037603221321554e+00
-2.667782352004701707e+00
-2.665226886299791431e+00
-2.662490771424226299e+00
-2.659073769711806978e+00
-2.655031027899456220e+00
