-3.057142605514097777e+00
-3.052165629849914463e+00
-3.041375904183728274e+00
-3.021918579282135919e+00
-3.011079373727087560e+00
-3.027004417140480186e+00
-3.051994027287012301e+00
-3.051343594209415144e+00
-3.045542120869475511e+00
-3.034317759570788198e+00
-3.015934361225080629e+00
-2.987741402184679540e+00
-2.968441346451740959e+00
-2.960518973624030714e+00
-2.939550206265483023e+00
-2.903667832320963704e+00
-2.852359613691086260e+00
-2.790410469244240410e+00
-2.730411669071632463e+00
-2.666692775876502886e+00
-2.617165593999112083e+00
-2.520639763273344158e+00
-2.325674123930463910e+00
-2.302483651900748995e+00
-2.372414649743510573e+00
-2.350461218641264338e+00
-2.548030392967630231e+00
-2.694061975146422316e+00
-2.719379174657480469e+00
-2.706865087585590857e+00
-2.675720400020748180e+00
-2.611507458298374829e+00
-2.540636746116111233e+00
-2.904830227837007062e+00
-3.011726955955208673e+00
-3.019627558411286383e+00
-3.007237428856694095e+00
-2.990903389253052325e+00
-2.970884516305940970e+00
-2.949434831790738620e+00
-2.940397270846830224e+00
-2.930726678867900503e+00
-2.907636630665977329e+00
-2.860239556642979686e+00
-2.767359445456334388e+00
-2.604440137480614759e+00
-2.559584078798809337e+00
-2.644449389919389937e+00
-2.661385261093461629e+00
-2.613616316882382051e+00
-2.512707042836609173e+00
-2.390888704307780444e+00
-2.531858344509510417e+00
-2.826057486410679331e+00
-2.883746233190413122e+00
-2.854144585348947771e+00
-2.790156556703597079e+00
-2.719926275837497798e+00
-2.667429969230874498e+00
-2.594757422295808524e+00
-2.497991982512906883e+00
-2.404510761611855507e+00
-2.506429270298127676e+00
-2.658447699263592590e+00
-2.676474533207291451e+00
-2.586763044343802775e+00
-2.416493821838185063e+00
-2.161806337273990408e+00
-1.742966426564962479e+00
-9.883290562025139891e-01
-1.151851085615209547e+00
-1.593922114281499214e+00
-1.476917697369531046e+00
-1.137681380455878744e+00
-1.012267234196869925e+00
-9.943038425796706381e-01
-6.505701656457231197e-01
2.759536899109997776e-01
1.989826348128300726e-01
-1.250745436394138377e+00
-1.623015047005612832e+00
-1.410557532524836510e+00
-1.269916003705954477e+00
-1.304666993307728395e+00
-1.153200078510459692e+00
-8.387223272384684014e-01
5.977083894542234432e-02
3.065068835967868388e+00
1.236741394519590642e+01
-2.555180056304348284e+02
-3.096042941884074651e+01
-2.833112867228729570e+01
1.825381531081831454e+01
1.477591230077432094e+00
1.978824971771406815e-01
1.619595097080908097e+00
1.690705751821731795e+01
-1.316811876380906909e+01
-7.063720030270700612e+00
-5.816799809353735640e+00
-5.767828281971687510e+00
-6.720503346370211517e+00
-1.298865057398885980e+01
9.808599145488340554e+00
8.067738492727709598e-01
-4.970628295181964695e-01
-6.144945873404235037e-01
-1.540256496754934812e-01
4.195966436426129320e+00
-2.283803907232029218e+01
1.524196280640769885e+01
-1.150959065814287197e+00
-2.195197304324420173e+00
-2.684124717107843061e+00
-2.864091059658567140e+00
-2.900777646536987220e+00
-2.886001395457772567e+00
-2.848948874021706157e+00
-2.820803255303224510e+00
-2.821610143358483036e+00
-2.806260609153838459e+00
-2.748260199092226408e+00
-2.662255708426029877e+00
-2.594349706624733187e+00
-2.575570220218216022e+00
-2.640395162082743052e+00
-2.663668569158956778e+00
-2.583470551996504661e+00
-2.428135322079013836e+00
-2.215698463810609642e+00
-1.802639477387681266e+00
-6.395543413590980553e-01
-2.158577316233211807e+00
-2.691819989181856165e+00
-2.742734370162158708e+00
-2.641391694382042132e+00
-2.447126623633834264e+00
-2.131979897170544813e+00
-1.199642862575690971e+00
-3.996177375377495622e+01
-5.158079295100136186e+00
2.860735375380051515e+00
-2.659156368467249454e+00
-2.779212574147466253e+00
-2.682617825385330779e+00
-2.371932185597869669e+00
-7.196468110409639518e-01
-6.772382199118662349e+00
-4.285471754943381839e+00
-3.750648627884451081e+00
-3.571343030603079782e+00
-3.501313526854386460e+00
-3.472675356874459940e+00
-3.477943094865559193e+00
-3.487348948170171159e+00
-3.500138676593832265e+00
-3.526618469084534357e+00
-3.531773772498639552e+00
-3.487777566865489121e+00
-3.421639441832477146e+00
-3.362495941727980053e+00
-3.317105602938794640e+00
-3.283653755081121339e+00
-3.249790502110631252e+00
-3.220651134399816762e+00
-3.197997050932422702e+00
-3.178150840160888002e+00
-3.160874842296336418e+00
-3.146212512176633780e+00
-3.133433845816703922e+00
