-2.116253077176194486e-03
-4.513827175961762292e-03
-2.240048488658372139e-03
1.500232031263160678e-03
3.439457399694714756e-03
9.803976871020085755e-04
-5.664202744129322870e-02
-1.760889922882028225e-01
-2.468343310455766160e-01
-2.335255670014501073e-01
-1.903245596553973518e-01
-1.461896129259353250e-01
-1.275876333048789335e-01
-1.237164471668513455e-01
-1.103925859023736772e-01
-9.143140643507226273e-02
-7.237395495834331172e-02
-5.638039516064689838e-02
-4.404664790211591102e-02
-3.400154152337572788e-02
-2.670103668774869571e-02
-1.866222538162992661e-02
-9.827150561151984029e-03
-6.090313036741868205e-03
-4.872451813286581175e-03
-2.425161257408907020e-03
-7.540126463438804119e-03
-1.706090412837790032e-02
-2.064162619419383088e-02
-2.005127259234124049e-02
-1.703467174751507190e-02
-1.145769575921322392e-02
-6.125093411934608677e-03
-6.732315519720673269e-02
-3.022571157494511884e-01
-4.831303920453045020e-01
-4.792948730510049327e-01
-4.454892644582815198e-01
-4.022428131424312658e-01
-3.614755903928655867e-01
-3.541043318446369104e-01
-3.470840000823668392e-01
-3.162182034322340574e-01
-2.616835433940414291e-01
-1.942554761264870256e-01
-1.331497812604828523e-01
-1.104002204238231366e-01
-1.165773092818565421e-01
-1.149611320690177851e-01
-9.899265007429774998e-02
-7.550617997510990220e-02
-5.441308626035340490e-02
-6.498275826117871912e-02
-1.688493888513438734e-01
-2.518676241076857059e-01
-2.351612861327010695e-01
-1.892510778030487839e-01
-1.502599668718771764e-01
-1.253518322577491517e-01
-9.923293763029439329e-02
-7.227691533692863490e-02
-5.082254870365908450e-02
-5.858180098247867812e-02
-9.281395165428353577e-02
-1.029547667955286183e-01
-7.943769386404285482e-02
-4.680863111790951880e-02
-1.591187149370342294e-02
1.202968259041175408e-02
3.420227433617420432e-02
3.798640872495379073e-02
3.181401603753086782e-02
3.445070113966346159e-02
4.292489072314586984e-02
4.800531362395740048e-02
5.054734720378541157e-02
5.674194742334270902e-02
6.669249428486075104e-02
7.056304158637108359e-02
6.095443928763213254e-02
5.465415184195930587e-02
5.808427791562899289e-02
5.757994985395994969e-02
5.442339056942466224e-02
5.691062179479260130e-02
6.348520896649983980e-02
7.488309451278143958e-02
8.952554540757114154e-02
9.980256005408345843e-02
1.078707364796508833e-01
1.155105118170665912e-01
1.217816536722590715e-01
1.227632568694308202e-01
1.176951003947856456e-01
1.150958617791400657e-01
1.190091664353021689e-01
1.255386872912193919e-01
1.339420403962145179e-01
1.453830584468481790e-01
1.545205904444122702e-01
1.583835827819378983e-01
1.573971577425168633e-01
1.517438172495860771e-01
1.453702351506364066e-01
1.383409223041638658e-01
1.340216567913789514e-01
1.371399569017044684e-01
1.460986023095233177e-01
1.618022678383910229e-01
1.769652071251117120e-01
1.789220714211216257e-01
1.626276259160465421e-01
1.349342715209699284e-01
6.137657803137473722e-02
-7.317893785462468992e-02
-1.661605958524496884e-01
-1.705146262036536520e-01
-1.343128706531926397e-01
-1.098292800091622418e-01
-1.147359062472187025e-01
-1.026778876336897628e-01
-5.503163266082784083e-02
-1.383698240878389329e-03
3.603083647969194253e-02
5.331888047940088610e-02
3.901650867901480108e-02
3.148377546065457555e-02
6.395527064113179505e-02
1.070266218664786551e-01
1.453005016230879409e-01
1.842340020842651027e-01
2.222121377279515086e-01
1.835479633890303997e-01
6.555164900855076082e-02
1.421863197141692847e-02
5.607751684522790242e-02
1.102198962815333222e-01
1.577953205705906192e-01
2.090978605201727070e-01
2.641736872572095218e-01
3.121150275402212459e-01
2.805410969647450514e-01
1.083294573241698755e-01
-1.288023215769554253e-03
4.471405395553285783e-02
1.306163379749885611e-01
2.147671821138871784e-01
2.842135411715303039e-01
3.458293251249077715e-01
4.076314319336409309e-01
4.550174671204228471e-01
4.855545977949360936e-01
5.055638314745266593e-01
5.125470429076359746e-01
5.152107865809665288e-01
5.151495148164255689e-01
5.105915953538201491e-01
5.101952509085949661e-01
5.213858010343759286e-01
5.426090778537269177e-01
5.698405206171652804e-01
5.993680574387546534e-01
6.281643220569160802e-01
6.641721003719812666e-01
7.031404019569988950e-01
7.385851019477421842e-01
7.738194930207408229e-01
8.090538400057363244e-01
8.418741034126394629e-01
8.718020126603563957e-01
