-1.100612840470287582e-02
5.328740069505926401e-03
5.387298116646273283e-02
3.575822226038097296e-02
3.346534295597746594e-02
-3.408868444384415691e-02
-8.918202950311572286e-01
-1.248043700482791341e+00
-3.473227414098277732e-01
1.077012641194703135e-01
2.400072286774961872e-01
2.368506025387860370e-01
-8.797143453188958906e-02
-1.536058512405555354e-03
8.240519895754903901e-02
1.295467148365733734e-01
1.253467218220228052e-01
1.136007499561095258e-01
9.591265362174136722e-02
9.268040879831596079e-02
6.397227013760518888e-02
1.099474988867336078e-01
8.889789313758417189e-02
4.002076477684345102e-02
5.007313390343607479e-02
5.706055533045636952e-02
-7.349895739490761026e-02
-3.898377676879723197e-02
8.382938014243408037e-03
3.059887518173398657e-02
5.645328473790035134e-02
8.262088869692867099e-02
6.523759587342373156e-02
-1.007740082528393977e+00
-3.022544007542812494e+00
-7.600613294348772531e-01
-7.599850802991986454e-02
-1.427597878293522249e-01
1.852286714173017046e-01
-3.917229415437839535e-02
-2.906980759322382313e-01
-4.551539458046244269e-02
1.422562512720675076e-01
4.265855277548214475e-01
4.944761133368408279e-01
4.586089482671614759e-01
-3.580262127157391588e-02
-3.507595690294570273e-02
7.116519693439796179e-02
2.128020015750667071e-01
2.386160920589215084e-01
2.131412818745604953e-01
-2.548528342424070114e-01
-1.397244963585452693e+00
-2.236162854094442265e-01
2.148147173625482020e-01
3.547200801860349584e-01
2.273825879921814730e-01
1.908208480362575121e-01
2.837236045002681228e-01
2.669230879919012311e-01
2.363776648294851901e-01
-1.896362986658348404e-01
-2.601341698230628108e-01
1.217612704617536401e-01
2.961944374991070106e-01
3.405760640087778235e-01
3.479370809061247960e-01
3.502025896875269884e-01
2.760834884894370345e-01
6.798892194543708356e-02
7.785389710436499411e-02
1.771846238418157138e-01
2.062891832664220104e-01
1.463829086719364292e-01
1.582332036347516846e-01
2.122749678890962222e-01
2.449218713958280502e-01
1.372439396646027709e-01
2.475395986297966588e-02
1.573430680687158412e-01
1.501227716288511538e-01
6.509117391750754433e-02
9.535638400908963419e-02
1.787980198587804381e-01
1.983385937423244039e-01
2.902381878991122655e-01
2.963594275108665799e-01
2.305082205252974026e-01
2.652547430487627866e-01
2.592563764406566884e-01
2.622976923285059714e-01
1.830191910555190316e-01
1.508682351225323071e-01
1.966973103611065754e-01
2.217286699175364528e-01
2.208063765507871368e-01
2.786065203525685541e-01
3.159263261816954715e-01
2.563512737987846957e-01
2.398129966742216235e-01
1.900390927220995951e-01
1.547371771700353227e-01
1.692590764393396285e-01
1.347016410583845303e-01
2.083537249584062057e-01
2.806450088798415066e-01
3.367658209339418618e-01
4.083991506709085950e-01
3.558989283771564760e-01
2.224643473483987055e-01
5.430120688376069427e-02
-1.715856819415051415e-02
-7.530877845264281056e-01
-1.229028317844654827e+00
-3.676919476770497131e-01
1.644707433206862857e-01
3.786348015999098093e-01
9.314800894408120646e-02
-6.680989314431154402e-02
3.733665146894035169e-01
6.022923782743599963e-01
6.014829458101398352e-01
4.462219530407576795e-01
3.043748063149426253e-01
-8.842167221120594833e-02
3.456862336017218484e-01
6.051489958186412332e-01
5.996222315215924414e-01
6.024602971289481079e-01
6.709578644684953685e-01
6.355692736868787662e-01
-5.416678599024200569e-01
-8.968266033294386430e-01
2.694498731047301199e-01
6.710672846619101239e-01
6.052458582609993032e-01
6.771064043379388941e-01
7.714059899093763661e-01
8.308650705291438232e-01
7.523196675990798665e-01
-3.798316814608792558e-01
-1.787432686209313282e+00
1.231515788042642501e-01
7.852292401695604163e-01
9.471079872154029022e-01
9.174214744030189106e-01
9.067417150873560150e-01
9.414498663403947365e-01
9.503589559439458156e-01
7.503518421176349484e-01
7.200797812280369525e-01
6.496348407369428868e-01
5.572977967735555094e-01
5.679549821224864070e-01
5.076114605094652621e-01
4.874032258668839490e-01
5.414261923120999853e-01
6.348222658560487286e-01
6.849643704787224952e-01
7.588775053417988747e-01
7.724577364096900656e-01
8.000905655163230712e-01
9.192007451698154252e-01
8.979765347403566578e-01
9.119065921091512594e-01
8.724361015816315401e-01
8.548911259234753812e-01
8.459013659250174122e-01
8.608246019462204579e-01
8.799131433523543766e-01
9.260151990390123045e-01
9.712411480514537843e-01
9.966585226472273185e-01
1.008780540397039127e+00
1.006659308080392279e+00
1.005076816110225035e+00
1.006062232540562151e+00
1.023397541247582865e+00
1.034377311161995383e+00
1.053272531372945409e+00
1.072296081604742213e+00
1.100720220692428031e+00
1.145319778757466267e+00
1.200584486531331763e+00
1.219516073348471341e+00
1.250096706172862504e+00
1.247995725216771934e+00
1.264643286639234532e+00
1.259807268898458510e+00
1.260077126617355159e+00
1.264316895992001699e+00
1.283856561684594944e+00
1.310380450502242500e+00
1.344306121321305891e+00
1.397593602460452722e+00
1.435064824892397395e+00
1.472816835838272498e+00
1.485443734976670704e+00
1.476733669314933550e+00
1.461402078945170491e+00
1.469001212307634363e+00
1.479386906127331258e+00
1.494813293768689988e+00
1.524539993501089929e+00
1.567525367640872691e+00
1.611357969277632307e+00
1.628314084304140819e+00
1.649167184580667245e+00
1.669028177595125895e+00
1.666286815642915586e+00
1.670664002033658724e+00
1.679975263731477764e+00
1.699465005624491099e+00
1.721797078780922918e+00
1.751085387619522482e+00
1.799042892379544512e+00
1.839753829108127459e+00
1.867248112876126909e+00
1.875509939496651235e+00
1.876627424975955583e+00
1.874657397756193333e+00
1.886559610956357824e+00
1.902086650305426341e+00
1.914548888246461633e+00
1.934281141710739060e+00
1.953431273718263306e+00
1.982624597501445818e+00
2.020786002966418859e+00
2.057496398940461546e+00
2.086200693922258154e+00
2.102923907097795642e+00
2.117602018541863806e+00
2.121170587572781763e+00
2.134252880857975931e+00
2.134523137222931410e+00
2.146306020972593931e+00
2.169034464751955049e+00
2.193349964643131145e+00
2.230512006264502300e+00
2.274951951312603526e+00
2.310566493069173166e+00
2.349744680418493381e+00
2.351735266539894287e+00
2.346445805744609814e+00
2.349348914605446037e+00
2.351946982248572127e+00
2.369625517160174333e+00
2.387641378461262676e+00
2.420312970328525104e+00
2.462228051702603615e+00
