-6.869250070746327772e-04
-9.600351397236403517e-04
2.761078134718381993e-03
7.991888978632333967e-03
1.176125723983557393e-02
1.097181557678119507e-02
-4.726779797978647446e-02
-1.747341255236793123e-01
-2.602641380449943753e-01
-2.603395965705818660e-01
-2.250236934683725598e-01
-1.834192441432058451e-01
-1.640284680336413503e-01
-1.589941703202180368e-01
-1.439719921157200933e-01
-1.219140165841241241e-01
-9.855576725092811408e-02
-7.747459173372189811e-02
-5.941822136728981685e-02
-4.371141972278393129e-02
-3.100142494049237807e-02
-1.796043496733050471e-02
-4.439075178938734281e-03
3.917397941643165765e-03
9.428956607261299028e-03
1.548878888497395509e-02
1.333470349680453138e-02
5.701754468496363082e-03
3.291412672220129457e-03
5.076273539089809321e-03
9.639640258446985702e-03
1.707994036717261355e-02
2.455017785740303687e-02
-3.637761553606520815e-02
-2.824649073014500189e-01
-4.921854114456458706e-01
-5.166107861081814523e-01
-5.028828778873284389e-01
-4.721017563641263237e-01
-4.369777612291944613e-01
-4.318135434677006779e-01
-4.259729536102678793e-01
-3.943185207000661774e-01
-3.354992309977736786e-01
-2.588889526694993504e-01
-1.846057518311527978e-01
-1.473919538484544656e-01
-1.413168065499146309e-01
-1.295019946798848520e-01
-1.037780878241447713e-01
-6.992924808884275201e-02
-3.827257868422446335e-02
-3.931674548352131343e-02
-1.392615206483811263e-01
-2.277856446187115913e-01
-2.163989664566753068e-01
-1.710514451982965423e-01
-1.275447741540437774e-01
-9.585132186094119655e-02
-6.219090526589741985e-02
-2.606230611374322353e-02
5.120484358921113116e-03
6.063585915861024848e-03
-2.256008256993644739e-02
-3.033606782071495214e-02
-4.793454549126833358e-03
3.232602157804891074e-02
7.052470162426424660e-02
1.071931310004331783e-01
1.372729632390686794e-01
1.482410390562051983e-01
1.468413657748424694e-01
1.519781933649560768e-01
1.642297495875982005e-01
1.736575934562273882e-01
1.797194969907232875e-01
1.894003077615725450e-01
2.036647591914708399e-01
2.122968322735571678e-01
2.071134568277310239e-01
2.038206614092450408e-01
2.078920737054509027e-01
2.060275542381302949e-01
2.011984587639281952e-01
2.035891052151468927e-01
2.119745694136239422e-01
2.268635086081336183e-01
2.467655372165040717e-01
2.619232528930653947e-01
2.746218692435915543e-01
2.882637696691013884e-01
3.009951913726859329e-01
3.082415986132924224e-01
3.084299918882060787e-01
3.095279467128669859e-01
3.147599801498727756e-01
3.211221731653572942e-01
3.307235615795072747e-01
3.455402106440621512e-01
3.580710170283836757e-01
3.654621587995482423e-01
3.683806023925667028e-01
3.660277609713336600e-01
3.626345390852361295e-01
3.581178347790388017e-01
3.564660294543200991e-01
3.637665813250570701e-01
3.785045872635779407e-01
4.003243091889958083e-01
4.219925355236283648e-01
4.312011762221283351e-01
4.216510232076137732e-01
3.982890649256562443e-01
3.260072165934775335e-01
1.849289404236983680e-01
7.722126610310554862e-02
5.878884204875645114e-02
8.649387727788374058e-02
1.082763049677467893e-01
1.029702583193521787e-01
1.164609083479236085e-01
1.694473105627016807e-01
2.332828045524071581e-01
2.842414335687468152e-01
3.146222022385783412e-01
3.104416457182970213e-01
3.104112915985970944e-01
3.515651181130485803e-01
4.052740711916500982e-01
4.559721914836462608e-01
5.082883051839600652e-01
5.594069649953766765e-01
5.320326775072783398e-01
4.149543040901681468e-01
3.555023359208488998e-01
3.919817754385779285e-01
4.462833063009990497e-01
4.987925107294033378e-01
5.587949330373611634e-01
6.249065125685429045e-01
6.860561190622715966e-01
6.685901826356461797e-01
4.978895119999005026e-01
3.727526141167409879e-01
4.064271918613051038e-01
4.877598577003160463e-01
5.731545066071661587e-01
6.521188200804191037e-01
7.286212360987208703e-01
8.036146058520813318e-01
8.624973888182533299e-01
9.044189906363810927e-01
9.375428711431288420e-01
9.586450379594432247e-01
9.735370933563315399e-01
9.841676311188894966e-01
9.892206124461085937e-01
9.960216629733925631e-01
1.011342190868157465e+00
1.034415582527776545e+00
1.063854877770525675e+00
1.096955586803471494e+00
1.130885108058905297e+00
1.172097845024425933e+00
1.216767639875057316e+00
1.258727047922953757e+00
1.297050784749376628e+00
1.330788084729892740e+00
1.362425818442040804e+00
1.394023582561152885e+00
1.427594992756781034e+00
1.463373959939514801e+00
1.500932025538930237e+00
1.539046294874512499e+00
1.575847423540228887e+00
1.609850996049556171e+00
1.640485827485647974e+00
1.668199737087301404e+00
1.694379839568312285e+00
1.719721078701635264e+00
1.744461483330976170e+00
1.769662425435359676e+00
1.796341978791348604e+00
1.825863421615675275e+00
1.859583698175547584e+00
1.895557967554156509e+00
1.932200014852506698e+00
1.968021172498938931e+00
2.002271536082393499e+00
2.034734724181246346e+00
2.064523934273644556e+00
2.092455006722896638e+00
2.119942685458930054e+00
2.148290376185711725e+00
2.178257115967957347e+00
2.211346089762266764e+00
2.247504401457132150e+00
2.285648143985996139e+00
2.324070622920132223e+00
2.359908429834387533e+00
2.391609524300505107e+00
2.420015015936950231e+00
2.446456351425271070e+00
2.471588563757612267e+00
2.496741949677829364e+00
2.523631380560409365e+00
2.553025617337954412e+00
2.583211666982386578e+00
2.612844855202497207e+00
2.642098818122389225e+00
2.669529643838417510e+00
2.694230808846314940e+00
2.716962536992861388e+00
2.738804015436568040e+00
2.760605868456556866e+00
2.782972650585709751e+00
2.807465757923398364e+00
2.834639230797462606e+00
2.863112213143683249e+00
2.890853348267389045e+00
2.916327693969397394e+00
2.939055207361131572e+00
2.959870555628820732e+00
2.979843036881914209e+00
2.998985286348325729e+00
3.017589202198032172e+00
3.036029463333087985e+00
3.054895530897884015e+00
3.075290728072218371e+00
3.097523839102457099e+00
3.120918063293709466e+00
3.144183085937183986e+00
3.166466030217907957e+00
3.186972110275873682e+00
3.205693405399831164e+00
3.222446294309791348e+00
3.237295881916911089e+00
3.251678496395745022e+00
3.266337736724301610e+00
3.282133287540521582e+00
3.300183741498128764e+00
3.319945324167589362e+00
3.340787023575213954e+00
3.360614612281882962e+00
3.376928925284423677e+00
3.390026755270538317e+00
3.400575998506080833e+00
3.409642135402454421e+00
3.418208741298221387e+00
3.427271440384680012e+00
3.438246915919251023e+00
