-7.594112225711362463e-01
-7.587929852570515221e-01
-7.584966984190052441e-01
-7.578041978491938391e-01
-7.569093484412894313e-01
-7.553476660819656852e-01
-7.632012116958912795e-01
-7.596498424016470130e-01
-7.582836327749107319e-01
-7.565929552196108965e-01
-7.543182811716461211e-01
-7.513264217524135979e-01
-7.486931859303833647e-01
-7.467037142272698880e-01
-7.437196942407413580e-01
-7.391984864149379053e-01
-7.326975731768801126e-01
-7.235436657330276411e-01
-7.099583864145695422e-01
-6.874792234735215279e-01
-6.462768303102234269e-01
-5.022889840120309257e-01
-1.678927114283153221e+00
-9.736560925922096432e-01
-8.920049658709069407e-01
-8.537057186823473476e-01
-8.486936835409990554e-01
-8.603490205809730673e-01
-8.586472455815719051e-01
-8.452362872761746138e-01
-8.290312385046200161e-01
-8.138585365113630843e-01
-8.032211566384629409e-01
-1.674263099620611150e+00
-7.488652128545072451e-01
-7.527721181938338280e-01
-7.516826793570248189e-01
-7.499809370100287698e-01
-7.478201688067503961e-01
-7.453493791820842151e-01
-7.436738983451113283e-01
-7.419265522524158829e-01
-7.389911027252948905e-01
-7.339122003647082781e-01
-7.249749123757328606e-01
-7.098267984390886909e-01
-6.947033795158279457e-01
-6.874892423608274239e-01
-6.757949012855657411e-01
-6.464810827878928468e-01
-5.628550353913805981e-01
-1.152515762061047666e-01
3.360157051686346596e-01
-6.506564154738408989e-01
-6.994116690074599907e-01
-6.940233092155541073e-01
-6.688453847505848593e-01
-6.150501850355163391e-01
-4.952804493066182423e-01
1.255027667223606480e+00
-1.080697051735479697e+00
-9.147469516826391978e-01
-8.963326034923346786e-01
-9.398040951435381318e-01
-9.463320667588388524e-01
-8.841061641708106711e-01
-8.428550347309966551e-01
-8.199919106094131216e-01
-8.061440933175811896e-01
-7.977248066476871902e-01
-7.934672160489236736e-01
-7.911436413890355901e-01
-7.883868976777750337e-01
-7.850068400001711799e-01
-7.820444175730915104e-01
-7.795206496671224228e-01
-7.769159741251117079e-01
-7.742291511174788088e-01
-7.719016251143810958e-01
-7.700734239208959497e-01
-7.682408973450467471e-01
-7.663254336428737545e-01
-7.645670539248399233e-01
-7.628507159400278459e-01
-7.610790092659398542e-01
-7.593260152939029783e-01
-7.576637068485836402e-01
-7.561228121329119922e-01
-7.546108861443683313e-01
-7.531349111126584006e-01
-7.517471245028026772e-01
-7.504060311845941467e-01
-7.490056670401401551e-01
-7.474839650468596552e-01
-7.459859119923232251e-01
-7.445574840408395456e-01
-7.431336100645635767e-01
-7.418643532280108088e-01
-7.408413800624071843e-01
-7.397562292179276078e-01
-7.385301409910458581e-01
-7.371932301695678369e-01
-7.356773996987954201e-01
-7.341415035846516890e-01
-7.325640787265611520e-01
-7.311445423470303018e-01
-7.302124520994101031e-01
-7.296842339442816128e-01
-7.294456739309391757e-01
-7.291544127615681159e-01
-7.283572216326702486e-01
-7.267917458677282116e-01
-7.245498585111576073e-01
-7.194968854623469134e-01
-7.073789209231469144e-01
-6.922580624358128931e-01
-6.872910902575650738e-01
-6.904698877948123314e-01
-6.927001576958110585e-01
-6.909566163038834974e-01
-6.922413440178404320e-01
-6.985591689375005853e-01
-7.047077579942386816e-01
-7.085650177116649129e-01
-7.102235067471761587e-01
-7.091793133609576305e-01
-7.083874240633676322e-01
-7.103992414391921972e-01
-7.128081387205891239e-01
-7.146620131557832600e-01
-7.162701588531055208e-01
-7.175026992598179110e-01
-7.153105871096940849e-01
-7.082474002946057556e-01
-7.031409555037826387e-01
-7.041392525676748448e-01
-7.061427798007744450e-01
-7.078715402305306714e-01
-7.097834695812150763e-01
-7.116770023791286759e-01
-7.131038556291889874e-01
-7.114280001804267339e-01
-7.021836807597754415e-01
-6.925083185963603061e-01
-6.932962276898946286e-01
-6.971938315979302470e-01
-7.007061623600681077e-01
-7.035689867553158727e-01
-7.060274175137204455e-01
-7.079317442366309665e-01
-7.088917763887313539e-01
-7.091484833117985831e-01
-7.091247787120975588e-01
-7.087487862113726056e-01
-7.081645889989727216e-01
-7.074357008818439319e-01
-7.065435230102391495e-01
-7.056712479021292062e-01
-7.050031534511732589e-01
-7.045162896826641097e-01
-7.041937991799938068e-01
-7.039883308954670849e-01
-7.038242958422689100e-01
-7.038476383207663556e-01
-7.039260950298045216e-01
-7.038655867964288548e-01
-7.037321440650581295e-01
-7.035931294223298771e-01
-7.034117712148924006e-01
-7.031763236268449013e-01
