-2.794798661294461084e+00
-2.790655020720670176e+00
-2.767447007806788317e+00
-2.820251433398577756e+00
-2.804621589811281623e+00
-2.809085409338927697e+00
-2.794582169928959914e+00
-2.791955266403210345e+00
-2.787263930621484143e+00
-2.778939063302899193e+00
-2.765286689592165281e+00
-2.743642207606451500e+00
-2.727559139255204990e+00
-2.720513294318471331e+00
-2.702592312368605310e+00
-2.669361214776711844e+00
-2.615398091387474810e+00
-2.535345864865996113e+00
-2.425531100649412686e+00
-2.256283934396046131e+00
-2.040551148176966922e+00
-1.245880708841809126e+00
-9.691052145389567940e+00
-5.888886642122653114e+00
-6.629128279330123164e+00
-5.210411207821501023e+00
-1.244525152512399035e-01
-2.168881923918060561e+00
-2.282401520564035113e+00
-2.231256657092169249e+00
-2.046557596127751122e+00
-1.225945449441044000e+00
2.506984658156003931e+01
-2.668333981798877375e+00
-2.766031913137473097e+00
-2.771067492187331727e+00
-2.762302310752699164e+00
-2.750637815971055833e+00
-2.735922479902179738e+00
-2.719494062626617747e+00
-2.711736250111753677e+00
-2.703572555087746743e+00
-2.684876599088019233e+00
-2.644903920592118318e+00
-2.555875163536466044e+00
-2.347977610012748961e+00
-2.247932057627297642e+00
-2.371694112319918002e+00
-2.389841415615101106e+00
-2.296085591641443546e+00
-2.024817087861715326e+00
-1.389283567190374935e+00
-2.000340150338457246e+00
-2.594104168884239670e+00
-2.658262704756522155e+00
-2.630936091200510862e+00
-2.560889388427348923e+00
-2.460000050680910544e+00
-2.356463721217156415e+00
-2.165405917573800298e+00
-1.701318420125783826e+00
-4.600791012789942069e-01
-1.594317950099510606e+00
-2.280032719590885826e+00
-2.336470030931871555e+00
-2.089394015678435412e+00
-7.010635859681945137e-01
-5.745277940855272547e+00
-3.758752390754595218e+00
-3.436482660836160274e+00
-3.449048510297325620e+00
-3.599471432423740236e+00
-3.573783229674075024e+00
-3.450795635144717544e+00
-3.398878182923931845e+00
-3.377760475293514197e+00
-3.317641223640186432e+00
-3.240555835995430289e+00
-3.218599250989450322e+00
-3.293035189391273931e+00
-3.346323349465893493e+00
-3.298513544337689396e+00
-3.295724168811850152e+00
-3.318041464531245488e+00
-3.281659460065315947e+00
-3.219929324923137770e+00
-3.146281067288290600e+00
-3.082974519296966420e+00
-3.049996364521146752e+00
-3.027265625256086334e+00
-3.007581663467301158e+00
-2.991918232832794011e+00
-2.986287853017173255e+00
-2.990974245489001149e+00
-2.989627340512494236e+00
-2.975023017153317628e+00
-2.957681782307147511e+00
-2.939940324385643677e+00
-2.921291928381459790e+00
-2.907482747329915185e+00
-2.898972744724984896e+00
-2.894041216888593837e+00
-2.892234888302858131e+00
-2.890564547440484411e+00
-2.889226202045557912e+00
-2.885318416896249349e+00
-2.875384664848825267e+00
-2.862734393260377708e+00
-2.848919811101173316e+00
-2.837768808217548955e+00
-2.831213449279826211e+00
-2.828934456968817734e+00
-2.830217636231719069e+00
-2.900004054222021566e+00
-2.766573646333118752e+00
-2.774355303787495952e+00
-2.765557608445604831e+00
-2.744418015553151236e+00
-2.719323420509332401e+00
-2.716883501343622775e+00
-2.694836179416520316e+00
-2.495349046653220881e+00
-3.125103873991445624e+00
-2.935459888230196768e+00
-2.907920265358019396e+00
-2.953824834288788281e+00
-2.994658896214763999e+00
-2.892127267475634866e+00
-2.850176656233969208e+00
-2.831556955043810220e+00
-2.818986829119021653e+00
-2.809558817833387678e+00
-2.805540337446319032e+00
-2.821196344013418233e+00
-2.742871923315525429e+00
-2.814125696323293901e+00
-2.799216584242456562e+00
-2.793074583697686464e+00
-2.788412724176993152e+00
-2.784393906073630021e+00
-2.780193190004524695e+00
-2.769691262718752878e+00
-2.651604937547717977e+00
-2.945566941140282502e+00
-2.376344711708443302e+00
-2.731413167863954605e+00
-2.754544922774097238e+00
-2.759271899754432766e+00
-2.759823261634826164e+00
-2.759227611729837992e+00
-2.756522821413796898e+00
-2.752203954891708104e+00
-2.747011996087996621e+00
-2.740540910985899803e+00
-2.733822973933387690e+00
-2.726895591841511646e+00
-2.719356224475371064e+00
-2.712871155266363132e+00
-2.709050233380760897e+00
-2.707262901128084209e+00
-2.706334137858601885e+00
-2.705372546313266291e+00
-2.703886096573850928e+00
-2.703479928272155774e+00
-2.703055834956992420e+00
-2.701678340619287244e+00
-2.700080434868808332e+00
-2.698346995399198534e+00
-2.696129908641544226e+00
-2.693468537344730240e+00
