-2.190110682727938306e-03
-4.930279659813466969e-03
-2.959809185918014802e-03
9.048706016220138190e-04
3.207947428464468387e-03
1.067985603964456166e-03
-5.858011391099882115e-02
-1.890754571337382728e-01
-2.793615092866117422e-01
-2.841442727789078582e-01
-2.525193746355017255e-01
-2.133916504033779582e-01
-1.955123375171950451e-01
-1.915696412885880828e-01
-1.772852524050708145e-01
-1.558691604370798789e-01
-1.328647757686098330e-01
-1.118941076474222335e-01
-9.408257549114378004e-02
-7.846716733271733024e-02
-6.572004246655996362e-02
-5.253962255943363940e-02
-3.858560268268675097e-02
-3.001477095652533428e-02
-2.466433661416823214e-02
-1.864832952270714661e-02
-2.084446135061920891e-02
-2.887776568946376354e-02
-3.187880552223159442e-02
-3.091680483745214494e-02
-2.741336021071717408e-02
-2.100728401085292379e-02
-1.441245736435889380e-02
-7.641699109786315169e-02
-3.260703368845062622e-01
-5.436797824894349374e-01
-5.764111431044743883e-01
-5.697499167367822137e-01
-5.452397037356281340e-01
-5.150529150454511429e-01
-5.139650484523096141e-01
-5.118359575061286471e-01
-4.829176172670578970e-01
-4.257463471639630348e-01
-3.498415063096064204e-01
-2.753453524660802731e-01
-2.371066677198735706e-01
-2.303458110445314733e-01
-2.184233824298496551e-01
-1.931166508328808762e-01
-1.598867196982049765e-01
-1.285600710158325832e-01
-1.298484912692133564e-01
-2.312870855744212639e-01
-3.238191657788112021e-01
-3.170838304574865041e-01
-2.758285965235710568e-01
-2.361712352918477753e-01
-2.076985190918947677e-01
-1.762470083487725214e-01
-1.421724219594717176e-01
-1.125061058853602802e-01
-1.125209575111025123e-01
-1.429015035285893243e-01
-1.524726460754838864e-01
-1.274990537811086233e-01
-9.072518461505299503e-02
-5.327172989235168243e-02
-1.707416134810402220e-02
1.436539106343993899e-02
2.713337796004267749e-02
2.790065000607676662e-02
3.600058472763828510e-02
4.959080867000532911e-02
5.957445794316767324e-02
6.642148655220941889e-02
7.652962869481740038e-02
9.050326890221800646e-02
9.845295103255463642e-02
9.186541181187536653e-02
8.697733562414880493e-02
9.156552724071419236e-02
9.222449610599531278e-02
8.971898530166703967e-02
9.266261806974042392e-02
1.001104199463127842e-01
1.130346522266330589e-01
1.302823538785828628e-01
1.439373780649437495e-01
1.555747649657630016e-01
1.669256417906832268e-01
1.768732855886639699e-01
1.812686888042844280e-01
1.786976793905999950e-01
1.776631170150354266e-01
1.829165112469197108e-01
1.910903706711616634e-01
2.015141855699246476e-01
2.155781334223323964e-01
2.279139269606587359e-01
2.349776328214717158e-01
2.367214626830665969e-01
2.329253243946693142e-01
2.273938395816683111e-01
2.204090991524871035e-01
2.154461108877308850e-01
2.179726934036726460e-01
2.270368757199068832e-01
2.439930326060165411e-01
2.618085543714968044e-01
2.667966077834713623e-01
2.522252480334241098e-01
2.236027885378803481e-01
1.448553596097404972e-01
-4.665786541085958916e-03
-1.223467009709286318e-01
-1.511090092450392275e-01
-1.328598559239845822e-01
-1.195866549521297367e-01
-1.329064717701514964e-01
-1.279262635203097243e-01
-8.282618444482370279e-02
-2.599471661089694519e-02
1.860296732257655378e-02
4.438156399676050634e-02
3.734099301941038590e-02
3.386821324866783056e-02
7.115511060773677121e-02
1.221785628955172343e-01
1.709292798582437434e-01
2.221394473312749973e-01
2.740155064971439014e-01
2.476528832184945739e-01
1.308805675301801530e-01
7.085059633456347594e-02
1.061575618023517242e-01
1.601570419870226303e-01
2.124501531295418799e-01
2.724209212443261530e-01
3.398314438268547066e-01
4.030265591202310538e-01
3.855852542443202746e-01
2.146783483093828715e-01
8.904060805818572732e-02
1.205258429261445163e-01
2.015967840765718888e-01
2.903405537246298573e-01
3.710650813163342554e-01
4.481731637123113621e-01
5.286598823158152882e-01
5.968646177135293884e-01
6.479898999331064058e-01
6.872989021911033447e-01
7.112791884053697444e-01
7.281056418768903082e-01
7.397510766456512066e-01
7.443939283316151068e-01
7.511006344811251845e-01
7.685231232054425821e-01
7.964146924555590701e-01
8.314093404713363000e-01
8.700270711210160712e-01
9.090263833858127640e-01
9.563363801583454338e-01
1.008314025955795445e+00
1.057867301746769240e+00
1.107997145922891002e+00
1.158739185357936963e+00
1.207494699745006006e+00
1.253358356181111022e+00
