1.311005619357298591e-02
2.363148378803010471e-02
7.012507461058534175e-02
5.340438729619847308e-02
5.592861815799143183e-02
-1.618777204034273220e-02
-8.923222352528075163e-01
-1.282570474949515482e+00
-3.983175174400791496e-01
6.656441912666896665e-02
2.178265765758194139e-01
2.303788067539813134e-01
-8.750968769317350737e-02
-6.955820779040028379e-04
8.846858479113972606e-02
1.459095073293799616e-01
1.453314731454420083e-01
1.410757484601212752e-01
1.291901741622009658e-01
1.254575611957798875e-01
9.971118639617918000e-02
1.442251605589978947e-01
1.234662818146081975e-01
7.895167242649026029e-02
8.899490933439693774e-02
9.242441733588316333e-02
-3.903851598238990139e-02
-7.742358615196957144e-03
3.842168496548765966e-02
6.371450186686604400e-02
9.221057722174060001e-02
1.197552275515226250e-01
1.036568542874962834e-01
-9.903102888585239016e-01
-3.074633563636530287e+00
-8.587860979604989842e-01
-1.636269481111137514e-01
-2.071571336456640988e-01
1.491104171881542095e-01
-5.976478892626249650e-02
-3.001120502327895290e-01
-5.147514511607831356e-02
1.472488139344521330e-01
4.505854558372266450e-01
5.445709979972154224e-01
5.255976526610264266e-01
3.404710972048996531e-02
3.383334425754618013e-02
1.397304933260273829e-01
2.913600338158674474e-01
3.231611411864041550e-01
3.010274163772440614e-01
-1.733748064680815937e-01
-1.346694012056173673e+00
-1.934945379457339576e-01
2.575640560911432453e-01
4.165318620058375276e-01
3.139495285507136191e-01
2.771386492379568911e-01
3.784178713019414886e-01
3.747013019977701864e-01
3.425027985160526423e-01
-8.840634136505806651e-02
-1.661997032028005861e-01
2.004800323715243970e-01
3.754052714036590910e-01
4.383384970151179560e-01
4.591511860398406752e-01
4.657845288603574274e-01
3.732971796641171847e-01
1.763504579726343779e-01
1.566251443494839912e-01
2.577010806807139565e-01
3.058659017998009988e-01
2.392069426579880032e-01
2.501342828205408986e-01
3.081242286228350613e-01
3.505514154069967470e-01
2.422027902661832155e-01
1.357637037242404587e-01
2.560209059304353607e-01
2.233170111348055376e-01
1.253781102021850891e-01
1.608978102125168952e-01
2.614483653860959489e-01
2.906686038832762553e-01
3.977232301670901027e-01
4.137432731378811179e-01
3.318775018030489798e-01
3.805015641772798718e-01
3.863787433644610969e-01
3.919414434302458394e-01
3.147178687702537614e-01
2.769533174757509708e-01
3.139217233954342268e-01
3.112101095111775573e-01
3.065188620284976517e-01
3.830474667590924032e-01
4.322322037630723646e-01
3.586087612438267902e-01
3.585950844586305308e-01
3.045380669571474685e-01
2.721275776545705183e-01
2.882976075777876623e-01
2.518434756805128516e-01
3.369556430261143598e-01
4.253085480972949584e-01
4.923468760194288363e-01
5.578582295235225974e-01
5.125507010772636374e-01
3.876117375421225808e-01
2.199868758007991199e-01
1.355177539330744141e-01
-6.069894317329300737e-01
-1.128765259521641973e+00
-2.855168962288874290e-01
2.546703831145891717e-01
4.904728950461249015e-01
2.215592692712207712e-01
6.555841714365950867e-02
5.295176184013101750e-01
7.709421009781912693e-01
8.033086948695495888e-01
6.557671077765598877e-01
5.061633296728965670e-01
9.307969277837790933e-02
5.405267099523991536e-01
8.056084521422848255e-01
8.087934253608359825e-01
8.225403816200484997e-01
8.933552490968209581e-01
8.487854913942007862e-01
-3.374191198554892246e-01
-7.607409657588299901e-01
3.968718225160363100e-01
8.144118566192182218e-01
7.633347658834326310e-01
8.608406131745220957e-01
9.659014061803543605e-01
1.032004718852397529e+00
9.676411443996458805e-01
-1.516744073744936694e-01
-1.672526900736727828e+00
2.080709587037561925e-01
9.062225920209127095e-01
1.069386376503328462e+00
1.053976836647278814e+00
1.113221525941201717e+00
1.148105295171105489e+00
1.117945717560173691e+00
9.146321870399670706e-01
8.893016858050504236e-01
8.451318665079881054e-01
7.628020755030271438e-01
7.672984444406274473e-01
7.118012084054666788e-01
6.965440320954099374e-01
7.276611794735471372e-01
8.051924067564140142e-01
8.348916318387780144e-01
9.091010578786513641e-01
9.268881335444205671e-01
9.659054084594610456e-01
1.066870340896025615e+00
1.053060460697780032e+00
1.043100071644905924e+00
1.058234294323213476e+00
1.085009634606326934e+00
1.079217079217379638e+00
1.094192371715511314e+00
