-2.112754413175033791e-03
-4.493674529272715518e-03
-2.203841034970127274e-03
1.533166499294248610e-03
3.457420790060952535e-03
9.843573275375066059e-04
-5.654184056159465566e-02
-1.754538661497593022e-01
-2.452173065823443632e-01
-2.309234706250063440e-01
-1.869764949278301946e-01
-1.423550643871997756e-01
-1.234384699624226089e-01
-1.192735335807062480e-01
-1.056873349694581604e-01
-8.653059498464506227e-02
-6.735212373571165811e-02
-5.129763828111101598e-02
-3.894370560698598438e-02
-2.890356453955706534e-02
-2.162506717237656917e-02
-1.361755862751216906e-02
-4.836636073517001574e-03
-1.164843851143979123e-03
-2.299712759996300898e-06
2.395064777024491325e-03
-2.758415265653811621e-03
-1.226607254392475879e-02
-1.580156749679249156e-02
-1.516341831191814551e-02
-1.211011598148147191e-02
-6.517840626617925522e-03
-1.196247772540008636e-03
-6.231409446031489774e-02
-2.965030036427920290e-01
-4.755240307306978220e-01
-4.697116814720754263e-01
-4.342385062939567164e-01
-3.896061399063289743e-01
-3.477473289473107521e-01
-3.394225625705035165e-01
-3.314653834033747803e-01
-2.997633822127411807e-01
-2.445863615411284220e-01
-1.767903796032707087e-01
-1.155721446142851661e-01
-9.285396624269154353e-02
-9.899674346668099756e-02
-9.727338998027788841e-02
-8.119913402956982496e-02
-5.767238814076253162e-02
-3.661058594511128195e-02
-4.721659511504026213e-02
-1.508398502107929640e-01
-2.330647534381047326e-01
-2.155221566996240734e-01
-1.690026129524463683e-01
-1.296421372234788649e-01
-1.045042774874273550e-01
-7.825136217098706271e-02
-5.126588059037968936e-02
-2.986175723628008150e-02
-3.768264719016821418e-02
-7.182388320579775887e-02
-8.173783393670548680e-02
-5.804638418002762423e-02
-2.538353188988266146e-02
5.411545677488003442e-03
3.314167647728978594e-02
5.501905042824989378e-02
5.848091432686346874e-02
5.204324959988793076e-02
5.445052868727381923e-02
6.268189959741084227e-02
6.750134593046547282e-02
6.978423234675859566e-02
7.571436625030948664e-02
8.537311358978380560e-02
8.892723632992176330e-02
7.903126171314900361e-02
7.250340690441473002e-02
7.570693249966599370e-02
7.496630936500152387e-02
7.158969388196931294e-02
7.386052068566741069e-02
8.019438033028773727e-02
9.131515792044722635e-02
1.056217422957636126e-01
1.155149900900725862e-01
1.231763824359402015e-01
1.303873933207645441e-01
1.362151603183286153e-01
1.367492531827999014e-01
1.312613903900067269e-01
1.282741448290434516e-01
1.318006603881336503e-01
1.379205184355601077e-01
1.458874382609164633e-01
1.568534421926880418e-01
1.654765942184656113e-01
1.688111490679863047e-01
1.673045333278780078e-01
1.611598684301305262e-01
1.543336618233868696e-01
1.468837563672816537e-01
1.421741788953061469e-01
1.449001923632055600e-01
1.534343336569374827e-01
1.686580482659744140e-01
1.832696057050490768e-01
1.846473884671287480e-01
1.678249257820898510e-01
1.397229142807434599e-01
6.596124086892861393e-02
-6.831345480563012773e-02
-1.604936316395843832e-01
-1.639672073564145682e-01
-1.270953050561660636e-01
-1.021820072507010485e-01
-1.067309693214350402e-01
-9.432712025767905906e-02
-4.650709570886202293e-02
7.066613513663222435e-03
4.421849339525205091e-02
6.116592430600535646e-02
4.655642743240319403e-02
3.884509585860213693e-02
7.108486996713656025e-02
1.137530293358231803e-01
1.514699680921552938e-01
1.897172831684420247e-01
2.268799139246758800e-01
1.874156235883835120e-01
6.909283074562691529e-02
1.789065344806731184e-02
5.979574410520916566e-02
1.136932243972457873e-01
1.607897035216304671e-01
2.114073750619016034e-01
2.655909590279443844e-01
3.124529253994253186e-01
2.797912157382005383e-01
1.070440980142149667e-01
-2.295254200639723630e-03
4.395773612776509437e-02
1.296935151220162674e-01
2.132467680351294304e-01
2.817650951674454118e-01
3.422153234621742035e-01
4.026438808897125354e-01
4.484821780342808650e-01
4.773980116240474358e-01
4.957589540806092154e-01
5.011162243343003642e-01
5.022077829919622260e-01
5.006189870981312406e-01
4.945897787056640071e-01
4.927692163649969870e-01
5.025333850429549720e-01
5.222709732878871858e-01
5.479266877805233360e-01
5.757751787421342415e-01
6.027955722199553890e-01
6.369277182240737911e-01
6.738871020398544687e-01
7.072120953968298318e-01
7.402260261157739274e-01
7.731434494787146061e-01
8.035556893844812976e-01
8.310022830532706184e-01
