-3.234201138627731953e-02
-7.492588182301069752e-03
4.083798644557336960e-02
1.861943421058510906e-02
1.115760887987592501e-02
-4.828153648875488368e-02
-8.365219276382216407e-01
-1.070955425911547021e+00
-1.332932102917159800e-01
2.599607519506328401e-01
3.137074670554999001e-01
2.523290032546223194e-01
-8.772575542259075654e-02
3.031474405062559163e-03
7.685467442930121740e-02
1.053732407903486129e-01
9.119857416597645927e-02
6.946579709807802760e-02
4.684265271139688436e-02
4.598227565218814678e-02
1.746661615078295982e-02
6.575789955766145334e-02
4.396570675378624893e-02
-5.561116518592212205e-03
8.865167111486414037e-03
2.111043081665038568e-02
-1.008535711017330694e-01
-5.447815333908438001e-02
-4.690499510369029040e-03
1.208581571161535494e-02
3.174470486391910845e-02
5.185339346316336639e-02
3.004902858942962857e-02
-9.653897509167473912e-01
-2.720792963965185329e+00
-3.301301534451543951e-01
2.562700092711513999e-01
8.515963541572846296e-02
3.201326495564010277e-01
3.861204377950155919e-02
-2.255420449808238637e-01
1.402669573058362706e-02
1.693345147013027852e-01
3.986818997865649306e-01
4.037675277739088964e-01
3.288569820685495193e-01
-1.527265413076300260e-01
-1.186222171653404378e-01
3.419302694703876822e-03
1.335254487295025050e-01
1.457584581005545443e-01
1.127769480718388284e-01
-3.248668495704819525e-01
-1.339292025435582900e+00
-9.897182048086367034e-02
2.806911031769041553e-01
3.462047204048922522e-01
1.617372914153956676e-01
1.133222982644707388e-01
1.868820255798089580e-01
1.481624699907833353e-01
1.165159439547849701e-01
-2.820901139187547702e-01
-3.084994024405822710e-01
9.306247941154419112e-02
2.421037477385841741e-01
2.427336604964736022e-01
2.199455727854890408e-01
2.075077450481099539e-01
1.473920752239361587e-01
-6.041445856669527825e-02
-6.581975465376393997e-03
9.245096890531515066e-02
9.915557083934598004e-02
4.651188493848079641e-02
6.093195589731825734e-02
1.087620054329056646e-01
1.269507653765059030e-01
2.189969846923635333e-02
-8.391342244811074436e-02
6.635802570221302488e-02
7.935943896528860342e-02
5.632155254308796044e-03
3.112631213702847510e-02
9.365689674966748424e-02
9.824090366788257311e-02
1.674660434182971280e-01
1.561301395302002459e-01
1.037936934472040440e-01
1.239030948200722793e-01
1.062593068683572173e-01
1.079796644105440184e-01
3.192459201065867003e-02
1.371539182252093370e-02
7.147614285933032163e-02
1.195707610576182689e-01
1.157067486179796101e-01
1.484254016162936951e-01
1.673292329239185194e-01
1.185559056730886018e-01
8.718965853331209215e-02
4.703079660734801881e-02
1.636385091102987577e-02
3.524492637954287910e-02
7.682569662422256140e-03
7.148118073251708005e-02
1.236464852176573925e-01
1.618263386009984872e-01
2.285041476785593384e-01
1.611545707788592241e-01
2.498763558725169975e-02
-1.240827085440831534e-01
-1.592786238491773476e-01
-8.306974293670509324e-01
-1.167536862661541885e+00
-2.575669896867479602e-01
2.184750888337007035e-01
3.459819268528314673e-01
1.005778646257864117e-02
-1.532381819412274582e-01
2.485953835063554052e-01
4.257554925954580849e-01
3.591835657122314784e-01
1.860913695122148603e-01
5.968278317865040317e-02
-2.821917386769865477e-01
1.518483884192678157e-01
3.820592933008565839e-01
3.417873824003727079e-01
3.178231819726887730e-01
3.702000502182059005e-01
3.327324179955004624e-01
-7.777901166542939837e-01
-9.610600523452249577e-01
2.280568282050166595e-01
5.496378538473021269e-01
4.145353921823454191e-01
4.265843933855474335e-01
4.815437553107981827e-01
5.088988804226071139e-01
4.023483836333020536e-01
-6.835224165338997793e-01
-1.819186175443199049e+00
1.724732144958161517e-01
7.116059509281010831e-01
7.785895914909402027e-01
6.679125442666713486e-01
5.518736138801205726e-01
5.662239870550407339e-01
5.947958503520143214e-01
3.913739799966405863e-01
3.624641674696453819e-01
2.699358772041356991e-01
1.900627044409757271e-01
2.243616198698010766e-01
1.714527364031482870e-01
1.632979670447005649e-01
2.417054984214025426e-01
3.507939587356584399e-01
4.066762092477586021e-01
4.511776433198800840e-01
4.533862833953549165e-01
4.518691153261535920e-01
5.785534644852174946e-01
5.267500840684052887e-01
5.403044327982448047e-01
5.484083547798414005e-01
5.655555747738857386e-01
5.381355508817439182e-01
5.438451732765379187e-01
