1.060847787077738233e-03
3.393326989482716143e-03
8.438411792853681842e-03
1.392637310181851773e-02
1.779074344202832142e-02
1.699357312313166946e-02
-3.832686706974048479e-02
-1.505133184388236789e-01
-2.098986474510627920e-01
-1.872654532379611769e-01
-1.390442751841414193e-01
-9.367870899845523458e-02
-7.599403146447546165e-02
-7.315356300158125380e-02
-6.101328492368252726e-02
-4.306169434283812353e-02
-2.535590479149428533e-02
-1.085252055263288655e-02
6.542008098945790995e-04
9.851128695233617866e-03
1.634968490343924677e-02
2.362660434405077642e-02
3.126013959208857884e-02
3.449526704188718429e-02
3.615396736507413278e-02
3.880153288146356849e-02
3.396511587053219206e-02
2.564764093087308280e-02
2.360300994040205949e-02
2.600317967959159260e-02
3.105126108748895719e-02
3.832222617433876655e-02
4.482332189919873561e-02
-1.437112720516717929e-02
-2.395798820411098595e-01
-3.992561628898756987e-01
-3.769396727310467821e-01
-3.313045351414921069e-01
-2.802078718285824777e-01
-2.357854127046210002e-01
-2.264245370982525540e-01
-2.174320608205168592e-01
-1.863144580301180908e-01
-1.336491233489650876e-01
-6.992574340714058367e-02
-1.397155823727622148e-02
3.038025519015198628e-03
-6.354727136053329312e-03
-5.630299491313074493e-03
1.088436689275733976e-02
3.517098452928389685e-02
5.632266589213540120e-02
4.590524560758322409e-02
-5.384845618427819974e-02
-1.260343827145012918e-01
-9.894874703097776558e-02
-4.619227076607178989e-02
-2.312322458846487183e-03
2.560862470573272223e-02
5.268208760124966361e-02
8.050532628325911266e-02
1.019990663687008192e-01
9.381833285618473850e-02
6.206312066011307471e-02
5.493548265421518972e-02
7.852834559821011973e-02
1.104959757482937288e-01
1.414093030477383273e-01
1.687275017145911937e-01
1.866187007671051001e-01
1.861468669428215650e-01
1.758175016498984555e-01
1.734179615682598652e-01
1.806572857494095352e-01
1.859093413606335843e-01
1.879978389142574757e-01
1.943699911399422442e-01
2.057259992443200014e-01
2.114444749948697633e-01
2.051017243700826165e-01
2.022442508274244766e-01
2.043366231713680259e-01
1.986316900071243841e-01
1.914545978741676591e-01
1.939443704696127702e-01
2.032564073840454344e-01
2.189147429878032791e-01
2.384716538559354393e-01
2.506166578070955220e-01
2.597248738001969315e-01
2.709952456646843033e-01
2.816742601055980399e-01
2.869998650478958746e-01
2.860381295047381700e-01
2.862490407782604662e-01
2.885075690993563757e-01
2.902304812987980265e-01
2.966296528275392252e-01
3.094599352278964433e-01
3.185318219067621581e-01
3.228054855566200865e-01
3.240095569426634237e-01
3.210870077189493799e-01
3.187960681231955529e-01
3.162636179886054721e-01
3.179415453768002497e-01
3.295259768334787287e-01
3.479337014172655396e-01
3.704885706857158900e-01
3.900301275731579698e-01
3.972648162309841968e-01
3.882011322223274385e-01
3.684795552695169785e-01
3.059134465575527040e-01
1.874515631530124238e-01
1.139856189495439959e-01
1.277351401205270853e-01
1.775852411522998442e-01
2.121164817948151815e-01
2.160588300816387863e-01
2.382500620518453460e-01
2.940622275836294874e-01
3.536565410554999844e-01
3.958364682554440517e-01
4.150595039068100123e-01
4.005722370607752714e-01
3.959211992997715979e-01
4.323585447663559900e-01
4.766596653361621638e-01
5.148531015408333023e-01
5.523810491595032568e-01
5.856269342031379388e-01
5.432711610337797037e-01
4.258074415332607776e-01
3.784600014144520186e-01
4.240236851359784898e-01
4.781936636241846394e-01
5.248764300448471865e-01
5.744680205683225793e-01
6.249140809556341658e-01
6.670660019069660773e-01
6.351433106130890405e-01
4.654234324988762994e-01
3.616371424567930148e-01
4.149737884463403081e-01
5.009021713579765445e-01
5.760647484906203930e-01
6.401804200494713992e-01
6.987756993518881021e-01
7.474596577531834596e-01
7.753730185644298611e-01
7.889665335027108428e-01
7.995190214813430174e-01
8.042316179880532045e-01
8.067080085574458437e-01
8.080500248500775973e-01
8.075754038093839737e-01
8.098405098275133218e-01
8.188789943972402119e-01
8.327530196819694641e-01
8.509042872974305061e-01
8.717475240056027364e-01
8.933155731489780260e-01
9.200138211910570130e-01
9.474403300081237767e-01
9.699703719484210618e-01
9.902991482741309026e-01
1.011087655694615339e+00
1.031086271292331880e+00
1.050050401005050205e+00
