1.498883121196551062e-06
1.110244762610395166e-05
3.877376504115065859e-05
1.010388706181845371e-04
1.908293162915280150e-04
2.958112867593402765e-04
2.835389448951777889e-04
-2.557468281919839060e-04
-1.399207756294035179e-03
-2.670853007833200610e-03
-3.756941054366975084e-03
-4.579772431038396999e-03
-5.198092495309745119e-03
-5.768331769879196658e-03
-6.281406123385708563e-03
-6.691965751514756915e-03
-6.980797590992415119e-03
-7.159203785810703234e-03
-7.244345942668467715e-03
-7.253152280925786663e-03
-7.199638951834976680e-03
-7.096324396524239866e-03
-6.933486170578002233e-03
-6.726689252863528833e-03
-6.499652415206534813e-03
-6.252539244347216606e-03
-5.998664104961440487e-03
-5.789511390252449069e-03
-5.611298801200749649e-03
-5.432847592290507635e-03
-5.234975051146944537e-03
-5.002136877343868471e-03
-4.726033245971104739e-03
-4.541409701654878887e-03
-5.142884265148708021e-03
-7.165091116670384459e-03
-9.586216347248861444e-03
-1.185371640328043708e-02
-1.391502233867009108e-02
-1.568707560986735278e-02
-1.730148624015430056e-02
-1.888054387603069553e-02
-2.032628902882322938e-02
-2.151544705286858802e-02
-2.232514973590845817e-02
-2.274048563911708343e-02
-2.286914274369777900e-02
-2.295858011795118975e-02
-2.304356826394307264e-02
-2.305588556372818038e-02
-2.292187488558630054e-02
-2.263184958603986149e-02
-2.226387631808674286e-02
-2.216355932514798774e-02
-2.270528965846878994e-02
-2.336475899866578831e-02
-2.380344642974244543e-02
-2.395586722661609616e-02
-2.389690603925048035e-02
-2.367006491715737543e-02
-2.325756170593995184e-02
-2.267800772012673258e-02
-2.201465828657256027e-02
-2.147158562374052240e-02
-2.106088559144357608e-02
-2.059133923058227567e-02
-1.995188833495377401e-02
-1.911884898377518016e-02
-1.810158548762020453e-02
-1.692863661236497855e-02
-1.567947977321622333e-02
-1.445601912255276011e-02
-1.326631565538373934e-02
-1.205509479453487423e-02
-1.079978408729465912e-02
-9.526869492413110596e-03
-8.231762976150299588e-03
-6.884755499801899735e-03
-5.479839327576309198e-03
-4.077697879600538158e-03
-2.718284510432042618e-03
-1.356334865622238007e-03
-4.371171904220001042e-06
1.298989265240549319e-03
2.578663109170171303e-03
3.888370561988861197e-03
5.258663688126712088e-03
6.731888073473159088e-03
8.302210152501467155e-03
9.929329131021858920e-03
1.162063825755442481e-02
1.337707367827036670e-02
1.518578366821889299e-02
1.700489951419874302e-02
1.881587987869332013e-02
2.063390934093746465e-02
2.246172876291153628e-02
2.430601642404807763e-02
2.620383225036386488e-02
2.816908800001701255e-02
3.016702783741389421e-02
3.218145598429278387e-02
3.418503823139413395e-02
3.616373352003547648e-02
3.812212466296403118e-02
4.005989611572383785e-02
4.202379536507642316e-02
4.406455659269626485e-02
4.621682014861308585e-02
4.849536388089722289e-02
5.085680051162166926e-02
5.321474313002914208e-02
5.547881041434424981e-02
5.752732195215820576e-02
5.900642436630812449e-02
5.979712647456293662e-02
6.036535139610558348e-02
6.107551107597385120e-02
6.202176577103081512e-02
6.305420235587216871e-02
6.411698424538588015e-02
6.541490674607343403e-02
6.706575513105632325e-02
6.904043069633866714e-02
7.121869803741630311e-02
7.345076341195522218e-02
7.559424777894972747e-02
7.784857028023842163e-02
8.035955887906333361e-02
8.312338526118719095e-02
8.612335358259348705e-02
8.935851066646298413e-02
9.265442203070888005e-02
9.544893317376311470e-02
9.765502613274103239e-02
9.986113777919242152e-02
1.023514279488065976e-01
1.051132475613267836e-01
1.081568459860079989e-01
1.115064930822825678e-01
1.151538965984630625e-01
1.189132504097583642e-01
1.221158852432549374e-01
1.243017246299388257e-01
1.263542125052759257e-01
1.287890082638706024e-01
1.316820043159795672e-01
1.349816960932737619e-01
1.386595541470561632e-01
1.426834583308469462e-01
1.469779459838850832e-01
1.514196231064838249e-01
1.559605307892327208e-01
1.605642761947321251e-01
1.651907285558896488e-01
1.698312806974075495e-01
1.744650212978708925e-01
1.790898217803446324e-01
1.837321395094557441e-01
1.884329046430784915e-01
1.932159525499131114e-01
1.981096155239230605e-01
2.031209747813228772e-01
2.082670920536194015e-01
2.135784524321308331e-01
2.190389465429743998e-01
2.246285844158894818e-01
2.303430671277377495e-01
2.361825934606244237e-01
2.421369891632537685e-01
