5.405128765381408117e-06
3.578516310955155136e-05
9.753610973486463709e-05
2.020191101399894731e-04
3.408147750121482550e-04
5.023398039116034946e-04
5.522401203996187263e-04
8.600235657432291894e-05
-9.627311472674906102e-04
-2.115162838793063944e-03
-3.064678652439027651e-03
-3.742194015695487781e-03
-4.213691642538411677e-03
-4.638597641319930701e-03
-5.008904130698009494e-03
-5.279298766306669138e-03
-5.429634996198821374e-03
-5.472686838066749722e-03
-5.424126572742257735e-03
-5.299561657268182097e-03
-5.114127038803603989e-03
-4.879791465269527409e-03
-4.588309007102663560e-03
-4.255249090814205992e-03
-3.900923206358535445e-03
-3.524632256531825929e-03
-3.141118699666263329e-03
-2.800170911450981358e-03
-2.486432557576675594e-03
-2.167968125072653775e-03
-1.824061213807594761e-03
-1.438893200388880302e-03
-1.005475171662320458e-03
-6.591830613713134477e-04
-1.087515308482534492e-03
-2.902587827813420118e-03
-5.071321955152715763e-03
-7.052578336468386458e-03
-8.803852646783665720e-03
-1.024903889708547212e-02
-1.152832680491269399e-02
-1.276511381076155492e-02
-1.386499005899044859e-02
-1.471002628193591663e-02
-1.518184122539817556e-02
-1.526790753488002465e-02
-1.507916821095614882e-02
-1.486187274944292779e-02
-1.464425109406245797e-02
-1.435361496759303065e-02
-1.391235680836899052e-02
-1.331155943711252558e-02
-1.263093512059968587e-02
-1.221284583746015673e-02
-1.241862016434882275e-02
-1.271525009925667839e-02
-1.276781223955167181e-02
-1.251628997499776123e-02
-1.203683804372742555e-02
-1.138104844583078326e-02
-1.053388154847722906e-02
-9.513888736280846914e-03
-8.408957115929212300e-03
-7.421032647410924499e-03
-6.556995178333057880e-03
-5.632302221857679418e-03
-4.541471714307017231e-03
-3.257012778537618156e-03
-1.786482928492396293e-03
-1.646487713078512334e-04
1.517670389142399988e-03
3.163470538080501420e-03
4.756306093350521833e-03
6.357621021910564441e-03
8.002684619556143727e-03
9.663759989894332367e-03
1.134580984311236995e-02
1.308213422804913387e-02
1.488310396960408621e-02
1.668956492594270147e-02
1.846614101423396312e-02
2.024873853641760008e-02
2.200666047796253841e-02
2.369614201935338685e-02
2.535235470708341668e-02
2.704310938784215690e-02
2.880633063738921584e-02
3.069008599504821980e-02
3.268620797951251461e-02
3.474319363049550163e-02
3.687451642776207184e-02
3.908757350888952820e-02
4.136968673133088054e-02
4.367843510003355245e-02
4.599157030543356284e-02
4.831459798180339632e-02
5.063283468428506767e-02
5.295302666666845681e-02
5.532640047814610385e-02
5.777199293309207700e-02
6.024884632346523550e-02
6.274900337520597504e-02
6.524639527128868466e-02
6.773065683355736222e-02
7.020917647865169975e-02
7.268356124944724828e-02
7.520881114191750594e-02
7.784322533246973430e-02
8.062025304953063243e-02
8.354370516849990436e-02
8.656850687726184990e-02
8.961326933272360795e-02
9.259117090759685920e-02
9.538170870057313677e-02
9.764337349402908706e-02
9.926340731883058488e-02
1.007111504629044502e-01
1.023443485752621590e-01
1.042486300866558996e-01
1.062688918101632185e-01
1.083491444703681000e-01
1.106974567981226509e-01
1.134234886802922976e-01
1.164976584624571182e-01
1.197918027205426977e-01
1.231448496248124941e-01
1.264108276943608222e-01
1.297997997976125806e-01
1.334540130910841227e-01
1.373640659541456310e-01
1.415108698032370438e-01
1.458858855765621243e-01
1.503063930849891927e-01
1.542185478747443439e-01
1.575361428001280373e-01
1.608558469289615434e-01
1.644591970885445342e-01
1.683292619469976825e-01
1.724792236208139429e-01
1.769280836095012410e-01
1.816607460073815794e-01
1.864974044124136365e-01
1.907852301111029325e-01
1.940524706959794454e-01
1.971921346540474185e-01
2.007204255368233436e-01
2.046872842785419921e-01
2.090345822758521155e-01
2.137583859390549679e-01
2.188109056396110030e-01
2.240808888301213941e-01
2.294400192605568767e-01
2.348559356105328344e-01
2.403209135101509741e-01
2.458092903913171312e-01
2.513154746672099926e-01
2.568264308396306927e-01
2.623432813077692938e-01
2.678788294994912111e-01
2.734565677198177447e-01
2.790865710740877970e-01
2.847987052670404862e-01
2.906027611204716199e-01
2.965198251106367922e-01
3.025679147674793512e-01
3.087302004732278005e-01
3.149775550465663265e-01
3.213046091132333859e-01
3.277151900627896519e-01
3.342067098876086439e-01
