-1.120415382554592991e-02
5.088509134374820039e-03
5.473054896650603879e-02
3.795506222167514820e-02
3.642736000697263665e-02
-3.175140479441133229e-02
-9.064928377960256300e-01
-1.296602909621882960e+00
-4.129901214840130397e-01
5.048607325979653782e-02
1.992005374515701255e-01
2.113995434510200222e-01
-1.068399262281420764e-01
-1.866108281178016637e-02
6.956201460217803501e-02
1.223570002893370479e-01
1.234277843102129235e-01
1.156977469991143370e-01
1.007820988008076707e-01
9.947884680631344234e-02
7.178599522049562698e-02
1.189731692853559925e-01
9.927566492292888567e-02
5.030275661519759134e-02
5.969868097689192549e-02
6.645143805795770964e-02
-6.652301815602917889e-02
-3.541331134772898737e-02
1.058583657253870172e-02
3.284359985109536889e-02
5.955441911762626717e-02
8.730634401700987368e-02
7.132367070993106406e-02
-1.020084522119563797e+00
-3.103182899386466076e+00
-8.876776519191560411e-01
-1.938525033534949094e-01
-2.431634429749974791e-01
1.037561140888614286e-01
-1.041601230225993047e-01
-3.504202368012905300e-01
-1.005958787599386395e-01
9.816044556267511378e-02
3.994825279969649312e-01
4.869193249373941490e-01
4.674043294357249634e-01
-2.313128571434884539e-02
-2.704970411747942283e-02
7.735060770585558410e-02
2.217383809018096674e-01
2.525244477326269998e-01
2.310772484608654143e-01
-2.424288329264436825e-01
-1.417262759155331509e+00
-2.670785071130265531e-01
1.787096037238624091e-01
3.340396277363007482e-01
2.191756095429588380e-01
1.900947894854553288e-01
2.901906590738475011e-01
2.804375442892122483e-01
2.548426886939132441e-01
-1.752558066034474171e-01
-2.570785606418951041e-01
1.213575083084680317e-01
3.021754223202380851e-01
3.553381349064423933e-01
3.707147491219929814e-01
3.797037189761592879e-01
3.098088714518224540e-01
1.002860307085348957e-01
1.059130967731787970e-01
2.037779099538579997e-01
2.338275124857421561e-01
1.741156892246706334e-01
1.854283521264322998e-01
2.402322886863178242e-01
2.749849412715043573e-01
1.676454553435822170e-01
5.174240951051850557e-02
1.821911630347518019e-01
1.752354318105047160e-01
8.880999938592798459e-02
1.171688581186841327e-01
2.010692593631074609e-01
2.226890274423307114e-01
3.182786091711783394e-01
3.290106309266047635e-01
2.658705410824913629e-01
3.024525456242743715e-01
2.984407760110912577e-01
3.031104002596227698e-01
2.238323085763897213e-01
1.898977311787437283e-01
2.346377546917122470e-01
2.600065165204950568e-01
2.597867474179140213e-01
3.192322745138759243e-01
3.595300158761932652e-01
3.019535883427352241e-01
2.858560353239665841e-01
2.353385780672965222e-01
1.980603374722021415e-01
2.107247339964754551e-01
1.743108805032102526e-01
2.472731792608742207e-01
3.215153394547359267e-01
3.814275679390927154e-01
4.583786820962314490e-01
4.104585825018768896e-01
2.775838566252771811e-01
1.047977296435829153e-01
2.567600569540612332e-02
-7.308225508698502626e-01
-1.243733379181449994e+00
-4.045905341458722049e-01
1.326722156890878801e-01
3.632327585982441098e-01
8.933227920684443102e-02
-6.860769718398324057e-02
3.785843132418999502e-01
6.243227547111299680e-01
6.408438679983488040e-01
4.969352379812719267e-01
3.593772679137969828e-01
-3.918051253500776099e-02
3.918696345217549393e-01
6.604444142537251317e-01
6.664161318021828428e-01
6.786588247848277522e-01
7.561811309069307319e-01
7.286910236908599181e-01
-4.637476178439706720e-01
-8.562622908068979743e-01
2.949755218833146619e-01
7.100838048535098590e-01
6.604712498558387157e-01
7.458391668301321831e-01
8.540500881166391833e-01
9.274960326959158508e-01
8.599808616119604121e-01
-2.846805607494023449e-01
-1.745648869257743652e+00
1.335517563257064833e-01
8.122725814178426429e-01
1.001134803562182540e+00
9.955095625359210443e-01
1.003845571058674668e+00
1.054601915305551696e+00
1.077417661763646395e+00
8.849322497331348902e-01
8.574272954927530943e-01
7.834569536310108662e-01
6.905279300377690221e-01
6.991179982769050172e-01
6.352881384749929916e-01
6.135444076201146402e-01
6.639438885426258707e-01
7.624791319969208558e-01
8.169360003600544262e-01
8.904758093818356812e-01
9.141988314822838690e-01
9.444282071682592594e-01
1.074016146291135954e+00
1.056980268191680672e+00
1.070547665805038351e+00
1.093073304692794956e+00
1.125453431275102556e+00
1.117076958603516745e+00
1.133690776825507562e+00
