-3.307742812464031790e-02
-8.746575034312503716e-03
4.077050157728507457e-02
1.972944908124696708e-02
1.251349272692102096e-02
-4.824352171138354683e-02
-8.563790943143604339e-01
-1.123912173079296251e+00
-1.918736678341260715e-01
2.232976802766244995e-01
3.005301615741219345e-01
2.549934046880424909e-01
-8.293494917629981589e-02
5.283624146668247645e-03
8.064510583012493572e-02
1.121858699634739054e-01
1.002736345126487294e-01
7.933895362686399499e-02
5.634395536485234390e-02
5.478224050763473574e-02
2.509815404124423471e-02
7.315397776085784398e-02
5.154815029858406811e-02
6.184576098447148659e-04
1.350559305049603420e-02
2.521197817537300379e-02
-9.968844609068272522e-02
-5.646613218333417644e-02
-6.894232669903053307e-03
1.100876503858770096e-02
3.219701129299742948e-02
5.417150124290752433e-02
3.351606761085601516e-02
-9.841590909729329706e-01
-2.812562492969338912e+00
-4.491090059889364383e-01
1.747304942922605075e-01
3.628536424504347213e-02
2.962684996616816724e-01
2.990015645012358836e-02
-2.347722041335246479e-01
5.204601008440390419e-03
1.686270769115521539e-01
4.115807737395626442e-01
4.302588012792077365e-01
3.630794607081855307e-01
-1.255198895688199034e-01
-1.041408105115282368e-01
1.245277470976866724e-02
1.439090407192420706e-01
1.596542447423934807e-01
1.285415280749461209e-01
-3.183827208391749042e-01
-1.370108994629108734e+00
-1.453954059612428407e-01
2.543427442184389986e-01
3.420719828207613444e-01
1.699604762520584011e-01
1.256875797341605039e-01
2.028977250202380345e-01
1.671014879447940693e-01
1.360266004479199486e-01
-2.718541230408107467e-01
-3.124066799123918492e-01
8.804766048680798263e-02
2.468904110579966116e-01
2.569655730844319641e-01
2.401741951378102702e-01
2.311507846725968096e-01
1.717552899356054874e-01
-4.140519473493967095e-02
6.200410092876626478e-03
1.041111731739433610e-01
1.119335260696048134e-01
5.895803783315155255e-02
7.251096291758549195e-02
1.210611871827762392e-01
1.409879104694033436e-01
3.504348893148294397e-02
-7.569599829182541151e-02
7.268090050052269935e-02
8.733463970914126517e-02
1.328884406489842795e-02
3.781159075607223169e-02
1.015330241207543227e-01
1.081433003361760570e-01
1.804040320146144682e-01
1.721151911126574396e-01
1.204572302247324395e-01
1.405211734011633795e-01
1.227645442644287599e-01
1.240925882030899235e-01
4.602944516504384187e-02
2.462769677621362563e-02
8.114325875054498316e-02
1.304774712142119375e-01
1.282147102728517507e-01
1.626860081610697339e-01
1.837810093024649372e-01
1.357113915718299313e-01
1.032070475848382990e-01
6.074920981182838076e-02
2.704478450477351692e-02
4.368074254076979857e-02
1.425417434540759976e-02
7.770570434435943030e-02
1.319387412463217668e-01
1.733259975701151867e-01
2.443901724579804202e-01
1.796921496292859244e-01
4.101528804903115111e-02
-1.156497373037685128e-01
-1.595797183788138507e-01
-8.529356862063348643e-01
-1.224528552778348711e+00
-3.237742277698172910e-01
1.731063415596771349e-01
3.265258129531327658e-01
3.208259115525989580e-03
-1.610537675715640327e-01
2.463572510748735789e-01
4.385762459645002886e-01
3.840357745699383152e-01
2.140829841080524598e-01
8.381742932644359323e-02
-2.708111605857911330e-01
1.581527961018844020e-01
3.978121180551746905e-01
3.672263574860581414e-01
3.486362598975329408e-01
4.054179729245697139e-01
3.709920040539022024e-01
-7.634417658900517489e-01
-9.872585005482750198e-01
1.976458188384158376e-01
5.449027883408722461e-01
4.302320115291839997e-01
4.542378366521614974e-01
5.188627306593772692e-01
5.544121297596628084e-01
4.514806483921321445e-01
-6.586016010226404260e-01
-1.856264032907130046e+00
1.176348750412373051e-01
6.923890697464956112e-01
7.951919412468256843e-01
7.079244138790956598e-01
6.033642400837729847e-01
6.237819712501722069e-01
6.573113251089333087e-01
4.530446936939100389e-01
4.191091322084085080e-01
3.203400077006329782e-01
2.325532146867487215e-01
2.606218631192014357e-01
2.027146062810097904e-01
1.898876869422148062e-01
2.666260618802874238e-01
3.783674160192042057e-01
4.392224355202595243e-01
4.890811029623802209e-01
4.957347330267326546e-01
4.971812853292575385e-01
6.286456688568637929e-01
5.810938786313990523e-01
5.968264352888055235e-01
6.067099383458259831e-01
6.254642850952654154e-01
5.986751894613338010e-01
6.042966841442234394e-01
