-2.566086705319302830e+00
-2.562892591738719084e+00
-2.561477621313873687e+00
-2.557634905429841510e+00
-2.552532400356154252e+00
-2.542113576845198342e+00
-2.577853889835316714e+00
-2.566043736552856558e+00
-2.559064108435105123e+00
-2.548469392958546464e+00
-2.530992008006789362e+00
-2.501494927779471134e+00
-2.477312735767164931e+00
-2.466464923583142621e+00
-2.437732231455410847e+00
-2.374457467905815911e+00
-2.233970887411234063e+00
-1.826056746668893283e+00
7.295431271986775101e+00
-3.692504216924771043e+00
-3.193847331922314403e+00
-2.975238345571801446e+00
-2.859116877670371260e+00
-2.822928538129180431e+00
-2.803423005783486577e+00
-2.777642175657925261e+00
-2.804531155709585999e+00
-2.893147695468812675e+00
-2.919164370241167816e+00
-2.867887885421601446e+00
-2.800110429456208472e+00
-2.740683407696860030e+00
-2.704116256618118719e+00
-2.335387928807506341e+00
-2.544796722777660669e+00
-2.546782888835912306e+00
-2.536289997846564503e+00
-2.522508647791475767e+00
-2.504529732271785658e+00
-2.483353139111797780e+00
-2.472076968988468515e+00
-2.460180123148515641e+00
-2.433546021152524830e+00
-2.371000546217287841e+00
-2.183451768762790124e+00
-8.423765854523990182e-01
2.049370727800564751e+01
-4.448106136849677705e-01
-5.363797538345707050e-01
-1.361770651707714030e+01
-3.596085770474598320e+00
-3.136059217092102891e+00
-3.316861458415298891e+00
-2.192164926624207588e+00
-2.379893052457524583e+00
-2.321314214139971632e+00
-2.074902299475153811e+00
-3.936071934949101347e-01
-4.558231227773518413e+00
-3.254857889108351721e+00
-2.971615785692381273e+00
-2.868552376402401460e+00
-2.894858251816654793e+00
-3.123462016983463485e+00
-3.218348423352156651e+00
-2.953020325150438996e+00
-2.812441627438151404e+00
-2.744052578839864864e+00
-2.704544085707214940e+00
-2.681800033775570746e+00
-2.673390348493141389e+00
-2.671188952883558620e+00
-2.663532419319892153e+00
-2.650385837874498662e+00
-2.638992312103824567e+00
-2.629292004014453177e+00
-2.618413202285294616e+00
-2.606893803280164512e+00
-2.597157293300777603e+00
-2.589318002559693355e+00
-2.581006121649032981e+00
-2.572282979481895993e+00
-2.563654848208835269e+00
-2.554803985200983618e+00
-2.546701886756475020e+00
-2.539650455463092982e+00
-2.533920943975519258e+00
-2.529003678152542900e+00
-2.522883403532551139e+00
-2.516442678415095280e+00
-2.510614078279335359e+00
-2.504804354807051325e+00
-2.497782616200162842e+00
-2.489173268635132885e+00
-2.481076149850760526e+00
-2.473901926958232522e+00
-2.466735850828325916e+00
-2.461410916865593101e+00
-2.458478784923913807e+00
-2.454009593295398695e+00
-2.447732342623362811e+00
-2.440223017373636338e+00
-2.430968928489106062e+00
-2.422004414899988411e+00
-2.412887103695611213e+00
-2.406081717523503194e+00
-2.404638691809466877e+00
-2.406332665218485101e+00
-2.409341371336739535e+00
-2.410170835430101910e+00
-2.405236378429948196e+00
-2.392823024075771965e+00
-2.374360377226297114e+00
-2.320776329250795911e+00
-2.120468769283364807e+00
-1.727718733224532954e+00
-1.863775356240922054e+00
-2.100015520848317774e+00
-2.181586878429594645e+00
-2.181593645414739768e+00
-2.215333361877693363e+00
-2.282704274747928253e+00
-2.327654687755043916e+00
-2.347293143230989365e+00
-2.350060883269659673e+00
-2.332765210309018400e+00
-2.322047112762123611e+00
-2.337774574198376865e+00
-2.353819638266797298e+00
-2.363508130511212002e+00
-2.370943407191851371e+00
-2.375410954519583839e+00
-2.350382354640388360e+00
-2.274427174631111992e+00
-2.228117444538408876e+00
-2.264604004491834743e+00
-2.296363254526087694e+00
-2.315768771974609841e+00
-2.332060050907395876e+00
-2.345155660730755098e+00
-2.352677286004359658e+00
-2.332476545274334789e+00
-2.227365990368680215e+00
-2.112913256319215449e+00
-2.176846165647235321e+00
-2.245291145166264712e+00
-2.284320002684633977e+00
-2.307429290847367476e+00
-2.323076582044863336e+00
-2.332591135401120397e+00
-2.334194949942098418e+00
-2.331107339477065388e+00
-2.327021738655755012e+00
-2.321051498040413108e+00
-2.314521929579286930e+00
-2.307726809994983697e+00
-2.300373847858681042e+00
-2.294171667795830594e+00
-2.290643204216268991e+00
-2.288957842272493437e+00
-2.288681417071108726e+00
-2.289058085243088847e+00
-2.289370340334937914e+00
-2.291128936758072498e+00
-2.292760961789158891e+00
-2.292649151682910169e+00
-2.291800059392555156e+00
-2.290971387060717568e+00
-2.289773069247625692e+00
-2.288176493523203625e+00
