-6.752464091968816799e-04
-9.035334460065755141e-04
2.781130790343142641e-03
7.736553460148464650e-03
1.109121011458528636e-02
9.886548835799337936e-03
-4.759233809307635010e-02
-1.697337098484003048e-01
-2.455587677643924216e-01
-2.364974959187569337e-01
-1.952173592935095570e-01
-1.509313236091134047e-01
-1.310478645013866406e-01
-1.259722986526561617e-01
-1.113871978900060900e-01
-9.055002581775650761e-02
-6.921096496419733290e-02
-5.071175022085924050e-02
-3.554214265783189886e-02
-2.282043586846271843e-02
-1.306501857470861866e-02
-2.848291002863682572e-03
7.856569366109192321e-03
1.353833766276089923e-02
1.671225407776165753e-02
2.071012421762775599e-02
1.682950448332860838e-02
8.197721265320053949e-03
5.261474227808024540e-03
6.640773429489593184e-03
1.074101088439908223e-02
1.753785825665995016e-02
2.413900887221945984e-02
-3.662710877256705050e-02
-2.755443825310478489e-01
-4.668755565427529231e-01
-4.726792553634369121e-01
-4.448457572005210525e-01
-4.041180435911558289e-01
-3.631865499074172776e-01
-3.544654534600418794e-01
-3.458703380471410682e-01
-3.130097733454254572e-01
-2.553506260865801569e-01
-1.829228057161360610e-01
-1.154229511130182712e-01
-8.618536890502256909e-02
-8.691838768125159653e-02
-8.066032950177001726e-02
-6.005102673718601403e-02
-3.157297791569955991e-02
-5.582481196776980376e-03
-1.185130513906608798e-02
-1.135962516278946621e-01
-1.978747465163827046e-01
-1.818867788656462203e-01
-1.345396133129488081e-01
-9.172427008251909930e-02
-6.226662341541754075e-02
-3.178951727734802279e-02
2.037113278161514773e-04
2.663584004263112176e-02
2.303085606827867324e-02
-8.196562655186721835e-03
-1.689849359142277241e-02
7.371535205057819923e-03
4.195280883791971394e-02
7.640251508747547549e-02
1.084230948382235715e-01
1.333278558272432968e-01
1.393110149458291203e-01
1.339825370629034174e-01
1.360467469638409199e-01
1.454745899127177500e-01
1.521686623748955969e-01
1.557915599082648761e-01
1.632279303157735117e-01
1.751679386039839692e-01
1.813914265261269143e-01
1.742728979682678647e-01
1.697938135044733676e-01
1.728330784460773706e-01
1.700674722403655581e-01
1.647408095477377321e-01
1.667977887102656820e-01
1.746045832743735038e-01
1.884978681009233936e-01
2.067345808925633854e-01
2.197264702173655493e-01
2.301291469568577663e-01
2.413355751114673320e-01
2.515497295200880279e-01
2.563268488327813954e-01
2.544453545057319688e-01
2.539291529227175603e-01
2.577219517532048920e-01
2.626543126320351473e-01
2.707682287614875394e-01
2.838100475906945031e-01
2.942470985669989325e-01
2.995488615529510734e-01
3.005694541460571245e-01
2.967203094193621160e-01
2.922993770504623279e-01
2.871152654906031221e-01
2.851035811075932069e-01
2.919369716429088268e-01
3.057313255117686257e-01
3.259142272437542953e-01
3.451896055261165497e-01
3.517619199270693442e-01
3.401594521259512782e-01
3.160231043972648313e-01
2.450977857994936504e-01
1.102861812657912888e-01
1.385536404355788842e-02
6.730146418575285762e-03
4.261952761467068668e-02
6.922313525351249386e-02
6.728982481180019459e-02
8.342313191312712706e-02
1.366822094154913347e-01
1.978095268298175891e-01
2.438931544019963538e-01
2.686252547626365450e-01
2.593948526220044570e-01
2.559796638128001844e-01
2.933994634958524417e-01
3.418206296525973520e-01
3.859681718342669043e-01
4.308193534825633941e-01
4.736780327380060163e-01
4.389012090356074203e-01
3.200552018764436513e-01
2.640708051619680141e-01
3.031951508055498734e-01
3.570607749976862921e-01
4.067227116698988731e-01
4.618272196339102131e-01
5.211196014866560366e-01
5.739112888730480977e-01
5.485245875626909573e-01
3.762155182485626970e-01
2.583948233648142856e-01
2.989525076729315778e-01
3.824542834710982775e-01
4.653944200185687885e-01
5.385399172372229426e-01
6.068654249468997675e-01
6.719304730368604872e-01
7.198841453452504702e-01
7.510787481359251228e-01
7.741202284910648768e-01
7.861342768159209626e-01
7.931810872531910306e-01
7.970721098855743092e-01
7.965182272687012510e-01
7.986746300786102815e-01
8.098148180740906144e-01
8.286347280753593170e-01
8.534626095019341996e-01
8.813993401474938816e-01
9.096735617305100607e-01
9.446901710735466917e-01
9.823812838418136684e-01
1.016836972866801858e+00
1.047361063076587495e+00
1.073302657407673832e+00
1.097290308198685116e+00
1.121399032341460655e+00
1.147547483038531269e+00
1.175841674441347129e+00
1.205772919024461265e+00
1.236084390418924261e+00
1.264967514647045599e+00
1.291059601400735390e+00
1.313938129142978362e+00
1.334160278229400642e+00
1.353157801249523340e+00
1.371593745041060020e+00
1.389678531643950610e+00
1.408413889276217912e+00
1.428722891910765069e+00
1.451842594615448734e+00
1.478963092627037179e+00
1.508008933530100570e+00
1.537424548856752615e+00
1.565771232162344040e+00
1.592437417743283623e+00
1.617288659907228698e+00
1.639561371789804323e+00
1.660152796476537240e+00
1.680489892001553187e+00
1.701812556788291797e+00
1.724787667235382571e+00
1.750799166633663306e+00
1.779646941934819759e+00
1.810188061783620128e+00
1.840716635815722757e+00
1.868494471386999090e+00
1.892173724399882406e+00
1.912769742389883731e+00
1.931677186036302007e+00
1.949561117667270027e+00
1.967715112858575033e+00
1.987748233146084953e+00
2.010285015538395115e+00
2.033520316223923263e+00
2.056139625849646713e+00
2.078348151521943965e+00
2.098749995197406459e+00
2.116554801546670195e+00
2.132599726004093643e+00
2.147981301590497605e+00
2.163511651802316749e+00
2.179737580518981588e+00
2.198127943677518292e+00
2.219097943589552813e+00
2.241192548366750081e+00
2.262405475083298256e+00
2.281313603604518292e+00
2.297565403712984455e+00
2.312089604230327833e+00
2.325968690916637716e+00
2.339203508304335433e+00
2.352077609396582059e+00
2.364934481479858075e+00
2.378326163382496805e+00
2.393280271722587838e+00
2.410010866035194432e+00
2.427780824061782194e+00
2.445301582067298529e+00
2.461779475551495455e+00
2.476494017672506764e+00
2.489527337073692781e+00
2.500748085334090653e+00
2.510287275820096031e+00
2.519581839797048861e+00
2.529320958160253152e+00
2.540294720529913342e+00
2.553513070393852669e+00
2.568329975872487569e+00
2.584083102494735940e+00
2.598691954803288073e+00
2.609811877069621922e+00
2.617899802839706247e+00
2.623710976462411359e+00
2.628347757183971733e+00
2.632759282440920501e+00
2.637882131994129242e+00
2.645020364445794137e+00
