-1.590592036833993639e+00
-1.592298072298832246e+00
-1.589557413772034744e+00
-1.591078922579382215e+00
-1.592238445968832572e+00
-1.594482166304451720e+00
-1.589468685240622792e+00
-1.590940748453644416e+00
-1.592194171280405746e+00
-1.594086085261214425e+00
-1.596884739767204131e+00
-1.600905493541735058e+00
-1.604368879506509638e+00
-1.606682130411411391e+00
-1.610707624029456664e+00
-1.617461430301817771e+00
-1.628121152558408058e+00
-1.644605779051468097e+00
-1.671457253867717707e+00
-1.724097980122146989e+00
-1.848538050233737851e+00
-8.848072292378917680e+00
-1.327612492159162549e+00
-1.422423965562428672e+00
-1.451965160696945034e+00
-1.477834300916857524e+00
-1.456662052031107324e+00
-1.344093915669863915e+00
-1.243848347612830807e+00
-1.303315307048032334e+00
-1.399767134008281344e+00
-1.468850187055580570e+00
-1.501681569850244591e+00
-1.654057772720487263e+00
-1.599032704352092216e+00
-1.596780841644299676e+00
-1.598441872211223247e+00
-1.600746820005577220e+00
-1.603655595565678382e+00
-1.606999468625304628e+00
-1.609106632297567341e+00
-1.611288723694593861e+00
-1.615332162948038608e+00
-1.623081897423008346e+00
-1.638730015101770965e+00
-1.671412190990038349e+00
-1.703122950282990322e+00
-1.702749048152945033e+00
-1.713331191319372948e+00
-1.762998806259732598e+00
-1.970105355243043643e+00
2.797846586774958677e+00
-3.569486570458763719e+00
-1.674064225684996021e+00
-1.638205643102041309e+00
-1.644349399719482463e+00
-1.666552869868384912e+00
-1.707533954941125920e+00
-1.772973873109104925e+00
-2.010427713326663923e+00
-4.133476586504041261e-01
-1.308228900936101891e+00
-1.276129336718913709e+00
-1.314412027839666663e+01
-2.581007487967115210e+00
-9.464527973986003317e-01
-1.400105316218980933e+00
-1.480092210738914726e+00
-1.512330971478330621e+00
-1.527934948516188607e+00
-1.532381689671633573e+00
-1.532134612046970323e+00
-1.534891393015210603e+00
-1.540217142446336229e+00
-1.544228692187357810e+00
-1.547153254952171819e+00
-1.550914840049643528e+00
-1.555347822493759136e+00
-1.558367716564850625e+00
-1.559013702263988499e+00
-1.560091253640591313e+00
-1.562461901087881522e+00
-1.563902322312870741e+00
-1.564950732965940894e+00
-1.567088369099929102e+00
-1.569901784067472938e+00
-1.573123993776232910e+00
-1.576336250476935152e+00
-1.578891161767972839e+00
-1.581136882805719290e+00
-1.583286365523158379e+00
-1.585293641778628526e+00
-1.587133261954474461e+00
-1.588875900214711256e+00
-1.590620272366997101e+00
-1.592337504010637339e+00
-1.594010825606291260e+00
-1.595586549295539669e+00
-1.597005807139681988e+00
-1.598442762406538264e+00
-1.599986176677419714e+00
-1.601653921243541889e+00
-1.603514703363980054e+00
-1.605419365654292774e+00
-1.607396033528295076e+00
-1.609188166443527912e+00
-1.610363802502144503e+00
-1.611039660720933187e+00
-1.611308385492026707e+00
-1.611705620806521022e+00
-1.612937247758698511e+00
-1.615423622565357764e+00
-1.619118165358928829e+00
-1.629763887971889202e+00
-1.685360075719513295e+00
-3.555953222041190465e+00
4.390943343302257773e+00
-1.864851152432290826e+00
-1.745727547895246756e+00
-1.751484532843172515e+00
-1.717762638293581334e+00
-1.666048281516210983e+00
-1.642863638113613245e+00
-1.633975545879235991e+00
-1.631331437511995386e+00
-1.634514238423455446e+00
-1.636680438772301738e+00
-1.631965140582900986e+00
-1.627311423053117601e+00
-1.624436128421141712e+00
-1.622284263649159008e+00
-1.620839994165929498e+00
-1.625106511938567033e+00
-1.640658049462989876e+00
-1.653554042768132781e+00
-1.646235250585080578e+00
-1.638768595092493729e+00
-1.634028568523129943e+00
-1.630064519350258090e+00
-1.626858074508160446e+00
-1.624898576473613465e+00
-1.628257696127967336e+00
-1.648737886690384791e+00
-1.679246333253872292e+00
-1.667374647479456629e+00
-1.650794953243383878e+00
-1.640843465446564231e+00
-1.635111530297234550e+00
-1.631335800323001628e+00
-1.628711582994802232e+00
-1.627599769317658929e+00
-1.627554839131033937e+00
-1.627975029319882694e+00
-1.628957145765629555e+00
-1.630175963710159603e+00
-1.631546463081502418e+00
-1.633144832080951847e+00
-1.634577737719959956e+00
-1.635476147039216954e+00
-1.635927808095315239e+00
-1.636057274865690081e+00
-1.636058247169741797e+00
-1.636089960554619305e+00
-1.635828192520169866e+00
-1.635519472419088460e+00
-1.635440306161008550e+00
-1.635592984882394241e+00
-1.635978798920821209e+00
-1.636464119262629247e+00
-1.636952481919199842e+00
-1.637362665942902584e+00
-1.637696870320393794e+00
-1.637982503892973174e+00
-1.638274839748877776e+00
-1.638644533475418275e+00
-1.639138442886770353e+00
-1.639764354672676561e+00
-1.640493770993662892e+00
-1.641266716628837274e+00
-1.642056312945613605e+00
-1.642853702234787328e+00
-1.643619398254831943e+00
-1.644318202530102635e+00
-1.644904169867990484e+00
-1.645336762070959580e+00
-1.645705494976808625e+00
-1.646072658854965232e+00
-1.646492501768397565e+00
-1.646983441871344489e+00
-1.647546832477757794e+00
-1.648206767502774062e+00
-1.648926430030966284e+00
-1.649651220360095261e+00
-1.650335452398329128e+00
-1.650956012003805595e+00
-1.651464674753545747e+00
-1.651874575569143966e+00
-1.652232027693063321e+00
-1.652600850635880914e+00
-1.653076284176729249e+00
-1.653699779818765592e+00
-1.654429778841501664e+00
-1.655214414509317944e+00
-1.656029050252751267e+00
-1.656827210215869428e+00
-1.657552106106556788e+00
-1.658183622691506764e+00
-1.658788995344812500e+00
-1.659415170545791574e+00
-1.660054161603070622e+00
-1.660755049383902726e+00
-1.661543924473909639e+00
-1.662389339722512016e+00
-1.663251255567081976e+00
-1.664100412077879065e+00
-1.664917243245605416e+00
-1.665648860152860511e+00
-1.666282277138285028e+00
-1.666872868286274567e+00
-1.667494372575630379e+00
-1.668197153422978918e+00
-1.668992073918071917e+00
-1.669843687191789439e+00
-1.670711832655149331e+00
-1.671596521922029899e+00
-1.672487113613433385e+00
-1.673370920225739855e+00
-1.674227223013148080e+00
-1.675017549909843861e+00
-1.675734803445025234e+00
-1.676408227867866918e+00
-1.677087532028093353e+00
-1.677802557879565226e+00
-1.678580185799931623e+00
-1.679416255491401611e+00
-1.680315589719223457e+00
-1.681272697042162090e+00
-1.682231432791973624e+00
-1.683164883417052948e+00
-1.684041791544561129e+00
-1.684822377404293636e+00
-1.685533686456822000e+00
-1.686203007062709647e+00
-1.686914611223683691e+00
-1.687761812982802923e+00
-1.688725085173613083e+00
-1.689773826770630594e+00
-1.690863051368804326e+00
-1.691953845545734136e+00
-1.693006840474650776e+00
-1.693966631822690916e+00
