8.126351745734080581e-04
3.002780094000310172e-03
8.578856582762127772e-03
1.555119123330692826e-02
2.134110480471533219e-02
2.249451591947742440e-02
-3.496072768667307651e-02
-1.649485753538985910e-01
-2.563590231728803959e-01
-2.624241810026416988e-01
-2.312174756363226391e-01
-1.916001946807206202e-01
-1.727240740827648557e-01
-1.679077766843007913e-01
-1.527330678544444043e-01
-1.295675490565064703e-01
-1.042970646634159698e-01
-8.068956518974335079e-02
-5.939008202986011120e-02
-4.025117409822191739e-02
-2.406912236443867897e-02
-7.633974975516863437e-03
9.101832505014954139e-03
2.084096935916983362e-02
2.982914209551015827e-02
3.899365004868309698e-02
3.959564525152178827e-02
3.428544259950965650e-02
3.381513196918305847e-02
3.755474355851933649e-02
4.429356090507653720e-02
5.401768193373022303e-02
6.381792065305288975e-02
4.323602775906730533e-03
-2.453680109293385203e-01
-4.669582943838634925e-01
-5.044500094827857328e-01
-5.012921247815407266e-01
-4.779978756186385458e-01
-4.474346500812140803e-01
-4.451162736109082196e-01
-4.413345527578793059e-01
-4.107726776788306888e-01
-3.512592857059739782e-01
-2.712071452000409666e-01
-1.910092902279033611e-01
-1.467148927895981225e-01
-1.338017536213815806e-01
-1.154493191534094743e-01
-8.284238675554600473e-02
-4.141290870404525787e-02
-1.941654835716427607e-03
4.469700142763964774e-03
-9.027863696485620426e-02
-1.777023242990578566e-01
-1.655420384327295213e-01
-1.176822805991566412e-01
-6.922682865095444726e-02
-3.152032248060513547e-02
8.282480245375783978e-03
5.158659041469162987e-02
9.027933362841505938e-02
9.817560441821579498e-02
7.538982327716518828e-02
7.167505455691336458e-02
1.002612833707345885e-01
1.414436688419565269e-01
1.854143062234439865e-01
2.286487977370031677e-01
2.641713574936816467e-01
2.800733357160996584e-01
2.822107042009461830e-01
2.891463642250629573e-01
3.044781626189743684e-01
3.176200425199528499e-01
3.267991188798105573e-01
3.396797288671376536e-01
3.578856640022333724e-01
3.709095380158518029e-01
3.703210753858484083e-01
3.709726846444963977e-01
3.766002223729376097e-01
3.740061558355986526e-01
3.680742300938444900e-01
3.708236261260116073e-01
3.812276766497409985e-01
3.995687932709440782e-01
4.243443428875652290e-01
4.438251311236691699e-01
4.606141769741391445e-01
4.798043701203495437e-01
4.987560366625586883e-01
5.123242588778258444e-01
5.183834223097197880e-01
5.242531359377939904e-01
5.318714831439569357e-01
5.387305282859947697e-01
5.497993963159956143e-01
5.679298333546838329e-01
5.835628252335218757e-01
5.942000945419270153e-01
6.010360640321678050e-01
6.024529384584300651e-01
6.030105774555752918e-01
6.023503464899225834e-01
6.050146839588493863e-01
6.181583708900778573e-01
6.401364589006266481e-01
6.691555786024682151e-01
6.978786374084881006e-01
7.148757397257531343e-01
7.134065467983998765e-01
6.970546741026683035e-01
6.306696410113594720e-01
4.920492101759965653e-01
3.824400082418407676e-01
3.616036322106934708e-01
3.886973410418844699e-01
4.122019502295350968e-01
4.096593240127839874e-01
4.272715673134487302e-01
4.864122158956765696e-01
5.589846552133995727e-01
6.208160258374877394e-01
6.616666706667535536e-01
6.660428624506760098e-01
6.736872928990429443e-01
7.234542193137274424e-01
7.864034292153975203e-01
8.471859433550003038e-01
9.100000023854473152e-01
9.708829274185953873e-01
9.523920698586172406e-01
8.390616408077528066e-01
7.783108589032923241e-01
8.142993579109959468e-01
8.700760669421484517e-01
9.264066389396233836e-01
9.923015971533477586e-01
1.065226284847952121e+00
1.134384176794418719e+00
1.126872638570548757e+00
9.599462824649248605e-01
8.290389790907756185e-01
8.581538660837926269e-01
9.373538804684781178e-01
1.021702987083938696e+00
1.104940465794617355e+00
1.189803864373780051e+00
1.270629580453036978e+00
1.332985218494190605e+00
1.378640384831560706e+00
1.417641812428630743e+00
1.446882794912116799e+00
1.470041167633743484e+00
1.488826220314908966e+00
1.502503442394802491e+00
1.516608863760934733e+00
1.536764365581396286e+00
1.562461508811787469e+00
1.593415939248408852e+00
1.628479777848500953e+00
1.665469026028190802e+00
1.709361495342743398e+00
1.756310961173409790e+00
1.799683064745052796e+00
1.841419032217770591e+00
1.883783959760902960e+00
1.925410883472501666e+00
1.965725458622322064e+00
