-1.425548322596299489e+00
-1.423128965727226802e+00
-1.427068766188335891e+00
-1.424863808409036814e+00
-1.423208937363221072e+00
-1.420075763804142355e+00
-1.427211079417110451e+00
-1.425061847549992988e+00
-1.423274476889921036e+00
-1.420618942345583502e+00
-1.416766262229586903e+00
-1.411366435403029973e+00
-1.406717138817677792e+00
-1.403518094726671661e+00
-1.398189411173529351e+00
-1.389582365623138749e+00
-1.376584333673021465e+00
-1.357634076889876251e+00
-1.329317543255767564e+00
-1.281575251266630966e+00
-1.196547883600850737e+00
-8.549066846524246976e-01
-2.467222280335639617e+00
-1.826550145088307708e+00
-1.716617928727957931e+00
-1.643104666254458834e+00
-1.688228936969552674e+00
-2.008748522104455425e+00
-2.428553235706118585e+00
-2.150869934978179021e+00
-1.827446888180157325e+00
-1.654873840057726753e+00
-1.584832901956940043e+00
-1.329033225197691959e+00
-1.412092001797999652e+00
-1.415938355658318493e+00
-1.413717199845025529e+00
-1.410567216283213021e+00
-1.406605865689108947e+00
-1.402082211462391870e+00
-1.399201786438399653e+00
-1.396227141932003590e+00
-1.390856857140311265e+00
-1.380917599266359375e+00
-1.362006694328423473e+00
-1.326581261056785088e+00
-1.294621015591933322e+00
-1.291562143077924940e+00
-1.279038707649634787e+00
-1.233771226258500775e+00
-1.102822123497357198e+00
-5.802871099879729488e-01
-7.749221570172968310e-01
-1.309940921931572522e+00
-1.355913837696892887e+00
-1.348424854521966143e+00
-1.321481766621716680e+00
-1.276436632190319553e+00
-1.214599296330969747e+00
-1.061449229782429171e+00
7.464897976479201169e-02
-2.352760228754238625e+00
-2.495902313439442022e+00
-4.481213305588971352e-01
-7.908798749197125666e-01
-4.032609185922702295e+02
-1.862646501504146679e+00
-1.640841783770190965e+00
-1.569283838903136719e+00
-1.537514918226238869e+00
-1.528518627928799223e+00
-1.528654821595856195e+00
-1.523468703749614850e+00
-1.513792181497356726e+00
-1.506639923263675573e+00
-1.501547641833439251e+00
-1.495057918837213951e+00
-1.487441843932969743e+00
-1.482357198324667502e+00
-1.481502836060653916e+00
-1.479959828146068190e+00
-1.476163634440559758e+00
-1.474033787965336462e+00
-1.472642571791618948e+00
-1.469310122991936973e+00
-1.464720237774325806e+00
-1.459316573757250879e+00
-1.453858734592766488e+00
-1.449620416557881875e+00
-1.445965289492650907e+00
-1.442475345070098225e+00
-1.439255891647967633e+00
-1.436426359173366363e+00
-1.433896966825373376e+00
-1.431349275880810179e+00
-1.428756286106305673e+00
-1.426212197305844143e+00
-1.423752853874259205e+00
-1.421439186431144641e+00
-1.419175517769745820e+00
-1.416866734309633946e+00
-1.414464805616666654e+00
-1.411883444332557191e+00
-1.409256462052997705e+00
-1.406551470377415125e+00
-1.404039810893152218e+00
-1.402201232974709555e+00
-1.400940617084954321e+00
-1.400178604538128146e+00
-1.399315505818106153e+00
-1.397515344175341401e+00
-1.394261790818543290e+00
-1.389604191391195620e+00
-1.377190318222100585e+00
-1.322842365205638915e+00
-9.987893917469362615e-01
-8.031954105454186532e-01
-1.180621858521906820e+00
-1.256475806701937481e+00
-1.249226566413165651e+00
-1.277229288506173788e+00
-1.329656898870271942e+00
-1.356522970517597848e+00
-1.367475853231442384e+00
-1.370863837088619031e+00
-1.367060943757653746e+00
-1.364405641903883248e+00
-1.370024030441582497e+00
-1.375733911530730991e+00
-1.379331700671467154e+00
-1.382051171811372825e+00
-1.383887201523880339e+00
-1.378523503813676276e+00
-1.359754037132678395e+00
-1.344617768509531519e+00
-1.352178896524586893e+00
-1.360615237850275383e+00
-1.366216184516891641e+00
-1.371072097379715693e+00
-1.375107230503123112e+00
-1.377624121131470591e+00
-1.373393606386923427e+00
-1.348789924941786733e+00
-1.315102541154117732e+00
-1.326255274631696901e+00
-1.344400192814453554e+00
-1.356207644896849418e+00
-1.363346101805357646e+00
-1.368197562308001825e+00
-1.371645283350994893e+00
-1.373161787207528128e+00
-1.373280392096838387e+00
-1.372773216318261325e+00
-1.371521042942155599e+00
-1.369941833259551656e+00
-1.368151284564142145e+00
-1.366057085029079410e+00
-1.364154397814467012e+00
-1.362908351160314613e+00
-1.362220350940175351e+00
-1.361942827716569937e+00
-1.361840063682689284e+00
-1.361711292067640411e+00
-1.361960221496258061e+00
-1.362284428812736481e+00
-1.362330071743394821e+00
-1.362089745853971356e+00
-1.361554072897883216e+00
-1.360875210041103012e+00
-1.360152004936899139e+00
-1.359490138893598266e+00
-1.358966605411587203e+00
-1.358583056114950116e+00
-1.358229313186201326e+00
-1.357782315504853621e+00
-1.357161322419392135e+00
-1.356342870070925022e+00
-1.355351302184109485e+00
-1.354255289239365112e+00
-1.353085608629610803e+00
-1.351853116519866838e+00
-1.350516199762348712e+00
-1.349057909523211141e+00
-1.347583311397062111e+00
-1.346191478766560978e+00
-1.344805280295049421e+00
-1.343366775703554783e+00
-1.341816386419126372e+00
-1.340131615825368216e+00
-1.338310262243217919e+00
-1.336312724501088178e+00
-1.334170379495824177e+00
-1.331951474591194895e+00
-1.329741410062477591e+00
-1.327598974460020731e+00
-1.325626566769585679e+00
-1.323826260448111913e+00
-1.322134706938108861e+00
-1.320446237401216472e+00
-1.318580847702314429e+00
-1.316438439112824543e+00
-1.314091650541305611e+00
-1.311643716532848725e+00
-1.309137204287518896e+00
-1.306669088252652378e+00
-1.304370618985200236e+00
-1.302303053493689022e+00
-1.300329803577288557e+00
-1.298344746483404810e+00
-1.296363106257170772e+00
-1.294262331857196635e+00
-1.291979789847876425e+00
-1.289589359086750209e+00
-1.287176458026596304e+00
-1.284809100552993577e+00
-1.282540244055635270e+00
-1.280514594663176187e+00
-1.278779457236454142e+00
-1.277195583598469408e+00
-1.275561214108170027e+00
-1.273728018501783410e+00
-1.271656456083605669e+00
-1.269436211652553714e+00
-1.267175463051155582e+00
-1.264872843069958064e+00
-1.262556408085003579e+00
-1.260266633983083251e+00
-1.258068020280627586e+00
-1.256083017501458787e+00
-1.254345774952500436e+00
-1.252773160028210153e+00
-1.251210585442257051e+00
-1.249559066270228724e+00
-1.247726119906539033e+00
-1.245716884848265815e+00
-1.243509455351527127e+00
-1.241111051164349721e+00
-1.238700610643499678e+00
-1.236371698255860130e+00
-1.234236255870608812e+00
-1.232442360201837950e+00
-1.230947502682208317e+00
-1.229688015115372846e+00
-1.228357992188713776e+00
-1.226608718537500753e+00
-1.224479917582663058e+00
-1.222054865156214198e+00
-1.219476873248354298e+00
-1.216879408717139288e+00
-1.214403419181748323e+00
-1.212258388628832062e+00
