-2.121041223489283922e+00
-2.118917512143157822e+00
-2.117956632440452402e+00
-2.115442943383799346e+00
-2.112119404161566294e+00
-2.105581962928449347e+00
-2.129717487206207682e+00
-2.121175357702536957e+00
-2.116544284627557726e+00
-2.109823988313899612e+00
-2.099255485863960935e+00
-2.082473581385290373e+00
-2.068133624259049341e+00
-2.060178380220005323e+00
-2.043054044866010610e+00
-2.008686977542565977e+00
-1.940475907597133842e+00
-1.784011070091629181e+00
-1.116003499600513704e+00
-3.836777026686977621e+00
-2.693543285943396093e+00
-2.447857383678325061e+00
-2.342597344985803076e+00
-2.308946173582842931e+00
-2.290831948666541162e+00
-2.270609459159296240e+00
-2.284293317616713725e+00
-2.333522175945290655e+00
-2.348506142834164034e+00
-2.320950942660108929e+00
-2.280685702949694971e+00
-2.242733351357313776e+00
-2.217999575858829786e+00
-1.893363143892279776e+00
-2.104625773850322901e+00
-2.107228578829856591e+00
-2.100801758431949828e+00
-2.092347651683880816e+00
-2.081474602623910819e+00
-2.068709511488765695e+00
-2.061172356376032244e+00
-2.053308231005102513e+00
-2.037249516148186945e+00
-2.002272037727244935e+00
-1.911369652757760385e+00
-1.552242212880336591e+00
-7.865396385311883565e-01
-1.211715179215659521e+00
-1.115868890541626302e+00
5.554604104407712128e+00
-3.005803638475546880e+00
-2.560240489946474796e+00
-2.661495279566203465e+00
-1.821050719644647931e+00
-1.980465989589812903e+00
-1.945171206540480036e+00
-1.795545139277674007e+00
-1.063173607190682546e+00
-4.451092010269971588e+00
-2.676688816279622962e+00
-2.426970451453455802e+00
-2.342318732212480548e+00
-2.352243311776508694e+00
-2.481206869356463507e+00
-2.533426310367018708e+00
-2.384404395151155320e+00
-2.293794452809129858e+00
-2.246784173471974455e+00
-2.218897843733356634e+00
-2.202459719548180761e+00
-2.195664508497148226e+00
-2.193130244427857090e+00
-2.187592789397123649e+00
-2.178853044249060567e+00
-2.171148494858342382e+00
-2.164519459870092533e+00
-2.157220537887844625e+00
-2.149520405770920295e+00
-2.142910140822440468e+00
-2.137525534992803067e+00
-2.131898157756042522e+00
-2.126017672436777861e+00
-2.120228665804993362e+00
-2.114312927650792595e+00
-2.108784174111600684e+00
-2.103876386695865186e+00
-2.099798062709982815e+00
-2.096299468207084793e+00
-2.092164874825492404e+00
-2.087851338915935440e+00
-2.083916255249385063e+00
-2.080009051873556558e+00
-2.075390838942599903e+00
-2.069800641225234106e+00
-2.064456748202047276e+00
-2.059634979876251659e+00
-2.054815308344209779e+00
-2.051078677183397314e+00
-2.048825567104165746e+00
-2.045755886234818188e+00
-2.041612331487521637e+00
-2.036713992754645375e+00
-2.030726006516444748e+00
-2.024831074210404314e+00
-2.018805486255709436e+00
-2.014089078768291241e+00
-2.012606866866137434e+00
-2.013193976769145355e+00
-2.014789821307296780e+00
-2.015236946190333889e+00
-2.012221900104677719e+00
-2.004603908133835155e+00
-1.993183506456289722e+00
-1.961478301569535621e+00
-1.854398391956939118e+00
-1.667279216107542261e+00
-1.696825605669999071e+00
-1.810207905607108314e+00
-1.857380095634697970e+00
-1.857657853662837422e+00
-1.878611273551469729e+00
-1.922427008827900963e+00
-1.953323232296869216e+00
-1.967909686829829807e+00
-1.971236354225740950e+00
-1.961572132621784537e+00
-1.955268633703848957e+00
-1.965007024301072658e+00
-1.975413815079358093e+00
-1.982072867958310169e+00
-1.987313514480244070e+00
-1.990665726914633282e+00
-1.975966950979779924e+00
-1.931313187879454718e+00
-1.902212645397956647e+00
-1.920133456641910819e+00
-1.938218541921853166e+00
-1.950165997567443021e+00
-1.960714515166807059e+00
-1.969515354574776556e+00
-1.974907506960853709e+00
-1.963220925169427478e+00
-1.902104580447714133e+00
-1.835055415263396661e+00
-1.864394802787936678e+00
-1.903108887504366020e+00
-1.927457643704821644e+00
-1.942834384745737442e+00
-1.953704460926516839e+00
-1.960666602542658676e+00
-1.962534688278303463e+00
-1.961232260073372480e+00
-1.959081880865736203e+00
-1.955602257416935608e+00
-1.951609390855782777e+00
-1.947334831317158121e+00
-1.942620088202742235e+00
-1.938509959602973565e+00
-1.935973012867787890e+00
-1.934596039940027934e+00
-1.934141091607703533e+00
-1.934176012168982606e+00
-1.934243932614261752e+00
-1.935239180694028338e+00
-1.936239166030404801e+00
-1.936214351012779167e+00
-1.935725985165536844e+00
-1.935225671758034949e+00
-1.934487108353895701e+00
-1.933483966108498153e+00
