1.231547336006413168e-02
2.096195449777048248e-02
6.277167322125007387e-02
4.136170561572526105e-02
4.129150050546313844e-02
-2.840258649351819556e-02
-8.459888929478963648e-01
-1.126038031108290705e+00
-1.974710121754491288e-01
2.247571340928407324e-01
3.125158789311008878e-01
2.714654714375683286e-01
-6.577826559762647851e-02
1.844411020528276268e-02
9.586959031950190169e-02
1.369154241950004125e-01
1.218192293187577435e-01
1.076049324937173035e-01
8.965060624874689188e-02
8.250787915100228631e-02
5.615039100567225522e-02
9.891119582834526081e-02
7.592653397541461457e-02
3.366003802266877287e-02
4.703253756595036222e-02
5.214012990860944496e-02
-7.029811099425789522e-02
-2.769887575621831147e-02
2.207350876574868531e-02
4.602466421377216649e-02
7.056052653651925799e-02
9.218946018271682863e-02
7.149299654815713390e-02
-9.585559643020220566e-01
-2.814956046930861433e+00
-4.649766205921721518e-01
1.682313377750964678e-01
4.727226279120633201e-02
3.291081614412920131e-01
6.164564989925613858e-02
-1.949623219559659948e-01
3.936556669192539659e-02
2.029891150424821544e-01
4.527891828471251046e-01
4.875510245902352491e-01
4.230408225614145645e-01
-6.984249572555006891e-02
-4.552326113649116796e-02
7.141263809204000113e-02
2.162776230986719894e-01
2.336306810993649119e-01
2.010775922205104704e-01
-2.506886647181518768e-01
-1.312329700345123307e+00
-8.955180682441346574e-02
3.238089590337207557e-01
4.231311063628092617e-01
2.763577077052279951e-01
2.158420539637826430e-01
2.961778970591877336e-01
2.727395847670266438e-01
2.288472373968101492e-01
-1.824279116826558744e-01
-2.192877155245225862e-01
1.582008845035348665e-01
3.113119648403857020e-01
3.460505544239220743e-01
3.425150645207494793e-01
3.305816970311502567e-01
2.303788985763084995e-01
4.484578986422804725e-02
4.470047657098419336e-02
1.546519228642169730e-01
2.010864408445632023e-01
1.348832734598064409e-01
1.490311907885071563e-01
2.053412945717685290e-01
2.411402265295463920e-01
1.326110541642184781e-01
3.821261595317798632e-02
1.653051482465237587e-01
1.333273967811779426e-01
4.363270089533041740e-02
8.798135060968137466e-02
1.869413525274578880e-01
2.081710547138417577e-01
3.016771702893024654e-01
3.017364107563494935e-01
2.128488132340515260e-01
2.579225830491509441e-01
2.585723697798897325e-01
2.599507748101615445e-01
1.843199129269518788e-01
1.541111013607586733e-01
1.962815614130069553e-01
1.956523753687924860e-01
1.930002451428148302e-01
2.667146637232988282e-01
3.071242411820907514e-01
2.293718753973945645e-01
2.303927756463081122e-01
1.805026026364815461e-01
1.559452444717931430e-01
1.785070516844029509e-01
1.480880374951624168e-01
2.343217025285324051e-01
3.138537081117246386e-01
3.661720001450723960e-01
4.139986581612644656e-01
3.557251968392010077e-01
2.317150398136037515e-01
8.154231603903189241e-02
2.335695974816226483e-02
-6.510533620096001783e-01
-1.054675479411818495e+00
-1.521094958817454934e-01
3.536803220428421657e-01
5.228953142985068858e-01
2.109820326528759060e-01
4.790211154562742935e-02
4.868078198877053842e-01
6.720109177101361020e-01
6.503156058303383169e-01
4.719873253167008453e-01
3.175026975624619108e-01
-6.605118597682563264e-02
3.966681452365832805e-01
6.335980467774942060e-01
6.032177914944438779e-01
5.924734468507866225e-01
6.412427889403938819e-01
5.804350460902732989e-01
-5.427362763878733620e-01
-8.343821832808631100e-01
3.681634969160020310e-01
7.325474676190841805e-01
6.255399947511972591e-01
6.803764424766985952e-01
7.440810755844546875e-01
7.717778240882888774e-01
6.810563330940904159e-01
-3.853943500786289889e-01
-1.718657484799035240e+00
2.591783868641294730e-01
8.868037483760664585e-01
9.542235460200318986e-01
8.637490893380834756e-01
8.673309895715601847e-01
8.579719787875403902e-01
7.969002609146255134e-01
5.859917561999608004e-01
5.677145649555663809e-01
5.329189954746883506e-01
4.648797373669611988e-01
4.838343884534827000e-01
4.420570433921856557e-01
4.406366279692730537e-01
4.807721115791352418e-01
5.586983127755019707e-01
5.831972215740184318e-01
6.480229522987375201e-01
6.546026843723874444e-01
6.827587345931177554e-01
7.682714474824092754e-01
7.395420216212473807e-01
7.207421010628375369e-01
7.296302206960576520e-01
7.500029725258620106e-01
7.390790902316022315e-01
7.502499813484921898e-01
