-6.466520779741621221e-04
-7.727233879236202092e-04
2.800719971243319402e-03
7.097893391497552343e-03
9.569662008845273085e-03
7.603498734530859948e-03
-4.769663798152970480e-02
-1.571405743369658492e-01
-2.119209602219142285e-01
-1.861662092703834925e-01
-1.373872976209842556e-01
-9.331924001380273448e-02
-7.760613469809458931e-02
-7.619493983464319109e-02
-6.526644146262074175e-02
-4.900741085048922890e-02
-3.322564336513890437e-02
-2.071781003161676793e-02
-1.146020993479078369e-02
-4.238776186755896860e-03
5.585563966427533472e-04
6.430846831165309800e-03
1.297143227898904863e-02
1.494940722650270511e-02
1.525447563446417909e-02
1.694083673398914802e-02
1.140207346977289288e-02
2.628235743157467455e-03
2.549102434772341531e-04
2.046731583717197826e-03
6.099467626788469127e-03
1.223043024084890032e-02
1.757550045164201630e-02
-4.186521576974622932e-02
-2.629574244806904271e-01
-4.128013414838681561e-01
-3.828771194846839476e-01
-3.339483832124200968e-01
-2.829533341843882277e-01
-2.407666375168840689e-01
-2.340855799321554798e-01
-2.273607293209477520e-01
-1.984507078850396566e-01
-1.487394155267984797e-01
-8.949454042558491196e-02
-3.894128577887465831e-02
-2.690252002055096986e-02
-3.992674182498884977e-02
-4.205772103608038798e-02
-2.860312330543402642e-02
-7.886969016713329256e-03
9.773529061737829676e-03
-3.527612952007413288e-03
-1.040727413194414142e-01
-1.741219805983525437e-01
-1.462762876142415513e-01
-9.531847133612461609e-02
-5.565622604435484233e-02
-3.229511468187233614e-02
-9.165496783208267745e-03
1.422018294372375674e-02
3.161041965250362129e-02
2.038405930610348582e-02
-1.329268755090062815e-02
-2.087140332401091550e-02
2.822381091904590383e-03
3.343249289204525132e-02
6.125990457795459088e-02
8.511551971108112513e-02
1.013312034216138913e-01
9.977355480774473262e-02
8.980273065414891287e-02
8.911345749853073761e-02
9.599266532563600907e-02
1.000384805927678061e-01
1.014842874472884349e-01
1.069430178007810539e-01
1.164798243856197402e-01
1.199968896854498313e-01
1.112755857268246662e-01
1.067659425387248034e-01
1.097284061949451439e-01
1.069014445741806457e-01
1.022262924929357303e-01
1.050003196359268892e-01
1.126762472213142241e-01
1.253667169191589048e-01
1.409097564447195083e-01
1.503453353895141120e-01
1.572765963817884249e-01
1.649825615856125582e-01
1.717628127435020247e-01
1.734329548746880723e-01
1.695245538080162040e-01
1.679977988258251898e-01
1.709890553981463224e-01
1.749557264155992276e-01
1.818431781264568670e-01
1.929158667222890255e-01
2.007068397050696396e-01
2.035494411715425278e-01
2.026793694167411397e-01
1.979042998268335241e-01
1.935294007673005190e-01
1.889880030725148152e-01
1.880480898081861307e-01
1.953810966653896641e-01
2.083810349336640555e-01
2.261927143985507926e-01
2.416096004931037600e-01
2.442418160779014913e-01
2.305079863495682890e-01
2.073329891566135230e-01
1.420473094738421982e-01
2.353783290915235915e-02
-4.729999571351189980e-02
-3.238218294347892934e-02
1.583386616267145469e-02
4.644491241103405194e-02
4.606861157645616989e-02
6.309217632093869210e-02
1.125328025354025152e-01
1.642824284098511889e-01
1.979537717971573685e-01
2.106157472923083918e-01
1.924684622835819425e-01
1.849729974802254151e-01
2.174144373038590095e-01
2.573342603884529178e-01
2.906958258460533573e-01
3.235176315400972724e-01
3.534194765048830900e-01
3.087625569640579659e-01
1.938210164136329738e-01
1.521660058443917996e-01
2.004215833701204486e-01
2.544465655575032237e-01
2.985887774004354345e-01
3.441721313382735126e-01
3.906982351771661199e-01
4.286580705926883450e-01
3.911889018252450168e-01
2.228594129472317997e-01
1.283344040033416733e-01
1.865111910065362366e-01
2.738175902704519937e-01
3.496146530204242708e-01
4.093064004287836344e-01
4.608783925525572478e-01
5.074016317439337120e-01
5.366698284950799369e-01
5.515173540116303785e-01
5.609013094757638873e-01
5.621868502064976125e-01
5.614922069186579767e-01
5.598639435761375571e-01
5.558437956527191304e-01
5.559982064402297919e-01
5.653588821442645518e-01
5.814964866271078447e-01
6.023557252227745851e-01
6.248679742366537448e-01
6.466725233113003179e-01
6.741950078386912404e-01
7.029193004741518536e-01
7.277269740350648108e-01
7.484768388683005202e-01
7.651602840967886010e-01
7.805821613965119310e-01
7.967010815813325708e-01
8.151042219140376410e-01
8.355611858671924130e-01
8.573979864437822895e-01
8.793228345549763958e-01
8.997145898112498541e-01
9.175046813993601447e-01
9.325816408282644465e-01
9.456792852293188778e-01
9.582400843636810217e-01
9.707729921304234511e-01
9.833833597149767014e-01
9.969125394486154645e-01
1.012066846691717092e+00
1.029822921778699607e+00
1.051045997398712517e+00
1.073462434844335123e+00
1.095710295718751448e+00
1.116536087452866477e+00
1.135683577206172190e+00
1.153178746847083769e+00
1.168501513563835470e+00
1.182662175389002535e+00
1.197034164080860386e+00
1.212647946809992217e+00
1.229936763191437077e+00
1.250023534767744637e+00
1.272418072749867735e+00
1.295931816392375646e+00
1.318944129870911031e+00
1.339070932265591596e+00
1.355438954597919077e+00
1.369393459218804843e+00
1.382360799296864950e+00
1.394930804559617599e+00
1.408239382991383071e+00
1.423610013698793697e+00
1.441341429517977835e+00
1.459475653719083832e+00
1.476845330319905614e+00
1.493765819190609356e+00
1.508969811754103052e+00
1.521934415536422058e+00
1.533628540715012090e+00
1.545128629388029973e+00
1.557108919155322901e+00
1.569962562740656375e+00
1.584946727493048879e+00
1.602186722538481156e+00
1.620130808659226762e+00
1.636911291242047595e+00
1.651412374606052946e+00
1.663572947221743314e+00
1.674487517704837503e+00
1.685197781228230607e+00
1.695626221574027870e+00
1.706006658942538445e+00
1.716590752345232396e+00
1.727840760976682821e+00
1.740616087943414936e+00
1.754941998064191155e+00
1.769997451550996859e+00
1.784559303665496088e+00
1.798013309829622930e+00
1.809819178383641480e+00
1.820247864189410869e+00
1.829242887668879103e+00
1.837040697597399408e+00
1.845019236747686975e+00
1.853699649518270931e+00
1.863700524990650864e+00
1.875793764341387559e+00
1.889145214028390418e+00
1.903091169345343170e+00
1.915644075836492322e+00
1.924862051168531263e+00
1.931544714800533580e+00
1.936572037441299354e+00
1.941048024159057750e+00
1.945769588890852830e+00
1.951499117833795038e+00
1.959270541136457267e+00
