-6.759347757910411049e-04
-9.068450506477576710e-04
2.780019239585805081e-03
7.751619304960532045e-03
1.113037664137278560e-02
9.949601510295690010e-03
-4.757472630788118356e-02
-1.700287312281754948e-01
-2.464187146555121277e-01
-2.378827316201991560e-01
-1.969403958806100197e-01
-1.528039154830871382e-01
-1.329494632404564225e-01
-1.278850313133068073e-01
-1.132898498161695744e-01
-9.240221981326718348e-02
-7.097065740473934570e-02
-5.234989523793251442e-02
-3.704375797867891923e-02
-2.418145589261071898e-02
-1.428776866782194115e-02
-3.939917897327234464e-03
6.896979149271552714e-03
1.270429573318184249e-02
1.598631707851074987e-02
2.007897905673571709e-02
1.627651804323267462e-02
7.683375440148456845e-03
4.761636910167944131e-03
6.151830357642282601e-03
1.026921477015699594e-02
1.709605484740933656e-02
2.374213357187085136e-02
-3.703857253382761283e-02
-2.763805840859845375e-01
-4.687873581695363168e-01
-4.756655162858021701e-01
-4.486360731839722504e-01
-4.084734456155550975e-01
-3.678753808308555251e-01
-3.593706688236253388e-01
-3.509596164674817498e-01
-3.182048667242036166e-01
-2.605242718290647352e-01
-1.879087328929960332e-01
-1.200792344985555649e-01
-9.045125941812943993e-02
-9.086855908811604376e-02
-8.436930950311151423e-02
-6.354248113114313590e-02
-3.482813482267242688e-02
-8.579929023618256684e-03
-1.461266237128472020e-02
-1.163175663835870760e-01
-2.009022987152541129e-01
-1.852284130052543887e-01
-1.380339945905943722e-01
-9.521051888453346823e-02
-6.565471701658791293e-02
-3.502529960267743159e-02
-2.825093536628603408e-03
2.384927250717347111e-02
2.047454871446268213e-02
-1.063532813945436070e-02
-1.931388750854116584e-02
5.005440026784380159e-03
3.971438773837338704e-02
7.436517882303070315e-02
1.066410671661977838e-01
1.318334664491889185e-01
1.380949410790060783e-01
1.329857975633492451e-01
1.352237747988516425e-01
1.448161600684058636e-01
1.516745788665746220e-01
1.554492072227441624e-01
1.630304768276870930e-01
1.751243866129874871e-01
1.815104549718232763e-01
1.745300322192320785e-01
1.701487089299662525e-01
1.732806172403979494e-01
1.706032628055748623e-01
1.653440126307700042e-01
1.674615396802262568e-01
1.753455662923219527e-01
1.893421097054614477e-01
2.077223042834817623e-01
2.208873221627170591e-01
2.314709257926260699e-01
2.428670365556158950e-01
2.532765222737917155e-01
2.582473036898191299e-01
2.565375303849574129e-01
2.561684199289624431e-01
2.601005477603652860e-01
2.651740704568217311e-01
2.734346558903358315e-01
2.866418891953474990e-01
2.972645279814881691e-01
3.027528116444356820e-01
3.039500744732931969e-01
3.002557084944230681e-01
2.959640989909819719e-01
2.908904221981084559e-01
2.889733176233543754e-01
2.959096223235308520e-01
3.098362804499866230e-01
3.301928451736763082e-01
3.496862889039791256e-01
3.564905878426809505e-01
3.450858318418549286e-01
3.210733064026590200e-01
2.501489786009486460e-01
1.150535642306309003e-01
1.805161215821583787e-02
1.036145932971103620e-02
4.587175368347728988e-02
7.228941788860095141e-02
7.024653021250505669e-02
8.630409137954382637e-02
1.396182031418402025e-01
2.009661652004191557e-01
2.473876703569895252e-01
2.724942691807938355e-01
2.635971025978063875e-01
2.604148969504543332e-01
2.980893028198262629e-01
3.468575212222181903e-01
3.914267058800800503e-01
4.367538955543491808e-01
4.801367331290743445e-01
4.458358259717358774e-01
3.271392665040287473e-01
2.710078255561718663e-01
3.100468504042615536e-01
3.640159005112956203e-01
4.139251801152410426e-01
4.693972244906052249e-01
5.291686941618636286e-01
5.825283887880255973e-01
5.576830779039859687e-01
3.855462191540018901e-01
2.673831541412465262e-01
3.076398565712732958e-01
3.911261317818082728e-01
4.743224817127624782e-01
5.479171490573092607e-01
6.168244865439855840e-01
6.825692420560652840e-01
7.312581537653267683e-01
7.631753724968944885e-01
7.869041379121847202e-01
7.995523164564286578e-01
8.071677179869843899e-01
8.115714506679280182e-01
8.114735202241294409e-01
8.140394198336147191e-01
8.255716317407768567e-01
8.447967126470256050e-01
8.700583109209610866e-01
8.984675034879523459e-01
9.272483142644675214e-01
9.628080178897585606e-01
1.001092569655050113e+00
1.036176545571954932e+00
1.067350517889205985e+00
1.093946450614056376e+00
1.118585287690975427e+00
1.143341781701904036e+00
1.170140610856480690e+00
1.199095493813431279e+00
1.229702458903126239e+00
1.260706613047598124e+00
1.290295764680252422e+00
1.317100133046712251e+00
1.340688639993748543e+00
1.361612295730778577e+00
1.381300464567988273e+00
1.400418194165204300e+00
1.419177494571038700e+00
1.438583465325731670e+00
1.459564526986364408e+00
1.483364826262634439e+00
1.511183867704213091e+00
1.540953415056474318e+00
1.571115686655351062e+00
1.600228846291823714e+00
1.627673168739339093e+00
1.653309557905349614e+00
1.676367395136780791e+00
1.697739413369296013e+00
1.718852092732525261e+00
1.740949193335762368e+00
1.764702982701168210e+00
1.791504269713541708e+00
1.821161356184075819e+00
1.852534481797039945e+00
1.883917492005704242e+00
1.912564742527409489e+00
1.937116511165814625e+00
1.958578223035730481e+00
1.978341193480682936e+00
1.997070152878793081e+00
2.016060953185351057e+00
2.036928841645981425e+00
2.060306628715510513e+00
2.084394249334811544e+00
2.107875082980056547e+00
2.130952279963411300e+00
2.152226996628789024e+00
2.170902001924527536e+00
2.187809990514367087e+00
2.204046540159693368e+00
2.220426030219966762e+00
2.237498545174462894e+00
2.256738185576372846e+00
2.278568036046485279e+00
2.301537066753932770e+00
2.323637210497008887e+00
2.343438610740603778e+00
2.360582199464471564e+00
2.375991307861006874e+00
2.390747793238225505e+00
2.404853249595278797e+00
2.418591692558253126e+00
2.432308357108918351e+00
2.446557333048397176e+00
2.462370495994935737e+00
2.479967220911163395e+00
2.498613639161044286e+00
2.517020823392523088e+00
2.534391466940886684e+00
2.550000676306267255e+00
2.563925336685973111e+00
2.576031134554483515e+00
2.586445300952119108e+00
2.596604816017498596e+00
2.607202049734883786e+00
2.619031059351238255e+00
2.633107969717511931e+00
2.648792470297844925e+00
2.665423760095837480e+00
2.680920304261494191e+00
2.692928240082095304e+00
2.701895178810088449e+00
2.708571426458813214e+00
2.714057340534875795e+00
2.719304158723242271e+00
2.725251865857712286e+00
2.733210960559906422e+00
