-1.074446027719311129e-02
5.621642387229795583e-03
5.270341534283690121e-02
3.293836043184692614e-02
2.983150166980647403e-02
-3.668330665568279858e-02
-8.718769199064435593e-01
-1.185329722991102841e+00
-2.667425782308611715e-01
1.726167224975187764e-01
2.809264631670526646e-01
2.572953695467142810e-01
-7.500202163672550770e-02
1.041602476102225852e-02
8.985860079483001805e-02
1.308200973566426006e-01
1.211436323045486790e-01
1.056613490288589585e-01
8.582545159765242460e-02
8.140563863148492230e-02
5.253715021337274083e-02
9.786151368572415521e-02
7.586900308747049348e-02
2.785398292773962753e-02
3.928275508636517449e-02
4.690774986643289624e-02
-8.023226570168696947e-02
-4.134259937291695497e-02
7.456914442948275532e-03
2.924781917509027343e-02
5.371403958918530286e-02
7.769064292717164921e-02
5.854251654373558017e-02
-9.899024171849272191e-01
-2.916642791398219803e+00
-6.010582782232551935e-01
6.064028578902373734e-02
-3.493631258678886464e-02
2.652527418984507168e-01
1.887291592277097474e-02
-2.384445597181869270e-01
1.767197268480388828e-03
1.764383314934941382e-01
4.404466799025261170e-01
4.857747607087586905e-01
4.325032753916477346e-01
-6.247606838951488134e-02
-5.219302192139359253e-02
5.860487666188247263e-02
1.980855220132033134e-01
2.187613806200507383e-01
1.894880178463864695e-01
-2.697460917377732526e-01
-1.368954665958431294e+00
-1.677189565351435707e-01
2.571197524089005038e-01
3.746893321019833523e-01
2.308743794922833992e-01
1.854594994513323603e-01
2.702654218810662812e-01
2.458963577297825498e-01
2.107226844666810206e-01
-2.080489062968036706e-01
-2.628395328786528595e-01
1.231256234333254901e-01
2.886787159678173564e-01
3.218058887901080745e-01
3.196463084167078250e-01
3.145454035036833740e-01
2.365772618930726545e-01
3.199328311628429206e-02
4.841309045191124344e-02
1.500243586796309592e-01
1.780722080518787886e-01
1.181599122254312906e-01
1.308930666309443547e-01
1.840213204832947258e-01
2.140630937568618608e-01
1.062843654426567364e-01
-1.468398360455203111e-03
1.337498994302307731e-01
1.259301185173455628e-01
4.257990626187652117e-02
7.507371218323263817e-02
1.575479671486121336e-01
1.741713332643213819e-01
2.612723107521318644e-01
2.617509823756742904e-01
1.930737589629588080e-01
2.261653720199512940e-01
2.183080030252181614e-01
2.199490969884860536e-01
1.413847511683966884e-01
1.120819375056517492e-01
1.595456820623338545e-01
1.842176068990116489e-01
1.824865858495715587e-01
2.382733150390090593e-01
2.719704383321552288e-01
2.102858943386610446e-01
1.937123256946313155e-01
1.453678341303580868e-01
1.129236788845448120e-01
1.298962701403481579e-01
9.764375029623083291e-02
1.719212063567503446e-01
2.414173025512741932e-01
2.925967220389072976e-01
3.576386581924211328e-01
2.999409735110236674e-01
1.667904971402201508e-01
5.477372422103110594e-03
-5.581068478100152663e-02
-7.652396713597217071e-01
-1.195115645461793941e+00
-3.101120643334679960e-01
2.096648756173284112e-01
3.987521887993458747e-01
9.701581195971041571e-02
-6.545117826772112180e-02
3.656528408140662934e-01
5.734112416789576283e-01
5.521259623250992510e-01
3.852169690691399917e-01
2.411181274147690679e-01
-1.412222179171118419e-01
2.982917671563093953e-01
5.467381100247332704e-01
5.277652696703474255e-01
5.205114708717407668e-01
5.796761317839277394e-01
5.366428499645017336e-01
-6.177295448171745695e-01
-9.235314975698357687e-01
2.590773679478157177e-01
6.396368899531773566e-01
5.514625115722664450e-01
6.061988624871558207e-01
6.839200291292996114e-01
7.275553532646025223e-01
6.377155855353419112e-01
-4.745088067021180356e-01
-1.810864251021439442e+00
1.361129924149404313e-01
7.708313830099862152e-01
8.949753209909562246e-01
8.344711287528193688e-01
8.015346415387876178e-01
8.188799272595693735e-01
8.137455777313875593e-01
6.076450755284512617e-01
5.774211183518834778e-01
5.091166693001321075e-01
4.218251606615502358e-01
4.377034484543829151e-01
3.823159690980132419e-01
3.673645515719091703e-01
4.242978057052285701e-01
5.164124347584655439e-01
5.623699578279328648e-01
6.302396076713787654e-01
6.373312145866190104e-01
6.590269324577564536e-01
7.701435896675669079e-01
7.408558541350857007e-01
7.486790911341678623e-01
7.093927648376908701e-01
6.997129279367297894e-01
7.008741699166989303e-01
7.231447972000387692e-01
7.563425073370473317e-01
7.826133217397923669e-01
8.087463949351548775e-01
8.163386408722217435e-01
8.124418805846822522e-01
7.961767362029870121e-01
7.820535047664223249e-01
7.718917149532795730e-01
7.782723086011671398e-01
7.785959962385710087e-01
7.868954325339818645e-01
8.031791049537464477e-01
8.270821743136784754e-01
8.648032163522174631e-01
9.110865079739707273e-01
9.199226160496363214e-01
9.400699409670132400e-01
9.275541718606605812e-01
9.344370056952672199e-01
9.200949160535570881e-01
9.113877694207954683e-01
9.094604618910986371e-01
9.223272049574360310e-01
9.408454409574600330e-01
9.653406107954463078e-01
1.007591579446762031e+00
1.032901695596885272e+00
1.057964362004847780e+00
1.057720475372267099e+00
1.037228341050475011e+00
1.011618429528030605e+00
1.003329898434142331e+00
9.985126467071550049e-01
9.992659353344934825e-01
1.014227677014715168e+00
1.041643548275518194e+00
1.068894145699246900e+00
1.069533093141727509e+00
1.074179230376460348e+00
1.077953445275627642e+00
1.059943064131365631e+00
1.047691365282974685e+00
1.041167972308642664e+00
1.045108925884400852e+00
1.051538845748636541e+00
1.064235571720097751e+00
1.094946886642308659e+00
1.117481209544798793e+00
1.126497908141727233e+00
1.117016930255043006e+00
1.101204132017207460e+00
1.083703390814059198e+00
1.080195248948888631e+00
1.079442813667868872e+00
1.075362461327239005e+00
1.078042776947304882e+00
1.079480079922320090e+00
1.090626344955761384e+00
1.109547441839606519e+00
1.125985624793674811e+00
1.134459452502749155e+00
1.130674120259500537e+00
1.125375004718371041e+00
1.109190145270914307e+00
1.102767680816439055e+00
1.083812133864332949e+00
1.076691628041253734e+00
1.079975222135945767e+00
1.084239009340882243e+00
1.100331981172215645e+00
1.122580083520144045e+00
1.130762963455251402e+00
1.142687854968905459e+00
1.119024714305933310e+00
1.089775253321933368e+00
1.070039194036022989e+00
1.050937340348543581e+00
1.046609392850071263e+00
1.042569635319185117e+00
1.052673468002782942e+00
1.070964639258833451e+00
