4.589010613636081842e-02
4.543149278636015448e-02
8.374676922742946283e-02
6.364605518101418280e-02
6.962582958118988807e-02
-7.144473681881390037e-03
-8.500344622313028564e-01
-1.172720167758614762e+00
-2.581509043100956857e-01
1.847422620851991160e-01
3.010057689216761867e-01
2.798823814259030485e-01
-5.171057017206334705e-02
2.948752350503112962e-02
1.111771332559477188e-01
1.634658755680324649e-01
1.499849619776753851e-01
1.429815650967158902e-01
1.300897848891638953e-01
1.196144996601414129e-01
9.538259675842362950e-02
1.345587274477751394e-01
1.108164085489230233e-01
7.379319786419252791e-02
8.658455171768217329e-02
8.648504871650385117e-02
-3.707003255991914853e-02
1.780474963838735158e-03
5.093204435430394306e-02
8.007642738450218567e-02
1.087736593781201966e-01
1.324043514187104864e-01
1.132930266476593339e-01
-9.457108214614263764e-01
-2.892638970990299541e+00
-5.897506571244478524e-01
7.438293536899437397e-02
-7.052653693899346710e-03
3.152116927869338392e-01
6.547366752828565062e-02
-1.810223448741096752e-01
5.306158671178851094e-02
2.267854848898119835e-01
4.968508251497030792e-01
5.599775870700481883e-01
5.097110501806734195e-01
1.193103430229528264e-02
2.910061158879612142e-02
1.421903910766971202e-01
2.987153312298081453e-01
3.219143766830152575e-01
2.914714618215218378e-01
-1.712014022448955508e-01
-1.274771936041702691e+00
-7.290405259789754788e-02
3.647378827022840220e-01
4.927775487505409169e-01
3.789072681934232412e-01
3.144963915788185349e-01
4.030627745037297371e-01
3.941178312550669416e-01
3.440635867279314142e-01
-7.683562778250280223e-02
-1.241224836456082808e-01
2.338109319841057687e-01
3.891920666049957234e-01
4.499001681803503905e-01
4.634550009074671628e-01
4.550897369971372841e-01
3.268184824423480683e-01
1.558681872921911515e-01
1.143600853617600666e-01
2.286824839711042168e-01
3.033564951189746672e-01
2.283421970343206819e-01
2.422137105603256457e-01
3.050573100904888646e-01
3.550890700026901881e-01
2.456250854342630907e-01
1.600935924029341373e-01
2.708365738019274938e-01
2.046978116618518029e-01
9.931338904949718605e-02
1.537962921036201136e-01
2.788333053800283734e-01
3.144464625813982450e-01
4.290936295778733367e-01
4.418399297281787597e-01
3.290504332296029233e-01
3.929284633511541114e-01
4.091706430591327548e-01
4.128941414331624982e-01
3.392494393963042532e-01
3.009167361421657416e-01
3.312746785321731835e-01
2.930924329399202111e-01
2.873784896962737756e-01
3.892057711631922157e-01
4.468728805114420277e-01
3.494907749708138778e-01
3.742185966983541667e-01
3.185278510562367105e-01
2.987670738685931360e-01
3.246305312735162651e-01
2.926839111262927728e-01
3.962110471465492556e-01
4.986945035663688519e-01
5.657069978917426134e-01
6.037224374246030756e-01
5.542438160056035734e-01
4.407948366854603228e-01
2.906872425774202351e-01
2.150681457471218527e-01
-4.657750471955199867e-01
-9.267772959807120126e-01
-3.803431326573886162e-02
4.884692325386327805e-01
6.921968927772613744e-01
4.030202783880653117e-01
2.435003042668062445e-01
7.136959579564474687e-01
9.122335459535723112e-01
9.308432120659795306e-01
7.558066859611904942e-01
5.841105573590867905e-01
1.684054167500533827e-01
6.494046000866477986e-01
8.933424725244782927e-01
8.730638217659882905e-01
8.747392450244317885e-01
9.236534572657958408e-01
8.471760855909106214e-01
-2.897351630474831463e-01
-6.719619239803816813e-01
5.296086260292260928e-01
9.244093715224876995e-01
8.410041809117624334e-01
9.314839562512908788e-01
1.007630020864212828e+00
1.040886396448834628e+00
9.658280942428868476e-01
-8.616397763204652893e-02
-1.575144535570090376e+00
3.755410445156228683e-01
1.065577526537843323e+00
1.138691099956166575e+00
1.067368677062078053e+00
1.164758013024371763e+00
1.148467004733515928e+00
1.026415905759390901e+00
8.077410923250145647e-01
7.944762723142057004e-01
8.012965867430740241e-01
7.442794133765752163e-01
7.538938244293236224e-01
7.210066764429308162e-01
7.256000376568177979e-01
7.382752201288592664e-01
7.916258248635306138e-01
7.899673972769228891e-01
8.663242714862477989e-01
8.749731902004861395e-01
9.248904916817096700e-01
9.814394338710459298e-01
9.689769883319967470e-01
9.264240166429534851e-01
9.341085763523053753e-01
9.556929836087635355e-01
9.564798357889223723e-01
9.723147700660962345e-01
