3.246500044037652077e-02
3.752985607618577329e-02
8.020126001202199095e-02
6.225223811965593240e-02
6.721080669646177508e-02
-7.837170075852243831e-03
-8.724442420422549027e-01
-1.237753092278716327e+00
-3.409499467995068533e-01
1.177118569771598150e-01
2.577007415923552314e-01
2.581128829534860003e-01
-6.515904008150288917e-02
1.863780899202219926e-02
1.048463118484343898e-01
1.612960741364014017e-01
1.549856486127560995e-01
1.501982182841501701e-01
1.383427867521362375e-01
1.309640732634775040e-01
1.059260744465414794e-01
1.473515524984482239e-01
1.248583162679509501e-01
8.414043982197035032e-02
9.523465570657051182e-02
9.628109275374766018e-02
-3.195068983973585464e-02
2.181005370341632110e-03
4.960409636488595508e-02
7.735305756830708479e-02
1.065973941732437369e-01
1.327425603854691938e-01
1.155198132228923424e-01
-9.666418317374990687e-01
-3.001038339266163923e+00
-7.509166211137522362e-01
-6.375661705601975981e-02
-1.176238158282923163e-01
2.298853893197005949e-01
5.818570488405644392e-03
-2.355769841215993310e-01
6.804503745201875842e-03
1.957087630717356530e-01
4.866240511382461387e-01
5.701350404445534314e-01
5.384757288607995296e-01
4.271861755134618438e-02
4.865126427557511096e-02
1.568089293075959068e-01
3.118737437471949536e-01
3.404190276815561300e-01
3.145748991526126082e-01
-1.563611299625299600e-01
-1.304146591123982901e+00
-1.314090709580144900e-01
3.176086453596886905e-01
4.671204846929676857e-01
3.642276771089745790e-01
3.148101761929243958e-01
4.113271598427968856e-01
4.069534937168010624e-01
3.656492933389213773e-01
-6.258006884305411521e-02
-1.284328412246829032e-01
2.315822949067568026e-01
3.975875081341276873e-01
4.624330212889335989e-01
4.819615763460239899e-01
4.820425701627408799e-01
3.691373213072621229e-01
1.847408456627242790e-01
1.490634388508350616e-01
2.555837765320950750e-01
3.188105548513869847e-01
2.471475930656416853e-01
2.590899310774190112e-01
3.199164674302652500e-01
3.675786705906976537e-01
2.586593275372754408e-01
1.628238815880843071e-01
2.768373953946984822e-01
2.242706463372190762e-01
1.199273156821680231e-01
1.643804410189815823e-01
2.790336846833760265e-01
3.132162439984867985e-01
4.268298471984130482e-01
4.435273903252798799e-01
3.447996977309916167e-01
4.024368455323378280e-01
4.150696012923614786e-01
4.202875606686235499e-01
3.449915292255367749e-01
3.058849821932265178e-01
3.381165838377576671e-01
3.139002607728427763e-01
3.071351643139994536e-01
3.978500705924322700e-01
4.528971071096594692e-01
3.658299060910030764e-01
3.795931148290119239e-01
3.239944475856683104e-01
2.977801074241509527e-01
3.187791296800274177e-01
2.842363795609941235e-01
3.800494534438494387e-01
4.782502957797495347e-01
5.478602494830707714e-01
6.001310734108501466e-01
5.539741019447810277e-01
4.354507042395346361e-01
2.757256793826460273e-01
1.930066847559151755e-01
-5.225882415523037672e-01
-1.024038471598309297e+00
-1.613028958730089446e-01
3.766018176835982390e-01
6.034475946057568096e-01
3.289874839330446665e-01
1.721972448893992480e-01
6.434138559232986943e-01
8.677153715621611640e-01
8.991298662355563520e-01
7.395223001690858222e-01
5.770671549444359449e-01
1.574205796928333512e-01
6.212690139610297368e-01
8.772551647580894008e-01
8.704648990536816289e-01
8.794970648082115483e-01
9.394977578536616303e-01
8.771952546406869278e-01
-2.903178404355606368e-01
-7.082753710310063511e-01
4.680016407010092472e-01
8.790205495740633923e-01
8.161341053898250042e-01
9.146778025567301462e-01
1.007991238732851347e+00
1.059307310174758099e+00
9.911358074294953635e-01
-9.687857013775202919e-02
-1.624403611481337606e+00
2.832301333872784266e-01
9.859975806773024765e-01
1.109521871431737416e+00
1.070441122654970378e+00
1.158160157985149041e+00
1.169055915454868533e+00
1.088269132336448175e+00
8.743334744183495211e-01
8.526197556589099058e-01
8.351724442696870643e-01
7.651164490193179679e-01
7.704108529893416435e-01
7.259459327301717169e-01
7.203850171667741664e-01
7.395437257293571154e-01
8.022467337630614370e-01
8.130885967504337675e-01
8.881279674918007849e-01
9.007136572730767288e-01
9.462856907487343650e-01
1.022417610541069166e+00
1.009736429024152393e+00
9.805152576434672529e-01
9.902685556686352530e-01
1.013129918605296442e+00
1.010305137551718691e+00
1.025073918167975107e+00
