-1.034504451774358007e-02
6.009778737409128026e-03
5.083871067315431230e-02
2.884889448655938993e-02
2.493906846100355651e-02
-3.955417913965852267e-02
-8.403082091066657044e-01
-1.093378600525715783e+00
-1.583104272613963803e-01
2.481318364797049092e-01
3.166215870297355295e-01
2.633948867809438044e-01
-7.603899678109575511e-02
1.137712606637934776e-02
8.664742924171092708e-02
1.208390691743422840e-01
1.056696703556311845e-01
8.731584130193174864e-02
6.673670253107780170e-02
6.258527432741754770e-02
3.511839903118613854e-02
8.059791592249528069e-02
5.816969218568024402e-02
1.231805611032001785e-02
2.625959067324050780e-02
3.497893374914293890e-02
-8.691074075769160412e-02
-4.203611535071434535e-02
7.859262648204226945e-03
2.811296341267040602e-02
4.996273140567039639e-02
7.052524754393527107e-02
4.903869081294930793e-02
-9.614423907021786286e-01
-2.758974706947149524e+00
-3.831450394890077993e-01
2.249473102913925326e-01
7.623351360443386682e-02
3.318153438302998692e-01
5.503374806349647930e-02
-2.060441258920510388e-01
3.042807751861081877e-02
1.887745094564360071e-01
4.265388470215324412e-01
4.442982737230581902e-01
3.728464712277738125e-01
-1.144937075711513763e-01
-8.438573006658002529e-02
3.553334943627253772e-02
1.727197485212528250e-01
1.868611948124284938e-01
1.536113697163511427e-01
-2.903576613939531370e-01
-1.324391672978625811e+00
-9.013146786707326719e-02
3.050975779128917154e-01
3.852168479266969148e-01
2.176277065746411443e-01
1.620301916607635451e-01
2.381212288266578991e-01
2.061670011762573584e-01
1.678855555852282466e-01
-2.363494308218144213e-01
-2.665060950624705272e-01
1.235829888110765579e-01
2.741305502063791089e-01
2.907903711296186411e-01
2.764904328299396807e-01
2.633859168867717093e-01
1.830402711297542950e-01
-1.317048429435366264e-02
1.456632103515398402e-02
1.196498193554876299e-01
1.459732797388205161e-01
8.628426560438327841e-02
1.005280058870371279e-01
1.523470980662418317e-01
1.787932634402090160e-01
7.168180294879052117e-02
-2.832988207475090059e-02
1.104196148225321944e-01
1.012288670970938331e-01
2.029393861531404719e-02
5.576223126812562825e-02
1.362313164781852604e-01
1.483893169018413449e-01
2.287190268811359339e-01
2.219467086634238639e-01
1.508846298442539369e-01
1.832212016744759753e-01
1.741678504606403721e-01
1.751973854404046405e-01
9.911521605886580710e-02
7.499756323133169311e-02
1.251453635158461253e-01
1.493195683266960727e-01
1.465899263998742819e-01
1.996966486677775876e-01
2.286505042069451044e-01
1.650308432848681395e-01
1.496459775163219985e-01
1.044390377762096367e-01
7.682980412021991889e-02
9.747514380106425680e-02
6.843610811105815817e-02
1.431392706105201751e-01
2.081158839837960461e-01
2.522288822877983838e-01
3.085087735700691725e-01
2.450409471671190498e-01
1.146807241122836662e-01
-3.467376593202844970e-02
-8.062021709644029421e-02
-7.513375300359166342e-01
-1.117377281315468096e+00
-2.087587458797799944e-01
2.810005245519228700e-01
4.268160594451315681e-01
1.010299074133571562e-01
-6.269439379953929692e-02
3.564342307799421850e-01
5.352710434215890434e-01
4.887815061794582028e-01
3.115575902119196439e-01
1.708661363659814136e-01
-1.905362387600475216e-01
2.585168896898157875e-01
4.909782708136257168e-01
4.543261592819404227e-01
4.358950546016454042e-01
4.855038526173992564e-01
4.358189697542170227e-01
-6.788165549640770013e-01
-9.111994851442983823e-01
2.867921188883418293e-01
6.279413956428391286e-01
5.046515927108954358e-01
5.360808604356581686e-01
5.933948070020791388e-01
6.191872505290970663e-01
5.192580784320847131e-01
-5.557168760568995669e-01
-1.783302513086822971e+00
2.059097996075812120e-01
7.869669998662838228e-01
8.506766991692292779e-01
7.474497587973298884e-01
6.884617929645302503e-01
6.884478300623957381e-01
6.712135734746793592e-01
4.643085364973801865e-01
4.411664539257240114e-01
3.773686252823844622e-01
3.030507962422870905e-01
3.294880101553249729e-01
2.820065710542943305e-01
2.770365617191422047e-01
3.362704001112892249e-01
4.298657373047848895e-01
4.702172934266907189e-01
5.247381829174465606e-01
5.286523734424188881e-01
5.412301549572030579e-01
6.465960986484650119e-01
6.056592299794417711e-01
6.026323251208236531e-01
6.109025789040937182e-01
6.292891279254806403e-01
6.095804514951097541e-01
6.173901260889232967e-01
