7.402768278532728024e-04
2.504672977082088303e-03
6.944242248337634954e-03
1.153535723069845295e-02
1.439110242341075201e-02
1.276166510215557756e-02
-4.110294146519583025e-02
-1.443960398069542017e-01
-1.899727828114148587e-01
-1.581029140817826473e-01
-1.077183883402905717e-01
-6.520486062723754306e-02
-5.218233830511165988e-02
-5.263356979928623253e-02
-4.322435037810224562e-02
-2.838871570945561418e-02
-1.424148219078090472e-02
-3.351627664726622088e-03
4.719887896344185374e-03
1.089143679327034958e-02
1.481211845126160359e-02
1.994950657486417242e-02
2.556779236639187755e-02
2.702894267922547819e-02
2.736307874760265588e-02
2.899552874210445386e-02
2.352756683698598028e-02
1.552087270411748460e-02
1.406641054752191984e-02
1.671060966035882445e-02
2.149788903067726201e-02
2.801543895512751195e-02
3.339020023941668275e-02
-2.490400427730173061e-02
-2.373206990819471396e-01
-3.687286817614319756e-01
-3.254908167294767729e-01
-2.707634840130577758e-01
-2.180229574663291314e-01
-1.772981516932884971e-01
-1.724492635791279038e-01
-1.666258731793011927e-01
-1.393693162224377280e-01
-9.275645300859419740e-02
-3.816554049910602514e-02
6.817190453416194229e-03
1.362743065743958135e-02
-1.852470574382559035e-03
-4.568035012837182510e-03
8.886236256947323275e-03
2.921870408875821071e-02
4.586152696870796769e-02
3.188310775890113719e-02
-6.557515343264433416e-02
-1.269559775829075809e-01
-9.261497543712871039e-02
-3.939727019957997567e-02
1.499294222462102533e-04
2.232585276851053666e-02
4.359388258236631536e-02
6.519968208601141513e-02
8.066285975841928912e-02
6.795721060750339881e-02
3.548758843202916291e-02
2.991061355565580518e-02
5.353072412056333884e-02
8.287923060454543966e-02
1.092242540324404459e-01
1.311252324812938463e-01
1.438966546122999735e-01
1.395628151442829534e-01
1.276767175626213613e-01
1.251500253992018918e-01
1.317699180387831570e-01
1.358774863660685284e-01
1.370757137112121327e-01
1.424954494318153020e-01
1.523028424847308049e-01
1.560996320632695722e-01
1.485085300708397504e-01
1.454288507632757743e-01
1.475817424566938096e-01
1.424304565562788394e-01
1.363497722873159568e-01
1.394897623626394911e-01
1.483219569496328494e-01
1.623952050631086164e-01
1.791005531200235978e-01
1.881392096811062564e-01
1.945390669301560183e-01
2.029067555630220676e-01
2.106490976383252889e-01
2.132871238082700294e-01
2.104708265594060490e-01
2.096666178617787590e-01
2.114680968256501259e-01
2.130460353864608303e-01
2.189121237974074041e-01
2.302288088598422044e-01
2.373666676701842171e-01
2.399020603496803961e-01
2.395906480848940534e-01
2.357662658391831145e-01
2.330306789411980273e-01
2.302716693796740266e-01
2.317216524957361745e-01
2.421617926127354326e-01
2.581605767679817642e-01
2.773496618266371172e-01
2.928582873786172436e-01
2.961975385113860271e-01
2.845806441205187554e-01
2.645251248954813561e-01
2.046579047668512785e-01
9.600333000038198394e-02
3.784415011947577651e-02
6.266491143675710640e-02
1.159165399066235669e-01
1.482798008392909317e-01
1.493002287271551765e-01
1.687130382735714806e-01
2.187796922670967037e-01
2.693312133786203155e-01
3.011702573927759752e-01
3.114786409591313032e-01
2.913490153021249807e-01
2.846525444687591500e-01
3.178106402856687995e-01
3.562456800273006707e-01
3.871887890923188524e-01
4.169701687922620637e-01
4.424403581337092994e-01
3.950047051313909652e-01
2.826510787181434337e-01
2.469001274079508645e-01
2.983801534200123950e-01
3.513715481690278253e-01
3.930012858328399972e-01
4.351693522663802605e-01
4.767205262495549656e-01
5.092805594177546302e-01
4.699922522987499685e-01
3.051110500001285031e-01
2.195555912173327018e-01
2.841196335638208614e-01
3.703757373316450829e-01
4.390529551954404641e-01
4.928290438116712524e-01
5.393764778956504635e-01
5.766712269884233244e-01
5.948552566472196101e-01
6.010434162560883697e-01
6.056646893698117706e-01
6.056181260453833426e-01
6.048137116528866652e-01
6.037797804946511970e-01
6.015989042278081511e-01
6.028080579525367799e-01
6.110600602271955006e-01
6.238430312573229886e-01
6.402093041593923672e-01
6.582846609992519804e-01
6.763072991717691274e-01
6.990080961093703138e-01
7.217894681576794147e-01
7.395994055755791274e-01
7.555730636190740590e-01
7.721161656607545831e-01
7.878015095781187860e-01
8.024925661078294858e-01
