-6.675183277648255630e-04
-8.671857328780998133e-04
2.790307065607081517e-03
7.565466972931256251e-03
1.066367631757754106e-02
9.220306442043108008e-03
-4.770855940445662552e-02
-1.663677145541858637e-01
-2.361403459947521988e-01
-2.218320944341558021e-01
-1.776514630472127432e-01
-1.326500432849913591e-01
-1.133485386917766624e-01
-1.089512376525417492e-01
-9.519615724140052804e-02
-7.555691983281724589e-02
-5.579027637131596384e-02
-3.908190279631766628e-02
-2.576364118301741751e-02
-1.483931293976423899e-02
-6.767794496370055021e-03
1.918717219976943250e-03
1.114451451778682503e-02
1.547652576691563309e-02
1.754174026701107655e-02
2.061060960847309331e-02
1.600938956633028362e-02
7.107958902742695859e-03
4.155630581010916896e-03
5.535365357472693364e-03
9.548304675834083655e-03
1.610681560332737419e-02
2.230792043298531271e-02
-3.817391293485256076e-02
-2.722639259622562369e-01
-4.518729480302066115e-01
-4.467028139768960959e-01
-4.114722262502309991e-01
-3.663046576911437868e-01
-3.236157515363001225e-01
-3.143884065055600474e-01
-3.055535368020542153e-01
-2.732428823054012801e-01
-2.174372237426939747e-01
-1.485373811352660167e-01
-8.588784320075211476e-02
-6.186706588101649473e-02
-6.669330908481338471e-02
-6.350954668718720997e-02
-4.559420939372128834e-02
-1.992433139549877261e-02
3.123857491561979338e-03
-5.732958078301377339e-03
-1.077933132220029178e-01
-1.886085417285221222e-01
-1.693621159161569079e-01
-1.207678200711397865e-01
-7.855576972471220443e-02
-5.064591223637157635e-02
-2.221619113322828229e-02
7.243676172849086714e-03
3.089138458202235829e-02
2.478126500121008088e-02
-7.584322499603401296e-03
-1.636295167120555005e-02
7.499099825509086825e-03
4.079613174864476360e-02
7.320130268916588689e-02
1.026746034368464650e-01
1.247970242539427205e-01
1.282324153131899069e-01
1.211173513309349858e-01
1.219528126769400117e-01
1.302750773020041331e-01
1.358861733620476686e-01
1.385893444295696886e-01
1.451971045476515842e-01
1.562222860425423743e-01
1.614587894862505590e-01
1.536560202583019952e-01
1.489505893963510574e-01
1.518046121188002806e-01
1.488923096047709282e-01
1.436407152733394921e-01
1.458274153902633652e-01
1.535588556321766940e-01
1.670845496766765192e-01
1.845235516086873029e-01
1.964320902651266187e-01
2.057213070112063058e-01
2.157700071003884335e-01
2.248162880040228406e-01
2.284947015113249214e-01
2.258018388558174494e-01
2.247707483913577442e-01
2.281404017915290017e-01
2.326327648622721067e-01
2.402523928658521213e-01
2.526037257076355624e-01
2.621527074254195733e-01
2.665940243557494149e-01
2.668973227347113397e-01
2.625976158244543446e-01
2.580151972886433054e-01
2.528699026576305409e-01
2.510542185091724776e-01
2.579658428832168893e-01
2.714991926315978854e-01
2.909725809549412734e-01
3.090844218255471842e-01
3.144034393494005708e-01
3.019922338932457540e-01
2.778970710326980620e-01
2.083567315641244311e-01
7.799319899321638383e-02
-1.109335094752754436e-02
-1.138726749150667170e-02
2.891548447184142875e-02
5.761935490264070286e-02
5.691682437015298940e-02
7.391581187895630844e-02
1.266068731153281446e-01
1.854293901644624432e-01
2.280994230690689406e-01
2.492452364776975016e-01
2.371038078449963504e-01
2.320372267254266485e-01
2.676191049285739920e-01
3.132495567938272663e-01
3.539111557003388198e-01
3.948387265876985852e-01
4.334216660871798021e-01
3.951074612157248755e-01
2.764894393215335255e-01
2.239033978810701375e-01
2.654507398607083291e-01
3.194734034838548897e-01
3.676870488097448986e-01
4.200977994489948353e-01
4.756143946887387841e-01
5.238526026483067977e-01
4.944552863267148157e-01
3.224311355839896143e-01
2.104906892367486293e-01
2.560199209351642913e-01
3.410180472808552188e-01
4.223854924913952869e-01
4.919524140723362526e-01
5.554645757724472332e-01
6.149156457107206597e-01
6.569181973022372167e-01
6.825679226867487071e-01
7.004445430185973764e-01
7.079740807706639272e-01
7.115753133613301751e-01
7.127630492950114416e-01
7.103056740254038992e-01
7.111186047648497821e-01
7.212765267177375650e-01
7.392288045250606787e-01
7.625671587261342310e-01
7.886038489375704064e-01
8.147410969592133734e-01
8.473343239797824777e-01
8.821114290979454875e-01
9.128157991367115143e-01
9.423558451674640679e-01
9.720396070854425696e-01
9.999921817452186446e-01
1.025808924719837867e+00
