1.305537045836457216e-02
2.344579458788622825e-02
6.961346226570135076e-02
5.256179858073165706e-02
5.490698864147856850e-02
-1.702857436473747405e-02
-8.890919809272535002e-01
-1.271565898275905049e+00
-3.840092263518390947e-01
7.790121774785017938e-02
2.243749793114054314e-01
2.325718168055088131e-01
-8.739762440329677806e-02
-1.429487284089189791e-03
8.634594941338624707e-02
1.421391876459241477e-01
1.401057891942106282e-01
1.347902784501778251e-01
1.222062030477683303e-01
1.180537811385327790e-01
9.216917628678376884e-02
1.365482096382859833e-01
1.156822277661519738e-01
7.142375942932213673e-02
8.185297422998379091e-02
8.559366521388184212e-02
-4.502772592814944380e-02
-1.269656054185228783e-02
3.398033565846351328e-02
5.942351734189960100e-02
8.786199641157840801e-02
1.151906299141643997e-01
9.895129735265008331e-02
-9.904401077427051892e-01
-3.058726804667746269e+00
-8.329711581519196884e-01
-1.419058174437081155e-01
-1.913482062797023375e-01
1.587322279471782838e-01
-5.553650817157063102e-02
-2.984316264786285311e-01
-5.211861336068884798e-02
1.429139344194055583e-01
4.413389735008663717e-01
5.300813998580274911e-01
5.069424384270959649e-01
1.449166600376392000e-02
1.549622873551095154e-02
1.219554992117194980e-01
2.730795305002364226e-01
3.039305184334737953e-01
2.812005860158656723e-01
-1.914303693881752033e-01
-1.356684891679766247e+00
-1.980538960193173048e-01
2.508781191748110651e-01
4.058757835606789932e-01
3.001678431957813808e-01
2.615927909940901630e-01
3.613466786312499179e-01
3.562572981453220877e-01
3.233340849973642128e-01
-1.060247023659656590e-01
-1.806193956262484579e-01
1.873056227507546856e-01
3.611957404482775136e-01
4.225820759688410089e-01
4.420867543781552556e-01
4.478395660713540005e-01
3.552874751896227812e-01
1.596972277520755379e-01
1.420187451483377328e-01
2.444892425623094445e-01
2.933353164339894681e-01
2.274986575703241976e-01
2.394450269285189892e-01
2.981196531502171565e-01
3.408791804174190476e-01
2.332947999162907626e-01
1.284809407354235156e-01
2.500374246309408077e-01
2.181977970012710100e-01
1.216220848467343685e-01
1.585439901379120109e-01
2.597578943474874169e-01
2.891525490025948497e-01
3.959596255382568097e-01
4.115338841351172672e-01
3.298356113909302056e-01
3.789073072894257876e-01
3.851558797366296805e-01
3.911998930950623676e-01
3.148955077675235081e-01
2.785130267869088128e-01
3.167466874399157972e-01
3.151027433557722079e-01
3.114814443324422921e-01
3.887476294365042606e-01
4.382463430472954835e-01
3.652448203003173521e-01
3.662272750772693763e-01
3.134051583346756376e-01
2.825087715709887481e-01
3.001102983989951678e-01
2.650609390491100448e-01
3.512321616046490402e-01
4.399301632145000696e-01
5.068693947693250212e-01
5.720544172309114384e-01
5.267453942460373906e-01
4.028022154575851554e-01
2.373868403052174503e-01
1.558201118991679457e-01
-5.808586210222721480e-01
-1.093259758102530510e+00
-2.446571645894218827e-01
2.941077713564826945e-01
5.258217067612946938e-01
2.541118196225212733e-01
9.768658566359339490e-02
5.600062420484058778e-01
7.976067918661202683e-01
8.262796785448116577e-01
6.767334122752299841e-01
5.271020033696893758e-01
1.165951564089473536e-01
5.658987585411343613e-01
8.299348816428725462e-01
8.317058380106325810e-01
8.447209955235476242e-01
9.150805591745310164e-01
8.705785734323876479e-01
-3.099538459118464928e-01
-7.225505551382152003e-01
4.400224979678229453e-01
8.555157218110335249e-01
8.018543957630928087e-01
8.975197940644483729e-01
1.000785259130993810e+00
1.065325351641982943e+00
1.000320277873250063e+00
-1.140269425171469564e-01
-1.620294267696212653e+00
2.690722296317105133e-01
9.641298825350264057e-01
1.121932615929130961e+00
1.102269124617190732e+00
1.158523876836520472e+00
1.191278748915962193e+00
1.160068478742810827e+00
9.575271158741238686e-01
9.342419751334224420e-01
8.925089950864640853e-01
8.131356781098789677e-01
8.207420426409371972e-01
7.683919322436653099e-01
7.563434917057884066e-01
7.903586864399647638e-01
8.701821472322227580e-01
9.017517066083894361e-01
9.775105699094039924e-01
9.966952482009762138e-01
1.037129508106900744e+00
1.139208615400719049e+00
1.126567102752478622e+00
1.118240731991879011e+00
1.135256450352780888e+00
1.163973958750873283e+00
1.160278047100956389e+00
1.177509971797678689e+00
