-2.030940663715469441e+00
-2.030876472350154227e+00
-2.030847304760713623e+00
-2.030771558061926996e+00
-2.030671454155407840e+00
-2.030475818074280792e+00
-2.031208210098740974e+00
-2.030945676107151154e+00
-2.030805721010564113e+00
-2.030604300677040897e+00
-2.030289902930480395e+00
-2.029794366550266904e+00
-2.029364944881129951e+00
-2.029116660782961379e+00
-2.028597401981669268e+00
-2.027560947840557404e+00
-2.025491862008127697e+00
-2.020641900766647403e+00
-1.997985299444877683e+00
-2.073686809043602253e+00
-2.046683052155930493e+00
-2.040173073442002938e+00
-2.037279083502612664e+00
-2.036307646069472010e+00
-2.035773189085575030e+00
-2.035196140293607403e+00
-2.035514149930620409e+00
-2.036712872576521782e+00
-2.037053114378073460e+00
-2.036368222248223780e+00
-2.035342950284994235e+00
-2.034341766896749171e+00
-2.033665297442747377e+00
-2.022931570643007770e+00
-2.030451025527503006e+00
-2.030530414685926655e+00
-2.030339723505899308e+00
-2.030088882760441304e+00
-2.029766283953668538e+00
-2.029385981444047360e+00
-2.029155260881352785e+00
-2.028913935521152290e+00
-2.028428048006688300e+00
-2.027372481423686867e+00
-2.024609534554621337e+00
-2.013231975264152318e+00
-1.982679355924331199e+00
-1.997885657119000458e+00
-1.991688829716483200e+00
-2.277418464996365799e+00
-2.052312769429435857e+00
-2.042565059521705528e+00
-2.044577419113642769e+00
-2.020747441558342405e+00
-2.026512685770430977e+00
-2.025400612566472525e+00
-2.020330378810880401e+00
-1.987428216229569777e+00
-2.072894797382062393e+00
-2.045049632409464913e+00
-2.039161141400404276e+00
-2.036982184451968436e+00
-2.037152169245267430e+00
-2.040037650657170243e+00
-2.041103193049038200e+00
-2.037807230154272897e+00
-2.035590933251026691e+00
-2.034368315590686649e+00
-2.033617155819143818e+00
-2.033160364619228222e+00
-2.032954670076919879e+00
-2.032859866831217666e+00
-2.032691360484597087e+00
-2.032444341626222784e+00
-2.032222996393715952e+00
-2.032028419913990192e+00
-2.031818914075135929e+00
-2.031601519653846832e+00
-2.031409170418590815e+00
-2.031241301692039869e+00
-2.031069158595697921e+00
-2.030894437465654345e+00
-2.030715100246601068e+00
-2.030529620900760168e+00
-2.030364239971240270e+00
-2.030223385683007198e+00
-2.030111836576956375e+00
-2.030019226102735441e+00
-2.029901880134294956e+00
-2.029776659326866906e+00
-2.029663255511289233e+00
-2.029549829588053633e+00
-2.029412185494702037e+00
-2.029241918279386159e+00
-2.029078795872543139e+00
-2.028931978793048874e+00
-2.028784773905961014e+00
-2.028671890189233107e+00
-2.028606624661831059e+00
-2.028515585271435828e+00
-2.028389942226439313e+00
-2.028239768774172891e+00
-2.028054113312330653e+00
-2.027870399443121752e+00
-2.027681771178311276e+00
-2.027534044056195306e+00
-2.027489692952051836e+00
-2.027512617655441662e+00
-2.027569004845973577e+00
-2.027589724321096742e+00
-2.027500327275133962e+00
-2.027263510209496022e+00
-2.026903022005933419e+00
-2.025888748734482103e+00
-2.022376486793861616e+00
-2.015780325774104043e+00
-2.016595332602263646e+00
-2.020597347049650327e+00
-2.022252374671746900e+00
-2.022270776664745195e+00
-2.023008505548140157e+00
-2.024524646585939447e+00
-2.025581271363455560e+00
-2.026083579735299622e+00
-2.026211095852847865e+00
-2.025913579439769574e+00
-2.025718731111938897e+00
-2.026041132970327840e+00
-2.026385055997912410e+00
-2.026607750009514319e+00
-2.026783611617847924e+00
-2.026898231369444137e+00
-2.026441828429412784e+00
-2.025020757323197529e+00
-2.024062204938913645e+00
-2.024628616521679358e+00
-2.025213500126636035e+00
-2.025604132143414837e+00
-2.025950516224679365e+00
-2.026240252671791531e+00
-2.026420319865600117e+00
-2.026058143286827207e+00
-2.024101292857194867e+00
-2.021859897709714637e+00
-2.022800993836336936e+00
-2.024077087685117959e+00
-2.024881932372250226e+00
-2.025391854025388572e+00
-2.025753185419574276e+00
-2.025986514348265377e+00
-2.026055498614468320e+00
-2.026021700258681335e+00
-2.025959153702329374e+00
-2.025852971960551141e+00
-2.025728958642511124e+00
-2.025594761531721133e+00
-2.025445421388320177e+00
-2.025314309034867755e+00
-2.025232889680819159e+00
-2.025188782550858324e+00
-2.025174645310427568e+00
-2.025176848097953286e+00
-2.025180622013676768e+00
-2.025214399610840488e+00
-2.025248845205601889e+00
-2.025250767048791811e+00
-2.025237760674078125e+00
-2.025224172715712534e+00
-2.025202843228103511e+00
-2.025172866250680492e+00
