-6.759841189028823567e-04
-9.069976296701863158e-04
2.780282517602172734e-03
7.752942360637164743e-03
1.113202706044644219e-02
9.949832321380167738e-03
-4.758229816447150096e-02
-1.700568460991769282e-01
-2.464586319363631928e-01
-2.378915961516421540e-01
-1.968721849676728919e-01
-1.526273443184019696e-01
-1.326513160369317268e-01
-1.274663714059489361e-01
-1.127522680059848126e-01
-9.174774871373853058e-02
-7.020407491262481425e-02
-5.147952197266625340e-02
-3.608045472064500686e-02
-2.313738231346790242e-02
-1.317535913519200276e-02
-2.771288325856926735e-03
8.111039353822253190e-03
1.395275019230253141e-02
1.725834879046969292e-02
2.136560566353962534e-02
1.756962498915851795e-02
8.974998351139587549e-03
6.047843302065031637e-03
7.431587773373508378e-03
1.154229814919515221e-02
1.836219873911786038e-02
2.500028143257299051e-02
-3.579570797789514286e-02
-2.751775126121199233e-01
-4.676295702269633314e-01
-4.744742989207770822e-01
-4.473232626057715433e-01
-4.069742894257337706e-01
-3.661439467730516206e-01
-3.573853414476598767e-01
-3.487116638347180775e-01
-3.156850312221868293e-01
-2.577263024548996362e-01
-1.848333187161342872e-01
-1.167402034333032551e-01
-8.687684518441739223e-02
-8.709780470703236410e-02
-8.043423145618130987e-02
-5.946607835230242889e-02
-3.062883404873576951e-02
-4.276918477530391310e-03
-1.022887515180730816e-02
-1.118845523798417396e-01
-1.964438098304923108e-01
-1.807230403121443951e-01
-1.334524132685282749e-01
-9.053597992270018269e-02
-6.088608887069493769e-02
-3.016935231290819239e-02
2.107968903272108147e-03
2.884458769306432954e-02
2.551226589310946410e-02
-5.579274061277787050e-03
-1.425315427128803769e-02
1.007099670837013558e-02
4.478561870794904587e-02
7.943709108742988412e-02
1.117027089573577325e-01
1.368692323660588850e-01
1.430849776536899931e-01
1.379088490973970071e-01
1.400643935851702548e-01
1.495645354720310238e-01
1.563221659524222096e-01
1.599870459906345688e-01
1.674512230965968240e-01
1.794223082936762526e-01
1.856792064220322835e-01
1.785608899845611275e-01
1.740342966531200630e-01
1.770186546002469885e-01
1.741916848942995089e-01
1.687802607854850534e-01
1.707455443587478916e-01
1.784790312263404566e-01
1.923260626741175039e-01
2.105567476625780088e-01
2.235687458083392976e-01
2.339927211040389310e-01
2.452224029684101358e-01
2.554580574070053345e-01
2.602469736724170590e-01
2.583465040736662721e-01
2.577796435040413670e-01
2.615098801898440573e-01
2.663785124245271474e-01
2.744314189516768865e-01
2.874286838609975137e-01
2.978378118979579381e-01
3.031066495807590577e-01
3.040780879207321541e-01
3.001517108895299657e-01
2.956234781291360303e-01
2.903108318030276913e-01
2.881540071160085259e-01
2.948524230060574625e-01
3.085435416493186311e-01
3.286654932601009715e-01
3.479224520446856372e-01
3.544835033207509589e-01
3.428252169120861170e-01
3.185494329694298354e-01
2.473542212858376999e-01
1.119795200678797564e-01
1.471127084615179992e-02
6.804523460738958959e-03
4.215507734477590140e-02
6.845488352711168178e-02
6.631462293619609649e-02
8.228788398001907201e-02
1.355338508200697734e-01
1.968217177230711934e-01
2.431764469430525433e-01
2.681971305795714522e-01
2.591884357743768907e-01
2.558699956051355140e-01
2.933986012239528374e-01
3.420136305273683841e-01
3.864148400303996644e-01
4.315536000094213898e-01
4.747240982266254239e-01
4.401777680948149585e-01
3.211912286804958772e-01
2.647532998585499509e-01
3.035108917761205061e-01
3.572240979177323528e-01
4.068865758770939256e-01
4.621096649386162714e-01
5.216213866832017931e-01
5.747018006034616544e-01
5.495445649397343590e-01
3.770455803493244495e-01
2.584922322872375000e-01
2.983999373806575650e-01
3.815856705548925087e-01
4.645073831829480415e-01
5.378294206680112044e-01
6.064496301990276450e-01
6.718822228467671298e-01
7.202254037041050383e-01
7.517567159103477614e-01
7.750604194950134751e-01
7.872469560986817827e-01
7.943683230611251478e-01
7.982517288309908254e-01
7.976117599221161925e-01
7.996192064907006181e-01
8.105820097999918428e-01
8.292299906984402780e-01
8.539069953569199400e-01
8.817229444949197248e-01
9.098991969505595412e-01
9.448413146159457821e-01
9.824939047718557195e-01
1.016927572488212306e+00
1.047430359228344710e+00
1.073332443466773034e+00
1.097254815113757775e+00
1.121273186251739773e+00
1.147313535266770046e+00
1.175490492263259634e+00
1.205300263990398690e+00
1.235487644175653044e+00
1.264239684187911550e+00
1.290185933879938185e+00
1.312895085356527103e+00
1.332918664068604819e+00
1.351687181032791951e+00
1.369867193544358930e+00
1.387672002858429066e+00
1.406107967878822640e+00
1.426104607111166489e+00
1.448906866973842078e+00
1.475714670256396355e+00
1.504459363956001328e+00
1.533581741860092329e+00
1.561638700839373506e+00
1.588009223524975422e+00
1.612553735090940910e+00
1.634501317779349039e+00
1.654745071247283761e+00
1.674712372965564633e+00
1.695648126208064710e+00
1.718225516369930705e+00
1.743835967719168378e+00
1.772287971444408416e+00
1.802441059498198994e+00
1.832587978607327583e+00
1.859981614620995538e+00
1.883261109134292566e+00
1.903431749744150636e+00
1.921885774160234428e+00
1.939289188149380116e+00
1.956939259979896706e+00
1.976452679243804189e+00
1.998463330624625778e+00
2.021171403716299331e+00
2.043259779876051674e+00
2.064931306084522245e+00
2.084786906544835450e+00
2.102029112947421563e+00
2.117491028068029912e+00
2.132269128479409748e+00
2.147178904798684673e+00
2.162771414967167072e+00
2.180521603933739172e+00
2.200853147180148461e+00
2.222314794758195156e+00
2.242897660526234738e+00
2.261170949017630605e+00
2.276775118322889924e+00
2.290633696210367720e+00
2.303829370623134754e+00
2.316364639649231894e+00
2.328524332108717676e+00
2.340654514766197014e+00
2.353309982139093037e+00
2.367523285367941543e+00
2.383514206589861129e+00
2.400548774795415063e+00
2.417337528998761531e+00
2.433082494579291488e+00
2.447058340387665343e+00
2.459341792699906382e+00
2.469798870615747877e+00
2.478557283864037064e+00
2.487054976263667339e+00
2.495985409861213977e+00
2.506143525022580310e+00
2.518546160314489413e+00
2.532553219035259762e+00
2.547503477812474326e+00
2.561314725011671456e+00
2.571632044656065208e+00
2.578902704263667633e+00
2.583877565208119176e+00
2.587658027446856579e+00
2.591196705287679869e+00
2.595434843157090388e+00
2.601684105886933107e+00
