1.326394194599276460e-02
2.417820687890025536e-02
7.166184534998062960e-02
5.607703967528625960e-02
5.941742206449678043e-02
-1.282279630921759513e-02
-9.001044840443502837e-01
-1.313656430290351507e+00
-4.428957402018472433e-01
2.535149756700962043e-02
1.860785404374945551e-01
2.083065214132992504e-01
-1.050577938131954797e-01
-1.681319961917722081e-02
7.549829285366289888e-02
1.371948919985357118e-01
1.407993440300582821e-01
1.400143774957217924e-01
1.308778443884673903e-01
1.293057710224892465e-01
1.050559283837979030e-01
1.511001167751532814e-01
1.318824661339508264e-01
8.794955458288976347e-02
9.815391810338615353e-02
1.018911144237609062e-01
-3.079381510639875308e-02
-1.534828708282821299e-03
4.380176510511818444e-02
6.919863369278651810e-02
9.840073291229471664e-02
1.271834039180111398e-01
1.122518985092774285e-01
-9.937215539476361714e-01
-3.124258712713835262e+00
-9.436239102337470319e-01
-2.466705228370017211e-01
-2.819877449975199402e-01
8.478048611983142469e-02
-1.140285520031287247e-01
-3.510212897952308952e-01
-9.927844018828535511e-02
1.069547053653986252e-01
4.222313287329028664e-01
5.305750377226435832e-01
5.244832086924577919e-01
3.784956258717504796e-02
3.659333292052598108e-02
1.428781862312936413e-01
2.977657160171998108e-01
3.343320279678223539e-01
3.163396970278677389e-01
-1.603206765907483067e-01
-1.354308245339556072e+00
-2.174662458116393415e-01
2.372923077060665742e-01
4.060103085697077674e-01
3.121336209850655297e-01
2.811612243972319569e-01
3.881909700862143375e-01
3.903959009954318660e-01
3.628262182036992023e-01
-6.951824248161202202e-02
-1.539552359879141352e-01
2.106368498267475742e-01
3.897808706616718299e-01
4.589123094230317945e-01
4.859225894308435989e-01
4.981516644658300907e-01
4.094489590279316027e-01
2.124871148775845930e-01
1.905104410521360203e-01
2.907411527653107619e-01
3.399053369126833202e-01
2.738935240267966753e-01
2.848627361821517989e-01
3.437586647952287078e-01
3.881385047994224125e-01
2.806935409165035589e-01
1.726954996123756247e-01
2.919924590236015471e-01
2.594411761163204488e-01
1.602035508455024737e-01
1.940700466400398505e-01
2.948436975694401774e-01
3.257226681741185459e-01
4.358062952211319563e-01
4.557745600718801082e-01
3.765245100838764958e-01
4.271368587167451158e-01
4.353592032162868497e-01
4.431143066261151731e-01
3.669823475592267070e-01
3.289657752219696252e-01
3.658424558114389824e-01
3.635002158480666323e-01
3.591222632656541625e-01
4.368483942508847306e-01
4.885190454562413631e-01
4.167406478131290837e-01
4.175940559299544663e-01
3.637262521790902148e-01
3.306122419338750063e-01
3.461224623993734428e-01
3.089404888859937359e-01
3.941327364878354778e-01
4.845746816924291767e-01
5.551844090363406981e-01
6.252798992192325489e-01
5.841022240350056682e-01
4.608058214786923679e-01
2.913801679060161187e-01
2.027221773215355793e-01
-5.528408168539801215e-01
-1.099577656789001434e+00
-2.730238342395125972e-01
2.683409922285268645e-01
5.136139432201836108e-01
2.520331048697513898e-01
9.754472816465317719e-02
5.665841537075700929e-01
8.200786832038272633e-01
8.656221465185108821e-01
7.278875242879854213e-01
5.833328597791006542e-01
1.681782953646839551e-01
6.148445356479880219e-01
8.872248633759881598e-01
8.995293725859748735e-01
9.212936976974540615e-01
9.999928048175538153e-01
9.624606837848234120e-01
-2.320336876076636301e-01
-6.797625426573264962e-01
4.664448434761016560e-01
8.916189568959296263e-01
8.508991652955860685e-01
9.578502456365451945e-01
1.073270934054301629e+00
1.150148751735911246e+00
1.094985025905760745e+00
-3.021049921198862981e-02
-1.585594163153625447e+00
2.718852530321647643e-01
9.787251474577145505e-01
1.158600755236188995e+00
1.158932512704012430e+00
1.232112237245045927e+00
1.279941059146916915e+00
1.260894119417866222e+00
1.064444817202501392e+00
1.042656241492303293e+00
1.000897311331109041e+00
9.193777087770499401e-01
9.239458443189626502e-01
8.681113660896059292e-01
8.520030901499343612e-01
8.828018035723720347e-01
9.614970881852830109e-01
9.935416743808392903e-01
1.071109626629316525e+00
1.092924138758618380e+00
1.136188707970078760e+00
1.242544518909259210e+00
1.234408702777853861e+00
1.229196514751060620e+00
1.248639413190554048e+00
1.279760821827873762e+00
1.278092386441809669e+00
1.296907232096251583e+00
