-2.246416997318718706e-03
-5.263366258722015391e-03
-3.583601321527315683e-03
2.961848509637696192e-04
2.830642505351148048e-03
9.411280202464326287e-04
-6.021644042705064787e-02
-1.995270712790052081e-01
-3.066832931048570909e-01
-3.294371526172966691e-01
-3.123728305641567671e-01
-2.833336384164278909e-01
-2.719785932578405729e-01
-2.732676906140970030e-01
-2.628604384405267003e-01
-2.434520217585685320e-01
-2.204823478021326610e-01
-1.978490348707697688e-01
-1.770759890384150659e-01
-1.575707727175540696e-01
-1.402664954275887332e-01
-1.221133985381919196e-01
-1.026644924331335668e-01
-8.834467441474842808e-02
-7.741463876902435204e-02
-6.601551731242566445e-02
-6.318296638887493932e-02
-6.725830752956804548e-02
-6.715112865669278785e-02
-6.346998802000194950e-02
-5.737861778469523222e-02
-4.829837907201550706e-02
-3.880787885557775152e-02
-9.954291289560118772e-02
-3.590377051312966250e-01
-6.058494293000732389e-01
-6.721971161202681122e-01
-6.954969941387731946e-01
-6.964832938918393834e-01
-6.862593060979097492e-01
-7.015240318045856682e-01
-7.139720408454119926e-01
-6.965683647160262337e-01
-6.462800114402832419e-01
-5.711926018186077592e-01
-4.916302588084141001e-01
-4.442839339276469235e-01
-4.280815566077461054e-01
-4.070747144798881889e-01
-3.722508608022710996e-01
-3.282376236063251351e-01
-2.848489663466610144e-01
-2.739582572850461917e-01
-3.679163888260966186e-01
-4.626910476365717062e-01
-4.603532285764145304e-01
-4.208433649599281900e-01
-3.794204018111727028e-01
-3.468617793829791296e-01
-3.095763318672413167e-01
-2.677411738944730502e-01
-2.287777879034435524e-01
-2.191224653074537176e-01
-2.423089145748184570e-01
-2.472727404435076937e-01
-2.173948962042188959e-01
-1.738165074415751743e-01
-1.275207518361762826e-01
-8.073764423077886554e-02
-3.736063132552039368e-02
-1.226276022012938102e-02
-2.818347440090452488e-04
1.803377579531873637e-02
4.153600764531363565e-02
6.120233720225438934e-02
7.717530438860313591e-02
9.594255353084968352e-02
1.184709981806948004e-01
1.348699476675021547e-01
1.357749914171570704e-01
1.368552501910048069e-01
1.467816546670771827e-01
1.523868607943365261e-01
1.540710833054398099e-01
1.606664451940224281e-01
1.717315668378048832e-01
1.885158650166791905e-01
2.103104838882947913e-01
2.291115845034926712e-01
2.461237811515090967e-01
2.630468971464337002e-01
2.786305149521882685e-01
2.885311662822376277e-01
2.907771119731014098e-01
2.937334324875525704e-01
3.026030265911532902e-01
3.144347426112095167e-01
3.286740122346806237e-01
3.469469321804216633e-01
3.639483088673867162e-01
3.757514341465715280e-01
3.819233723505942590e-01
3.818605099047200913e-01
3.791458816186276115e-01
3.741234996769862153e-01
3.702824809181813337e-01
3.736211597998418954e-01
3.837458326399751374e-01
4.024831423554883214e-01
4.231640692504933243e-01
4.314770728927779797e-01
4.193879147606645041e-01
3.911569059129819670e-01
3.091538966552453416e-01
1.479259539679453617e-01
8.940158022652244796e-03
-4.379880965185594527e-02
-4.688537201984530056e-02
-5.095808580570627272e-02
-7.975987914003793144e-02
-8.922188206663357601e-02
-5.485989104651188553e-02
-3.551432576132787511e-03
4.000213324557399391e-02
6.741669998485122495e-02
6.266136982157242963e-02
6.019516340906395924e-02
9.976296267782494565e-02
1.562674509466838446e-01
2.135230298402229498e-01
2.758598168386048322e-01
3.414124136419633970e-01
3.288477039287827641e-01
2.181678343168799161e-01
1.558342634133197957e-01
1.888107816702124797e-01
2.443773216563158990e-01
3.018356449410123377e-01
3.704405980091103334e-01
4.501538426005667892e-01
5.290809811339083346e-01
5.278900254923023505e-01
3.642737658363122133e-01
2.315477113419111554e-01
2.543155429109889010e-01
3.321620624315788639e-01
4.244225068031408088e-01
5.144566769686952368e-01
6.054382809568565893e-01
7.038949759223279701e-01
7.935316168362264166e-01
8.677257393268175134e-01
9.306443127285036754e-01
9.776308900844723482e-01
1.016004634804452911e+00
1.047594869607456625e+00
1.070202600215773403e+00
1.092900196625227194e+00
1.125079028935565661e+00
1.167478869893480597e+00
1.217372421055913589e+00
1.271644447513442966e+00
1.327071634422201996e+00
1.391700553416721275e+00
1.462489291364782229e+00
1.532052012729631763e+00
1.603220169170605836e+00
1.675926672989313415e+00
1.747439086970331346e+00
1.816502195353487448e+00
