-6.744979359466369553e-04
-9.000452353094465490e-04
2.781885482223756152e-03
7.719858961549002328e-03
1.105017776920151802e-02
9.823674695546256996e-03
-4.759987244527555394e-02
-1.694039955940797038e-01
-2.446530738756366175e-01
-2.351113411426407618e-01
-1.935961533958210079e-01
-1.493011024252305363e-01
-1.295435258405722156e-01
-1.246083222671662133e-01
-1.101812281988675951e-01
-8.953855320481075852e-02
-6.842885340000255667e-02
-5.017662198883443558e-02
-3.525464279498558701e-02
-2.276896256466637986e-02
-1.323151323232085556e-02
-3.210515146943076353e-03
7.310977523764644256e-03
1.282935129545077768e-02
1.587038501560897666e-02
1.975934766717417704e-02
1.579598440924819686e-02
7.130197761933266057e-03
4.188162105499384016e-03
5.565845209200686108e-03
9.657948899870490156e-03
1.643379089345893551e-02
2.300012976226382261e-02
-3.773242501541734795e-02
-2.761770100493265989e-01
-4.663826665523396198e-01
-4.711657170078200618e-01
-4.426939998332377613e-01
-4.016468993890980888e-01
-3.606822674315569577e-01
-3.520685348725458019e-01
-3.436208246236616137e-01
-3.109947261269209173e-01
-2.537023663064050805e-01
-1.818037943954759483e-01
-1.149548065964647037e-01
-8.639095220914556894e-02
-8.767279067575689533e-02
-8.184891000271048156e-02
-6.162195155640086408e-02
-3.352269847226503618e-02
-7.909079655416460103e-03
-1.450524303244395477e-02
-1.163435416935996308e-01
-2.003426689968768881e-01
-1.840978859552226399e-01
-1.366936938764536924e-01
-9.400322754712786555e-02
-6.476113768924857128e-02
-3.454437954480255035e-02
-2.852536109561036592e-03
2.326229246878915372e-02
1.937724393133015421e-02
-1.198776100618641899e-02
-2.071720138631832908e-02
3.498051791628441903e-03
3.794460858260820246e-02
7.219248559095195472e-02
1.039710190869861661e-01
1.286212433751048045e-01
1.343841201751080905e-01
1.289205353334789417e-01
1.309136817455200941e-01
1.402910310689762796e-01
1.469446935393127485e-01
1.505502731573856445e-01
1.579846444272673400e-01
1.699202453246317079e-01
1.761381663331334779e-01
1.690490329770533706e-01
1.646483056611599549e-01
1.677732710614556200e-01
1.650998695678694839e-01
1.598890175082264276e-01
1.620683516877038932e-01
1.699784585574102835e-01
1.839477509657314880e-01
2.022204853217134390e-01
2.152235480257136679e-01
2.256382433712396107e-01
2.368567149024856378e-01
2.470867228055258213e-01
2.518915198166154501e-01
2.500706329695204788e-01
2.496482389367669363e-01
2.535474720353975142e-01
2.585879372071652749e-01
2.668077766606157253e-01
2.799395960618920598e-01
2.904510055365492893e-01
2.958337400695349451e-01
2.969531592302814271e-01
2.932323640052930669e-01
2.889707593856317147e-01
2.839674882806291212e-01
2.821531298085074857e-01
2.891730170671732991e-01
3.031215789510408043e-01
3.234164802151972551e-01
3.427623306755259724e-01
3.494002338752341119e-01
3.379108010082940705e-01
3.139733713305226104e-01
2.433786070306516169e-01
1.091910786460170424e-01
1.365232481577835499e-02
7.348073223625128068e-03
4.380081595307142722e-02
7.072360419014744881e-02
6.900970056906091665e-02
8.531436268638943610e-02
1.385960793890960441e-01
1.995731686710682240e-01
2.454006838911431954e-01
2.698665363441258291e-01
2.604448228308001156e-01
2.569699466921181452e-01
2.943202980881595709e-01
3.425890693636129414e-01
3.865287165654907042e-01
4.311438399702814950e-01
4.737487367021635531e-01
4.388079047647002739e-01
3.201786339530307002e-01
2.647246374311935102e-01
3.042831469112443621e-01
3.583610826013246542e-01
4.080805261272478224e-01
4.631261793408121274e-01
5.222631483584222467e-01
5.748365133242642200e-01
5.493001022990579019e-01
3.772725840115810358e-01
2.602793852857785417e-01
3.015673158487676142e-01
3.854519636448757169e-01
4.684720927236065702e-01
5.415046053577672325e-01
6.096053678556699884e-01
6.743816548390477728e-01
7.220350912792561360e-01
7.529936124124301244e-01
7.758836940138632565e-01
7.878448886624634939e-01
7.949439253921748438e-01
7.989745735380249236e-01
7.986426716063452780e-01
8.010864164849434976e-01
8.125436386483215756e-01
8.316759215971847308e-01
8.567962873981477268e-01
8.849972436380912910e-01
9.135156653637361845e-01
9.487563816505315550e-01
9.866395281908291182e-01
1.021275740298737134e+00
1.051985199426806794e+00
1.078136226228681993e+00
1.102364723809617031e+00
1.126744614237108699e+00
1.153186815922303099e+00
1.181788496142082145e+00
1.212036073270843728e+00
1.242671234765702071e+00
1.271890004563028587e+00
1.298337606729078164e+00
1.321600304675987658e+00
1.342240721620830968e+00
1.361691490994417553e+00
1.380611736360178421e+00
1.399208683474184367e+00
1.418479151106938785e+00
1.439339564945038674e+00
1.463018992924165484e+00
1.490697735513648370e+00
1.520293804064023702e+00
1.550255748293167590e+00
1.579149636641460352e+00
1.606373678252294823e+00
1.631798628912285221e+00
1.654668238113164103e+00
1.675883715057528311e+00
1.696871306019333003e+00
1.718865593897492605e+00
1.742526941868476120e+00
1.769231724524551463e+00
1.798771281346426942e+00
1.830000507684213629e+00
1.861215234871367086e+00
1.889686587600939660e+00
1.914079968270072873e+00
1.935420707651809069e+00
1.955105544553247032e+00
1.973798201050786627e+00
1.992788171584660262e+00
2.013676548053105808e+00
2.037078327582980464e+00
2.061183079140160412e+00
2.084679117478246635e+00
2.107774135067453702e+00
2.129075493532473384e+00
2.147799997258957205e+00
2.164788709831418245e+00
2.181137958940519983e+00
2.197656214259175123e+00
2.214885807138076146e+00
2.234289348739119774e+00
2.256273512499529232e+00
2.279379650023344972e+00
2.301604370112251274e+00
2.321532489409400934e+00
2.338820576748484203e+00
2.354402450066583885e+00
2.369360128557340239e+00
2.383692549145865591e+00
2.397681779408389335e+00
2.411668531692565232e+00
2.426201943912784209e+00
2.442304579719811297e+00
2.460184749181178798e+00
2.479102289582541196e+00
2.497769737109479582e+00
2.515397936632473908e+00
2.531271348915281383e+00
2.545477508046736670e+00
2.557887565060388724e+00
2.568635666017677011e+00
2.579157446538069998e+00
2.590137526145910751e+00
2.602360951240387354e+00
2.616830652483657538e+00
2.632894698125666899e+00
2.649889834697015445e+00
2.665737512403001386e+00
2.678103603868438487e+00
2.687454730106432876e+00
2.694550291150966448e+00
2.700493268709905248e+00
2.706228937459025818e+00
2.712688899142257082e+00
2.721169358553690465e+00
