1.266678704436611722e-02
2.211721630732905661e-02
6.593215895988421837e-02
4.641789750615342436e-02
4.727218451003978306e-02
-2.371109611289546129e-02
-8.672433632630027756e-01
-1.194259129116382656e+00
-2.813400536459766954e-01
1.630832267957131598e-01
2.800904700874348174e-01
2.620280346630192714e-01
-6.844865326743165834e-02
1.529628973995683650e-02
9.656491868130639977e-02
1.435199166509013857e-01
1.334321120031411734e-01
1.222426441938200409e-01
1.057302775810176482e-01
9.905424960283229496e-02
7.213500651107615513e-02
1.150733691240392598e-01
9.258694382289800462e-02
4.895317913492409218e-02
6.067908581165160770e-02
6.501099647526330239e-02
-6.137969878014571529e-02
-2.344819070359559221e-02
2.522949625592215556e-02
5.021763323785891769e-02
7.680580307983031485e-02
1.011856507479308859e-01
8.249256144550778935e-02
-9.759127639964011447e-01
-2.931100077148986571e+00
-6.327312495338386356e-01
3.517474782612095563e-02
-4.807458434687539306e-02
2.673814292069052745e-01
2.433816346158734767e-02
-2.274961514279461583e-01
1.103060907268982316e-02
1.880361760535706195e-01
4.589425627208494340e-01
5.165608405647156287e-01
4.683106737766072891e-01
-2.786079282167631260e-02
-1.699236128137880317e-02
9.370831781328230192e-02
2.407767231636143979e-01
2.637320549754686438e-01
2.349055196763256137e-01
-2.276906514304620210e-01
-1.338491039966260399e+00
-1.431271631993699667e-01
2.902722036175717224e-01
4.173450119313660278e-01
2.896969650395309070e-01
2.384288473357364102e-01
3.266168077064466324e-01
3.103567632478454463e-01
2.700940492714285490e-01
-1.511951663399294099e-01
-2.064025903380502514e-01
1.671281739257594046e-01
3.305657234750717377e-01
3.777305558222774362e-01
3.843154747536362548e-01
3.796183196163219753e-01
2.817590150796761561e-01
9.034902138565850671e-02
8.138203432755305999e-02
1.878173738650437408e-01
2.355384645603220972e-01
1.695316639125457603e-01
1.826757228946996880e-01
2.401815903949663378e-01
2.792519911195910920e-01
1.709601564328706302e-01
7.149067637121361840e-02
1.961537869254036670e-01
1.644513190657382884e-01
7.165929481233504483e-02
1.128181772730202648e-01
2.132512761227668141e-01
2.385531610480400577e-01
3.383161065425289160e-01
3.453315320493159923e-01
2.591794959326034764e-01
3.055157984055680287e-01
3.082228516512558469e-01
3.112276781684615856e-01
2.347188412020215220e-01
2.012110433719428992e-01
2.413934997135804283e-01
2.402597377694773439e-01
2.371513787294827758e-01
3.125763559679867742e-01
3.571930993438207635e-01
2.813753179660549719e-01
2.820622826614033185e-01
2.305387363608084050e-01
2.028821433574148347e-01
2.231806406052952441e-01
1.907338784551649846e-01
2.771891680615868880e-01
3.612146695348840142e-01
4.203196343112751143e-01
4.758946522646162469e-01
4.229657973217266775e-01
2.980974353462561566e-01
1.400771060443324334e-01
7.076597026150927006e-02
-6.326495346406644238e-01
-1.085669279003544929e+00
-2.042458724285280691e-01
3.213656402741938423e-01
5.223482053021073490e-01
2.295380851031355862e-01
6.884883901572885767e-02
5.182220310553501408e-01
7.270237980435630964e-01
7.269409644010293992e-01
5.593627696055112342e-01
4.043966181654958802e-01
5.908000957119130536e-03
4.614832259456566055e-01
7.107616041745030699e-01
6.944820468602928010e-01
6.933935355504432518e-01
7.506280178145691151e-01
6.956734989798100122e-01
-4.565169346851491450e-01
-8.049848437354132358e-01
3.820431275342528465e-01
7.735954862269802668e-01
6.927012115292383587e-01
7.663113994277828134e-01
8.473412769890609209e-01
8.904587808240539415e-01
8.094941707152000232e-01
-2.821137526077244218e-01
-1.697645733787119138e+00
2.428833442919897667e-01
9.070864148062413035e-01
1.018930521868513406e+00
9.610463831603037743e-01
9.872347865267736555e-01
9.948095614319839575e-01
9.446115550401783523e-01
7.345039136639393007e-01
7.113642126764879725e-01
6.715194684426579741e-01
5.969480808625398094e-01
6.099416222825221334e-01
5.629607441083943620e-01
5.566189743336866780e-01
5.941858100653899522e-01
6.733818921483719633e-01
7.014216518720211013e-01
7.713891741235627819e-01
7.836157371546125239e-01
8.170374819874894889e-01
9.096772929925026618e-01
8.875836249954780488e-01
8.726270471360143555e-01
8.842757574887670780e-01
9.075757976857763420e-01
8.990853595158991851e-01
9.122061115350995619e-01
