7.551588762563628482e-04
2.602888974720410538e-03
7.254239796120734440e-03
1.226998654101770989e-02
1.559055565180174005e-02
1.433012649508206074e-02
-4.050371844813382971e-02
-1.491920063539823316e-01
-2.029467081454260913e-01
-1.763069622103661527e-01
-1.268733993025700779e-01
-8.239927265920002353e-02
-6.647403310820730604e-02
-6.495962366899069029e-02
-5.397150762657632050e-02
-3.739176865042949383e-02
-2.126904875636605879e-02
-8.401241581933812166e-03
1.488081213613287254e-03
9.236657111247282767e-03
1.447916135258546511e-02
2.069796313293394835e-02
2.736472898044272836e-02
2.971000339122884318e-02
3.063908303563963806e-02
3.272618456380163576e-02
2.750949797627715715e-02
1.919277760201167776e-02
1.729035494948646598e-02
1.969830758540817156e-02
2.453719415931224571e-02
3.140278187122415299e-02
3.735263030363154130e-02
-2.158044618279461591e-02
-2.417508763615657807e-01
-3.899582316303901175e-01
-3.586409168362218458e-01
-3.086174552216385814e-01
-2.562999334380699490e-01
-2.130024442203378721e-01
-2.053196159299892354e-01
-1.976221227350231091e-01
-1.681120825431147436e-01
-1.179867527479949163e-01
-5.815921869818549417e-02
-6.970119426663735906e-03
5.499052226209747915e-03
-6.859108695884675450e-03
-8.024848705736066165e-03
6.778138166219731947e-03
2.902036921260586766e-02
4.795074632112375501e-02
3.571848060408615300e-02
-6.350115809392004040e-02
-1.316532052834132049e-01
-1.017388755508880499e-01
-4.881065630977916847e-02
-6.818082727284867361e-03
1.855011329241568543e-02
4.302151202963173937e-02
6.797449152451050247e-02
8.665081864676334178e-02
7.627986937549226243e-02
4.383269633600561654e-02
3.706103602123662910e-02
6.060593163717323262e-02
9.143440651646718431e-02
1.202852634521521941e-01
1.451436719790558105e-01
1.608350459685853329e-01
1.586556418595345685e-01
1.476103857452630008e-01
1.452026473410746865e-01
1.520736355403700946e-01
1.566949818104761416e-01
1.583139846451110944e-01
1.641733565403227790e-01
1.747057990737259647e-01
1.794159091823895880e-01
1.722758759498411729e-01
1.690761539899394150e-01
1.712310507905783763e-01
1.660065828765799056e-01
1.594812766724398312e-01
1.622360596243486719e-01
1.711984115114589533e-01
1.859471510294916086e-01
2.039954314918532574e-01
2.146467509304257060e-01
2.224358294769878397e-01
2.321490527618577659e-01
2.412090447973028740e-01
2.450238626393651808e-01
2.429279600709871589e-01
2.424548480288871710e-01
2.445278836743268458e-01
2.463695148474123187e-01
2.525705269304111544e-01
2.646045335248785046e-01
2.727694545720244501e-01
2.761759502934604260e-01
2.765138522584527636e-01
2.729705777959295920e-01
2.702074193625312870e-01
2.673036029189788665e-01
2.685547843823608005e-01
2.792093741940195328e-01
2.960938040925087944e-01
3.168288791452533171e-01
3.343471345347698298e-01
3.395201201838293770e-01
3.288493354907477961e-01
3.084641546254378586e-01
2.464479827891006003e-01
1.314639952342580853e-01
6.393036115040039158e-02
8.213663810310761759e-02
1.334310367710417333e-01
1.670584810366787520e-01
1.696332289007236593e-01
1.903126443750262076e-01
2.433490319672998448e-01
2.987231868489137465e-01
3.360228957285641971e-01
3.509979785578055678e-01
3.337218545813269155e-01
3.276947921190295210e-01
3.622627547498082357e-01
4.037465411389698500e-01
4.385465727358955901e-01
4.724767835710578234e-01
5.022320758674247987e-01
4.574420502594461757e-01
3.417687998003103300e-01
2.990992435680304706e-01
3.471983527336564568e-01
4.010813435997749865e-01
4.457316103324726053e-01
4.921597266493651368e-01
5.388103657296332560e-01
5.767865246131813617e-01
5.412542784952504293e-01
3.730628269929132657e-01
2.767085267143660765e-01
3.348288559825475796e-01
4.213301668496568508e-01
4.944189775501879880e-01
5.543275122128890064e-01
6.076282267946280236e-01
6.516535887939037819e-01
6.758096106359805511e-01
6.864332660349795612e-01
6.942636427790064291e-01
6.964465622161031266e-01
6.970148841300142228e-01
6.968521330067384278e-01
6.951091449474258166e-01
6.965438528035379218e-01
7.051784284356695798e-01
7.188106915303971167e-01
7.364952904655734933e-01
7.563969256914178096e-01
7.765721056721394122e-01
8.017588111554276864e-01
8.274659446852224987e-01
8.482675208065673100e-01
8.670888905436293648e-01
8.863666053709172710e-01
9.047251511222872411e-01
9.219648841901345593e-01
