-2.809620097590552312e+00
-2.806169967247690522e+00
-2.803242439185874790e+00
-2.799690335124660923e+00
-2.795639190279358033e+00
-2.788630190333737602e+00
-2.838523827606570293e+00
-2.813121007804920026e+00
-2.806418555806675208e+00
-2.797667322846105087e+00
-2.782314361953511117e+00
-2.751379185650487447e+00
-2.722876397361874368e+00
-2.713435240574798790e+00
-2.673697882216724331e+00
-2.518930369056226581e+00
-1.350069246139361567e+01
-3.150168345653039825e+00
-2.993948155794447619e+00
-2.940024230220343426e+00
-2.913428337553519043e+00
-2.891584559883495498e+00
-2.874370058919155202e+00
-2.863841629287037449e+00
-2.854819219947501985e+00
-2.845764803602373938e+00
-2.840895710566283761e+00
-2.837630130101167936e+00
-2.831014266115837508e+00
-2.822882543477616135e+00
-2.815068581397113689e+00
-2.808148347340400086e+00
-2.801880415061234864e+00
-2.741052046371480699e+00
-2.814891671940559448e+00
-2.807631367640758935e+00
-2.799699170746182908e+00
-2.789725482195486883e+00
-2.776043344926947043e+00
-2.758547089552161324e+00
-2.748698560960256998e+00
-2.737842897679730214e+00
-2.710792854996828538e+00
-2.621465188766440413e+00
1.282285571130476587e+00
-3.057495660857244335e+00
-2.998739141643659067e+00
-3.032315724411414060e+00
-3.022115989815698178e+00
-2.961799750375935680e+00
-2.914746364730556039e+00
-2.888803524133775280e+00
-2.888291840783693054e+00
-3.815235356837240133e+00
-2.677017017864270265e+00
-2.462210624273023729e+00
-3.042359720369450571e+00
-2.903898196290466860e+00
-2.873029577001986468e+00
-2.854485543542491843e+00
-2.840689322007549755e+00
-2.830686038957167305e+00
-2.824207440403348812e+00
-2.818956939357121882e+00
-2.812261508417357003e+00
-2.805798275982211543e+00
-2.800413679479509810e+00
-2.795547355547936874e+00
-2.790761348487013294e+00
-2.785213263015149376e+00
-2.777973755364482766e+00
-2.769255049504472765e+00
-2.761519034891263935e+00
-2.756375693815146910e+00
-2.751069204296108683e+00
-2.744994665944632928e+00
-2.740231377298146143e+00
-2.737084215131442289e+00
-2.732493730390854303e+00
-2.724878025502948553e+00
-2.718330824322470640e+00
-2.712134019914119065e+00
-2.702062613591964535e+00
-2.691537450302686096e+00
-2.686709194057099737e+00
-2.685881787558346723e+00
-2.687892803553601162e+00
-2.690776640257676711e+00
-2.689357983103707994e+00
-2.686624103687726084e+00
-2.685347524447895484e+00
-2.683900329704943744e+00
-2.680508649598584370e+00
-2.674913482186059177e+00
-2.669431666911667556e+00
-2.663468056732284595e+00
-2.656537577806524109e+00
-2.652606769227742411e+00
-2.652321853006460728e+00
-2.649892902877616141e+00
-2.645801549381601614e+00
-2.641043325080549842e+00
-2.634783035189277811e+00
-2.629216181304763644e+00
-2.623637484337820958e+00
-2.620457953576361021e+00
-2.622279293420350044e+00
-2.626576367749918539e+00
-2.630780198533005709e+00
-2.632588423319488946e+00
-2.630242377348653626e+00
-2.622832870250703330e+00
-2.611562426366031087e+00
-2.581292965409863527e+00
-2.504297097147332174e+00
-2.435131272118437273e+00
-2.460648301455306441e+00
-2.510132564129941901e+00
-2.533932701733434989e+00
-2.534084151170334920e+00
-2.546167837678054102e+00
-2.572322193780437694e+00
-2.593111077943202947e+00
-2.603286431313665439e+00
-2.603960018716385605e+00
-2.592885448484920641e+00
-2.586214680105432429e+00
-2.594127429521971173e+00
-2.602457319099010569e+00
-2.607537411686152495e+00
-2.611440192593978971e+00
-2.613105180356189550e+00
-2.595390286800039359e+00
-2.550162853758692894e+00
-2.525666194047169189e+00
-2.541897106596855416e+00
-2.557360533600743224e+00
-2.567616582943816894e+00
-2.577008870859738288e+00
-2.584628539058612784e+00
-2.588925097235795558e+00
-2.574955479532291758e+00
-2.511052506350026192e+00
-2.455235098017593209e+00
-2.483029025748111351e+00
-2.516486188627705900e+00
-2.536447122561904965e+00
-2.550620548710275770e+00
-2.561526532733380268e+00
-2.566370708643550991e+00
-2.564504836602991666e+00
-2.559759123449323770e+00
-2.555891674886785037e+00
-2.551920675562350027e+00
-2.547665266835783537e+00
-2.543341933874550875e+00
-2.539009420839807074e+00
-2.535017931915914957e+00
-2.531839127118153510e+00
-2.528949489639731318e+00
-2.527026251814359803e+00
-2.526006086987668375e+00
-2.525514220655936448e+00
-2.525865369175356534e+00
-2.525912600896043969e+00
-2.524424012957692920e+00
-2.522062890511568956e+00
-2.519997691337981127e+00
-2.518100716850706799e+00
-2.516304910847391607e+00
