-2.230995993407330295e-03
-5.170853736073103071e-03
-3.406483044125161938e-03
4.763061375757794529e-04
2.952431156263077283e-03
9.952331193691359851e-04
-5.975058344174238173e-02
-1.966139130108026101e-01
-2.989845467800326118e-01
-3.164546886994527020e-01
-2.948790545444395228e-01
-2.624663589910155026e-01
-2.486978953206777365e-01
-2.479537218457049386e-01
-2.359226665187966754e-01
-2.154560013763899273e-01
-1.920400988668997111e-01
-1.695122983192598742e-01
-1.492959804197862284e-01
-1.306991672693023077e-01
-1.145806466391117995e-01
-9.781548063126108139e-02
-7.997837478308642001e-02
-6.741502146544468832e-02
-5.826046831529509140e-02
-4.863564390753032096e-02
-4.752223221261889230e-02
-5.305175610654788709e-02
-5.417549120219290054e-02
-5.161670257565468406e-02
-4.660523330289437216e-02
-3.862110306268689425e-02
-3.028192869686050642e-02
-9.172002198447731791e-02
-3.488329807934247295e-01
-5.877441211933067677e-01
-6.445845201819493386e-01
-6.590236766958954551e-01
-6.521241650431310877e-01
-6.353824871166451338e-01
-6.450638535952214481e-01
-6.524101982544494582e-01
-6.307676264726046478e-01
-5.775767381252466803e-01
-5.013728162438657598e-01
-4.224925259253289322e-01
-3.771684312666995220e-01
-3.633201667077166075e-01
-3.447745017819736080e-01
-3.127027791031505854e-01
-2.719439828859339103e-01
-2.323090978813380225e-01
-2.253455980688781612e-01
-3.220561048568733598e-01
-4.169325773250789902e-01
-4.140071274156717496e-01
-3.745441418953733281e-01
-3.340899703794036335e-01
-3.031429105430439863e-01
-2.679795856042784807e-01
-2.288429401200686164e-01
-1.930630979751399579e-01
-1.867647176587319269e-01
-2.126857539744701764e-01
-2.196858790559952368e-01
-1.919074200714164791e-01
-1.509423644361352901e-01
-1.078362071736903294e-01
-6.475872212213448775e-02
-2.550946668046345095e-02
-4.704029415269383313e-03
3.243826728438143139e-03
1.777822343017096754e-02
3.757712598877662596e-02
5.360392002124803740e-02
6.609724148848175607e-02
8.152905156153859856e-02
1.007721528026579300e-01
1.139362516392619512e-01
1.118926517647670094e-01
1.104799638807637124e-01
1.181384675753387459e-01
1.216362684249055470e-01
1.214738339640043796e-01
1.264273048442736969e-01
1.359161235843801274e-01
1.511070092101673146e-01
1.711595879366518691e-01
1.880809021077410881e-01
2.031685344340929678e-01
2.181274210984114892e-01
2.317411737829428997e-01
2.397190723955970604e-01
2.402452798031614878e-01
2.417319581306288934e-01
2.492659734345757661e-01
2.597822615090943921e-01
2.726903732127705648e-01
2.895466757342822772e-01
3.050212979109868661e-01
3.152866928691359094e-01
3.200157589862062668e-01
3.187149995327795970e-01
3.150370852091445295e-01
3.093183235190364311e-01
3.050512571228053971e-01
3.080935927722758816e-01
3.178952376337554342e-01
3.361438507414651333e-01
3.560563733537126518e-01
3.634777558723265023e-01
3.507285006823964157e-01
3.224262565880131604e-01
2.413937630265011181e-01
8.354594871683704294e-02
-4.923227054504020206e-02
-9.475803341847410799e-02
-9.110930554821281002e-02
-8.937450627794699121e-02
-1.127875340931921155e-01
-1.170877692455945945e-01
-7.855128483953807694e-02
-2.453020022909089409e-02
2.041228580147856631e-02
4.834496352895617521e-02
4.378258576867178481e-02
4.173239716270480543e-02
8.126949124869421726e-02
1.367582681599114336e-01
1.920354669277496151e-01
2.515245012359167975e-01
3.133694650995615394e-01
2.968960898295734951e-01
1.842960007135782674e-01
1.223503236267670657e-01
1.558152392843578649e-01
2.108645213338076752e-01
2.668233394804435665e-01
3.329383737288544864e-01
4.090795861547511514e-01
4.833847807836481048e-01
4.772972154284808588e-01
3.111427706498122170e-01
1.798816962620054805e-01
2.047722333429468078e-01
2.834075636006833654e-01
3.746801596612931995e-01
4.621168473928303766e-01
5.491638324265419868e-01
6.424361183219480242e-01
7.257827482832120980e-01
7.930685969200660379e-01
8.487727772435323947e-01
8.885758202151031737e-01
9.200663251651257646e-01
9.451513464401158915e-01
9.617701892220582582e-01
9.790280206950383590e-01
1.006140756322734919e+00
1.043590225154572559e+00
1.088472894047911144e+00
1.137565331362943466e+00
1.187628634248092840e+00
1.246668592826182920e+00
1.311467733907980771e+00
1.374706048779900769e+00
1.439253462902337910e+00
1.505066060620989132e+00
1.569445197360100241e+00
1.631231676778451600e+00
