7.524884910672723993e-04
2.585069904511401711e-03
7.197390558252726722e-03
1.213394472146065231e-02
1.536476604550064164e-02
1.402908049422936683e-02
-4.064080675214922639e-02
-1.483555257978988740e-01
-2.005831355335716271e-01
-1.728864960975757814e-01
-1.231520063499920992e-01
-7.892614574531667260e-02
-6.345928574945447487e-02
-6.226893348571336390e-02
-5.155040730723951803e-02
-3.527897736435386955e-02
-1.951533971940791826e-02
-7.016538101932425289e-03
2.524951580682451013e-03
9.963943956584293826e-03
1.494015427075248356e-02
2.093524722306136510e-02
2.738472386248343854e-02
2.954182766338646349e-02
3.033532277472489672e-02
3.231436005452550941e-02
2.702821572871140152e-02
1.874615327133793280e-02
1.691032346091990435e-02
1.935237947790428847e-02
2.417544846226670624e-02
3.097067117606643050e-02
3.680576470917645143e-02
-2.202876855619255447e-02
-2.408111483274706921e-01
-3.859222334994768522e-01
-3.522500378089783446e-01
-3.011252581638885761e-01
-2.485012726351910339e-01
-2.054848823632131893e-01
-1.981872921280194988e-01
-1.907411021235339843e-01
-1.615694701992658466e-01
-1.120279494059175374e-01
-5.312100355850348649e-02
-3.063147048268370642e-03
8.337193549627209752e-03
-4.654875052955635695e-03
-6.166194062062380250e-03
8.341073914912917192e-03
3.019473332797939502e-02
4.866713435556464795e-02
3.606846517009792974e-02
-6.288626268982457079e-02
-1.298364509600989647e-01
-9.907395234043851751e-02
-4.602060086151415347e-02
-4.414974458598924789e-03
2.039622329221642619e-02
4.427837886135003315e-02
6.859393551076256590e-02
8.663826536215216145e-02
7.577973215747421665e-02
4.325874202103961730e-02
3.665104249926888491e-02
6.017969629130760778e-02
9.071473308231255139e-02
1.190753437155871453e-01
1.433443793862952120e-01
1.584357576661356293e-01
1.557811224036163011e-01
1.444939477156776397e-01
1.419826462539153789e-01
1.487367980017567370e-01
1.531988503976381422e-01
1.546760626579285758e-01
1.603915339974577581e-01
1.707288249305901062e-01
1.752067480433214530e-01
1.679136896241445187e-01
1.646653516043164456e-01
1.667552460756596688e-01
1.614813666262399361e-01
1.549760612454703923e-01
1.577454572450658066e-01
1.666324122170459443e-01
1.812048397681605139e-01
1.989498029374135724e-01
2.092381017641427032e-01
2.166941895311482735e-01
2.260766433934423003e-01
2.348062497094158818e-01
2.383121716193243866e-01
2.359874317205528649e-01
2.353577084676662101e-01
2.372890145635053183e-01
2.389930884287022606e-01
2.450454917220600271e-01
2.568622473900651348e-01
2.647502565053200252e-01
2.679023140822038851e-01
2.680230247659945442e-01
2.643284719548537054e-01
2.614723823367489652e-01
2.585010151036586934e-01
2.596982535304969697e-01
2.702276078522917735e-01
2.868640174049117419e-01
3.072245961140637749e-01
3.242732714679887329e-01
3.289955741451954796e-01
3.180261933558824472e-01
2.975743064920289838e-01
2.358309792475018207e-01
1.218981966942906670e-01
5.602346873223437718e-02
7.546069907836200352e-02
1.271700197440038538e-01
1.606096688810055018e-01
1.629042169365270409e-01
1.833283842240002737e-01
2.357861927974931604e-01
2.902188524340477693e-01
3.264241451192093080e-01
3.404144695395870390e-01
3.224619839739568117e-01
3.161540705597561396e-01
3.503262520090953402e-01
3.911209592238881760e-01
4.250715250037817583e-01
4.580811747656032273e-01
4.868737201161549288e-01
4.413993683559120917e-01
3.261192256093937702e-01
2.845493072968327541e-01
3.331799649053444612e-01
3.868377670987109829e-01
4.308530530102693823e-01
4.763878530385465826e-01
5.219579407056531561e-01
5.587621652422229968e-01
5.223272337180943081e-01
3.544988806277991067e-01
2.599201689540187599e-01
3.191407069694703336e-01
4.055673407728869750e-01
4.777958853697030772e-01
5.364762408677397065e-01
5.883818751559356519e-01
6.309703154283030635e-01
6.537911067495854045e-01
6.633355937273737180e-01
6.703036908434608643e-01
6.718051812685081892e-01
6.718554684737928495e-01
6.712767827130525777e-01
6.692068414641624274e-01
6.703633396975700043e-01
6.786998011079197202e-01
6.919535581584808082e-01
7.091730394365636236e-01
7.285119030177962252e-01
7.480560186177396265e-01
7.725413329498538317e-01
7.974563617003892491e-01
8.174405664781576597e-01
8.354592830748326371e-01
8.539465125888481278e-01
8.715190260849480230e-01
8.879892985118500448e-01
