1.424361881797558360e-06
1.021097937500065601e-05
3.472574913610460749e-05
8.835877175429088205e-05
1.613699581045595225e-04
2.413255734963724321e-04
2.041568741829678638e-04
-3.119869357840985842e-04
-1.311985482281125296e-03
-2.310599740538948291e-03
-3.053336925402850080e-03
-3.524795409560720245e-03
-3.822436057715311499e-03
-4.108550749995227257e-03
-4.365837550081751867e-03
-4.550364938802164798e-03
-4.648582415266219042e-03
-4.675578364919438963e-03
-4.648461031740470061e-03
-4.581596171806934410e-03
-4.485193460456400605e-03
-4.367304551578634134e-03
-4.215410804560643099e-03
-4.043271707489912332e-03
-3.870043139767007090e-03
-3.691307418484525687e-03
-3.517226415098244872e-03
-3.391880892984772394e-03
-3.293629572060875407e-03
-3.190753211204416535e-03
-3.067420263199771395e-03
-2.912564069365431666e-03
-2.722524144647535740e-03
-2.628469870834945852e-03
-3.262737652783795263e-03
-5.105053756336344270e-03
-7.072334367947470668e-03
-8.713206740154539470e-03
-1.006986657962264525e-02
-1.112572351717569345e-02
-1.205151568202598479e-02
-1.297063901305718463e-02
-1.378503130916172888e-02
-1.439002262452159300e-02
-1.469260489020796437e-02
-1.470690311913268669e-02
-1.455163016068434546e-02
-1.445239562619012388e-02
-1.440779918389940677e-02
-1.433269609031524033e-02
-1.415425607321284772e-02
-1.386951192940356903e-02
-1.355607195138504133e-02
-1.352908520903945040e-02
-1.408154416165397632e-02
-1.465185432350386840e-02
-1.495443222362052155e-02
-1.498170508034746273e-02
-1.484133270152913041e-02
-1.458676935969958899e-02
-1.420551978107867028e-02
-1.372012289515989018e-02
-1.320922496749802992e-02
-1.285128166245718545e-02
-1.262394538720946861e-02
-1.233118097029392742e-02
-1.188346024535568736e-02
-1.127893177102464763e-02
-1.054081779785541115e-02
-9.703486595559151356e-03
-8.842184399256563035e-03
-8.041751879366679928e-03
-7.291095583032229308e-03
-6.527941196674698007e-03
-5.731936142866361078e-03
-4.929890473294559067e-03
-4.115162648404379134e-03
-3.259866755962971194e-03
-2.362362360027882736e-03
-1.481664339805976918e-03
-6.478828437883289368e-04
1.890921137081832482e-04
1.016136190254277125e-03
1.799389431543532442e-03
2.568007806245756978e-03
3.371505525571341991e-03
4.231668494795439925e-03
5.180152497098034978e-03
6.201296192562843514e-03
7.253141205992698869e-03
8.344651732425704960e-03
9.476423437726630428e-03
1.063630464358585742e-02
1.178710607339522945e-02
1.291819204885951040e-02
1.404939999382405665e-02
1.518468253848863705e-02
1.633124878177046047e-02
1.752309064710471515e-02
1.876776048528147264e-02
2.002868094647744165e-02
2.129267723998929523e-02
2.253716480177666431e-02
2.375446516201313793e-02
2.495342812151166850e-02
2.613620895686328757e-02
2.734780261324860906e-02
2.862998213049280580e-02
3.000565568391155846e-02
3.147857798459730017e-02
3.300062244772639791e-02
3.449259954038861459e-02
3.588220441372674818e-02
3.707273017631833312e-02
3.776174542194248723e-02
3.790360076146823132e-02
3.797962947597702255e-02
3.829510503363420248e-02
3.887540805874946381e-02
3.953516283053329361e-02
4.021588592805933754e-02
4.110735319447714198e-02
4.229075166581657691e-02
4.370915322985882701e-02
4.523750903736766665e-02
4.674302417024821937e-02
4.811785465436057424e-02
4.957807523386979776e-02
5.124925732298008657e-02
5.310639840020814351e-02
5.512287428925913280e-02
5.729236064999917999e-02
5.944672075797963195e-02
6.108618591664602415e-02
6.221906423416594112e-02
6.344674549389263396e-02
6.498882922477985935e-02
6.677880770758304330e-02
6.879623733337773828e-02
7.104279040202403361e-02
7.349467373621414168e-02
7.596828585506794351e-02
7.786022226374512967e-02
7.884892133745402543e-02
7.986544201311013280e-02
8.133383266345507734e-02
8.323813494399470714e-02
8.547187841208137016e-02
8.797906421073511951e-02
9.071432269867439613e-02
9.360158867489025425e-02
9.653272822902639327e-02
9.948231984716303378e-02
1.024329320585777164e-01
1.053621832640511402e-01
1.082759246164266553e-01
1.111640681304812972e-01
1.140332885866660872e-01
1.169135305605447511e-01
1.198425052157499060e-01
1.228372903396856147e-01
1.259182971469469114e-01
1.290850231654828151e-01
1.323485349618210016e-01
1.357315905653802834e-01
1.392121109091482012e-01
1.427697775508321998e-01
1.464018033632210614e-01
1.501093619612196839e-01
1.538836607168524162e-01
