-2.214908748765580596e-03
-5.075166288604387663e-03
-3.225710688469360203e-03
6.556900774766492336e-04
3.067838085611932723e-03
1.039615254429955647e-03
-5.927537173024176320e-02
-1.936064407736552417e-01
-2.910896626920395636e-01
-3.032772371894665864e-01
-2.773255145926094567e-01
-2.417746785206512372e-01
-2.258731232674107692e-01
-2.233668585693936171e-01
-2.099656924975363270e-01
-1.886727104076162398e-01
-1.650101968012793741e-01
-1.427423208692912282e-01
-1.231819441269148829e-01
-1.055322625453849056e-01
-9.057698636349581500e-02
-7.511766620854805343e-02
-5.875764232295820760e-02
-4.776505901937834475e-02
-4.015158713491472076e-02
-3.202684755651123011e-02
-3.232469210714081220e-02
-3.896808234713234481e-02
-4.096531857944885752e-02
-3.916801280168858562e-02
-3.487904497148871380e-02
-2.764121011447925186e-02
-2.011242148049247405e-02
-8.189885145245895393e-02
-3.361730598151150273e-01
-5.666309855307513077e-01
-6.135998798240146490e-01
-6.190699937636385819e-01
-6.043747238520738030e-01
-5.813523066250176896e-01
-5.857515092095176845e-01
-5.883059498887659444e-01
-5.627371584451594799e-01
-5.069485404342932711e-01
-4.299054543972403719e-01
-3.519160485155024554e-01
-3.087044317719918052e-01
-2.971341008680806750e-01
-2.808212276713552003e-01
-2.511516457632109178e-01
-2.131980743101598852e-01
-1.767752800810589164e-01
-1.730987879398208640e-01
-2.717867012933224968e-01
-3.658584240938340670e-01
-3.614660393165545216e-01
-3.212525316842011480e-01
-2.810322065648890866e-01
-2.509832299949539269e-01
-2.172295512544085150e-01
-1.800729124984997986e-01
-1.467392726733917629e-01
-1.430249193758829640e-01
-1.708488948238435778e-01
-1.790222211246752237e-01
-1.525009766710818671e-01
-1.133411446773983644e-01
-7.263849153610194009e-02
-3.248788157898842982e-02
3.416500525353333151e-03
2.072985734423458959e-02
2.547251906593394830e-02
3.706347461029977503e-02
5.398746660590454660e-02
6.718786277147605068e-02
7.699824214322176230e-02
8.986742113685738942e-02
1.065657855019415123e-01
1.172026275952610247e-01
1.128928239457231142e-01
1.096422971710145633e-01
1.156412627363220119e-01
1.175898866328381615e-01
1.160929739886462364e-01
1.198659923598942578e-01
1.281843444642376539e-01
1.421332980291728776e-01
1.607421686581002040e-01
1.760383456375377575e-01
1.894223997264219139e-01
2.026073406464913296e-01
2.144143892732524037e-01
2.206085670791994857e-01
2.195349581012907836e-01
2.196491626365153771e-01
2.259124493484381269e-01
2.351411803793588551e-01
2.467104824640824201e-01
2.621076411111621374e-01
2.759821513804349147e-01
2.846138839488039918e-01
2.877862182949448844e-01
2.851175405525014916e-01
2.803276864686795045e-01
2.737392759239175022e-01
2.688440912440688280e-01
2.713505691538101727e-01
2.805482127249752655e-01
2.979864356888893839e-01
3.167730604034282305e-01
3.229261850559277391e-01
3.091380920923551545e-01
2.803896805524020430e-01
1.999595090680086340e-01
4.515668993282365151e-02
-8.176333107635153086e-02
-1.205645689297356188e-01
-1.108518705121585429e-01
-1.041282598290303729e-01
-1.230461835384126790e-01
-1.231195846795706816e-01
-8.139460250079291748e-02
-2.567643618187353399e-02
1.965906247693000736e-02
4.718050898971792168e-02
4.197978503140473161e-02
3.962355260335559404e-02
7.846923728327925840e-02
1.323260411166057582e-01
1.850696099945528528e-01
2.412300337395124339e-01
2.989659553574175455e-01
2.782921032870290801e-01
1.636521294947045901e-01
1.020744393625471480e-01
1.359557751129496783e-01
1.903341343073484127e-01
2.445951913544692213e-01
3.080038214880039815e-01
3.803568534243227939e-01
4.498456226180757578e-01
4.387344971616919942e-01
2.700703367368715302e-01
1.404245061696769159e-01
1.674701262151392367e-01
2.467482032969068872e-01
3.367538913683154611e-01
4.212478527088107105e-01
5.040017922329579347e-01
5.917476408935057330e-01
6.685029929540144966e-01
7.286476599730019599e-01
7.769767139771082132e-01
8.095045269701400814e-01
8.340754359364557224e-01
8.526499387477226577e-01
8.632862222080913694e-01
8.750987767805161743e-01
8.971005916008542025e-01
9.294943613731928567e-01
9.691916817890835478e-01
1.012860018542855567e+00
1.057249696476225242e+00
1.110328339848211998e+00
1.168701283653378775e+00
1.225125536520953684e+00
1.282515193577862922e+00
1.340852556758501013e+00
1.397474819467568130e+00
1.451321502749106651e+00
