1.198678707199016605e-02
1.992127839441179896e-02
5.995526525013414321e-02
3.704158704504630084e-02
3.642161928110427410e-02
-3.177777566213449423e-02
-8.250636091481043932e-01
-1.064030655112620849e+00
-1.268135125032087140e-01
2.702239256143885715e-01
3.298051797490611503e-01
2.691166326454521585e-01
-7.140512222061939918e-02
1.552881182043358566e-02
9.091749775271890099e-02
1.278627349774398847e-01
1.095551381723573886e-01
9.389299350003886546e-02
7.575321605528595459e-02
6.906120900611607827e-02
4.386384647213072141e-02
8.682240958652190366e-02
6.367970745489323625e-02
2.292613740117283028e-02
3.785411675579133939e-02
4.358573560058603275e-02
-7.527295218526178222e-02
-2.881536368775298312e-02
2.130903380382620851e-02
4.380127616313056471e-02
6.619809425162156979e-02
8.529829561203509936e-02
6.300409124760991686e-02
-9.401825520096672717e-01
-2.707206803113692217e+00
-3.207517080210025018e-01
2.700982497822367323e-01
1.105473742376616997e-01
3.615693569685321518e-01
7.462521358213330958e-02
-1.825099751066723286e-01
5.064985009586847609e-02
2.041503837621078399e-01
4.370336424379409057e-01
4.542452275097154102e-01
3.789758204005612141e-01
-1.065781228164093264e-01
-6.753660786676893291e-02
5.562599463728639532e-02
1.983177134710235046e-01
2.106843046340635128e-01
1.752989634045341028e-01
-2.656094249091219828e-01
-1.282059707026373951e+00
-3.914608724682921981e-02
3.507163001883778497e-01
4.228786827371165402e-01
2.597298147344701547e-01
1.929817611720195392e-01
2.682897984285575466e-01
2.404136422162011233e-01
1.952267336943411535e-01
-2.049989599207285296e-01
-2.247467823837447920e-01
1.549087022053325380e-01
2.973786480793360054e-01
3.208211338222671793e-01
3.090861566762317936e-01
2.920648666347020472e-01
1.913929240521197728e-01
1.263320735105610826e-02
2.097131289384140951e-02
1.336784672275523889e-01
1.783927112739991661e-01
1.118260558487948753e-01
1.267637491534137351e-01
1.818060688597263330e-01
2.146129380076093329e-01
1.062249255566218853e-01
1.674980810177828516e-02
1.457554434138955968e-01
1.132220625203758380e-01
2.623325551313027137e-02
7.311774876745882890e-02
1.701983717366292170e-01
1.875089308151952072e-01
2.754508326428855569e-01
2.698066905419819195e-01
1.794799769974709247e-01
2.242817095502207536e-01
2.237852019816284899e-01
2.243550600751717528e-01
1.501818709231501070e-01
1.233690018329492988e-01
1.673372395952373304e-01
1.670423014911369686e-01
1.647061749823600652e-01
2.367290684822284108e-01
2.733723850287728130e-01
1.943255284355537293e-01
1.961113107912850206e-01
1.480526822591056169e-01
1.264444049134622050e-01
1.509079453877312793e-01
1.221034333037308572e-01
2.077692906342094026e-01
2.829769053299877601e-01
3.293249658945042180e-01
3.707779738625056609e-01
3.087893393358830951e-01
1.868500017284830950e-01
4.471444759453818696e-02
-3.340847700707139101e-03
-6.517270854786505474e-01
-1.012845587538557357e+00
-9.735672292462860256e-02
3.844294846206066651e-01
5.223198642967795680e-01
1.941675795471083377e-01
3.118695375025024030e-02
4.619087216822585495e-01
6.273859381549028447e-01
5.891445571218243416e-01
4.049725468227469150e-01
2.544979681415290851e-01
-1.128408983853791958e-01
3.565344484755488819e-01
5.817938955866133188e-01
5.393983259317115531e-01
5.215567000086506200e-01
5.645188731733833398e-01
5.004315261007558080e-01
-5.936484994537625237e-01
-8.341938800457302516e-01
3.766607806618880727e-01
7.113749806116220764e-01
5.796339725813096644e-01
6.187276259785003951e-01
6.690440865253488578e-01
6.857056758631587812e-01
5.894516951234806124e-01
-4.502925279092251376e-01
-1.707451882003564236e+00
2.968342721058233047e-01
8.834594889956407515e-01
9.083155415587015336e-01
7.903376189792488127e-01
7.773461596415721653e-01
7.570871741626763463e-01
6.905718800605997743e-01
4.829707390161063207e-01
4.718968326960055748e-01
4.432664729555818584e-01
3.819334559276081897e-01
4.063383263644180232e-01
3.689444694476499143e-01
3.714032650435135086e-01
4.131142219618136879e-01
4.891828856454843999e-01
5.101503336223022211e-01
5.703816097921634576e-01
5.723554334871244764e-01
5.965586910236471141e-01
6.765685171905542195e-01
6.431321060365782216e-01
6.223175383180350462e-01
6.300447577589967096e-01
6.489348067667646269e-01
6.369048327623276773e-01
6.472962717125732013e-01
