-1.243619455067363044e-06
-6.219555445928422413e-06
-2.974085876656730102e-06
2.646282843929821199e-05
7.383319808725980718e-05
1.259488539596223295e-04
5.737607985243420902e-05
-5.109926282659669637e-04
-1.610082718078155624e-03
-2.754934173647994103e-03
-3.666003025427472771e-03
-4.304527482128675357e-03
-4.754734795416814055e-03
-5.178589417499698810e-03
-5.562957412687852092e-03
-5.864874403445303162e-03
-6.070781846370394697e-03
-6.194488137029410986e-03
-6.254860909829420244e-03
-6.268279210737254768e-03
-6.245393066310082550e-03
-6.195882920486540067e-03
-6.106828036295612258e-03
-5.992348638116022468e-03
-5.875042985080365827e-03
-5.751946301283481638e-03
-5.632693272498603791e-03
-5.564275535299835311e-03
-5.527797482973947386e-03
-5.491485988467421572e-03
-5.439068707609880440e-03
-5.358080506836769043e-03
-5.242589296945350877e-03
-5.224695346001160569e-03
-5.959742162375517190e-03
-7.984477059180546121e-03
-1.023316578068122172e-02
-1.220981417843015546e-02
-1.392172661807853339e-02
-1.533167984528709636e-02
-1.659793360283717822e-02
-1.784749962720494701e-02
-1.898304605448786209e-02
-1.989309922927819455e-02
-2.047538116342854236e-02
-2.073681011212937658e-02
-2.079367339204123144e-02
-2.088105559882316720e-02
-2.101311145016783802e-02
-2.111147017538343718e-02
-2.110426531651418691e-02
-2.098495690424231896e-02
-2.082976566191270529e-02
-2.096466782736562673e-02
-2.171333602098332594e-02
-2.252649232141642338e-02
-2.309635284592088250e-02
-2.339420899660700146e-02
-2.351909938820020279e-02
-2.351832501276214168e-02
-2.337815714760955663e-02
-2.312169370103390673e-02
-2.282702889427805359e-02
-2.268227289178299105e-02
-2.267800678084994428e-02
-2.261329017800477528e-02
-2.238767245861876531e-02
-2.199598830582981737e-02
-2.145947795024646595e-02
-2.080747907259282090e-02
-2.010985284367019371e-02
-1.946067684092957217e-02
-1.884846263061947316e-02
-1.821680578395393907e-02
-1.755253037584128539e-02
-1.688049103418979430e-02
-1.619434595202164442e-02
-1.546765033423449891e-02
-1.470006466377852400e-02
-1.395182446385844453e-02
-1.325861615767936694e-02
-1.256455217474317099e-02
-1.187000357888301667e-02
-1.120740065692956387e-02
-1.055624947821604681e-02
-9.875078906592902120e-03
-9.143916479447585996e-03
-8.331499354537762886e-03
-7.448880442913797389e-03
-6.530281463093538102e-03
-5.572121936860530318e-03
-4.578201901583428199e-03
-3.560825359281467525e-03
-2.558010911887934405e-03
-1.579894746351955372e-03
-6.010976722875037512e-04
3.937257935913876343e-04
1.410753639676579985e-03
2.474781802186354785e-03
3.591975805600569616e-03
4.730598718665698921e-03
5.870725084407950496e-03
6.987895247136319266e-03
8.070508945782463306e-03
9.124948534185472679e-03
1.015204912479874058e-02
1.119231207961509170e-02
1.228568056798096282e-02
1.345976429512184790e-02
1.472877319291036012e-02
1.604608974338209496e-02
1.732621200703941822e-02
1.848917238390329967e-02
1.943090013056917448e-02
1.982714577558421579e-02
1.961028612541200825e-02
1.925980109200115670e-02
1.910635333512407039e-02
1.920089530668213015e-02
1.936905682305990403e-02
1.955007819707919522e-02
1.993371758143011596e-02
2.061542945661810899e-02
2.154375723090718245e-02
2.259764604317729061e-02
2.364470310716583132e-02
2.456823194722188713e-02
2.557243602409669386e-02
2.679233738932981085e-02
2.821262913558197569e-02
2.981012306887374438e-02
3.158412141643820309e-02
3.336891286993512451e-02
3.464025335567398611e-02
3.538060106523045062e-02
3.618662428197364639e-02
3.730208013727406846e-02
3.867885571468516331e-02
4.030135317171368303e-02
4.217919443557612696e-02
4.429522640476762224e-02
4.645855385768510315e-02
4.803500359760203703e-02
4.867362452590355548e-02
4.929085061952641345e-02
5.034262685866675718e-02
5.185747893758007460e-02
5.374511185103999361e-02
5.593607243303266169e-02
5.839674466224450272e-02
6.107248505085265816e-02
6.385070223023478486e-02
6.668747162763556668e-02
6.954212218350994124e-02
7.237872460494884641e-02
7.519883804643719138e-02
7.798597834313483745e-02
8.074364992460658641e-02
8.351204984893843830e-02
8.634078673675094073e-02
8.925805127379118908e-02
9.228632505025760602e-02
9.542340569381940751e-02
9.867921873057337867e-02
1.020860174807057402e-01
1.056247462515018803e-01
1.092773189706598980e-01
1.130156828511399564e-01
1.168255451350349167e-01
1.207042911980618638e-01
1.246605351079887042e-01
1.287070599889154621e-01
1.328526311848901298e-01
1.371019029868149330e-01
1.414497696305797303e-01
1.458840389068502275e-01
1.503883566998439336e-01
1.549489561667599657e-01
1.595576634663875282e-01
1.642138484201871307e-01
1.689164645375237916e-01
1.736680620365137762e-01
1.784755880538321793e-01
1.833503821982783444e-01
1.883096391566258243e-01
1.933687005522393976e-01
1.985271091602615057e-01
2.037824663880150045e-01
2.091224933759542048e-01
2.145397339232741341e-01
2.200213095089187387e-01
2.255573905807192192e-01
2.311445204343846871e-01
2.367870387496716078e-01
2.424928342937848202e-01
2.482735832192429215e-01
2.541453479778969515e-01
2.601163480172525855e-01
2.661892757079622474e-01
2.723536511348492728e-01
2.785893165887963208e-01
2.848771928387214269e-01
2.912081831976292556e-01
2.975779092701426598e-01
3.039865715542706126e-01
3.104419753866674014e-01
3.169570815068902259e-01
3.235408076980511582e-01
3.301899523652342405e-01
3.369011096901555757e-01
3.436689830702165938e-01
3.504804315007346016e-01
3.573253325023345583e-01
3.641990773220371569e-01
3.711027410281503292e-01
3.780397222150430614e-01
3.850176967778254911e-01
3.920503872548816715e-01
3.991461163509600896e-01
4.063034990054121831e-01
4.135117625155017018e-01
4.207573288381590837e-01
4.280289789239800635e-01
4.353231196412017945e-01
4.426385099092523534e-01
4.499734557336621532e-01
4.573287259530558480e-01
4.647060198156340860e-01
4.721115683785004902e-01
4.795545201360685850e-01
4.870414213676808046e-01
4.945729355105699665e-01
5.021436885922724302e-01
5.097462269289086967e-01
5.173706294601153610e-01
5.250100943829177913e-01
5.326556199381937695e-01
5.403044032937717178e-01
5.479594234546095732e-01
5.556257131949288164e-01
5.633132288829997281e-01
5.710324742444987667e-01
5.787874896066464991e-01
5.865780759365988306e-01
5.943888457645619683e-01
6.022022901939250161e-01
6.100070615157232590e-01
6.177960986467724291e-01
6.255694067755994681e-01
6.333297539906799223e-01
6.410861959697679024e-01
