-2.105824095430499938e-03
-4.456395794444161645e-03
-2.144900560754453653e-03
1.571837064064613831e-03
3.457978140002964523e-03
9.572454424562983934e-04
-5.637396569705614702e-02
-1.742945406225517857e-01
-2.424507087886255685e-01
-2.269243691156455356e-01
-1.825000983998224802e-01
-1.380380105521107625e-01
-1.196159965523265756e-01
-1.159255358158232802e-01
-1.028216577031741547e-01
-8.421738453127085300e-02
-6.565742366465222857e-02
-5.024187593923459816e-02
-3.850202398712216506e-02
-2.902263992161241077e-02
-2.224313561261647559e-02
-1.466763109997600359e-02
-6.287931089364930462e-03
-2.965778666106047134e-03
-2.070373554255273973e-03
1.186257303073460882e-04
-5.181899268863724914e-03
-1.471082930372190345e-02
-1.820681373890231658e-02
-1.753666975542702428e-02
-1.448286005368173979e-02
-8.934411900704548881e-03
-3.700116550143263232e-03
-6.470666959437904042e-02
-2.975273605721809322e-01
-4.734006278452117522e-01
-4.649509876418854715e-01
-4.280575192430468578e-01
-3.829270819403417514e-01
-3.413334934043695257e-01
-3.335805036842012239e-01
-3.262154740260924668e-01
-2.952864033239428476e-01
-2.411991473784140527e-01
-1.748890275600885058e-01
-1.154209889762558006e-01
-9.443439898887227846e-02
-1.018863977408433902e-01
-1.011227457067625651e-01
-8.586583966359911946e-02
-6.315715323688572691e-02
-4.291669571895230517e-02
-5.420951719271061703e-02
-1.578596106937666943e-01
-2.390971288792995975e-01
-2.207508708591840452e-01
-1.740754470322875558e-01
-1.350921974121675750e-01
-1.105608337969998661e-01
-8.501256598323018998e-02
-5.882189483227628912e-02
-3.822989763298038912e-02
-4.673783667452525298e-02
-8.115204305701591292e-02
-9.105036054287309055e-02
-6.747366730827836223e-02
-3.518912088672045135e-02
-4.965773398283006984e-03
2.209336109226105183e-02
4.327663447438338806e-02
4.614186648622432135e-02
3.934822694629551421e-02
4.155024383295869567e-02
4.960603607827320655e-02
5.426912139152464953e-02
5.645131164323360928e-02
6.231234312402499781e-02
7.188741173289964204e-02
7.535535419482253250e-02
6.547625680124674608e-02
5.910336586494834704e-02
6.245838875540024593e-02
6.184926872509508705e-02
5.863756127742325575e-02
6.107420799142533607e-02
6.752189077557928243e-02
7.869307281160295431e-02
9.295870611974065001e-02
1.027625521940219583e-01
1.103452690037689671e-01
1.174899025931222529e-01
1.232776340184726926e-01
1.238151625039635162e-01
1.184277294818499859e-01
1.156246100408982735e-01
1.193436095883433634e-01
1.256182937143691114e-01
1.337040182351349749e-01
1.447389135793475667e-01
1.533925626193128333e-01
1.567777186262335753e-01
1.553814631042179928e-01
1.494347708148960341e-01
1.428944359544951914e-01
1.357871301176367396e-01
1.314607405635289106e-01
1.345391535487444057e-01
1.433438490659365849e-01
1.587294144396888540e-01
1.733886964258345154e-01
1.748108233054169736e-01
1.581815410987311710e-01
1.305187766148456219e-01
5.755528795105811779e-02
-7.511011548021893913e-02
-1.650029417654457209e-01
-1.665172042428908761e-01
-1.284991653927575472e-01
-1.031415454052170416e-01
-1.074854537664672177e-01
-9.496456324893864931e-02
-4.740719690050654994e-02
5.466612573608017889e-03
4.169434231685983233e-02
5.775678223675398404e-02
4.251248008059647920e-02
3.454363962357175077e-02
6.647682013529687683e-02
1.085857709164025353e-01
1.455868184106660912e-01
1.830475518666934698e-01
2.193766234929409309e-01
1.793367266903973523e-01
6.151767632093237126e-02
1.161324448589780289e-02
5.440460788212812815e-02
1.084843047583794878e-01
1.553184974587739631e-01
2.053771427906998515e-01
2.587710790312992559e-01
3.047105838751376083e-01
2.713816056221526885e-01
9.924805726215352175e-02
-8.007439873590552204e-03
3.986625153143836392e-02
1.261332276200415325e-01
2.093359973545487196e-01
2.770038526917690813e-01
3.363919288062114377e-01
3.956572460269157654e-01
4.403326723706953438e-01
4.682920148296521035e-01
4.859600950720278090e-01
4.909393065334289319e-01
4.919699570902866248e-01
4.905612837824140926e-01
4.849312727679770396e-01
4.836684911702338052e-01
4.940243058384747310e-01
5.142751844520198068e-01
5.403282310210710815e-01
5.684621386539365773e-01
5.956976286597572834e-01
6.299886565415071527e-01
6.670065877493122075e-01
7.003632008967406453e-01
7.334146420233299546e-01
7.663917832096586169e-01
7.969015503533763978e-01
8.245192936921479365e-01
