-1.152566254287581970e-02
4.669177167743945520e-03
5.607691274501134387e-02
4.161596400680346586e-02
4.157663375043696430e-02
-2.733588667369362887e-02
-9.295844296390073369e-01
-1.377081622265691419e+00
-5.270959244688634415e-01
-5.584687397568902090e-02
1.159648771093823305e-01
1.521890923668166029e-01
-1.542996596262656284e-01
-6.178931529931556976e-02
3.501320731496799371e-02
9.898351966591015239e-02
1.110225734894648431e-01
1.124714546614716537e-01
1.047619572724900194e-01
1.091770248085969647e-01
8.552347874983093345e-02
1.367748740309349675e-01
1.211871735995922461e-01
7.377658703063617873e-02
8.347342476723634830e-02
9.089433390199930241e-02
-4.517818478111459979e-02
-1.930239994627917094e-02
2.434623754264749612e-02
4.642133744455342187e-02
7.430798593470275271e-02
1.045382852535132329e-01
9.091346879912778900e-02
-1.030240961436416747e+00
-3.226869897431549283e+00
-1.098651006925059681e+00
-4.014029045837336218e-01
-4.308778958214375399e-01
-5.812352239322747527e-02
-2.407300961684696872e-01
-4.777012640821550749e-01
-2.190221863470483143e-01
-3.453491147485665547e-04
3.319220254360995548e-01
4.561975650353069511e-01
4.698635255463116667e-01
-6.952547853418998558e-03
-1.205945329555061646e-02
9.421580379315191989e-02
2.470549418320211188e-01
2.896699313191128389e-01
2.784605866932299278e-01
-2.005093189378898411e-01
-1.426079900329668249e+00
-3.167069079300613432e-01
1.370880177853363580e-01
3.153726770122043388e-01
2.208664627953554338e-01
2.053321184846579883e-01
3.190886361030785823e-01
3.232858425042571260e-01
3.085564400648836969e-01
-1.253410526039515083e-01
-2.239967444208927905e-01
1.487861851720154727e-01
3.397996891801935426e-01
4.078519794262224774e-01
4.376943604194921122e-01
4.596019423085010991e-01
3.988595057884130601e-01
1.892055028634014036e-01
1.893246713816900129e-01
2.853501438023099412e-01
3.171451194582905475e-01
2.578916969835451933e-01
2.682660441743001112e-01
3.240379872174362630e-01
3.619389493790683421e-01
2.550029780189835282e-01
1.332178356116537898e-01
2.592781659540994710e-01
2.516818713279694864e-01
1.619551879486307300e-01
1.859732026224419910e-01
2.692328084148665202e-01
2.930255788001641659e-01
3.936857631952668246e-01
4.114423475669035657e-01
3.526549032762937297e-01
3.922439175727586713e-01
3.915179600814043814e-01
3.988988169250600180e-01
3.196549123066909637e-01
2.825873193980269482e-01
3.249348752609377833e-01
3.500369186115108167e-01
3.501242677424790117e-01
4.114112943526433974e-01
4.558593562901578911e-01
4.010890051512586707e-01
3.852898080309337114e-01
3.330232169404404030e-01
2.917355512152606800e-01
3.002453899198270770e-01
2.594494767048784456e-01
3.297019352523219982e-01
4.055465418871795347e-01
4.703576604377650572e-01
5.551274973900104381e-01
5.143652923979989966e-01
3.823870770843886824e-01
2.018000771021434825e-01
1.091195783923170348e-01
-6.828304440725526669e-01
-1.260455884890658407e+00
-4.657588111009287601e-01
7.092689427710534289e-02
3.216594850998063526e-01
6.313929058483910839e-02
-9.332833594740048977e-02
3.638579151893132080e-01
6.368137043295037936e-01
6.833820439707898320e-01
5.613250454470368744e-01
4.346084593642056126e-01
3.016503248363867906e-02
4.580864100678956885e-01
7.428171563732589577e-01
7.696028301396197202e-01
7.999487038865350508e-01
8.952749994573671044e-01
8.839955137538102470e-01
-3.297751798721378358e-01
-7.829744010129168208e-01
3.392198791225659038e-01
7.713581412337092713e-01
7.455441430345572940e-01
8.522284887912465745e-01
9.837798436326801177e-01
1.081857991136948360e+00
1.035093829739516247e+00
-1.267321911332270068e-01
-1.674286646972032111e+00
1.468587488711409483e-01
8.444152964361164582e-01
1.072349901611248102e+00
1.104670864641085437e+00
1.145281685469183852e+00
1.225014964715802401e+00
1.274259336875740001e+00
1.099592373648053290e+00
1.080959747686280448e+00
1.015695447877492663e+00
9.202655629527722869e-01
9.246744929465671170e-01
8.563909198869291695e-01
8.256846202670777846e-01
8.722258226626773414e-01
9.657312739328859363e-01
1.022114923633758110e+00
1.106813071832505990e+00
1.133225739585107750e+00
1.173547822052040335e+00
1.310131026567222357e+00
1.307720351835555794e+00
1.337322672227803322e+00
1.314385520237853822e+00
1.315514104894781156e+00
1.325405528159480983e+00
1.356848841739710654e+00
1.401748220910406406e+00
1.442092699947426837e+00
1.483884444610330533e+00
1.507140965199127658e+00
1.516887689268314521e+00
1.510890982432558927e+00
1.503495130055673146e+00
1.497440298118045909e+00
1.507130839288114199e+00
1.510699809871228094e+00
1.522380091838927196e+00
1.543253308814970914e+00
1.573851563069160742e+00
1.621572045112201321e+00
1.682205334480567416e+00
1.706959263986147723e+00
1.742792015746431167e+00
1.744111961607339722e+00
1.762553831249502823e+00
1.757513537509845847e+00
1.755214352445018999e+00
1.758060317748749934e+00
1.775804831521428984e+00
1.800650609805545699e+00
1.833517154552463335e+00
1.887571463713866082e+00
1.927543628343027393e+00
1.968621530095254757e+00
1.983700177174180901e+00
1.974838319442582479e+00
1.956011392124309189e+00
1.951267606450607595e+00
1.948573574862535684e+00
1.950855171706181057e+00
1.968224016415762945e+00
2.000619885919199703e+00
2.035850231114631370e+00
2.045103174804594026e+00
2.057492486017792999e+00
2.068454325711613251e+00
2.055513663415989178e+00
2.045531017626235126e+00
2.039653842731930844e+00
2.043973677637219488e+00
2.051404973529388887e+00
2.066253855461607003e+00
2.101818949623440513e+00
2.132091783159661524e+00
2.149820364522811555e+00
2.147675951994885146e+00
2.136369456303000014e+00
2.120411712844628482e+00
2.116807014958115740e+00
2.115646104193199317e+00
2.110823974097788547e+00
2.112754037869573942e+00
2.113777332791690888e+00
2.125425090698573438e+00
2.146823377659845544e+00
2.167756297852656111e+00
2.181721648099609112e+00
2.182882701250125734e+00
2.181164413361143417e+00
2.166497258954123595e+00
2.159829502410403723e+00
2.138827582188350007e+00
2.128168259061554046e+00
2.128145491561229896e+00
2.130041910897144675e+00
2.145498322208646336e+00
2.169805115369177972e+00
2.181737095808220062e+00
2.198234594635023242e+00
2.177504821110945343e+00
2.147089419868658311e+00
2.122995186377935717e+00
2.097446415425042066e+00
2.085990380561650870e+00
2.075205976528950558e+00
2.079942244824605879e+00
2.095553350001194914e+00
