-6.590608426879307697e-04
-8.282814520538185794e-04
2.796938300099388597e-03
7.376782345704745343e-03
1.020982732303364442e-02
8.534485384238767181e-03
-4.775700042537785878e-02
-1.626471881781085815e-01
-2.261136571696427955e-01
-2.067155679146511493e-01
-1.601580918654978702e-01
-1.151086567167163288e-01
-9.699369494256446234e-02
-9.368746773577989184e-02
-8.104770484551833409e-02
-6.281151861710501660e-02
-4.474954217321460564e-02
-2.988374990638027057e-02
-1.838964467398455926e-02
-9.167753344614433184e-03
-2.634190286454845750e-03
4.702822871200165560e-03
1.264063775379301036e-02
1.582747974218558229e-02
1.700190439046817339e-02
1.935390229877816462e-02
1.423711249997750700e-02
5.277285678474265967e-03
2.487677415465888459e-03
3.995094310176507124e-03
8.003299644846830624e-03
1.437317753071482018e-02
2.020672947867807254e-02
-3.988477815434773865e-02
-2.686876858807168977e-01
-4.359036147180611609e-01
-4.198804619961907791e-01
-3.780871973304085198e-01
-3.296171301317624702e-01
-2.863824494090136952e-01
-2.776824776064705791e-01
-2.693941009949670784e-01
-2.382835734858061716e-01
-1.848931538714053691e-01
-1.199946153704698343e-01
-6.250386175644428999e-02
-4.375449453962305946e-02
-5.241407248448046174e-02
-5.188566453033215120e-02
-3.622539143201732731e-02
-1.296270493270487018e-02
7.524536669310969567e-03
-3.501901199554176974e-03
-1.052815620189983675e-01
-1.819028311399812359e-01
-1.590716229143884497e-01
-1.093049280680007396e-01
-6.795086548126877402e-02
-4.182036510812102426e-02
-1.558274603067788533e-02
1.128153186345072154e-02
3.218214669104576403e-02
2.373195599437947362e-02
-9.439461634484974661e-03
-1.793551060751980009e-02
5.739528742568819619e-03
3.785261856039475598e-02
6.827669759365312396e-02
9.529286648306170560e-02
1.147853481156103639e-01
1.159195307622763738e-01
1.073631370157987069e-01
1.073335105258091671e-01
1.148700540613268178e-01
1.196771754677189159e-01
1.217220993652903399e-01
1.277366940906842219e-01
1.380465092184013365e-01
1.424772041151984026e-01
1.341936195363634676e-01
1.294781275872184390e-01
1.323184347952125473e-01
1.294011470867091340e-01
1.243581091002350508e-01
1.267774059736457015e-01
1.344921312507039723e-01
1.476796847991869166e-01
1.643309344091636315e-01
1.751839290529303983e-01
1.834322067594359729e-01
1.924264737932941394e-01
2.004355083464798848e-01
2.031730166905865165e-01
1.998613174135282222e-01
1.985199044207515695e-01
2.016505136891798555e-01
2.058612806353069813e-01
2.131246891545315880e-01
2.248998666600733332e-01
2.336681312213071682e-01
2.373786775696642981e-01
2.371179182190017443e-01
2.325420177839604696e-01
2.279775778872557557e-01
2.230352077902170438e-01
2.215569144584988437e-01
2.286423363906942841e-01
2.419657723064632671e-01
2.607550182606778177e-01
2.777299658092253209e-01
2.818738277562637395e-01
2.688159303127463651e-01
2.449963126139040326e-01
1.771359331296221140e-01
5.164533787998287773e-02
-2.974117873873954876e-02
-2.330368983026774241e-02
2.087137450494051458e-02
5.094019259590309989e-02
5.080950993724833026e-02
6.813376444417160172e-02
1.197229475717648262e-01
1.757533939142889856e-01
2.146821924875758625e-01
2.321487541238564101e-01
2.172459188358178694e-01
2.108625316237195124e-01
2.448952849267471976e-01
2.879469420464948470e-01
3.253452954155116594e-01
3.626285525034053103e-01
3.972812260267080675e-01
3.559380669988295720e-01
2.383890629974267927e-01
1.900435776017068978e-01
2.343851468561697904e-01
2.885624938183799504e-01
3.352129164700539676e-01
3.848269241702963472e-01
4.365379303784283627e-01
4.803162326336212207e-01
4.472401049223332925e-01
2.762941621433619988e-01
1.712437541955567633e-01
2.221243880539057747e-01
3.084196598535683398e-01
3.877913390363548207e-01
4.534106508670658342e-01
5.119209931399950619e-01
5.657826420554833424e-01
6.021147426862378804e-01
6.227701632939756093e-01
6.364602569414624655e-01
6.407044659251216467e-01
6.419398431786453862e-01
6.414536127217206340e-01
6.379599673104944246e-01
6.381928129622989054e-01
6.478547618507550787e-01
6.650419260578673830e-01
6.872260085378811834e-01
7.116752574340832194e-01
7.358995621928553499e-01
7.662647857222193437e-01
7.983612041526081393e-01
8.261789929427812984e-01
8.527700291446150827e-01
8.794809291437442056e-01
9.044595907165918769e-01
9.273978358906850294e-01
