-1.061920083440804838e-02
5.752265654166649998e-03
5.213036998552959822e-02
3.162303672222736839e-02
2.819925642316266357e-02
-3.774503750633370625e-02
-8.621412605018300424e-01
-1.155916828176428268e+00
-2.305539462702120290e-01
1.997887298927606969e-01
2.960394146604589105e-01
2.628533662509074942e-01
-7.231122818953976406e-02
1.324735761161698055e-02
9.103956069820322294e-02
1.295453867381173019e-01
1.177837036463622172e-01
1.010418785882949977e-01
8.065409159780070891e-02
7.606085331255416082e-02
4.743047736762017602e-02
9.266687909424757563e-02
7.041222061160358481e-02
2.296475249767680402e-02
3.512843004632384969e-02
4.307925365291012665e-02
-8.242483839822381531e-02
-4.156481973345681896e-02
7.725354115998228632e-03
2.914572454402322016e-02
5.284268870723832223e-02
7.573679440545616481e-02
5.578248504836241795e-02
-9.808499691081504768e-01
-2.866294965104427384e+00
-5.287109222582226931e-01
1.190071222543945262e-01
8.028928524447892512e-03
2.944852021673390330e-01
3.808702902414307090e-02
-2.211211953023311250e-01
1.743837650534358144e-02
1.865582381356655772e-01
4.417495674358230540e-01
4.775367030717563299e-01
4.174481930378395877e-01
-7.626584825770585385e-02
-6.040927438100979208e-02
5.304194384497646492e-02
1.917381252353964338e-01
2.102231473879336565e-01
1.794634794766472585e-01
-2.752474903690938501e-01
-1.353894754996487038e+00
-1.409373189839517593e-01
2.758946167941077610e-01
3.821519569426699015e-01
2.306167392918166970e-01
1.814803257273838177e-01
2.630035366212712944e-01
2.356729278975568109e-01
1.989526063242269549e-01
-2.157581376437113507e-01
-2.628989179722949765e-01
1.246808602649395054e-01
2.857312868589290678e-01
3.135622122556782632e-01
3.072128926999249665e-01
2.990986167566193066e-01
2.198482178953536093e-01
1.742819424362527028e-02
3.718834291382985824e-02
1.398670552007212631e-01
1.673547474259474144e-01
1.074325166571393764e-01
1.205656001014602935e-01
1.732177558618690771e-01
2.020194719395151661e-01
9.427118190162876721e-02
-1.118403030379584717e-02
1.251605945952246890e-01
1.169215004366346150e-01
3.429232181549678876e-02
6.772528840139643846e-02
1.495922984496554642e-01
1.647597683707815730e-01
2.495999777985093426e-01
2.475503153245331434e-01
1.777917224180649847e-01
2.103423533669468715e-01
2.018266882451480448e-01
2.030098234386630562e-01
1.249760465678414617e-01
9.713243029283853691e-02
1.453638969823314586e-01
1.698204506694068472e-01
1.676850043027222070e-01
2.225146058561806861e-01
2.545478274647413608e-01
1.920063156393486958e-01
1.755644581092331569e-01
1.280067846337935022e-01
9.695346768278195748e-02
1.150310652635390535e-01
8.377137025957448468e-02
1.581985148760655380e-01
2.262498398734018035e-01
2.750767854312520799e-01
3.371145791061306851e-01
2.772266288734770989e-01
1.445480220043170450e-01
-1.328565094711624608e-02
-6.978147318794315768e-02
-7.668638254480795169e-01
-1.175809441685053969e+00
-2.816033055896823845e-01
2.303129485690947886e-01
4.064597163389431778e-01
9.697699730250546046e-02
-6.631498772552997523e-02
3.607452479886923413e-01
5.589368234145459802e-01
5.288688159251475618e-01
3.576534015591753546e-01
2.136578088086089067e-01
-1.628012876080663085e-01
2.795617801538973213e-01
5.228924199325120092e-01
4.979483896813254318e-01
4.865469935480596919e-01
5.419994894388665552e-01
4.961108587304349227e-01
-6.465475570601615374e-01
-9.290618722551887698e-01
2.597460624586735989e-01
6.289260529445815928e-01
5.297616700849790972e-01
5.766557290069239672e-01
6.471606214695933001e-01
6.841956089041050237e-01
5.900787681786064942e-01
-5.115183829058027598e-01
-1.813789060969904554e+00
1.483854998500838129e-01
7.679392596091635381e-01
8.734054120938925525e-01
7.987279941222357182e-01
7.563500278818717781e-01
7.668360771705338141e-01
7.564881499550614175e-01
5.489270787301541166e-01
5.198841776081201127e-01
4.534298446556767614e-01
3.690739470448296533e-01
3.876702909529997632e-01
3.346777030872327696e-01
3.221124217840781179e-01
3.802008396771224263e-01
4.714663798389659988e-01
5.153059802088155728e-01
5.803199080995488091e-01
5.845070478718709106e-01
6.036773744124727115e-01
7.113566170780430964e-01
6.787268152759524664e-01
6.842027291694378066e-01
6.434804541038061654e-01
6.331410484273952699e-01
6.337957330585820559e-01
6.553203807538601211e-01
6.872644314066534976e-01
7.118838775266096430e-01
7.361416371194365871e-01
7.419096768374550122e-01
7.365374633516713621e-01
7.193056040130996198e-01
7.046818028105540366e-01
6.942933450697954534e-01
7.004169986436898920e-01
7.003724373919258950e-01
7.081888112919247913e-01
7.237353594301110249e-01
7.465491209422019381e-01
7.826874918202616493e-01
8.267915839020613111e-01
8.333627374991667836e-01
8.514108665357742467e-01
8.371847835317451914e-01
8.427303456792378800e-01
8.273811396019112863e-01
8.180479702003936593e-01
8.156395158066822582e-01
8.278931978502613864e-01
8.454926901008394946e-01
8.687208338674005104e-01
9.091841231461379458e-01
9.323489107055785707e-01
9.551693629184351275e-01
9.529066551087289616e-01
9.310380685512322785e-01
9.047760692366163537e-01
8.962127571405091864e-01
8.911888164288056524e-01
8.916878400325691789e-01
9.061420258562348229e-01
9.325827317364355773e-01
9.583971041676179192e-01
9.575734362980075076e-01
9.609480159830720014e-01
9.635604471901030310e-01
9.447301369635044965e-01
9.320527303253997031e-01
9.252697606401940611e-01
9.288960900531396669e-01
9.348415966411858236e-01
9.468333451610932983e-01
9.764078690693466234e-01
9.974095207567000854e-01
1.004839750722094527e+00
9.940782389900151284e-01
9.774608792681137581e-01
9.595845082975688056e-01
9.558683421396316771e-01
9.548636179671410318e-01
9.505119119036309350e-01
9.528616458503608166e-01
9.538749514339377455e-01
9.644286824793936175e-01
9.824495990878564511e-01
9.977160198131472812e-01
1.004935800696570958e+00
1.000055565947844505e+00
9.939138765001144238e-01
9.772122838978172243e-01
9.705036844645803518e-01
9.514828621480427850e-01
9.444438144461727580e-01
9.476817085568478571e-01
9.516960178035545059e-01
9.672443606320754173e-01
9.885460154263668864e-01
9.955926593017405679e-01
1.006334834564395431e+00
9.818326100568652848e-01
9.524057727917829563e-01
9.329203822684593028e-01
9.142843139975627142e-01
9.104035933045985240e-01
9.066532396799101834e-01
9.167657335254810747e-01
9.346292120267689629e-01
