-6.087385738127123639e-06
-3.613779012270701776e-05
-7.248761906965666140e-05
-9.128433671613884657e-05
-1.001333238933062303e-04
-1.133515871319608673e-04
-2.515553919414056407e-04
-8.858064603055915446e-04
-2.037550707133748643e-03
-3.221073101847301938e-03
-4.165283389769341461e-03
-4.840109267325655093e-03
-5.333703873763349403e-03
-5.807376214145969565e-03
-6.245192377443272921e-03
-6.605354257215223859e-03
-6.877630489956307325e-03
-7.075397192722782808e-03
-7.219625959859490849e-03
-7.327496231016510791e-03
-7.407025601982124979e-03
-7.467274607990649453e-03
-7.492677233510422474e-03
-7.497031663139152452e-03
-7.505800147379735991e-03
-7.515344826659626359e-03
-7.532388799555041203e-03
-7.603754127150733413e-03
-7.709873934149057487e-03
-7.819489200324459058e-03
-7.918984274237811719e-03
-7.997260110994839147e-03
-8.047980381532418223e-03
-8.201419106252549884e-03
-9.102580640050379757e-03
-1.126718935595834303e-02
-1.362167482331700166e-02
-1.568447443817984344e-02
-1.747917255606155559e-02
-1.898093868942858642e-02
-2.035045573893714058e-02
-2.171504729561028399e-02
-2.297388636127001976e-02
-2.401566551313111947e-02
-2.474299373195613244e-02
-2.516994970493182521e-02
-2.541319358980028906e-02
-2.570354510404475670e-02
-2.605250820117062382e-02
-2.638161888854284945e-02
-2.662343881356711572e-02
-2.677174833900396178e-02
-2.690029425573930294e-02
-2.732967410105349715e-02
-2.837404226881730385e-02
-2.948171351323372602e-02
-3.035495410897881205e-02
-3.097545206741740553e-02
-3.145068893856174663e-02
-3.182120346680904210e-02
-3.207253850289923380e-02
-3.222984813194133824e-02
-3.236471551255998280e-02
-3.266090208301830611e-02
-3.310502959566079262e-02
-3.348629979042394567e-02
-3.370487748815844536e-02
-3.376792871550086256e-02
-3.370320905818831314e-02
-3.353410235545145612e-02
-3.331620298712692496e-02
-3.314598269874671765e-02
-3.299641471553430017e-02
-3.281800609650521033e-02
-3.261370892801960381e-02
-3.240559741936945709e-02
-3.218661613905376973e-02
-3.193481525076462962e-02
-3.165577086252822914e-02
-3.141014716285751851e-02
-3.123537128127476178e-02
-3.106164633109655820e-02
-3.086807963036666130e-02
-3.068192537147180696e-02
-3.049590009376668132e-02
-3.028694411786798241e-02
-3.004515916260815100e-02
-2.974772442038974354e-02
-2.940398933944157397e-02
-2.903432292179158880e-02
-2.864285089308683807e-02
-2.824090534840578703e-02
-2.783986851497359527e-02
-2.747509067594250051e-02
-2.714948280747074214e-02
-2.682471348889346741e-02
-2.646531324966480692e-02
-2.606800312601319572e-02
-2.562776804323300614e-02
-2.514590703938172217e-02
-2.464641418154761218e-02
-2.415849814382843921e-02
-2.370576626076289009e-02
-2.330172359308588237e-02
-2.294123307039799137e-02
-2.262424833672517857e-02
-2.232010974898906638e-02
-2.199931630968930338e-02
-2.163455510558495026e-02
-2.120075913537318446e-02
-2.074464827070927539e-02
-2.035605836165392188e-02
-2.011341534522467084e-02
-2.011413268124949763e-02
-2.068123117159635996e-02
-2.186573756555519610e-02
-2.318611180796498888e-02
-2.432041549753105603e-02
-2.522829146566855571e-02
-2.608932863212467396e-02
-2.696577192616721533e-02
-2.767684617638390202e-02
-2.812833149587496903e-02
-2.838041700319217375e-02
-2.854635687260265869e-02
-2.874086962834256423e-02
-2.906786933743411502e-02
-2.933269308114023338e-02
-2.940204002184807625e-02
-2.929144590618621563e-02
-2.902510687273089987e-02
-2.859693289250495041e-02
-2.816220437019308770e-02
-2.823788673992923617e-02
-2.881357471700454406e-02
-2.929911901301212457e-02
-2.946667417225420915e-02
-2.937558046321767785e-02
-2.905464330301110037e-02
-2.849443929035346337e-02
-2.770909206472550734e-02
-2.689723245465762066e-02
-2.669186838553443825e-02
-2.738552010984797794e-02
-2.805973426144377572e-02
-2.828644717635948186e-02
-2.803325903147010217e-02
-2.740209688369127372e-02
-2.650252642169714443e-02
-2.535120170043963714e-02
-2.396073286173197939e-02
-2.243812766895189603e-02
-2.084330982350882100e-02
-1.924772267969830641e-02
-1.769563420460462666e-02
-1.618085377598210348e-02
-1.472360515828900936e-02
-1.331845056061981350e-02
-1.190576165135942728e-02
-1.041466493805876838e-02
-8.804929996708558970e-03
-7.063251411765234314e-03
-5.197888073398969529e-03
-3.206795128187562693e-03
-1.044326558416280165e-03
1.266016536016941786e-03
3.719331730121398002e-03
6.312041849775225019e-03
9.036631851387238318e-03
1.186941494735781200e-02
