-5.807643815436478452e-01
-5.819848112360186398e-01
-5.844782142977822392e-01
-5.890896317851421760e-01
-5.931986748490938322e-01
-5.892582465711216910e-01
-5.820671968988903044e-01
-5.821709124487266518e-01
-5.834114470960733989e-01
-5.854678099734655916e-01
-5.882086455675967773e-01
-5.915763079166862504e-01
-5.944545002433307967e-01
-5.967219935745186055e-01
-5.998224275463690525e-01
-6.039213401552659954e-01
-6.089785768523672260e-01
-6.148408207289166594e-01
-6.213189542848105429e-01
-6.286835321261486920e-01
-6.366611176303271780e-01
-6.469100058239234396e-01
-6.612255544429828102e-01
-6.745324781306506479e-01
-6.862248232660552727e-01
-7.015236283661532291e-01
-7.026325965482056457e-01
-6.923946502516239443e-01
-6.904453473004230624e-01
-6.940030610855912885e-01
-7.014636831226862546e-01
-7.156130179729792706e-01
-7.337497713485225947e-01
-6.532806769281549464e-01
-6.043248216607796097e-01
-5.967573563705191875e-01
-5.975297314337592036e-01
-5.993925369688566374e-01
-6.018534179494327008e-01
-6.046508431270793960e-01
-6.064542157842780501e-01
-6.083368992449293966e-01
-6.115110479546832511e-01
-6.166260582222327091e-01
-6.243294103643484139e-01
-6.345483588968617861e-01
-6.427849706657495776e-01
-6.467750869916624179e-01
-6.518211405289437987e-01
-6.602664892988900913e-01
-6.726474022800972286e-01
-6.878341619177885669e-01
-6.911040405202761860e-01
-6.608240099473390305e-01
-6.450029532602310489e-01
-6.471039566765395268e-01
-6.552123592668008811e-01
-6.646917381107539935e-01
-6.733131682369851712e-01
-6.847010488473672662e-01
-6.998954950852604995e-01
-7.172784643252009262e-01
-7.203092766522014578e-01
-7.064800760042020400e-01
-7.036894837756756393e-01
-7.180566814582993729e-01
-7.446581885184989646e-01
-7.838912157891163579e-01
-8.451176805898827915e-01
-9.459853470520278584e-01
-1.033119047909132338e+00
-1.074336954046173798e+00
-1.195286316798774173e+00
-1.478522880774735038e+00
-1.964172990960160625e+00
-2.957405397076275477e+00
-2.679642005741059663e+01
1.694213452204817560e+00
7.762541846976876991e-01
1.128179379913386349e+00
1.617904047339352225e+00
9.715657997132652879e-01
7.235763061350110048e-01
6.905638969201711719e-01
5.024524040434953376e-01
2.805966892046015682e-01
6.614341268579304600e-02
-9.531594131322718155e-02
-1.819720188919906612e-01
-2.378739123965878388e-01
-2.773811393304876916e-01
-3.050038349619579314e-01
-3.160561967057288202e-01
-3.098330409912739558e-01
-3.072242868044586794e-01
-3.236846760513393262e-01
-3.476694045311781167e-01
-3.708412676417592868e-01
-3.937920170168367484e-01
-4.118189711794454366e-01
-4.224850915593361123e-01
-4.269325415911685573e-01
-4.258187200698072550e-01
-4.218542595868067790e-01
-4.150387796596838319e-01
-4.082577399738782642e-01
-4.083685615899356192e-01
-4.154579226795885871e-01
-4.312769776097946650e-01
-4.466472748392290582e-01
-4.504314581880146662e-01
-4.365124667387334512e-01
-3.961231030460697911e-01
2.104628386456660616e-01
-7.299060875642162660e-01
-6.564941393894784261e-01
-6.466618905551585472e-01
-6.485643051772902457e-01
-6.499015820851516967e-01
-6.462116857328034092e-01
-6.464058613012493293e-01
-6.550041626942120221e-01
-6.695715983359968870e-01
-6.851490696684954251e-01
-6.968358909703151749e-01
-6.934344816776210063e-01
-6.916702677397823518e-01
-7.116009136509741095e-01
-7.548444141810408681e-01
-8.359539241931608355e-01
-1.087360537885165845e+00
1.239012988803953697e+01
-2.011781655200832741e+00
-7.838916705886285197e-01
-7.203793276865363415e-01
-7.495510865755588004e-01
-8.323913379331414619e-01
-1.065534312968001052e+00
5.420500880908551089e+00
-2.203716132351697388e-01
-3.945481909032549916e-01
-3.820725410959020518e-01
-1.371811086449833850e+00
-7.431367678919457154e-01
-7.743581309827189951e-01
-1.032152676365942989e+00
2.437028215953048749e-01
-3.552102749512984214e-01
-4.502855511687400281e-01
-4.933240079336694839e-01
-5.150619875442198348e-01
-5.273489242667385168e-01
-5.354429620589169492e-01
-5.408236209268040273e-01
-5.450909443250904207e-01
-5.486848170672793401e-01
-5.516413876717527476e-01
-5.545719526712930003e-01
-5.578665956779174095e-01
-5.613730430260386317e-01
-5.648187835153442027e-01
-5.680533856531002623e-01
-5.710296159452851184e-01
-5.738622960674772955e-01
-5.765071828078378591e-01
-5.789400642846809220e-01
-5.812061631882696755e-01
-5.833265325972248894e-01
-5.853336033441867148e-01
-5.872553696294769976e-01
