-1.733414748450540444e+00
-1.734624744503390881e+00
-1.732702563966557197e+00
-1.733762354901688285e+00
-1.734580030667274730e+00
-1.736190906625525443e+00
-1.732645824567199622e+00
-1.733665079878312421e+00
-1.734549774697192515e+00
-1.735902048404988962e+00
-1.737932190702207835e+00
-1.740900948977790463e+00
-1.743441119617366697e+00
-1.745079002197554852e+00
-1.748035763841054857e+00
-1.753119960465327365e+00
-1.761339026605560631e+00
-1.774425596614943590e+00
-1.796654839014912852e+00
-1.843912154328180675e+00
-1.977179409321283110e+00
-8.312875550869001096e-01
-1.583303675050723891e+00
-1.628627875899317345e+00
-1.643800928706521836e+00
-1.658826547909310722e+00
-1.643015303187955301e+00
-1.560533026841260051e+00
-1.482298811067144007e+00
-1.528436367790259043e+00
-1.600366782527586018e+00
-1.649746314076347087e+00
-1.672533362743648055e+00
-1.774103696193527924e+00
-1.739010383802454651e+00
-1.737604485918527120e+00
-1.738829230616933730e+00
-1.740508994512435237e+00
-1.742632548920568958e+00
-1.745076990238347170e+00
-1.746586792291335177e+00
-1.748149558383801816e+00
-1.751109739434134394e+00
-1.756906865573668597e+00
-1.768996764365672991e+00
-1.795753968962624292e+00
-1.821869379620110641e+00
-1.818614060681768008e+00
-1.825404277581202273e+00
-1.865375791695931929e+00
-2.062020578143462401e+00
-7.691921146660594122e-01
-5.191468423455659398e+00
-1.789904543421492633e+00
-1.765596322210883695e+00
-1.770209746472232171e+00
-1.786390038442442485e+00
-1.816963111039615830e+00
-1.867452678110042008e+00
-2.074436210692774285e+00
-1.166476855211720842e+00
-1.555822993292852452e+00
-1.529153551401096323e+00
-8.702979288642000100e+00
-2.377625145355867442e+00
-1.297538400162108641e+00
-1.605086151356798885e+00
-1.658717409569033574e+00
-1.680310495241013946e+00
-1.690717374940442275e+00
-1.693472731251395302e+00
-1.692987269625840785e+00
-1.694753496322003450e+00
-1.698440915054417522e+00
-1.701191991770528045e+00
-1.703177397605591059e+00
-1.705800331181541951e+00
-1.708921761885227264e+00
-1.711009040069328968e+00
-1.711367844174522368e+00
-1.712070491346157741e+00
-1.713740470733363885e+00
-1.714720123625994130e+00
-1.715417956235851360e+00
-1.716935252652800781e+00
-1.718946907479542263e+00
-1.721247514657020750e+00
-1.723524716106025423e+00
-1.725314822238154688e+00
-1.726882549276467671e+00
-1.728383496814997589e+00
-1.729784351885738314e+00
-1.731067425196776366e+00
-1.732284697557783026e+00
-1.733505287080558510e+00
-1.734705910022319220e+00
-1.735875063485737169e+00
-1.736972691529304891e+00
-1.737956462101472255e+00
-1.738957729237988303e+00
-1.740040238446153742e+00
-1.741215584103268377e+00
-1.742533115604169014e+00
-1.743880083123901192e+00
-1.745277892532540287e+00
-1.746533773079871787e+00
-1.747330619586665135e+00
-1.747765405198141275e+00
-1.747913157196330669e+00
-1.748170111184523590e+00
-1.749045909209713923e+00
-1.750842384227054627e+00
-1.753524748955064272e+00
-1.761479029608684188e+00
-1.807690825760459807e+00
-8.616753938140111480e-01
-1.128880570065641020e+00
-1.956033919925643572e+00
-1.845327306217775964e+00
-1.848395144658096623e+00
-1.821997300051594770e+00
-1.784781589615536568e+00
-1.768813595339424172e+00
-1.762862471768301909e+00
-1.761209726237053630e+00
-1.763633040418866482e+00
-1.765274102546155577e+00
-1.761944307516418284e+00
-1.758696043629986772e+00
-1.756729485415267966e+00
-1.755271216636083098e+00
-1.754309176815490146e+00
-1.757464654364027989e+00
-1.769018804672108258e+00
-1.778591657877346410e+00
-1.772694762284404035e+00
-1.767053719958257885e+00
-1.763591838839557058e+00
-1.760761664555045680e+00
-1.758509828211334058e+00
-1.757165201937765486e+00
-1.759664799283361836e+00
-1.774966115881719597e+00
-1.798389304475268569e+00
-1.788261708404519590e+00
-1.775537913052847916e+00
-1.768264574283074042e+00
-1.764198245805465914e+00
-1.761572054340098115e+00
-1.759774236622979604e+00
-1.759054563658813297e+00
-1.759086063018569401e+00
-1.759437337212258035e+00
-1.760182210095373900e+00
-1.761084831347758284e+00
-1.762086707324006296e+00
-1.763244999305439320e+00
-1.764271146837971704e+00
-1.764897436993102309e+00
-1.765195960745122195e+00
-1.765262647240380955e+00
-1.765242560541473216e+00
-1.765251173236657367e+00
-1.765048861022578297e+00
-1.764819329642555612e+00
-1.764761835040395965e+00
-1.764875024959916994e+00
-1.765156981988921459e+00
-1.765508535350927888e+00
-1.765859020843745464e+00
-1.766149858546458784e+00
-1.766384105329257048e+00
-1.766582769516467311e+00
-1.766786873495256538e+00
-1.767047891235149049e+00
-1.767399335495759116e+00
-1.767845853082334662e+00
-1.768365794019678860e+00
-1.768914814059404650e+00
-1.769473621057215951e+00
-1.770036099414475927e+00
-1.770573701767424790e+00
-1.771061302883534916e+00
-1.771466050120534597e+00
-1.771759404947958805e+00
-1.772008519636362411e+00
-1.772258793000739852e+00
-1.772549571153209547e+00
-1.772893079907046587e+00
-1.773289633246787789e+00
-1.773756083546544682e+00
-1.774264746785662927e+00
-1.774775387957716610e+00
-1.775254946458840299e+00
-1.775687205767759513e+00
-1.776037552637146799e+00
-1.776316874793756551e+00
-1.776559684121589600e+00
-1.776812854652785045e+00
-1.777145444733273738e+00
-1.777586354008309444e+00
-1.778103674334619910e+00
-1.778658869316314117e+00
-1.779233898938355152e+00
-1.779794905534112459e+00
-1.780300909828206102e+00
-1.780738273351325951e+00
-1.781157364674861965e+00
-1.781592477729174950e+00
-1.782037370751815564e+00
-1.782527853218009772e+00
-1.783082244566771557e+00
-1.783676784972794582e+00
-1.784281880622040406e+00
-1.784876340106169135e+00
-1.785446249528695128e+00
-1.785953343913045721e+00
-1.786389186539766971e+00
-1.786795177013220659e+00
-1.787225362150443697e+00
-1.787715834155207517e+00
-1.788273512133752519e+00
-1.788871532678730114e+00
-1.789480274772018209e+00
-1.790099947616061504e+00
-1.790722837620188690e+00
-1.791339899954612402e+00
-1.791936192084270463e+00
-1.792483994667461999e+00
-1.792978876643696040e+00
-1.793442858777746673e+00
-1.793912461568516914e+00
-1.794409056045362050e+00
-1.794951754033775826e+00
-1.795536706796933224e+00
-1.796167078755233071e+00
-1.796838318978445148e+00
-1.797509143374707907e+00
-1.798160288192908407e+00
-1.798769387597814795e+00
-1.799308132691785911e+00
-1.799797349400984237e+00
-1.800257316202937607e+00
-1.800749834810975614e+00
-1.801342053058990533e+00
-1.802018120110719712e+00
-1.802754811816341896e+00
-1.803518793256817521e+00
-1.804281858141964623e+00
-1.805015654599564145e+00
-1.805680523874537480e+00
