-2.975738214678036009e+00
-2.973231759810580854e+00
-2.972143821194957347e+00
-2.969083922371165585e+00
-2.965008044517416064e+00
-2.956389360434978464e+00
-2.984189798645163982e+00
-2.975545495209653168e+00
-2.970048146837650727e+00
-2.961362123229172028e+00
-2.946370665175281900e+00
-2.919461186004154385e+00
-2.898431491814319472e+00
-2.891353664364382681e+00
-2.866256451019531859e+00
-2.805225930605460327e+00
-2.648739022089114936e+00
-1.953584378864031468e+00
-4.744663797071383193e+00
-3.537530503028834872e+00
-3.357059082561834717e+00
-3.245068479602458034e+00
-3.176410695525897054e+00
-3.155725997613695988e+00
-3.144501593262060801e+00
-3.127285495007715355e+00
-3.149982989338255379e+00
-3.221747287757641409e+00
-3.239879493776010477e+00
-3.196195836095089504e+00
-3.143639060407838137e+00
-3.099697157854145679e+00
-3.073462319231841100e+00
-2.838317791694956238e+00
-2.961336767654255020e+00
-2.961681686343122788e+00
-2.952919173067928504e+00
-2.941372972185005263e+00
-2.926066235643775215e+00
-2.907958146304006952e+00
-2.899354006961027075e+00
-2.890032806410937294e+00
-2.867027496191612457e+00
-2.808486330250659080e+00
-2.596584770391318298e+00
-4.719384889490012114e+01
-4.777412715048088288e+00
1.563338087579741575e+00
1.141727345271892347e-02
-5.182126476790438474e+00
-3.577231094898818853e+00
-3.343629588312642120e+00
-3.473478715708218978e+00
-2.718000591712151248e+00
-2.843516352889019494e+00
-2.792203370247033689e+00
-2.560251758973700831e+00
2.651669045758853649e+00
-3.868925819935712607e+00
-3.392295139182961439e+00
-3.240712565968673964e+00
-3.180061127401237364e+00
-3.203569830966294774e+00
-3.376667042155566012e+00
-3.441964777760947225e+00
-3.243683304566874703e+00
-3.145442064553269468e+00
-3.098580381233714043e+00
-3.071520800659583994e+00
-3.055949130986729045e+00
-3.050442983964682497e+00
-3.049177788334684003e+00
-3.043474132294069712e+00
-3.033577903155495470e+00
-3.025065138302185375e+00
-3.017775508405150298e+00
-3.009622192345621006e+00
-3.001082681478492553e+00
-2.993787496059109543e+00
-2.987613334626948003e+00
-2.981123181345071149e+00
-2.974472450117849220e+00
-2.967604494577877006e+00
-2.960483472623927526e+00
-2.954409165437671625e+00
-2.949418737833244375e+00
-2.945619651649568738e+00
-2.942401352006862592e+00
-2.937843425020145283e+00
-2.932934151754965413e+00
-2.928564502874427156e+00
-2.924170272662932835e+00
-2.918626719100289257e+00
-2.911650338094813772e+00
-2.905212879105151025e+00
-2.899638383547768150e+00
-2.894057629483741678e+00
-2.890149025470959643e+00
-2.888313171370817223e+00
-2.884952401430496138e+00
-2.879957701738943943e+00
-2.873876372257530676e+00
-2.866279694523139909e+00
-2.859034324849544895e+00
-2.851681895955331392e+00
-2.846486226332068270e+00
-2.846055533632361190e+00
-2.848181275981944260e+00
-2.851210048478927561e+00
-2.852111633824030434e+00
-2.847893403151159575e+00
-2.837137683857410053e+00
-2.821145970655593693e+00
-2.772057399495758467e+00
-2.560600920349389575e+00
-2.032922688550114820e+00
-2.315066936537794717e+00
-2.591890574343276299e+00
-2.668898789229615875e+00
-2.667644490467591112e+00
-2.697896140399203890e+00
-2.755892040729032821e+00
-2.792370903917564817e+00
-2.807163706262687963e+00
-2.808077010179782285e+00
-2.791988286629099925e+00
-2.782549294083019653e+00
-2.796740525351100626e+00
-2.810439853814882927e+00
-2.818293781396827846e+00
-2.824191845453908112e+00
-2.827558642673307254e+00
-2.805036187942580472e+00
-2.735139195060123818e+00
-2.694794341830637041e+00
-2.733859424449186726e+00
-2.763644685664727874e+00
-2.780573617602748460e+00
-2.794187760978483759e+00
-2.804791136790725670e+00
-2.810543996080092199e+00
-2.792139209774858966e+00
-2.693680282867660924e+00
-2.583726297131964778e+00
-2.657981812729200755e+00
-2.723553076098312431e+00
-2.757405562064269233e+00
-2.776265815679010096e+00
-2.788560400166751663e+00
-2.795698605564463257e+00
-2.796225986656155182e+00
-2.793011423390775683e+00
-2.789198265156151990e+00
-2.783921137108883226e+00
-2.778334141866756646e+00
-2.772625005332813863e+00
-2.766512427732327861e+00
-2.761505937841402858e+00
-2.758908854005949873e+00
-2.757874633439648449e+00
-2.757998689496949929e+00
-2.758583853392224228e+00
-2.759028512678726841e+00
-2.760706090375889765e+00
-2.762176109723348816e+00
-2.762067849320906099e+00
-2.761335469654432551e+00
-2.760656394248647061e+00
-2.759666760800700835e+00
-2.758351324766936230e+00
