-2.166337670113980707e+00
-2.164533343160796708e+00
-2.163718657582667237e+00
-2.161579225348157163e+00
-2.158748720032827695e+00
-2.153158196326211193e+00
-2.173624634899455010e+00
-2.166435897361690177e+00
-2.162500902690196014e+00
-2.156762135966197924e+00
-2.147687673471529557e+00
-2.133172003481575096e+00
-2.120787730438144170e+00
-2.114028691301949703e+00
-2.099203582469026497e+00
-2.069075841290511253e+00
-2.008202985092003345e+00
-1.863345100070667115e+00
-1.150013902354228845e+00
-3.317274966093458399e+00
-2.614230094366284618e+00
-2.430765201032001777e+00
-2.348055123682355472e+00
-2.321297595358127630e+00
-2.306793502498953430e+00
-2.290332388073571757e+00
-2.301850904074253634e+00
-2.342791121990077663e+00
-2.355094617359291043e+00
-2.332084138301316667e+00
-2.298648319851791744e+00
-2.267183811462294418e+00
-2.246684350314328338e+00
-1.980420508766347343e+00
-2.152761080836808283e+00
-2.154790900268980458e+00
-2.149280747653358858e+00
-2.142037103325406200e+00
-2.132701143524455834e+00
-2.121721344221634720e+00
-2.115283944399594329e+00
-2.108558131150542803e+00
-2.094692375867991174e+00
-2.064164985064313562e+00
-1.983029662394132364e+00
-1.636329159630065533e+00
-7.664121322133008452e-01
-1.305807576191159391e+00
-1.217907664724824812e+00
3.165476606134852133e+01
-2.845745662043028368e+00
-2.518868110489776324e+00
-2.599453842986673813e+00
-1.912633147729806860e+00
-2.048258528689883562e+00
-2.017528307220638695e+00
-1.885643393325768580e+00
-1.172847053536976603e+00
-3.734714542973784912e+00
-2.605589192865112036e+00
-2.414202755458492611e+00
-2.347178175012671453e+00
-2.355683038883590097e+00
-2.460365502460635234e+00
-2.502168046512422084e+00
-2.381771809818509222e+00
-2.308120774397611541e+00
-2.269719642642093138e+00
-2.246849545844868068e+00
-2.233321220959968212e+00
-2.227699707280504260e+00
-2.225560949047417747e+00
-2.220912275349553600e+00
-2.213610730270393567e+00
-2.207162641031886530e+00
-2.201594572133639183e+00
-2.195478994590220889e+00
-2.189047011885350891e+00
-2.183498494237435139e+00
-2.178910965749393913e+00
-2.174130291177081897e+00
-2.169166649853213169e+00
-2.164226724189878492e+00
-2.159161248292262414e+00
-2.154496487688374540e+00
-2.150408411433871514e+00
-2.147059732965366674e+00
-2.144207302497288747e+00
-2.140755593178935712e+00
-2.137130266009775070e+00
-2.133832192564973251e+00
-2.130549763029251142e+00
-2.126632904355134190e+00
-2.121857887117949204e+00
-2.117301868788240338e+00
-2.113204835512608959e+00
-2.109107545526149874e+00
-2.105959165038465919e+00
-2.104103973175182496e+00
-2.101522265113792365e+00
-2.097997284768903459e+00
-2.093811255621532474e+00
-2.088673550232121201e+00
-2.083621578188131984e+00
-2.078456509829604837e+00
-2.074441533515505309e+00
-2.073254116056350238e+00
-2.073859105322952701e+00
-2.075323442909231542e+00
-2.075766572777638430e+00
-2.073184322468495822e+00
-2.066589897336921222e+00
-2.056680002566547039e+00
-2.028901199206777139e+00
-1.933158999607988093e+00
-1.760389021162956036e+00
-1.791177333401368532e+00
-1.896430000816265782e+00
-1.938956254376389854e+00
-1.939301543042873721e+00
-1.957967984301155706e+00
-1.996490694101989760e+00
-2.023350026058372109e+00
-2.035909013893464348e+00
-2.038697320970451976e+00
-2.030209688103035592e+00
-2.024706493194267765e+00
-2.033226190424040070e+00
-2.042272890339663416e+00
-2.048028707262891324e+00
-2.052545385529430000e+00
-2.055421473876262173e+00
-2.042605955973010090e+00
-2.003486048841263134e+00
-1.978019538200503247e+00
-1.994169506845694606e+00
-2.010176150141516960e+00
-2.020651624410359837e+00
-2.029834961443845120e+00
-2.037455550494053025e+00
-2.042095803637481666e+00
-2.031886609853656989e+00
-1.978186443330931965e+00
-1.918738377207390045e+00
-1.945568721257308731e+00
-1.980016125835206697e+00
-2.001372669276429761e+00
-2.014735939323913261e+00
-2.024123675094644970e+00
-2.030101100616368281e+00
-2.031660677361883049e+00
-2.030486846379199406e+00
-2.028595290121540717e+00
-2.025562130284867202e+00
-2.022096397767056963e+00
-2.018395084915852955e+00
-2.014318008370389101e+00
-2.010776116183899287e+00
-2.008612430820991612e+00
-2.007459171161544376e+00
-2.007106052633683468e+00
-2.007172747837725701e+00
-2.007261540632902186e+00
-2.008154971726544336e+00
-2.009044274332081326e+00
-2.009035031621909884e+00
-2.008621802727266203e+00
-2.008199703737863828e+00
-2.007570516066516930e+00
-2.006712139706240183e+00
