-1.091555955616206434e-02
5.432953767483436093e-03
5.347214234292051865e-02
3.477212942976343202e-02
3.217565143116477011e-02
-3.504097529468800515e-02
-8.849750634428911189e-01
-1.226159402396363118e+00
-3.187229269350482785e-01
1.313443926001276463e-01
2.555315127619115501e-01
2.452249363475150212e-01
-8.239748388198306350e-02
3.486001256658335934e-03
8.570084096991750777e-02
1.305309942235625131e-01
1.242515855454379842e-01
1.110300945227264413e-01
9.243250359613876255e-02
8.864889953562839209e-02
5.977138942137922434e-02
1.054377404503222676e-01
8.399202077382465770e-02
3.535701509856049168e-02
4.585594986422193015e-02
5.305381279148459889e-02
-7.632309513010297752e-02
-4.025613777682266609e-02
7.668071627691725248e-03
2.979236361811582121e-02
5.520440591551114412e-02
8.063087673196056571e-02
6.263201094607737107e-02
-1.001868967439959013e+00
-2.985933045571846911e+00
-7.040478876210777281e-01
-2.672349012384067635e-02
-1.029432833288483062e-01
2.155761463830597469e-01
-1.657271772809368326e-02
-2.703769637365765477e-01
-2.716004297154683833e-02
1.558243038930651470e-01
4.328041443842278180e-01
4.924610792001942738e-01
4.500655408734445251e-01
-4.505653082121507946e-02
-4.137656089915307117e-02
6.625050027504100769e-02
2.070265124469870266e-01
2.309513549062531534e-01
2.040399660206379251e-01
-2.610373190652429676e-01
-1.388462546640483408e+00
-2.048414281338325205e-01
2.293401541573072133e-01
3.617169551107424219e-01
2.286427146895321227e-01
1.888717684517277617e-01
2.787966870828943455e-01
2.591756975731125956e-01
2.268217759924701649e-01
-1.968713677044684474e-01
-2.619810967799902079e-01
1.214167785469240368e-01
2.928528922157611625e-01
3.333176438284753962e-01
3.372799985213166818e-01
3.368479037208302884e-01
2.612332034596260288e-01
5.421261856779661936e-02
6.628953099938103555e-02
1.664236597964462439e-01
1.951899757944324243e-01
1.352985394825751975e-01
1.474780911337510436e-01
2.012339158371958536e-01
2.329972085180685992e-01
1.252818607329316269e-01
1.444338540100395529e-02
1.480028578592172406e-01
1.406370505768057833e-01
5.623575158416602160e-02
8.733360641389020795e-02
1.705068026601419540e-01
1.890789638231812064e-01
2.793296607090116623e-01
2.834680892210425518e-01
2.165777095835740018e-01
2.506945175949685800e-01
2.440008825422844418e-01
2.465113450852486343e-01
1.674412527282454766e-01
1.362656084824623026e-01
1.826843026906415368e-01
2.076255852129253454e-01
2.064516012098788766e-01
2.635768938809971429e-01
2.996465299655464154e-01
2.393204996798669604e-01
2.227498455435898417e-01
1.734640782880689236e-01
1.391687208636376849e-01
1.545842310635851813e-01
1.208838755819639788e-01
1.948243893547622063e-01
2.662083681437065197e-01
3.206436170495522431e-01
3.899783406193171320e-01
3.356168806175316988e-01
2.022049736495326044e-01
3.637593220711066166e-02
-3.151739831542729742e-02
-7.581483426661832503e-01
-1.217784393187413050e+00
-3.475903040190997384e-01
1.809044432167854488e-01
3.867151640007419067e-01
9.563475364107365539e-02
-6.527724815920417367e-02
3.716835236670418263e-01
5.931203409638986512e-01
5.849192097457419637e-01
4.252397608211467839e-01
2.822466533474244921e-01
-1.072084921725063589e-01
3.286776433951408283e-01
5.842732873281670791e-01
5.739540017800384142e-01
5.730990074465658335e-01
6.381466980425841706e-01
5.998803364813189987e-01
-5.696615814688312796e-01
-9.076245104446796219e-01
2.648084872003460544e-01
6.595634024646678251e-01
5.861387262027368816e-01
6.520107285074796533e-01
7.403952848901981243e-01
7.941178315475245775e-01
7.113517053680706859e-01
-4.142057684932367589e-01
-1.797123427377590676e+00
1.267423821888256086e-01
7.800124529741796486e-01
9.290714200226540820e-01
8.885997065908481929e-01
8.698970281518401126e-01
8.981924028054064646e-01
9.018118208359984234e-01
6.992775274944189601e-01
6.686914790337891157e-01
5.987592258229810227e-01
5.080377086911955775e-01
5.204690813332053523e-01
4.618754483395787203e-01
4.435749334210786210e-01
4.987327355711392851e-01
5.918181097405881275e-01
6.406128374277871851e-01
7.124917800139833890e-01
7.238350283906127558e-01
7.493864893632755653e-01
8.656807216298705310e-01
8.415771297882309598e-01
8.532878597172995905e-01
8.166445136125188853e-01
8.084819470346551462e-01
8.108644849546026157e-01
8.346110325972704302e-01
8.699426224330920610e-01
8.988963711491307906e-01
9.280445851585047423e-01
9.386159546571899437e-01
9.372404059842973645e-01
9.227927402035750459e-01
9.098108081087706855e-01
9.003595620793112264e-01
9.074339064382149767e-01
9.085652481191170970e-01
9.178049772264226247e-01
9.353665287206440748e-01
9.610385868999200554e-01
1.001233236037336383e+00
1.050861566524269097e+00
1.063241051550180671e+00
1.086763111026094908e+00
1.077129236727769834e+00
1.086382803258612473e+00
1.073943211193219671e+00
1.066580120427883083e+00
1.065749505087169702e+00
1.079848833767062199e+00
1.099995237644899593e+00
1.126597197843927756e+00
1.171690747784163156e+00
1.200386625454666900e+00
1.229026229556713812e+00
1.232105530337407995e+00
1.214079270953782652e+00
1.189918716254006359e+00
1.182500040999196367e+00
1.178393365254787994e+00
1.179868554585828289e+00
1.195861513580787516e+00
1.224938112790310507e+00
1.254503191107045890e+00
1.257538384501395434e+00
1.264349639617595278e+00
1.270152294861066400e+00
1.253707341887748239e+00
1.242460065475345932e+00
1.236675689912739351e+00
1.241393395833921165e+00
1.248809521956936841e+00
1.262787323720933941e+00
1.295379499104831966e+00
1.320373556131374748e+00
1.331974078055255362e+00
1.324697808661256859e+00
1.310446851135222968e+00
1.293898458560315934e+00
1.291070354177998647e+00
1.291019351732633824e+00
1.287640020292780019e+00
1.291082354936902377e+00
1.293399493510249743e+00
1.305653622456442564e+00
1.326113858716414295e+00
1.344491007340702593e+00
1.355053889466516504e+00
1.353172177967105982e+00
1.349444266598073261e+00
1.334380096986060860e+00
1.328737425824398688e+00
1.310229485339706956e+00
1.303316579154570443e+00
1.306945842010712289e+00
1.311816679176512901e+00
1.328919153701354272e+00
1.352745736214884253e+00
1.362807198375359352e+00
1.376713109343237651e+00
1.354595572895994859e+00
1.325984465966276060e+00
1.306259464623475974e+00
1.286819781487254177e+00
1.282124720007474350e+00
1.277896588215466034e+00
1.288176558264421123e+00
1.307245644350718106e+00
