1.151322835680479786e-02
1.848699126982451466e-02
5.611255008062030619e-02
3.143315687961542593e-02
3.043034934374021228e-02
-3.529399945452670051e-02
-7.936942829535145183e-01
-9.782048967195937639e-01
-3.740522242752580828e-02
3.183542687903813118e-01
3.384333254482777553e-01
2.540902366430294324e-01
-8.572607177899492503e-02
8.311837902381158383e-03
8.250429843386022921e-02
1.150117395569987544e-01
9.359622516390879443e-02
7.717879497344143358e-02
5.974923167119141482e-02
5.429010969576356094e-02
3.103871390598091778e-02
7.423939023475933929e-02
5.087908459987603577e-02
1.228384725685564144e-02
2.915491279103824690e-02
3.540801155158139479e-02
-7.860769079068014031e-02
-2.747986071484061557e-02
2.215663856577718485e-02
4.197241823862634530e-02
6.117048484674159070e-02
7.688263049744663291e-02
5.281589719222193335e-02
-9.111697323202387899e-01
-2.554483935072370038e+00
-1.337238219395527894e-01
3.840835522510451794e-01
1.684298467855938619e-01
3.798024334617298159e-01
7.236968090420714539e-02
-1.786857491839482504e-01
5.663500700799845022e-02
1.984763615656991997e-01
4.104288285711331641e-01
4.071646730188714369e-01
3.217491847001313632e-01
-1.486489238936388735e-01
-8.743196484455802164e-02
4.332991798830589103e-02
1.813935282037001939e-01
1.861819146820930526e-01
1.471582163841457791e-01
-2.775288599990520799e-01
-1.230762380547923529e+00
3.211541386831609501e-02
3.819699390401417594e-01
4.151205070723778534e-01
2.322866543776624937e-01
1.609064664521378529e-01
2.323601576757721721e-01
2.009646988597932615e-01
1.562111393105501678e-01
-2.266103559540253165e-01
-2.230023004349114824e-01
1.566003355790614449e-01
2.821365943823628264e-01
2.900060197494991887e-01
2.684524686719678144e-01
2.463999676352099100e-01
1.470998962191857884e-01
-2.078177433308961430e-02
-7.897460613386364514e-04
1.143740866413616164e-01
1.554787711815017459e-01
8.798708322094594969e-02
1.037342455454173251e-01
1.566481261493661015e-01
1.852071527471889634e-01
7.750509770419411470e-02
-4.805021839660889027e-03
1.261586617819622502e-01
9.227726078829262546e-02
8.855544413925886538e-03
5.865840290829424375e-02
1.523013800585327204e-01
1.639262744375825642e-01
2.443765082742765382e-01
2.317273770114727793e-01
1.408166530481542167e-01
1.861578485993320431e-01
1.846688659579245329e-01
1.846071239152031751e-01
1.129452344384732632e-01
9.092535399240292415e-02
1.368886584493773095e-01
1.365164343740859487e-01
1.342239961044141006e-01
2.034879380113778224e-01
2.348379265364554103e-01
1.545587062377370424e-01
1.578502140612011440e-01
1.125502425190600397e-01
9.490720374277822335e-02
1.214738356544303177e-01
9.436485528027788172e-02
1.785357894646747434e-01
2.473005225796883755e-01
2.856119365372907781e-01
3.190956753074848384e-01
2.534081004673897075e-01
1.358338744859910463e-01
5.601026184834767552e-03
-2.902981022947204170e-02
-6.421271592956639962e-01
-9.480234906043937260e-01
-2.400079588235529138e-02
4.168453462943710885e-01
5.098278984617314880e-01
1.629338011796050978e-01
4.603597736047182476e-03
4.259989309278457981e-01
5.664027577209156394e-01
5.093216810771001857e-01
3.219495632886008041e-01
1.808908767393863637e-01
-1.617049432331142400e-01
3.152302392725745417e-01
5.222873820202196260e-01
4.636672855749172095e-01
4.377884847186888084e-01
4.746126649393419550e-01
4.079763848236580559e-01
-6.425764101163816688e-01
-8.143856323603080316e-01
3.980455032900311885e-01
6.845632407025155075e-01
5.184512522744837426e-01
5.387616799579800775e-01
5.743543971107872848e-01
5.797786377835610905e-01
4.798867873696900377e-01
-5.181972245079285999e-01
-1.669225371469245989e+00
3.584769701008937437e-01
8.768366452798084243e-01
8.413253003812787290e-01
6.901355003837865709e-01
6.607073933813301103e-01
6.314882372160326440e-01
5.626492559720536191e-01
3.637513310413071910e-01
3.645889899703272929e-01
3.447056363806929591e-01
2.919912171207408313e-01
3.225232798661198386e-01
2.896231127158683805e-01
2.958339010990862494e-01
3.381083494402313816e-01
4.102576539512230447e-01
4.257049214179337016e-01
4.795147531149902553e-01
4.756462552314730807e-01
4.952127411021568504e-01
5.684604472842157419e-01
5.297775447267072391e-01
5.075164511043297466e-01
5.146305678175255860e-01
5.321313536802174671e-01
5.191247106243535026e-01
5.288253331979029248e-01
