-1.280487570954169142e-06
-6.588201413753103581e-06
-3.798318106287904328e-06
2.680044223391756737e-05
7.870123637328996409e-05
1.389346208017893237e-04
7.732400816868864656e-05
-5.137030412062288699e-04
-1.709429893698053869e-03
-3.033225739339319438e-03
-4.172317184810666810e-03
-5.050475142173422791e-03
-5.726882043903079936e-03
-6.357662215503294932e-03
-6.932823150419020405e-03
-7.407637678907245428e-03
-7.764625741609253867e-03
-8.014871243230317632e-03
-8.176890450808176405e-03
-8.268468653801628460e-03
-8.302495152270012585e-03
-8.291352834948993722e-03
-8.223876940249140455e-03
-8.115304407467785475e-03
-7.991114782971407010e-03
-7.851411763090732077e-03
-7.707960848685808941e-03
-7.612370884074332218e-03
-7.550797244405585765e-03
-7.492261417766147256e-03
-7.418883667170775471e-03
-7.315784675983459835e-03
-7.174310403800830162e-03
-7.128434753807050099e-03
-7.870328913121954137e-03
-1.003081530179894543e-02
-1.258592359906845169e-02
-1.498456207024178102e-02
-1.717805534216776397e-02
-1.908749521394606866e-02
-2.084478648705372431e-02
-2.257324029759277817e-02
-2.417357987472512279e-02
-2.552183104848475964e-02
-2.649642107428013676e-02
-2.708529874479931668e-02
-2.739634160045605754e-02
-2.767613800678670952e-02
-2.796004724284499240e-02
-2.818070685280209958e-02
-2.826697838632178522e-02
-2.820920960137054956e-02
-2.808416678062471486e-02
-2.823599145684165673e-02
-2.903788477854130079e-02
-2.996571606632859527e-02
-3.068330115925485199e-02
-3.112801324684030466e-02
-3.137841243126580221e-02
-3.147433782043613376e-02
-3.139738240736864722e-02
-3.116722644195751846e-02
-3.086373682880593633e-02
-3.068957159726905942e-02
-3.065610733103843119e-02
-3.056614577234462518e-02
-3.030666823130586177e-02
-2.985919093797638479e-02
-2.923629209818614377e-02
-2.846318081973895145e-02
-2.761103036998490204e-02
-2.678316828257926857e-02
-2.597914964819062270e-02
-2.514668326120959516e-02
-2.427208189314040282e-02
-2.338083261153795292e-02
-2.246822708115855938e-02
-2.150720214604021421e-02
-2.049536228614364658e-02
-1.949436271335455370e-02
-1.854626045390316003e-02
-1.759848569108925231e-02
-1.665047814884339922e-02
-1.573626373957264998e-02
-1.483732818244386589e-02
-1.391026435980430298e-02
-1.293087291469487490e-02
-1.186241818476625742e-02
-1.071067095397812072e-02
-9.508556763732564643e-03
-8.253005858011922685e-03
-6.947907752251077963e-03
-5.606358079480422765e-03
-4.269396448239640672e-03
-2.951982305391355997e-03
-1.631337111331012833e-03
-2.918913092949850917e-04
1.073469420131908285e-03
2.491651502941051328e-03
3.972159134857818769e-03
5.484315568085821463e-03
7.006387796956012673e-03
8.510645552846642439e-03
9.981223051286632064e-03
1.142128891318326678e-02
1.282955116475848444e-02
1.424675387338537012e-02
1.571709833660481226e-02
1.727438129935084804e-02
1.893949263486098891e-02
2.066936911272467675e-02
2.237466410776024414e-02
2.396452092714683110e-02
2.531957335370852921e-02
2.608388659647963709e-02
2.614396263242966048e-02
2.596691623088076203e-02
2.591612780492238283e-02
2.608359821931635625e-02
2.631794291963544460e-02
2.656205211096329677e-02
2.701574943754245228e-02
2.779729178611702392e-02
2.887343124525394017e-02
3.012777043993639103e-02
3.141974722187605706e-02
3.261355185223417663e-02
3.390346252101016089e-02
3.543582061362203495e-02
3.720823834577399736e-02
3.920430507470271803e-02
4.142755177051486021e-02
4.370999846963093127e-02
4.549123633009421325e-02
4.669624658055337302e-02
4.791131650961276411e-02
4.941622221061269665e-02
5.119500778666152135e-02
5.325149614756902183e-02
5.561004903485523149e-02
5.826440736987282404e-02
6.102390890057148021e-02
6.321586522621804038e-02
6.440584662176652986e-02
6.547881953642702146e-02
6.694129892959903294e-02
6.887673136292424281e-02
7.123078046214566250e-02
7.395269185528575984e-02
7.701821158420688040e-02
8.037613633298493210e-02
8.390818685224521456e-02
8.755858042341232994e-02
9.127458123818868452e-02
9.500744581151517043e-02
9.874779803860998795e-02
1.024705643246967418e-01
1.061719247748622308e-01
1.098887725808289639e-01
1.136727315311485409e-01
1.175570788981835230e-01
1.215703560213351325e-01
1.257157776998677479e-01
1.300072756850517430e-01
1.344823948951111015e-01
1.391267210735989412e-01
1.439235401656886182e-01
1.488437364940886354e-01
1.538701283649837881e-01
1.589972511339874939e-01
1.642319060871172964e-01
1.695865970696663616e-01
1.750708911795781086e-01
1.806906539884316210e-01
1.864416555470388703e-01
1.923115044986254685e-01
1.982823327771911226e-01
2.043378183684355920e-01
2.104668621699099518e-01
2.166662940659880021e-01
2.229331368887049192e-01
2.292685419002451208e-01
2.356788677209044058e-01
2.421758570919541331e-01
2.487783265285746781e-01
2.555044293683401690e-01
2.623564457632763247e-01
2.693338140301528294e-01
2.764249175095687128e-01
2.836218274855046850e-01
2.909104182859736931e-01
2.982788094125300993e-01
3.057214075070820436e-01
3.132410275675591715e-01
3.208450255715951105e-01
3.285455630496150747e-01
3.363603937683620759e-01
3.443001443341428547e-01
3.523697751021558910e-01
3.605601427643355672e-01
3.688505793703296121e-01
3.772197214783910013e-01
3.856554756365538905e-01
3.941506710764293708e-01
4.027032298091303697e-01
4.113196358775627060e-01
4.200128747875927493e-01
4.287929708547493779e-01
4.376577687550704532e-01
4.466042460931478053e-01
4.556270436931301182e-01
4.647120943663695658e-01
4.738474399631939504e-01
4.830264385438697294e-01
4.922485158349607093e-01
5.015160742985287357e-01
5.108365341823455363e-01
5.202244567022697996e-01
5.296898723181701074e-01
5.392329713258301460e-01
5.488435401226248178e-01
5.585072333965813707e-01
5.682110774225209715e-01
5.779494987990089205e-01
5.877196203762752313e-01
5.975183907878029999e-01
6.073455234755655852e-01
6.172020495565778697e-01
6.270940547986317837e-01
6.370313267168112858e-01
6.470216412484209867e-01
6.570669093977605790e-01
6.671624304878069900e-01
6.773006391703831897e-01
6.874707028578023182e-01
6.976643715281201086e-01
7.078708454551331242e-01
7.180853938100958400e-01
7.283096203164214355e-01
7.385479170189060971e-01
7.488104513922477778e-01
7.591088912110688369e-01
7.694488065763760432e-01
7.798313294073527802e-01
7.902413387398520284e-01
8.006598727580057639e-01
8.110731745671067028e-01
8.214715594680253030e-01
8.318527772169955758e-01
8.422180737215206880e-01
8.525759136442521147e-01
