-3.410814674091653537e-02
-1.064458261668017880e-02
4.038270782000390191e-02
2.108942901681378976e-02
1.442585549611809063e-02
-4.798911081291972608e-02
-8.841097623322634602e-01
-1.201804673277930613e+00
-2.854822318478673626e-01
1.544663604727369854e-01
2.631815462969525621e-01
2.417623487590569165e-01
-8.977265333724357421e-02
-2.676893376349992471e-03
7.644073423888703145e-02
1.137181317916738654e-01
1.065683857574152987e-01
8.828188700467948236e-02
6.605815584559858455e-02
6.447444681086524076e-02
3.384525774151229266e-02
8.196062443648347018e-02
6.099176222020767646e-02
8.433849876617929495e-03
1.922269051669567644e-02
3.007127599412125901e-02
-9.904481505220553983e-02
-6.083720376413892517e-02
-1.238480306033308206e-02
6.497802018046663561e-03
2.953556631634696866e-02
5.412703596067876266e-02
3.536417844135440053e-02
-1.013118608491065276e+00
-2.947812728925323089e+00
-6.378189623022716415e-01
2.540036202895135098e-02
-7.217362959014628210e-02
2.227856040655095682e-01
-1.911775213655414474e-02
-2.805968512968949891e-01
-3.762747883465800136e-02
1.392029650501235283e-01
4.039421325361710058e-01
4.458111296254130274e-01
3.945157388018042388e-01
-9.897934516098574886e-02
-9.303758655026250768e-02
1.620113417707449988e-02
1.492579112308255462e-01
1.701104717237398034e-01
1.423254899553618169e-01
-3.167581267012026247e-01
-1.421822545428062190e+00
-2.261050044102090317e-01
1.955184907318969212e-01
3.125397029877673982e-01
1.592687499270932228e-01
1.233578909087641867e-01
2.081456956933518954e-01
1.789527730448329523e-01
1.510159788234541611e-01
-2.679423774810289482e-01
-3.285006671611450102e-01
6.834741056565549200e-02
2.396747911035803091e-01
2.635253056383473624e-01
2.568646267306328723e-01
2.548145984146118481e-01
1.986686694451476054e-01
-2.011507706675783047e-02
1.936716033986636554e-02
1.155078833206606426e-01
1.248101110825926702e-01
7.155440180182595644e-02
8.401724430663859433e-02
1.336619805883288992e-01
1.563323006258652836e-01
4.972091189176111592e-02
-6.762773960298050502e-02
7.760829229601411139e-02
9.419571039511696886e-02
1.970727490103746371e-02
4.279727721014432718e-02
1.080871139924193813e-01
1.177499532282038630e-01
1.947672988115752013e-01
1.917015635227742043e-01
1.422138067410576578e-01
1.632824129650550515e-01
1.463175907206503978e-01
1.479035428500514171e-01
6.771253676315899805e-02
4.211337519294999776e-02
9.674539448095123562e-02
1.477028107140520852e-01
1.479094837081174618e-01
1.853135170337783522e-01
2.102219496723390646e-01
1.641388358408407133e-01
1.309643639610049703e-01
8.592681936694895883e-02
4.821750389003770509e-02
6.155905361159919043e-02
2.921757859891521703e-02
9.174341275263070417e-02
1.486366902709825577e-01
1.947482369460180607e-01
2.726951541684672353e-01
2.130504010497004108e-01
7.227860986098721963e-02
-9.431590255575703075e-02
-1.510378649754333391e-01
-8.767178372380114437e-01
-1.302026255002915578e+00
-4.233063414410231928e-01
9.532617819909512680e-02
2.823944983223659611e-01
-2.190455015098002889e-02
-1.853542107958374430e-01
2.310884246875472281e-01
4.464948544451102785e-01
4.126328134541218384e-01
2.516060715874710585e-01
1.197385283972469822e-01
-2.503802785343369197e-01
1.712793474702215268e-01
4.239596310250349775e-01
4.084232854807445801e-01
3.998904352337456225e-01
4.656619780465748315e-01
4.385380337563409281e-01
-7.264596279986779148e-01
-1.009208166341705626e+00
1.625392291541645495e-01
5.410164987241636858e-01
4.551148647105152656e-01
4.986034846717066760e-01
5.806107224794002653e-01
6.321471280986756813e-01
5.391359896838807675e-01
-6.004933983030502631e-01
-1.885994988898953117e+00
5.261101813910690900e-02
6.691879990545632761e-01
8.212743918711091773e-01
7.710067864963110473e-01
6.889077039844606620e-01
7.243760661711796667e-01
7.710419504608683194e-01
5.714334909109406446e-01
5.350053887238924721e-01
4.307092159682645027e-01
3.337762146896954274e-01
3.538427770959704510e-01
2.890597077857832709e-01
2.693809843017339611e-01
3.432111156722041923e-01
4.583841139969982992e-01
5.267529154100448752e-01
5.855630030941715303e-01
6.006422265229316437e-01
6.088698354489139319e-01
7.498137116792999990e-01
7.115478771833644300e-01
7.338243554083851983e-01
7.496471195551287492e-01
7.740255283562025301e-01
7.514436222333162885e-01
7.600573631104772243e-01
