-1.296935108169024479e-06
-6.763348723769409931e-06
-4.211797069263673221e-06
2.689455416295104216e-05
8.096510554871077104e-05
1.452909745345225647e-04
8.764299125755455337e-05
-5.131745277180990673e-04
-1.755090131665167433e-03
-3.168792141928986061e-03
-4.428553993248574537e-03
-5.440651290918759042e-03
-6.250639005124252259e-03
-7.009333503097714066e-03
-7.706037138456116146e-03
-8.293705846294342071e-03
-8.751777163163804163e-03
-9.088932187123545045e-03
-9.322571131691843177e-03
-9.470449319127518389e-03
-9.546098468867962941e-03
-9.563024405675824360e-03
-9.510942909873231974e-03
-9.405780673291083346e-03
-9.274599320889113582e-03
-9.119302692464135648e-03
-8.953101768801270677e-03
-8.830268693957830928e-03
-8.739965806372635912e-03
-8.652325187776317705e-03
-8.549300996953545020e-03
-8.415243905010364595e-03
-8.240376797565514277e-03
-8.159463444256248588e-03
-8.882062658907329336e-03
-1.108574398405631246e-02
-1.377247704241258384e-02
-1.637154289807560975e-02
-1.880948276795666591e-02
-2.098597996241229058e-02
-2.301707021988445845e-02
-2.502042895223406671e-02
-2.689272828199582716e-02
-2.850159555805560629e-02
-2.971376481667679925e-02
-3.050531274025506528e-02
-3.097701936738200476e-02
-3.137829989702508454e-02
-3.175327638503402244e-02
-3.204000645485149262e-02
-3.216844105341714471e-02
-3.212810412731033349e-02
-3.199638656617500437e-02
-3.212636158026484917e-02
-3.291613489705438184e-02
-3.385703275348026647e-02
-3.460330364238315554e-02
-3.507758322173833154e-02
-3.534804956755802086e-02
-3.544953040759667162e-02
-3.535996575411660958e-02
-3.509614240230002347e-02
-3.473764317252737988e-02
-3.449335145102409850e-02
-3.438481605464577956e-02
-3.421792163361048189e-02
-3.387485413635269588e-02
-3.333105451620985843e-02
-3.259455061408909893e-02
-3.168788070420994890e-02
-3.068214726152359434e-02
-2.968468832224716025e-02
-2.870054367498995479e-02
-2.768015818340361159e-02
-2.661041776945130208e-02
-2.551773033679298822e-02
-2.439870020850736995e-02
-2.322649166698356749e-02
-2.199810751689931787e-02
-2.077607646576287020e-02
-1.960574536566647708e-02
-1.843665324456038312e-02
-1.726837283406200407e-02
-1.613607796269643513e-02
-1.502258245069914080e-02
-1.388395546836169482e-02
-1.269419603426510251e-02
-1.141390662653265185e-02
-1.004603336246854585e-02
-8.622402608716951342e-03
-7.139776686534596122e-03
-5.601830303413998270e-03
-4.021854977296142504e-03
-2.442253733766055861e-03
-8.803998424712865516e-04
6.848959530320109824e-04
2.268902451361140028e-03
3.878870944003793945e-03
5.542514427446806370e-03
7.270874324706782382e-03
9.033893125336367458e-03
1.080910699682051737e-02
1.256721717364740754e-02
1.429014209319566346e-02
1.597916291628019916e-02
1.763153255466598512e-02
1.928767069859959812e-02
2.099348104332222908e-02
2.278567261190748983e-02
2.468860319499508599e-02
2.666145025930440754e-02
2.861362647064756570e-02
3.044932587220811060e-02
3.204159395593951520e-02
3.301844424673371081e-02
3.324219415855097365e-02
3.317005255844495543e-02
3.317741816264347526e-02
3.337500660247944700e-02
3.362390646726291787e-02
3.387105958386905230e-02
3.432302245913004118e-02
3.511089932483194703e-02
3.621280724948392621e-02
3.751750059294905321e-02
3.888295903580019780e-02
4.016558368690851394e-02
4.155491458394541121e-02
4.320211511249205660e-02
4.511107512072671383e-02
4.726929010490926730e-02
4.968307174311251129e-02
5.218417496534894645e-02
5.419538946481542580e-02
5.561268649680396053e-02
5.701322721189677756e-02
5.869028916482278702e-02
6.064237291017883502e-02
6.288348963351302057e-02
6.544663035386540095e-02
6.833262703662711102e-02
7.135295055492643646e-02
7.381814156244305425e-02
7.525302486196989993e-02
7.652265098201087301e-02
7.815228206987161197e-02
8.025025614439881827e-02
8.278116151827072389e-02
8.570624324183474807e-02
8.900889545242850198e-02
9.264230409339495320e-02
9.648744323011097801e-02
1.004835557039095856e-01
1.045707583983689348e-01
1.086942139950924785e-01
1.128388216838427383e-01
1.169741966833754837e-01
1.210922468637317395e-01
1.252267517385181050e-01
1.294306987796799702e-01
1.337388624949623350e-01
1.381802587288294415e-01
1.427616937264314656e-01
1.474986383193561679e-01
1.524321438977343512e-01
1.575484074184299588e-01
1.628348525145742187e-01
1.682885978262401161e-01
1.739076467227470280e-01
1.796763229920267380e-01
