-5.498229790805260198e-01
-5.510909023037361409e-01
-5.531524714805824416e-01
-5.556864523990456828e-01
-5.574065713297629010e-01
-5.572932657581146643e-01
-5.524248236577635751e-01
-5.519457020383966572e-01
-5.531276600851678937e-01
-5.552924309311870754e-01
-5.581716092546695762e-01
-5.616448065821308955e-01
-5.645941161261177621e-01
-5.669459020617055867e-01
-5.700862918456188755e-01
-5.740908975882088594e-01
-5.788588194851183033e-01
-5.841709996606023747e-01
-5.897176966200128323e-01
-5.956958819642323988e-01
-6.018246762359960034e-01
-6.091451148320048414e-01
-6.185089967088781560e-01
-6.263417397574733148e-01
-6.324420043842378103e-01
-6.397494874707022605e-01
-6.405771597978044962e-01
-6.362642538040578222e-01
-6.356223861570848843e-01
-6.373811089032137556e-01
-6.405498186070461841e-01
-6.460556871543819968e-01
-6.523153982802758488e-01
-6.161292452881435011e-01
-5.776459295167326591e-01
-5.694733641488738396e-01
-5.701563868427836912e-01
-5.720525321497544891e-01
-5.745691878876013625e-01
-5.774220983999746037e-01
-5.792418055000085886e-01
-5.811418355232542687e-01
-5.843480371462077549e-01
-5.894177093711523430e-01
-5.967625371609248663e-01
-6.060077135734314169e-01
-6.131948800896264151e-01
-6.167089720955072352e-01
-6.209483856331132756e-01
-6.275593933695362558e-01
-6.365274010269038607e-01
-6.466603480546423421e-01
-6.487754019198233024e-01
-6.282712778109038609e-01
-6.159869722211789300e-01
-6.176575606638839977e-01
-6.239357737353474764e-01
-6.307242350001176501e-01
-6.364742836293660888e-01
-6.437254163762666792e-01
-6.525081875071305770e-01
-6.615784841157310581e-01
-6.630489030970088127e-01
-6.559130854624970475e-01
-6.545694868375836473e-01
-6.625063602556954256e-01
-6.752734746966524426e-01
-6.905997924999773829e-01
-7.091021462003657128e-01
-7.317605838662823992e-01
-7.464273469194835364e-01
-7.535057892272754021e-01
-7.692379048702469024e-01
-7.897791362670056881e-01
-8.070220511160888233e-01
-8.224453011787438150e-01
-8.435202483061632339e-01
-8.722562319243790663e-01
-8.902125440467593132e-01
-8.732134377119900037e-01
-8.594396565055886228e-01
-8.717999941264625852e-01
-8.856176270816322749e-01
-8.927228845725000417e-01
-9.045874261290786089e-01
-9.206920345440496867e-01
-9.475386743075540075e-01
-9.879058889699596779e-01
-1.030445117957684120e+00
-1.075497941028232374e+00
-1.111350263823836837e+00
-1.134204855664376455e+00
-1.119034499789918424e+00
-1.065363668865708435e+00
-1.031959174816443170e+00
-1.048779012799094801e+00
-1.104708472612524695e+00
-1.179164940238017545e+00
-1.282644934334160602e+00
-1.418669631251145535e+00
-1.508660576131174214e+00
-1.480730313736964954e+00
-1.363585279331825717e+00
-1.238706984742109496e+00
-1.130191983057684313e+00
-1.051056603704365378e+00
-1.007445336575522710e+00
-9.864801035415169395e-01
-1.001671790626152303e+00
-1.030531950062933966e+00
-1.000926670818393704e+00
-9.099634081559180299e-01
-8.253495070185116189e-01
-7.310990212845522862e-01
-6.629760594953264530e-01
-6.368717295449981552e-01
-6.308783656273148077e-01
-6.315860619453079750e-01
-6.319856106382794048e-01
-6.295373040095639805e-01
-6.292834403840052993e-01
-6.336797085829715126e-01
-6.401068856424269038e-01
-6.456109292125471466e-01
-6.491735989461759893e-01
-6.483669466933343895e-01
-6.480557065994316801e-01
-6.537934841332555536e-01
-6.628933816609063889e-01
-6.731545104823325465e-01
-6.861110985851022193e-01
-7.030527533492298975e-01
-6.968766848284493332e-01
-6.701223606818791367e-01
-6.605092861574946017e-01
-6.676538530085858181e-01
-6.798396678172027308e-01
-6.939324848671301060e-01
-7.135978887912718394e-01
-7.434425702326843410e-01
-7.838353609732875427e-01
-7.747637354161895917e-01
-7.031035436281677375e-01
-6.745951502281100076e-01
-6.812622523041196310e-01
-7.018638310317527607e-01
-7.352679724268295081e-01
-7.793278061648715171e-01
-8.434684077160368165e-01
-9.835638042716313700e-01
-1.349345708017116507e+00
-3.156941651925786463e+00
2.860439372993635043e+00
8.378772396901562614e-01
4.152385500171170696e-01
2.411671960189109010e-01
1.833416938439927923e-01
1.231528681888579557e-01
1.043190151066464288e-02
-1.112884769430146914e-01
-2.059357720220156285e-01
-2.724265100888711988e-01
-3.184216710882685764e-01
-3.576906463631103206e-01
-3.893659947394292331e-01
-4.130639495783750004e-01
-4.323268281617099751e-01
-4.479208760748654150e-01
-4.603695481545827528e-01
-4.704437809913267765e-01
