-2.166392520577576763e-03
-4.793178668481166624e-03
-2.712502707460776041e-03
1.129138005896793487e-03
3.324675112279345136e-03
1.080127199040201592e-03
-5.792510817036829185e-02
-1.847873378964126068e-01
-2.683725594246617607e-01
-2.664515365333493535e-01
-2.298958955257851267e-01
-1.878478372805597041e-01
-1.684959562579758929e-01
-1.634782478208087475e-01
-1.485314551600694366e-01
-1.270624635643042566e-01
-1.046303468563047623e-01
-8.472084005379329485e-02
-6.828772009665975973e-02
-5.422331804729848409e-02
-4.311082476927648177e-02
-3.156887087115471668e-02
-1.932861366855836982e-02
-1.245310153809728662e-02
-8.628297454064045094e-03
-3.989525842661307761e-03
-7.372861218641467429e-03
-1.613206390124178810e-02
-1.953262454046047689e-02
-1.885823444536728274e-02
-1.564138975392219064e-02
-9.606647085795432667e-03
-3.513314662163175874e-03
-6.535989653661364307e-02
-3.102942693814461084e-01
-5.155751275427032931e-01
-5.350777503118574474e-01
-5.174993052827049356e-01
-4.844024315918303292e-01
-4.481371244056716607e-01
-4.424382348538623000e-01
-4.362897369500987055e-01
-4.044421692283298730e-01
-3.460108643942301776e-01
-2.710076743120770626e-01
-1.993789543467762715e-01
-1.651251470505565311e-01
-1.619318377451173518e-01
-1.529967469441450012e-01
-1.305350943283728471e-01
-1.004142986960481210e-01
-7.248932811139649490e-02
-7.700718291242075741e-02
-1.795507369629130157e-01
-2.691934705793397886e-01
-2.590213234933425590e-01
-2.157446461856498687e-01
-1.756790728766923215e-01
-1.477767161664146622e-01
-1.175696662825554267e-01
-8.545023462826520366e-02
-5.825315541302962530e-02
-6.075262440873221287e-02
-9.248031758178672235e-02
-1.023335287288496959e-01
-7.785708917941892848e-02
-4.243008269927258519e-02
-7.162862788668296343e-03
2.618409054679766979e-02
5.430200071663035533e-02
6.368799917636652763e-02
6.161437450781884900e-02
6.729848167356844435e-02
7.856711272406638469e-02
8.628155952933833084e-02
9.103890369774877978e-02
9.918198245310377859e-02
1.111556700407754228e-01
1.170769500242503647e-01
1.087894631769381892e-01
1.027380547691850721e-01
1.062934360271634154e-01
1.059565616792861181e-01
1.026516306524507538e-01
1.048961367995368127e-01
1.115416141326539684e-01
1.234649783881598545e-01
1.393530949321842849e-01
1.513595394902519098e-01
1.612337898529992153e-01
1.707246893382430297e-01
1.787743973396428987e-01
1.813133825691177203e-01
1.771513256108632750e-01
1.748238435416492043e-01
1.788738011145928897e-01
1.857602403683001058e-01
1.947760607974729219e-01
2.072255315176196877e-01
2.177318724188405386e-01
2.229247470922290919e-01
2.229149550504935240e-01
2.176290949865698210e-01
2.109420524774781314e-01
2.030880176409492754e-01
1.975209994787393009e-01
1.994777479580122637e-01
2.077844001138220431e-01
2.236235857357279089e-01
2.398462602061017246e-01
2.430628756540892943e-01
2.270897458866316942e-01
1.979172976239510495e-01
1.200598463387626824e-01
-2.523245918091351903e-02
-1.351077470193615682e-01
-1.555598704257813436e-01
-1.306168329552659380e-01
-1.126011326372946264e-01
-1.220418873897784057e-01
-1.136221395002176421e-01
-6.658150752567720820e-02
-9.808892215125743219e-03
3.317404883190088610e-02
5.660517865941683269e-02
4.733007046428751308e-02
4.246571113921375484e-02
7.803274331547790932e-02
1.262132923536375406e-01
1.711262797190387930e-01
2.177003431044490234e-01
2.641815088050545324e-01
2.326883540340118905e-01
1.142179697382791903e-01
5.588208208915309422e-02
9.256200894980368132e-02
1.460783954394680728e-01
1.963300797079118587e-01
2.528714894112686351e-01
3.154696967548991093e-01
3.726427353532507647e-01
3.492346874497339049e-01
1.762977076792637543e-01
5.443886325451932628e-02
8.979893472739589044e-02
1.719993881012778503e-01
2.588904753451597429e-01
3.354190787759350756e-01
4.066525076232569980e-01
4.798595711835094146e-01
5.396921265421047442e-01
5.821229350702313843e-01
6.128195022563179828e-01
6.286719734932183501e-01
6.381160209345390077e-01
6.430859086096172295e-01
6.418372087773381862e-01
6.433590354166586200e-01
6.559401775236275434e-01
6.789063488149653658e-01
7.086432898153408599e-01
7.415518120839377225e-01
7.744184946240808554e-01
8.151495057745398176e-01
8.598779502972353495e-01
9.016717041366678620e-01
9.436190622834024211e-01
9.858063665334771963e-01
1.025693040603570250e+00
1.062515621281524103e+00
