-4.168402168469237624e-06
-2.555882744367977158e-05
-5.067197412551257733e-05
-5.515760812679420210e-05
-4.295879610417207780e-05
-2.706013846811174451e-05
-1.398308131978477859e-04
-8.175293692595679085e-04
-2.186698242575102740e-03
-3.790961565372392809e-03
-5.293642478298049049e-03
-6.582623531799176864e-03
-7.686585170680494163e-03
-8.747762195293523613e-03
-9.751744013422096458e-03
-1.064747931452304786e-02
-1.141061278911170880e-02
-1.204484656939158738e-02
-1.256577561079499569e-02
-1.299044152056806449e-02
-1.333067853019506525e-02
-1.360007225443046405e-02
-1.378699487964851235e-02
-1.390699313165617151e-02
-1.399021807045446909e-02
-1.404045821098537199e-02
-1.407097752923730342e-02
-1.413942895871980222e-02
-1.423894080913785248e-02
-1.434176652885503500e-02
-1.443155339201563324e-02
-1.449289573549978477e-02
-1.451459045696329268e-02
-1.463163026549063085e-02
-1.557310735971978444e-02
-1.807453090212487318e-02
-2.117644123761935546e-02
-2.429440165834687027e-02
-2.733347975665358434e-02
-3.017305132284361577e-02
-3.290938618719813774e-02
-3.565243220633868698e-02
-3.829052887709587932e-02
-4.067781470815932249e-02
-4.266462780946943256e-02
-4.421112359623027149e-02
-4.540468151938283070e-02
-4.649258369931841273e-02
-4.752683932499612157e-02
-4.845103872647379961e-02
-4.919780382494292476e-02
-4.975468714590725733e-02
-5.019738968279417735e-02
-5.088763592386425644e-02
-5.225409917644357333e-02
-5.381106619763923599e-02
-5.520754622660149769e-02
-5.635304742923611526e-02
-5.730705269199343199e-02
-5.809378489446524046e-02
-5.868453090944477507e-02
-5.909185192132277581e-02
-5.938962622979083311e-02
-5.979124636117675445e-02
-6.032952334484844442e-02
-6.080837998839061509e-02
-6.110188287101289001e-02
-6.118239515356514030e-02
-6.105452053450944466e-02
-6.073272390393225778e-02
-6.027752715826686924e-02
-5.980061475211871647e-02
-5.930381281685970229e-02
-5.874284864674896717e-02
-5.811414314384528296e-02
-5.744456271751170739e-02
-5.673242764151294887e-02
-5.595420586974551164e-02
-5.511031197505657925e-02
-5.426587727202650258e-02
-5.347320982321238092e-02
-5.267797684416564846e-02
-5.186669460737731302e-02
-5.107045003658240712e-02
-5.027963097461646963e-02
-4.946049922014289502e-02
-4.859223822038787055e-02
-4.763886940242515605e-02
-4.660060852121519770e-02
-4.550047582115008399e-02
-4.433896439357763036e-02
-4.312443044721885749e-02
-4.187087964267396933e-02
-4.062173682030162380e-02
-3.939390753835107783e-02
-3.816046422367239122e-02
-3.689275533496357701e-02
-3.558149928440059589e-02
-3.420743045853075898e-02
-3.276200821717999145e-02
-3.127014899894869915e-02
-2.976049844119437252e-02
-2.826489957405273201e-02
-2.680642059232007587e-02
-2.538830592189116400e-02
-2.401702307600563774e-02
-2.265978653323245939e-02
-2.127670652744684254e-02
-1.982971678284164291e-02
-1.828450199598837325e-02
-1.667837721695216574e-02
-1.510604652752772954e-02
-1.367006119017193967e-02
-1.250510489630926765e-02
-1.200698853128867767e-02
-1.234187583788695294e-02
-1.306950474180422657e-02
-1.380624595736420525e-02
-1.442352416566673214e-02
-1.504708195250791664e-02
-1.572592376498597663e-02
-1.624971904032132541e-02
-1.646977405756937587e-02
-1.639553175699724058e-02
-1.612469541552273219e-02
-1.578792277822313114e-02
-1.552822071171006471e-02
-1.516482083820070922e-02
-1.453864844624105576e-02
-1.363442801762239365e-02
-1.245683039888793343e-02
-1.098856851355629882e-02
-9.388141141403757647e-03
-8.249005262951771694e-03
-7.698844344292918654e-03
-7.176298816220044036e-03
-6.378433765058643366e-03
-5.292851404390341852e-03
-3.898691213732283743e-03
-2.150662973197981637e-03
-3.451237789846338735e-05
2.262106491993963638e-03
4.026737609415801528e-03
4.758703608069170948e-03
5.296138064013683824e-03
6.173366666509029835e-03
7.535592158640762664e-03
9.370140204125637293e-03
1.163353363056816511e-02
1.432935992001618634e-02
1.744567770719714431e-02
2.087398035311245972e-02
2.454466777600986319e-02
2.837557911361024768e-02
3.229592961851887600e-02
3.628201401993542269e-02
4.029139705862250231e-02
4.430692246782457627e-02
4.836732292624421753e-02
5.253705687611074510e-02
5.686288809268646993e-02
6.137626208650599074e-02
6.608541266495351896e-02
7.100566988615179820e-02
7.619073799397373115e-02
8.163175533537669892e-02
8.732612032848281747e-02
9.327503006714271683e-02
9.947656583979201661e-02
1.059111362716723959e-01
