-1.535887784648549026e+00
-1.536836857484342289e+00
-1.537277650912024729e+00
-1.538376258321246137e+00
-1.539818194638526982e+00
-1.542518779606433910e+00
-1.531374926405342451e+00
-1.535716900894165793e+00
-1.537788944488791554e+00
-1.540612970801876092e+00
-1.544784145381962848e+00
-1.550925259977797843e+00
-1.556365524133840550e+00
-1.560006073859362852e+00
-1.566549498971136378e+00
-1.578324421885389350e+00
-1.599087534786726605e+00
-1.638254685933090871e+00
-1.735775498081354451e+00
-2.432493741269309950e+00
-1.006865679941955527e+00
-1.337944137064468020e+00
-1.417216118955345605e+00
-1.441519160684916478e+00
-1.454263911148827138e+00
-1.465772395291206287e+00
-1.463469410208636301e+00
-1.449631534179515402e+00
-1.446457295565290124e+00
-1.455282596602734957e+00
-1.468808005397957306e+00
-1.482775171942880554e+00
-1.492829448617539967e+00
-1.859979527388093468e+00
-1.544868958480615007e+00
-1.542703573240576720e+00
-1.545200257546816225e+00
-1.548534094394649285e+00
-1.552759947035931898e+00
-1.557696227844870496e+00
-1.560931481789830766e+00
-1.564312869474177692e+00
-1.570564404150625037e+00
-1.583019761839568496e+00
-1.611001292047792521e+00
-1.686860994800550628e+00
-1.801850907499092713e+00
-1.809120345816626951e+00
-1.878383935551804607e+00
-2.687578004586057556e+00
-1.014951569242946494e+00
-1.314801096898337018e+00
-1.298381561849457189e+00
-1.729597362634586410e+00
-1.614220313064863355e+00
-1.628756562621143766e+00
-1.699315444582351731e+00
-2.033195259057303694e+00
-3.786589662151564895e-01
-1.273446923511464934e+00
-1.393528214140966615e+00
-1.434812076330885589e+00
-1.436520291664089566e+00
-1.402340910636853399e+00
-1.391513519304188984e+00
-1.432331447775851974e+00
-1.463253455881711407e+00
-1.481648082133539379e+00
-1.493378387540491348e+00
-1.500739346990309642e+00
-1.504390041076328899e+00
-1.506354615084880999e+00
-1.509133223827305859e+00
-1.512847441847434693e+00
-1.516208538435388720e+00
-1.519187824962762390e+00
-1.522329218514235638e+00
-1.525565269856427930e+00
-1.528468091252306094e+00
-1.531023323650088308e+00
-1.533616487507046156e+00
-1.536241798499988542e+00
-1.538910109771270296e+00
-1.541655841356460499e+00
-1.544176109324694846e+00
-1.546388804940883155e+00
-1.548207577053814843e+00
-1.549731661317919951e+00
-1.551522937207856723e+00
-1.553402486078285794e+00
-1.555119199838167710e+00
-1.556824138410317415e+00
-1.558831332662214297e+00
-1.561267308017293631e+00
-1.563640051527382502e+00
-1.565821251328829877e+00
-1.568013388283468368e+00
-1.569778936091852373e+00
-1.570914579259973909e+00
-1.572331114072799130e+00
-1.574183101789804473e+00
-1.576355972494836832e+00
-1.579005219166159435e+00
-1.581669763059418088e+00
-1.584422396513332831e+00
-1.586693686135578263e+00
-1.587640547012757697e+00
-1.587636970460159835e+00
-1.587084272791700723e+00
-1.586892367641557833e+00
-1.588105193237357327e+00
-1.591270716172883848e+00
-1.596114148197892213e+00
-1.609045943186961480e+00
-1.648998323246725350e+00
-1.714783700546062217e+00
-1.720311441222905247e+00
-1.685630483637325927e+00
-1.667611724256064409e+00
-1.668283296115097514e+00
-1.659153872545551689e+00
-1.637929553942378824e+00
-1.621882941523450139e+00
-1.613545689260704519e+00
-1.610741418826713289e+00
-1.614085994370940469e+00
-1.616370464455228140e+00
-1.611766974442101930e+00
-1.606682337666534011e+00
-1.603172651383541814e+00
-1.600319451380784574e+00
-1.598334408366197446e+00
-1.604030776930786217e+00
-1.622068747956230794e+00
-1.634906088557031012e+00
-1.629422805633732096e+00
-1.622521468901221064e+00
-1.617452754346149213e+00
-1.612633817852907825e+00
-1.608387437092874794e+00
-1.605548821112450231e+00
-1.609986438355085037e+00
-1.634540660043631854e+00
-1.662569476778181565e+00
-1.654506685319032444e+00
-1.639671121123230879e+00
-1.629095054597060832e+00
-1.621814066756266381e+00
-1.616341731732008125e+00
-1.612581692992134608e+00
-1.611114480620235323e+00
-1.611160889066585611e+00
-1.611710429395127653e+00
-1.612938465462538717e+00
-1.614500049290770622e+00
-1.616271850347223760e+00
-1.618310400095278601e+00
-1.620174061989228864e+00
-1.621430252662587890e+00
-1.622196132902000043e+00
-1.622548289828985357e+00
-1.622645597647176530e+00
-1.622685258612384995e+00
-1.622301997255215511e+00
-1.621863279011629855e+00
-1.621826022190351768e+00
-1.621985100946273572e+00
-1.622159161040002129e+00
-1.622439631619924105e+00
-1.622844017226066082e+00
