-1.913865202579104530e+00
-1.910018607190835827e+00
-1.892780905706936467e+00
-1.949125365505776308e+00
-1.926019284717978453e+00
-1.933124977688376767e+00
-1.913537265656327202e+00
-1.911144839759745695e+00
-1.906899393436468193e+00
-1.899785427871286014e+00
-1.889029284873747772e+00
-1.873547396925794084e+00
-1.860861954367318161e+00
-1.853004144265396391e+00
-1.838830748267062054e+00
-1.815761003545571350e+00
-1.781798998188718564e+00
-1.735640853568777509e+00
-1.676505009224905418e+00
-1.595593856269658550e+00
-1.496763760757001904e+00
-1.289793580671717343e+00
-5.741856592954431848e-01
5.886277989732104921e-01
1.447749897075265579e+00
1.268757693566030476e+01
-2.285866059520496041e-01
-1.269416064413210199e+00
-1.386985423890652047e+00
-1.365264578219560487e+00
-1.252521679203022265e+00
-8.706904082130548783e-01
3.673152290246421980e-01
-1.759596350645194374e+00
-1.878501939504910512e+00
-1.887184991084818408e+00
-1.880549073114298864e+00
-1.871356972464795820e+00
-1.859897999328037121e+00
-1.847030781873996386e+00
-1.839590328088904769e+00
-1.831978849592972303e+00
-1.817306017267087404e+00
-1.789455187312488871e+00
-1.736642077345018631e+00
-1.641991441648560368e+00
-1.577755501845362840e+00
-1.595080163684216901e+00
-1.587013759307505545e+00
-1.525635001755861309e+00
-1.387771627053539625e+00
-1.151820403128537729e+00
-1.295054473916980919e+00
-1.691201513947202084e+00
-1.762181696833133415e+00
-1.744466279383206864e+00
-1.694268893070396853e+00
-1.627232915821667625e+00
-1.560619541980692304e+00
-1.453942195096877832e+00
-1.256615607082659514e+00
-9.281060167582999565e-01
-1.086953823036376443e+00
-1.419888127494338459e+00
-1.468414560119658763e+00
-1.316485980702937209e+00
-8.135722031369939655e-01
3.201299438723487434e+00
-4.141845965029204990e+00
-2.949274294898974524e+00
-2.860747899062553223e+00
-3.012338219531749850e+00
-2.934972930051041207e+00
-2.750037328718796914e+00
-2.663474485391945645e+00
-2.621792452809805773e+00
-2.543185743251938469e+00
-2.448341542462591391e+00
-2.413357470126696214e+00
-2.478259436366847979e+00
-2.529410659985678489e+00
-2.486595285220778884e+00
-2.482336403873436126e+00
-2.503763238933993662e+00
-2.470753681453888184e+00
-2.408234433167651733e+00
-2.329298440895123612e+00
-2.257252038323078303e+00
-2.216292900721004600e+00
-2.187532059727447020e+00
-2.163084238067667364e+00
-2.143702976860623721e+00
-2.134831632805558321e+00
-2.136794333493731379e+00
-2.134395271627842483e+00
-2.120192319820279003e+00
-2.102724382511801160e+00
-2.084314469501024725e+00
-2.064519766919926891e+00
-2.049138606718751365e+00
-2.039191691332852940e+00
-2.033152746688327461e+00
-2.030585694747212511e+00
-2.028645751229881444e+00
-2.027339352870899614e+00
-2.023981305688676180e+00
-2.014783758117164147e+00
-2.002185389682709982e+00
-1.987498571679810810e+00
-1.975052039970781825e+00
-1.967885022535947881e+00
-1.966234556078372497e+00
-1.969408064057379670e+00
-2.023267498232089068e+00
-1.829030365176099737e+00
-1.872462058386393124e+00
-1.866999370995207297e+00
-1.846125408822974157e+00
-1.823237206422827050e+00
-1.821539654970915967e+00
-1.803265244335040540e+00
-1.687803046996767087e+00
-5.552761471467968946e+00
-2.198807794552188444e+00
-2.109087734611430065e+00
-2.168322643592393462e+00
-2.218289194985018753e+00
-2.065784719675938241e+00
-2.001555766714917972e+00
-1.973736208555795457e+00
-1.955932171857775570e+00
-1.943299361716600560e+00
-1.941679466038144231e+00
-1.976418106083301041e+00
-2.191836053095982173e+00
-1.978147598629658166e+00
-1.942541974744744104e+00
-1.929135551380114277e+00
-1.920383082968023736e+00
-1.913835881091466185e+00
-1.908351003581497229e+00
-1.900589740717284482e+00
-1.862996946636580331e+00
-3.103848551120342858e+00
-1.781473388432941229e+00
-1.867818070635478778e+00
-1.881914846742563041e+00
-1.884839784727325940e+00
-1.884783077762155923e+00
-1.883828499271336332e+00
-1.881304403087304289e+00
-1.877515262450871525e+00
-1.873003351884046097e+00
-1.867490016443333456e+00
-1.861663215166865948e+00
-1.855584797615953629e+00
-1.848980785493576029e+00
-1.842957656449095483e+00
-1.838703088968793642e+00
-1.836002229011729714e+00
-1.834146341980888106e+00
-1.832500473446974087e+00
-1.830632718058307296e+00
-1.829628277592301844e+00
-1.828766989727483194e+00
-1.827273718158024751e+00
-1.825629247927970988e+00
-1.823881443090472176e+00
-1.821772513494364309e+00
-1.819300186785958617e+00
