-1.300310057363761075e-06
-6.800140843457176237e-06
-4.300443442624086443e-06
2.690871240016638570e-05
8.143608555617493517e-05
1.466410213224817382e-04
8.988100008934337055e-05
-5.129066145543985118e-04
-1.764536183841403181e-03
-3.197524489939828490e-03
-4.483695998916883453e-03
-5.525729742264905847e-03
-6.366216957030323975e-03
-7.154663401897115756e-03
-7.880027831189455323e-03
-8.494624587825339718e-03
-8.977103440339796042e-03
-9.335507127814293704e-03
-9.586880510525197518e-03
-9.748873913116408788e-03
-9.835081997585936459e-03
-9.859201675736995601e-03
-9.811113188429768095e-03
-9.706884304768514937e-03
-9.573916589619972661e-03
-9.414516215149141068e-03
-9.242235198147059211e-03
-9.111950574205690545e-03
-9.013517603068635364e-03
-8.917377430509994610e-03
-8.805518188013878797e-03
-8.662181350669373447e-03
-8.477388648117254941e-03
-8.386080410134369792e-03
-9.101473854143173406e-03
-1.131113742982046630e-02
-1.402302310911443875e-02
-1.666290072725314445e-02
-1.915236709496963632e-02
-2.138657478751671698e-02
-2.347800500755225020e-02
-2.554283691081755264e-02
-2.747660025894496649e-02
-2.914489702730175408e-02
-3.041172685934167771e-02
-3.125035794302243736e-02
-3.175973659824411072e-02
-3.218955912005885128e-02
-3.258558530170373863e-02
-3.288694396518681423e-02
-3.302381694870155232e-02
-3.298557331543602866e-02
-3.284974732544374693e-02
-3.297130663167895104e-02
-3.375370199835804608e-02
-3.469181438655729449e-02
-3.543825172353175235e-02
-3.591274035147938581e-02
-3.618129286596814820e-02
-3.627761136520293167e-02
-3.617877480616336211e-02
-3.590086391466573712e-02
-3.552330409980776482e-02
-3.525621724234880711e-02
-3.512329948709801836e-02
-3.493118475887187907e-02
-3.456115705124188087e-02
-3.398742068072230227e-02
-3.321702981996738080e-02
-3.227191459457742079e-02
-3.122310936466479031e-02
-3.017876152346187293e-02
-2.914508031849448108e-02
-2.807315214215445887e-02
-2.695006136992037296e-02
-2.580247794610407083e-02
-2.462734692423578647e-02
-2.339794551560157171e-02
-2.211120413123951814e-02
-2.082987360767439913e-02
-1.960003349990349295e-02
-1.837172854009546524e-02
-1.714462653459952052e-02
-1.595419551823350213e-02
-1.478358027059789234e-02
-1.358879152654542122e-02
-1.234348478604479528e-02
-1.100771381736341710e-02
-9.583816363086453474e-03
-8.103353328357869312e-03
-6.563017543634589585e-03
-4.966413140747683724e-03
-3.326852472772631741e-03
-1.687013254899738697e-03
-6.478105360337160779e-05
1.560672805628046623e-03
3.204518978594314040e-03
4.874007369122772791e-03
6.596997770537525556e-03
8.384843891200224192e-03
1.020762250878109664e-02
1.204272374703765046e-02
1.386051710773642150e-02
1.564243907926738883e-02
1.738934226849675121e-02
1.909813255608425533e-02
2.080911783065880760e-02
2.256852393533838666e-02
2.441366025898678363e-02
2.636963070478965873e-02
2.839612724119213588e-02
3.040235430190887239e-02
3.229149350667556706e-02
3.393497819586883957e-02
3.495737182065120768e-02
3.521570869482784638e-02
3.516475889889798118e-02
3.518210279895183507e-02
3.538225336954523709e-02
3.562899159902763874e-02
3.587027692464348633e-02
3.631424710480825324e-02
3.709489803021799592e-02
3.819299987183681633e-02
3.949869076462376311e-02
4.086991727492177151e-02
4.216163038095208093e-02
4.356244491508381306e-02
4.522454697103114180e-02
4.715319359047975833e-02
4.933678596467034466e-02
5.178231039751694798e-02
5.432155835460196480e-02
5.637384663485930231e-02
5.782893123907445476e-02
5.926170705933547778e-02
6.096794986068501676e-02
6.294906463428621979e-02
6.522122472694032169e-02
6.781933312305978012e-02
7.074585717843670518e-02
7.381288942363570249e-02
7.632759570521674419e-02
7.780618195547364668e-02
7.910911429329935129e-02
8.076512317501313709e-02
8.288760150561313989e-02
8.544519804835373766e-02
8.840190254344980347e-02
9.174298376090112006e-02
9.542288250698702234e-02
9.932292469961530312e-02
1.033822009447913914e-01
1.075414121586234090e-01
1.117438209061292209e-01
1.159723493528176663e-01
1.201950940452505140e-01
1.244019408662665332e-01
1.286257422460067579e-01
1.329173801875938588e-01
1.373116876705034461e-01
1.418399341304938943e-01
1.465082062196547408e-01
1.513328342203495436e-01
1.563546802140058090e-01
1.615624733480514608e-01
1.669408831861913800e-01
1.724606289562644890e-01
1.781030503216157468e-01
1.838609024376990086e-01
1.897395651745411305e-01
1.957508921734579521e-01
2.019044375956590698e-01
2.082063726512549673e-01
2.146526671485886884e-01
2.212305559087197893e-01
2.279210032502156091e-01
2.347058089935755987e-01
2.415716325629780337e-01
2.485131534515040153e-01
2.555255241500345997e-01
2.626083230340937047e-01
2.697668325532318612e-01
2.770123680422536538e-01
2.843641453657017593e-01
2.918415814020359766e-01
2.994483852699743043e-01
3.071850623882483866e-01
3.150404367293588859e-01
3.230063342971413176e-01
3.310678344541634899e-01
3.392116739462857633e-01
3.474306785597500169e-01
3.557263200392408731e-01
3.641051368908501118e-01
3.725790897168915761e-01
3.811665178353829120e-01
3.898791911787258258e-01
3.987232927722917375e-01
4.076904741136818666e-01
4.167598194912159326e-01
4.259085886030603563e-01
4.351227064068686201e-01
4.443929477639097514e-01
4.537153493589824449e-01
4.630950007993889783e-01
4.725442881561329744e-01
4.820733674441676775e-01
4.916803318230996145e-01
5.013621376418663234e-01
5.111131906610536513e-01
5.209186958547201707e-01
5.307653934724250178e-01
5.406451294469493130e-01
5.505559571777628447e-01
5.604992491390764497e-01
5.704818400697800884e-01
5.805184009358905772e-01
5.906196942754959878e-01
6.007867174766133855e-01
6.110095828193333745e-01
6.212735193524432376e-01
6.315644809295625217e-01
6.418755716404995759e-01
6.522026876141074903e-01
6.625416589783028609e-01
6.728912361121691665e-01
6.832517162350664197e-01
6.936287845800790386e-01
7.040323399075033572e-01
7.144707080729225668e-01
7.249464745717554282e-01
7.354553688251301846e-01
7.459898324003980674e-01
7.565385478108429540e-01
7.670923996587882820e-01
7.776394312736343295e-01
7.881735925628020611e-01
7.986954132842025711e-01
8.092086173527625048e-01
8.197232316508703542e-01
8.302514177673832041e-01
8.407995761970905590e-01
8.513696783352158182e-01
8.619469067708011023e-01
8.725116029314504695e-01
8.830486426825170376e-01
8.935466996305949650e-01
9.040019714198227474e-01
9.144145064642121845e-01
9.247921084786459023e-01
