-1.048452119169066693e-02
5.882692524216590405e-03
5.150052494684879967e-02
3.024480466829135294e-02
2.655561145663191611e-02
-3.869902533093809438e-02
-8.514753861405420787e-01
-1.124922387096375154e+00
-1.941192587193531494e-01
2.249480070082937599e-01
3.076008766331241873e-01
2.643090243039779574e-01
-7.333320509107107976e-02
1.286499407635490616e-02
8.923529675247812709e-02
1.254591850349473514e-01
1.118618135051216017e-01
9.418187109434779380e-02
7.358327865927495604e-02
6.912560911034618116e-02
4.101476839554827475e-02
8.634916754087798574e-02
6.399188859388017792e-02
1.731726196976344015e-02
3.036807034472290001e-02
3.872281250224833549e-02
-8.498006679709284306e-02
-4.207947684497950064e-02
7.591827688853344802e-03
2.849869952790209590e-02
5.131623198781499334e-02
7.306365372942094649e-02
5.233000244313781857e-02
-9.714872062718548085e-01
-2.813390202952256836e+00
-4.556802873304311996e-01
1.736317994245893670e-01
4.439162915600733395e-02
3.155085712560734557e-01
4.863429481050049463e-02
-2.119935996370783116e-01
2.519782089346897513e-02
1.887363504194507768e-01
4.350368349977655202e-01
4.615334093294222173e-01
3.953734813720102270e-01
-9.565951816497955673e-02
-7.299880739730951751e-02
4.363273149939927986e-02
1.816420321225649392e-01
1.980019662253268697e-01
1.659804099314802772e-01
-2.835013861970442361e-01
-1.340107151408905573e+00
-1.160301317120547432e-01
2.907269755587167381e-01
3.842594999927511079e-01
2.246460094190629031e-01
1.720574347840782836e-01
2.506577720506618645e-01
2.208140761812470709e-01
1.831143314697178115e-01
-2.266104254985088218e-01
-2.653687567239566558e-01
1.236466358656755915e-01
2.796624389862127358e-01
3.019709270536512502e-01
2.915773271215911788e-01
2.808360814690730178e-01
2.008759965824119531e-01
1.384279342961286519e-03
2.506260248845881139e-02
1.290006144063348126e-01
1.559844016033485048e-01
9.621049220503349875e-02
1.099225335728602759e-01
1.621990785457339268e-01
1.898536066988696924e-01
8.239895642961712896e-02
-2.037670485268380793e-02
1.172197535308312499e-01
1.085719027384160484e-01
2.680813128967420023e-02
6.129073563189250951e-02
1.425229236842049385e-01
1.562256633769027736e-01
2.388282251077101515e-01
2.343889555202331443e-01
1.638944905287061105e-01
1.962679511176577130e-01
1.874321495645638325e-01
1.884964595370107743e-01
1.113896823883737952e-01
8.538277005473121628e-02
1.346007947694310980e-01
1.589644899217535767e-01
1.565641312722745593e-01
2.105609242130445646e-01
2.410678711781127082e-01
1.779531398141253606e-01
1.619963914717551523e-01
1.155821923751576552e-01
8.624187635993675605e-02
1.056338016671854035e-01
7.552601800645902808e-02
1.501574433787025153e-01
2.167411229986780374e-01
2.632441757227772516e-01
3.223951801611802392e-01
2.606433446396476672e-01
1.290007205409585689e-01
-2.470175346251204940e-02
-7.593676790933133469e-02
-7.599003947251156132e-01
-1.147310083845103579e+00
-2.452278797800125087e-01
2.564064593881730247e-01
4.177970631666352297e-01
1.000828165085474869e-01
-6.370714721695355798e-02
3.592690324295967352e-01
5.476930870048185573e-01
5.091596751209109817e-01
3.345517051996044211e-01
1.918284847414497007e-01
-1.774313082288963561e-01
2.682721943538119991e-01
5.063188063851743470e-01
4.755266095771548684e-01
4.604900455483682542e-01
5.128753766067569719e-01
4.649195848007133258e-01
-6.641470253009975622e-01
-9.217489298847207913e-01
2.723034767371993459e-01
6.281873429404782883e-01
5.171829018782760912e-01
5.562577338404127714e-01
6.199664746286679406e-01
6.511166786243275384e-01
5.537738629577587668e-01
-5.350528754711554313e-01
-1.800461496207709899e+00
1.760083923390923233e-01
7.774131933959885776e-01
8.624479509280694733e-01
7.733732388935531388e-01
7.222965500849136689e-01
7.270841633828525330e-01
7.128675580020840119e-01
5.054420746521370855e-01
4.791043351577780607e-01
4.157801339411717478e-01
3.354579472230337922e-01
3.575903175897571229e-01
3.076247477667556351e-01
2.979497617465522996e-01
3.575139145795739881e-01
4.481137858597129542e-01
4.900514223735134567e-01
5.525237812837533458e-01
5.542809963534336415e-01
5.715422171046959932e-01
6.764039523062761461e-01
6.411947270242454033e-01
6.452271815995204163e-01
6.040522535054853037e-01
5.940454206995243736e-01
5.951286813464955472e-01
6.167704449469900707e-01
6.482666161073595834e-01
6.720299363060222575e-01
6.952284802994093127e-01
7.000362303241063344e-01
6.941073470551355484e-01
6.768679623589441974e-01
6.627102778144537965e-01
6.530379325332267282e-01
6.597982836719578081e-01
6.602418890987571398e-01
6.684058308195316433e-01
6.840221908208224955e-01
7.065399240608509768e-01
7.418835802783683153e-01
7.846079719040162104e-01
7.897876786595658949e-01
8.066810719565413734e-01
7.917597058049894443e-01
7.970152654772489909e-01
7.817216681189842475e-01
7.728252838698439486e-01
7.709698135077712733e-01
7.835996400486493485e-01
8.012322848812732934e-01
8.241276314314687212e-01
8.637267990728423328e-01
8.856999610208577955e-01
9.072855970072067899e-01
9.040827207089576767e-01
8.819898455764406675e-01
8.562630187569202356e-01
8.485861154988088018e-01
8.444653805417974279e-01
8.457713588649633518e-01
8.607300057941127402e-01
8.871671358797359463e-01
9.125075373515187938e-01
9.112268037310680135e-01
9.143790660605473075e-01
9.169006875740527418e-01
8.983520386016390358e-01
8.863597111389467376e-01
8.804047227194825576e-01
8.847648629092286221e-01
8.912404872232396746e-01
9.035186684661677958e-01
9.329237565266076393e-01
9.533654904428174870e-01
9.602249950735330941e-01
9.492576039770630469e-01
9.329522867856570034e-01
9.158262919965315385e-01
9.129992738605066105e-01
9.127989023711408079e-01
9.092054969309411039e-01
9.122296952841988382e-01
9.138057118123703582e-01
9.247360537058524343e-01
9.428100327089851129e-01
9.578615768424016963e-01
9.648105305672738385e-01
9.598578518258320535e-01
9.539238495094296555e-01
9.377727965890244599e-01
9.318359180982851431e-01
9.137933933387998309e-01
9.078504432607019670e-01
9.120110075369542990e-01
9.167093626732337741e-01
9.326195811953639225e-01
9.538656054993324140e-01
9.606867237241746293e-01
9.711856458518415280e-01
9.468376478082840553e-01
9.182689824452190397e-01
9.000572852125903189e-01
8.828698658131161059e-01
8.803615359155350095e-01
8.777739012760108483e-01
8.887232415084688197e-01
9.069530518013435572e-01
