-3.546269464114828324e-02
-1.332541215212582238e-02
3.946776015070409954e-02
2.257899947913705532e-02
1.692263836002064897e-02
-4.739101308351355291e-02
-9.203845313611009882e-01
-1.308999121395902909e+00
-4.241538817464465261e-01
3.946015337671580914e-02
1.866981650100579815e-01
1.992023275221486978e-01
-1.189111552472991162e-01
-2.890363006547762292e-02
5.870456588114034147e-02
1.070192783395035457e-01
1.097488468214367352e-01
9.843748651229308755e-02
8.030930481369487339e-02
8.118628039377435990e-02
5.125487528860667163e-02
1.007806558644966516e-01
8.175057254780522531e-02
2.793201386729725344e-02
3.631990472533280778e-02
4.602606051491568706e-02
-8.877564873921192645e-02
-5.805809337493356842e-02
-1.239852521717473705e-02
6.648970868351058300e-03
3.138214587726725902e-02
5.910322144706516012e-02
4.295299742177854235e-02
-1.045714928693484591e+00
-3.125492610297040841e+00
-9.066780365963444943e-01
-2.110790226426834393e-01
-2.635687164189508547e-01
7.616865848311837883e-02
-1.290976442012034264e-01
-3.796986513472297986e-01
-1.272190829518667077e-01
7.268254635543419662e-02
3.726094153392781605e-01
4.535511544274679618e-01
4.330848173965083925e-01
-5.699072525597285999e-02
-6.500855062599329715e-02
3.752467113962924816e-02
1.742037766650474107e-01
2.033450045223759994e-01
1.818181304003727294e-01
-2.914413553202835350e-01
-1.467550985643982786e+00
-3.193526449020460678e-01
1.218513544877534299e-01
2.737828655031672165e-01
1.465522042212137332e-01
1.249211286091617412e-01
2.233343525225018888e-01
2.068420850364109387e-01
1.869948751944957854e-01
-2.430750130559336808e-01
-3.293563909661839650e-01
6.048519791267036039e-02
2.465939050956566514e-01
2.891541346231730758e-01
2.980820400940167869e-01
3.082354408434693771e-01
2.595705002138307682e-01
3.614959796459724789e-02
6.592982567931157667e-02
1.594055004524248531e-01
1.701994216597838561e-01
1.163166370090737700e-01
1.269134171742102857e-01
1.774263691140839372e-01
2.033673738778580264e-01
9.589794351063837818e-02
-3.048842547033338984e-02
1.091960046841819465e-01
1.269337768913168518e-01
5.095879462273708582e-02
7.119464325372848457e-02
1.375534668408778249e-01
1.506782147622985901e-01
2.338477029181563749e-01
2.382226886229698026e-01
1.926176661988898697e-01
2.159142955893591509e-01
2.007531871753764907e-01
2.032328768487181025e-01
1.205911921619223087e-01
8.921688763670529432e-02
1.404613145843517374e-01
1.925589941119044413e-01
1.954061249729335259e-01
2.363927830689034892e-01
2.664181827427555271e-01
2.234348858442444796e-01
1.898139008463230193e-01
1.414485917502362189e-01
9.798024906231947440e-02
1.058896136336061333e-01
6.831877734801242164e-02
1.279834227177998329e-01
1.869514572532558483e-01
2.384857751110286694e-01
3.254395333974286486e-01
2.733055810488175252e-01
1.308964819395151968e-01
-4.850055748175377546e-02
-1.235199123346625572e-01
-8.947042038231528549e-01
-1.398377416630120607e+00
-5.623155587008973333e-01
-2.717723861189955126e-02
1.984681220353926301e-01
-8.040708357425933872e-02
-2.402851451283076478e-01
1.900054901413786856e-01
4.394145966312504314e-01
4.389529382947527369e-01
2.972217410757737044e-01
1.700869925151202722e-01
-2.154799396371258058e-01
1.977834364475471174e-01
4.681814694098712093e-01
4.749128830141790547e-01
4.833744298571964193e-01
5.650766474497757041e-01
5.518742449102996828e-01
-6.492020612200272156e-01
-1.012201550301197184e+00
1.318276258094705222e-01
5.432311475280321433e-01
4.933800560841029581e-01
5.646241263406750477e-01
6.736592856179034472e-01
7.517291645575390202e-01
6.780492257592899419e-01
-4.945776369821205387e-01
-1.896825956126370283e+00
-1.921763044711121901e-02
6.392890795742427468e-01
8.523059395102706715e-01
8.542494899048174162e-01
8.091075983764809409e-01
8.728125402248394504e-01
9.451542825933285652e-01
7.597463202931161730e-01
7.263135341677747769e-01
6.188951577942812809e-01
5.118860587448350596e-01
5.211881199153112210e-01
4.457358167113860126e-01
4.143541455372314886e-01
4.809178632633139827e-01
5.972463116422108698e-01
6.731033537864125060e-01
7.425063584601627742e-01
7.686038353633286579e-01
7.864122715595169844e-01
9.408091126668504112e-01
9.165343572177603315e-01
9.494846165849033515e-01
9.751237923668009122e-01
1.008739939818719789e+00
9.933515694615775438e-01
1.007137624783188024e+00
