6.239123413379818461e-02
6.144114253103874490e-02
1.016924355516870826e-01
8.522019892423557397e-02
9.611802383077674983e-02
1.621539948918159293e-02
-8.628993632673259695e-01
-1.254733501532219409e+00
-3.716521870640324687e-01
9.351673614072959773e-02
2.479080178867269502e-01
2.597926999233840517e-01
-5.831164133843831643e-02
2.492642818966746970e-02
1.153179050554850593e-01
1.817312461623738773e-01
1.776553061608430462e-01
1.804659725810926485e-01
1.749322024937937647e-01
1.666162129496139843e-01
1.451970071310175747e-01
1.847387166736476072e-01
1.623127503629987478e-01
1.273429915661129508e-01
1.392354990395499037e-01
1.364531065975266855e-01
8.499139768712665743e-03
4.049419676199291634e-02
8.721727733029338570e-02
1.188599453732057526e-01
1.512129564727371922e-01
1.786301950992119913e-01
1.626385210817299365e-01
-9.364440935477920114e-01
-3.024959144108108511e+00
-8.129624947859349637e-01
-1.201253165483354146e-01
-1.563818822046916801e-01
2.150757533753427375e-01
1.333662940945751219e-03
-2.295672525422302601e-01
1.432390097025387776e-02
2.109721705566462713e-01
5.169616569522252902e-01
6.236050642991433079e-01
6.059404938695733822e-01
1.130175408688281619e-01
1.209306192680021097e-01
2.304158529569603764e-01
3.973346991077821300e-01
4.320574377826260637e-01
4.095839090712396491e-01
-6.559255410616920967e-02
-1.235553766496599648e+00
-7.734046730328701658e-02
3.831368880507620145e-01
5.487243283519157577e-01
4.708588440601310654e-01
4.186698192079929548e-01
5.228031982862959559e-01
5.320814889844143192e-01
4.875502059778046293e-01
5.602083099591367854e-02
-1.295473467258337341e-02
3.302514501945982839e-01
4.935638337199126369e-01
5.769083226071101134e-01
6.098046165374131355e-01
6.130793275362690364e-01
4.764116821805018387e-01
3.064148873401731366e-01
2.367860824446994528e-01
3.455002916375554123e-01
4.316039134902093233e-01
3.523261230680365674e-01
3.638376014879188824e-01
4.296510448705932461e-01
4.890934821025220147e-01
3.802863303831156006e-01
2.945122598123700586e-01
3.955252052318424805e-01
3.118872945132817875e-01
1.915807145534207390e-01
2.424265599915437219e-01
3.776273997495209755e-01
4.234018721036125199e-01
5.550107284694001386e-01
5.833251157812298082e-01
4.652335453269569321e-01
5.398417487674406212e-01
5.675368059475907057e-01
5.768220181591773299e-01
5.056776858520724005e-01
4.619975499703369293e-01
4.849158846349948537e-01
4.268727052087444851e-01
4.144414825145918968e-01
5.269632008753126762e-01
5.958361784430822317e-01
4.915545980537412984e-01
5.258729074134338433e-01
4.665378611726561653e-01
4.457709738850965664e-01
4.707699308498476398e-01
4.358925099143909354e-01
5.471908043209590122e-01
6.658198152380780943e-01
7.491787152802978911e-01
7.935550535509876546e-01
7.556192590955652655e-01
6.489324889746557190e-01
4.938863909286597131e-01
4.004281970318997463e-01
-3.124976695076457367e-01
-8.521639655962323090e-01
-2.014966325701861294e-03
5.423938146250197878e-01
7.875460620318421867e-01
5.280538214136899500e-01
3.755249839409222079e-01
8.731065420234915830e-01
1.106079680666934184e+00
1.171475460819375369e+00
1.018195146074930335e+00
8.460230095424121632e-01
4.051878125296360933e-01
8.871578179729457947e-01
1.146810076434412684e+00
1.146401603664546354e+00
1.165639694069775079e+00
1.225688476183301567e+00
1.149622892390334883e+00
-2.102443848361601475e-02
-5.049696669541350325e-01
6.659048287901133678e-01
1.088943871826976384e+00
1.036154317050228535e+00
1.160084834581800006e+00
1.261269639839867507e+00
1.315532653042001954e+00
1.261054721231166020e+00
1.967198263985441287e-01
-1.443032254116028756e+00
4.401723812865629970e-01
1.177499556617341403e+00
1.289507844979581375e+00
1.255959758666943760e+00
1.420894272900148803e+00
1.427371911538820148e+00
1.294014429277047018e+00
1.072883697885297805e+00
1.056297696154147925e+00
1.077086386074399327e+00
1.021140474104548002e+00
1.022228570907664391e+00
9.883267459481267503e-01
9.908303288472501968e-01
9.873597643497659115e-01
1.026529689263408596e+00
1.010122062011919120e+00
1.089702188348253387e+00
1.099750179285951646e+00
1.161072671891041796e+00
1.208881033326433485e+00
1.206513659558749563e+00
1.154123727970481683e+00
1.159574694116418225e+00
1.180508361952480323e+00
1.185695013781082219e+00
1.203349819164960532e+00
