1.521359366323593203e-06
1.139618094197166754e-05
4.015744090030613463e-05
1.055169459235554376e-04
2.015932209854509865e-04
3.164956969174577417e-04
3.154526248728929867e-04
-2.275266680478773011e-04
-1.417065920951672900e-03
-2.787212965693955206e-03
-4.010356459564329810e-03
-4.988956418179066148e-03
-5.765858518320181487e-03
-6.491048794691573962e-03
-7.154365905564166392e-03
-7.707502782721900939e-03
-8.127254782087157611e-03
-8.421637453986986072e-03
-8.605993769387291006e-03
-8.696654815065995442e-03
-8.707895533516567949e-03
-8.653150156070901072e-03
-8.523410471681940395e-03
-8.334816124841075077e-03
-8.112682650229501718e-03
-7.859023921420047604e-03
-7.588698599016087225e-03
-7.356254552299794011e-03
-7.151438690100543963e-03
-6.944436777610212344e-03
-6.715892339223006671e-03
-6.449301895328441760e-03
-6.134963497386110819e-03
-5.908457934659801583e-03
-6.484970344082735018e-03
-8.555274732148249878e-03
-1.113062626118377883e-02
-1.363822386207430744e-02
-1.599814189624450614e-02
-1.810288177129963302e-02
-2.006543933345108707e-02
-2.200118798422936311e-02
-2.380706765909767000e-02
-2.534958466792430407e-02
-2.649152212176032750e-02
-2.720298173914555140e-02
-2.758194178461637752e-02
-2.787783659439166395e-02
-2.813463894356067058e-02
-2.828968191776013927e-02
-2.826984583296621514e-02
-2.806370804250143958e-02
-2.774935907463339790e-02
-2.768236382879784088e-02
-2.826639998190182829e-02
-2.899605361675113013e-02
-2.952240223888425233e-02
-2.976290009017648272e-02
-2.977987056687932468e-02
-2.961036056244354883e-02
-2.923179512627404816e-02
-2.865876133628475833e-02
-2.797357388683608878e-02
-2.738723417382793457e-02
-2.692366318304472220e-02
-2.639553840821943706e-02
-2.568661480945024292e-02
-2.476612473791632921e-02
-2.363765998037025209e-02
-2.232607409401402357e-02
-2.091051885230450075e-02
-1.949750285143480102e-02
-1.810165713197160048e-02
-1.667130268221921410e-02
-1.518447073180042087e-02
-1.366844594176670931e-02
-1.212002362600835687e-02
-1.050956064764173303e-02
-8.829972332926389750e-03
-7.142527493528730113e-03
-5.490630279437403588e-03
-3.831335485709401467e-03
-2.177788073716519814e-03
-5.708059206241784204e-04
1.012322526861093343e-03
2.625852644019953386e-03
4.302830459980302655e-03
6.089380809818853608e-03
7.983769778309579915e-03
9.947463042851288628e-03
1.198838525991841736e-02
1.410832164526389446e-02
1.629482440913334121e-02
1.850492568670923654e-02
2.071752483531778474e-02
2.294585377447023664e-02
2.519167107254179083e-02
2.746095253559812863e-02
2.979134710268165065e-02
3.219875951879261344e-02
3.464931789082245639e-02
3.712615376205126438e-02
3.960041761282442202e-02
4.205571522481708208e-02
4.449465553341339086e-02
4.691539464936669152e-02
4.936457198135585367e-02
5.189547757327655358e-02
5.454687656743491958e-02
5.733811813860070078e-02
6.022877311570164205e-02
6.313142636296201204e-02
6.595028871528638148e-02
6.855487052950534621e-02
7.057223367413667514e-02
7.185404407143246297e-02
7.285285343470923602e-02
7.394550064351768093e-02
7.524710039039894660e-02
7.662203010403721704e-02
7.801916171389940147e-02
7.965141478139442510e-02
8.165218044045793877e-02
8.400661516655638650e-02
8.660166509638242416e-02
8.928657502503785370e-02
9.190996932381498286e-02
9.466570228711736201e-02
9.770545054223805925e-02
1.010330735538225305e-01
1.046369603561367878e-01
1.085199550199942020e-01
1.125076519934312680e-01
1.160182438985709052e-01
1.189297685913220520e-01
1.218182405968599585e-01
1.249824315181383150e-01
1.284262291598412820e-01
1.321721467081623802e-01
1.362553418180807441e-01
1.406767002065419658e-01
1.452539674214907983e-01
1.493000030677464895e-01
1.523065252646542134e-01
1.551313818685560730e-01
1.583104687401418742e-01
1.619480671852461251e-01
1.660146281392509693e-01
1.704967971393955561e-01
1.753732010093750349e-01
1.805743944748363639e-01
1.859765045163930541e-01
1.915268131593338974e-01
1.971834727854920588e-01
2.029000362446514438e-01
2.086617614412526189e-01
2.144422576311761364e-01
2.202343682745457054e-01
2.260612237063333863e-01
2.319629454651258582e-01
2.379643435523115802e-01
2.440958135944490404e-01
2.503669839243951034e-01
2.567973824957513473e-01
2.634208269636538202e-01
2.702242722971481270e-01
2.771890570744953153e-01
2.843113649451685099e-01
2.915917848539294477e-01
2.990202116741796923e-01
