-6.367669350297901210e-04
-7.295497730366661644e-04
2.799438373074642807e-03
6.874624806096309680e-03
9.079299256261681023e-03
6.915735145737834239e-03
-4.755913219448962281e-02
-1.527329454223438354e-01
-2.010122245088792059e-01
-1.709701840348288315e-01
-1.212226599350272604e-01
-7.849623840327338287e-02
-6.492643655222568588e-02
-6.498843385738543865e-02
-5.526279415005403567e-02
-4.034705819339502730e-02
-2.608925104401091377e-02
-1.511558170957886214e-02
-7.264427208033427674e-03
-1.254641572432647206e-03
2.527662099123409098e-03
7.573094303417150612e-03
1.330550571511626007e-02
1.459796362124726049e-02
1.445503564458075312e-02
1.581281261783489683e-02
1.010089739951075191e-02
1.594946191978420871e-03
-3.915464910233816716e-04
1.633409131524988546e-03
5.708562437296491911e-03
1.163907503366155144e-02
1.660391224189016607e-02
-4.228443839087633882e-02
-2.572884442737116140e-01
-3.939004414013019817e-01
-3.543484302850077317e-01
-3.013574521648376692e-01
-2.496700538602573405e-01
-2.091802506570866749e-01
-2.044837840491520176e-01
-1.990474875978934799e-01
-1.717542971078773462e-01
-1.246765496520946814e-01
-6.944440313558220002e-02
-2.369373639560901773e-02
-1.607390186602201954e-02
-3.156891806148427737e-02
-3.492248747440534345e-02
-2.249263446922060428e-02
-3.194343077078432708e-03
1.276949300448679617e-02
-1.813959869178359899e-03
-1.009164031123453986e-01
-1.655705446614067489e-01
-1.340412921983989980e-01
-8.257383437845561280e-02
-4.454207157235681031e-02
-2.341657306877594630e-02
-2.587779307547742602e-03
1.834402924845324537e-02
3.336064670493578410e-02
2.040399125044065759e-02
-1.322165874436261046e-02
-1.978055909373009971e-02
4.050224949586799655e-03
3.355385756335556996e-02
5.947346892226910986e-02
8.107235224277403729e-02
9.502598472143142239e-02
9.172347731421012784e-02
8.100814618771273734e-02
8.008289578387645102e-02
8.663153856429124666e-02
9.020759323754416747e-02
9.128042705556121961e-02
9.636783852460346911e-02
1.053388443443098316e-01
1.081784930344278917e-01
9.916202236054344477e-02
9.483548965655405616e-02
9.785815927779900614e-02
9.504132448197349925e-02
9.058004768315541799e-02
9.352944036895383118e-02
1.010557450276978603e-01
1.132501910811331280e-01
1.278504438240158358e-01
1.361573532568746969e-01
1.420892046123939656e-01
1.488394581138466899e-01
1.547213552937634351e-01
1.556217747880592195e-01
1.513043706654205178e-01
1.496553696298834890e-01
1.525126858904699567e-01
1.562317940567155006e-01
1.627538537533011476e-01
1.732014797806767092e-01
1.801690305560362804e-01
1.823002874388084116e-01
1.809291731821417726e-01
1.759641488173790680e-01
1.716724783477161231e-01
1.673378430927597305e-01
1.666744429370616287e-01
1.740222102351593469e-01
1.865855483560225903e-01
2.034776308692285707e-01
2.175751399842789091e-01
2.189935746581083698e-01
2.047410709585479049e-01
1.820577691341382920e-01
1.186938325322555443e-01
5.416613762384517305e-03
-5.775032172416769138e-02
-3.722209388607451708e-02
1.300057298912466602e-02
4.307246957848250013e-02
4.187131789930069459e-02
5.826358363172295940e-02
1.057621353762560334e-01
1.540975462461132983e-01
1.838361041759870307e-01
1.931243742156355525e-01
1.729226348247957235e-01
1.650050075185763854e-01
1.964810894055259716e-01
2.341597946814222564e-01
2.646176395428806449e-01
2.942743174789629879e-01
3.208449320066993349e-01
2.740490725192977206e-01
1.615814273799869305e-01
1.252019443421387990e-01
1.760597357884452485e-01
2.293871936115016164e-01
2.711543761588934287e-01
3.133975866349310024e-01
3.559006244700480548e-01
3.895393125016849978e-01
3.490354952197155525e-01
1.832140727161703786e-01
9.698708316612568436e-02
1.601711741675036216e-01
2.473331093891146248e-01
3.196231461327044832e-01
3.743641561988199085e-01
4.205639172989550922e-01
4.616777105673568471e-01
4.859163650150998270e-01
4.967885301962278177e-01
5.031496180016360453e-01
5.023048385862848297e-01
5.002901131976633664e-01
4.978294515692420763e-01
4.934067670357510371e-01
4.933918164223450864e-01
5.024265891062896783e-01
5.177797780637882763e-01
5.373653336626810217e-01
5.581337949021413225e-01
5.779185397103749899e-01
6.031630292083283162e-01
6.292092901588306475e-01
6.512350842178353805e-01
6.692625008553656496e-01
6.834621503604572101e-01
6.966441604452114911e-01
7.106879302082850236e-01
7.270494711936695831e-01
7.453886534627075511e-01
7.649932444991033309e-01
7.845776454557027435e-01
8.025968421052247503e-01
8.180805491654756789e-01
8.310082720779072840e-01
8.421506139062171492e-01
8.529318279140346570e-01
8.637954528231635010e-01
8.748107510669019815e-01
8.867687853717278745e-01
9.003125465412187278e-01
9.163465643298990271e-01
9.356477897917918618e-01
9.559045510885920693e-01
9.758467856951665853e-01
9.942898998457933013e-01
1.011093636697122600e+00
1.026318727288718646e+00
1.039509291870245544e+00
1.051690710275755114e+00
1.064199280142814619e+00
1.077985683874154388e+00
1.093408574317010107e+00
1.111515534578447095e+00
1.131738401542472960e+00
1.152899066202039302e+00
1.173423054520826625e+00
1.191053159002607664e+00
1.205064026049599724e+00
1.216882587833802765e+00
1.227912977852317233e+00
1.238698923349282222e+00
1.250313606145575296e+00
1.263985304673013621e+00
1.279916882503523645e+00
1.296122991475809449e+00
1.311507459346694882e+00
1.326428266596520134e+00
1.339660867438170033e+00
1.350766517839110392e+00
1.360741906622213948e+00
1.370640920085331782e+00
1.381082785692500980e+00
1.392410131040799248e+00
1.405816020902690200e+00
1.421342260298493088e+00
1.437427234407472110e+00
1.452268145447271230e+00
1.464857431744365446e+00
1.475220438143030499e+00
1.484487277537348549e+00
1.493666042253760207e+00
1.502643254516129678e+00
1.511633571548373078e+00
1.520858313443195664e+00
1.530754147143726041e+00
1.542130379366622117e+00
1.554960670607191897e+00
1.568411959348999796e+00
1.581296978306951928e+00
1.593067263959782931e+00
1.603238303838841583e+00
1.612133568135724504e+00
1.619706409458435914e+00
1.626216465449745296e+00
1.633008694067828115e+00
1.640542823937373385e+00
1.649384400978386012e+00
1.660235427486191684e+00
1.672216076022537079e+00
1.684681600330792506e+00
1.695687791176883508e+00
1.703432383263998373e+00
1.708813206584456346e+00
1.712726479254560452e+00
1.716255741415954272e+00
1.720133644470934087e+00
1.725063136722018609e+00
1.731994122267103142e+00
