1.216780287359642970e-02
2.048719016633361242e-02
6.148079409277897728e-02
3.934564188270898988e-02
3.896841496986073322e-02
-3.011244931789009913e-02
-8.367955278613828929e-01
-1.097885277168561657e+00
-1.643468337517547673e-01
2.474179667763917734e-01
3.227710716099351784e-01
2.726951389827487748e-01
-6.643597527455158414e-02
1.871455582962398140e-02
9.504225497954515989e-02
1.340681559085326602e-01
1.173243394556624658e-01
1.022515407031537593e-01
8.402564116405643324e-02
7.692889402929045661e-02
5.096617439382707809e-02
9.372548947869871472e-02
7.058024517057587266e-02
2.890979747011441711e-02
4.293099215650046652e-02
4.828657252426178659e-02
-7.257407034108530330e-02
-2.820197289818176037e-02
2.180090411389810565e-02
4.514204005248383805e-02
6.871971241445881673e-02
8.917225363163959473e-02
6.767810988156466867e-02
-9.503925799877364078e-01
-2.766123311841313104e+00
-3.976447605820150888e-01
2.183954777613718035e-01
8.087956404012472400e-02
3.490065761636068631e-01
7.246525795556610361e-02
-1.848137889083325547e-01
4.874362776691776311e-02
2.076135708002581626e-01
4.495023963778451703e-01
4.758546930989369095e-01
4.058312571940729252e-01
-8.445420689477824150e-02
-5.388954831007914531e-02
6.574861917667569611e-02
2.096090188046395297e-01
2.246136216916795880e-01
1.905964224633068249e-01
-2.565080185938984347e-01
-1.297799244839789923e+00
-6.508131027456214024e-02
3.385189523119523924e-01
4.258428157416772053e-01
2.714543011367196446e-01
2.077212696106990886e-01
2.853875452860249462e-01
2.595342276318520214e-01
2.146487296588157623e-01
-1.920218532529549271e-01
-2.212640973707898084e-01
1.573845164915306793e-01
3.058065644078596934e-01
3.353329028499361097e-01
3.278067696523785934e-01
3.131977225142578702e-01
2.123725847314823223e-01
2.953434558198986259e-02
3.302425389882221451e-02
1.441667739474055687e-01
1.897779205249481849e-01
1.233028324305982526e-01
1.376933546382988760e-01
1.933239236112691828e-01
2.276322525569152433e-01
1.189685818485384516e-01
2.661609203431392068e-02
1.544983951949423229e-01
1.221935436152387922e-01
3.362178856335484856e-02
7.906661608206227987e-02
1.771542694777577531e-01
1.965314385124337926e-01
2.873784538512781372e-01
2.846242914557911563e-01
1.947781856509289422e-01
2.394472636686294786e-01
2.393143717204063159e-01
2.400649954230098526e-01
1.648299534390592902e-01
1.359386553147959864e-01
1.787701781051648509e-01
1.781565069493018516e-01
1.755070909440894777e-01
2.483198671463022478e-01
2.868504383662180968e-01
2.082675984416620107e-01
2.093918301574542173e-01
1.601079013565600284e-01
1.367020127612991187e-01
1.599918314271001618e-01
1.301857320976008703e-01
2.160691451172556399e-01
2.935246945637431937e-01
3.429408508242249298e-01
3.875946895827887539e-01
3.272641947788663686e-01
2.037897794260417339e-01
5.692455033923943253e-02
3.153265377525166224e-03
-6.595535132839825954e-01
-1.043594107482931577e+00
-1.341414321130662834e-01
3.617546835250793902e-01
5.171558429598434037e-01
1.976624128456201113e-01
3.422526036307967090e-02
4.691764957953476478e-01
6.450969896261111725e-01
6.152912622953270461e-01
4.335307168435404424e-01
2.801156688008631379e-01
-9.669122426917367563e-02
3.688536294048506137e-01
6.003755777759292034e-01
5.641901767201193962e-01
5.496986131476186976e-01
5.952482439493091970e-01
5.323182471417984285e-01
-5.784109091560614146e-01
-8.470314691203706392e-01
3.600656697794012984e-01
7.116319338506509329e-01
5.933593001449909421e-01
6.406086262908942119e-01
6.976047245671047614e-01
7.195328708844793697e-01
6.254524262399279166e-01
-4.298299590393853120e-01
-1.729041744065177966e+00
2.618937379566136370e-01
8.720716447134905236e-01
9.203677235508650467e-01
8.168505691849730077e-01
8.120117187630220279e-01
7.966886317880170765e-01
7.321022101214258448e-01
5.216844040008137284e-01
5.058530229562077096e-01
4.732161077484823841e-01
4.077026536305120019e-01
4.287305290596452600e-01
3.886032928269039788e-01
3.886485774406858162e-01
4.292378183189626273e-01
5.060555066142295999e-01
5.286225436598412930e-01
5.909682384522092491e-01
5.949841716891108856e-01
6.208163570993114888e-01
7.032703653443018732e-01
6.717722582379145324e-01
6.513876755528055229e-01
6.590897856969988311e-01
6.781481204719639333e-01
6.660814631929374841e-01
6.762666787648864419e-01
