-1.177048969540992959e-02
4.319213964763484945e-03
5.704867153159189075e-02
4.448945798052941075e-02
4.585989354905470328e-02
-2.325877283988782990e-02
-9.462366589841273434e-01
-1.439800131364948221e+00
-6.218719673126470449e-01
-1.522497204806414484e-01
3.123341614660168908e-02
8.215603506804364242e-02
-2.169244163447991147e-01
-1.219040586285979055e-01
-1.891251961554152317e-02
5.392257234065228610e-02
7.545549940567457259e-02
8.569249312034839250e-02
8.572795209647059156e-02
9.702433514785796520e-02
7.912104789649404557e-02
1.361374644447545246e-01
1.264010224077496691e-01
8.290372384102806524e-02
9.535482815988592653e-02
1.055839257492262595e-01
-3.072752368252513328e-02
-7.243357153609723646e-03
3.570240961522140599e-02
5.848272195875729024e-02
8.802627805000581840e-02
1.209297275446314657e-01
1.100007605710749403e-01
-1.032841487832302896e+00
-3.317931337407800108e+00
-1.267473077525879122e+00
-5.823530869913815522e-01
-6.092572988403763823e-01
-2.267585878348739037e-01
-3.969700417388470348e-01
-6.314328412831322623e-01
-3.696495760846444933e-01
-1.382845481793418818e-01
2.168508300530425648e-01
3.709382707908504551e-01
4.141042687901230757e-01
-4.613834621912410450e-02
-4.602636874517954113e-02
6.709644598143502114e-02
2.314502386485251251e-01
2.883367803525991313e-01
2.905107409606469404e-01
-1.868906148292135416e-01
-1.446668212162779854e+00
-3.688040921127119787e-01
8.864020235976555195e-02
2.830756532681331095e-01
2.045950987041577906e-01
2.011916013340785125e-01
3.279108888333487348e-01
3.460626520584362265e-01
3.435751932179104684e-01
-8.890247985899941974e-02
-1.970745520218550595e-01
1.731262104633818910e-01
3.733205456098983577e-01
4.548278721058752749e-01
4.986721902405134021e-01
5.341300102836368247e-01
4.846107822296937817e-01
2.792764472170615742e-01
2.790171671720976798e-01
3.766895625085290855e-01
4.124940604560655144e-01
3.561438996404741042e-01
3.680898576620176277e-01
4.265964270179379292e-01
4.687980654944872150e-01
3.641273390069858507e-01
2.395758304796016258e-01
3.633380851989321259e-01
3.559766686225703802e-01
2.643358011069364411e-01
2.852934465297456978e-01
3.680000864572640640e-01
3.934038111865508225e-01
4.980545106450020576e-01
5.217025395055934212e-01
4.672210668876333184e-01
5.102552322108104832e-01
5.133111226635780344e-01
5.241393061304866485e-01
4.463630612287336485e-01
4.081562617947401828e-01
4.495626452152892694e-01
4.751215314594899874e-01
4.760401735920421484e-01
5.392931197739820881e-01
5.875858673198609550e-01
5.358944626384192222e-01
5.213326400933713245e-01
4.686589835626818190e-01
4.249978948910465570e-01
4.306537294018135675e-01
3.865231866814836659e-01
4.543869064922012591e-01
5.310278973520835555e-01
5.993617081793152224e-01
6.902944886007988945e-01
6.557854793668591586e-01
5.256915025748640780e-01
3.402238703859504221e-01
2.375098387424685042e-01
-5.821748586686972260e-01
-1.212771363197146846e+00
-4.601560233800424671e-01
6.615397594953778548e-02
3.236539551984880525e-01
7.070310782069869071e-02
-8.927713330277828319e-02
3.713477849635578587e-01
6.623056958254567306e-01
7.314039564911735125e-01
6.278081995532118764e-01
5.124330175915184915e-01
1.069614436069633578e-01
5.349213396965468714e-01
8.342329918550193124e-01
8.802602737110420961e-01
9.289271139049242176e-01
1.043190329714310138e+00
1.050420303431760072e+00
-1.729084325359604435e-01
-6.686384753152518901e-01
4.302133782426077468e-01
8.730075096967215842e-01
8.647442379141538904e-01
9.888014606247260696e-01
1.140730751815239641e+00
1.261647879711951248e+00
1.236164179354499515e+00
6.763066972458686710e-02
-1.542137590904220978e+00
2.310270081548060905e-01
9.368030139815219925e-01
1.190806785928216538e+00
1.251611345950260468e+00
1.319115350992125846e+00
1.425298254708885271e+00
1.500712305815383729e+00
1.346582188202594565e+00
1.342274672077695907e+00
1.287895742150723333e+00
1.198694331487939024e+00
1.206679433879868091e+00
1.140047282187501843e+00
1.108615121744542353e+00
1.154695609374397414e+00
1.250518636385816063e+00
1.311853542997679867e+00
1.403715598535153042e+00
1.438594530765053392e+00
1.487673387190622254e+00
1.635590136130051553e+00
1.645781528496066848e+00
1.687015562066335628e+00
1.674357892207071208e+00
1.684010916977419559e+00
1.701517924067814436e+00
1.740391502467456997e+00
1.793266788257527500e+00
1.842242072347373583e+00
1.893184496607850376e+00
1.925685885754719440e+00
1.944098286814324839e+00
1.945638957358714949e+00
1.944421725050512029e+00
1.943326240305329744e+00
1.957243146585849303e+00
1.964564312095394172e+00
1.979619918567365078e+00
2.003886212675670020e+00
2.038281241008554012e+00
2.090714974575544893e+00
2.157494526821578162e+00
2.189168378246267643e+00
2.232126991358807544e+00
2.240240422200032278e+00
2.264847957859287053e+00
2.265250698710390864e+00
2.267333358779238139e+00
2.273772753569366145e+00
2.294822030916587430e+00
2.323160419643837571e+00
2.359997355659356977e+00
2.419056976715301843e+00
2.465081007646909406e+00
2.512885024473125561e+00
2.534758196341468039e+00
2.531719419791421455e+00
2.517152455367958286e+00
2.515367226913935994e+00
2.514790166573015018e+00
2.518580796656574528e+00
2.537333403009406574e+00
2.571620394869395643e+00
2.609554676758693237e+00
2.621741503718157951e+00
2.636815839348468415e+00
2.650270364712043580e+00
2.639112142877949818e+00
2.629860349022889565e+00
2.623918754482192917e+00
2.627761041004176512e+00
2.634614997224637989e+00
2.649017044355342243e+00
2.684840276988312624e+00
2.716302933841411527e+00
2.735681579244630068e+00
2.734924838748565179e+00
2.724178395298098465e+00
2.707757753378606580e+00
2.702944439012344713e+00
2.700206933526930531e+00
2.693450748938980066e+00
2.693198168200381826e+00
2.691933146964384349e+00
2.701406773324146915e+00
2.721153551255771408e+00
2.741088188439615436e+00
2.754482682536414373e+00
2.755044132514113286e+00
2.752383615559200525e+00
2.736135413324550125e+00
2.727227018088775434e+00
2.703250827388517408e+00
2.688895814418673424e+00
2.684966590050224866e+00
2.683023471294150308e+00
2.695028759171138599e+00
2.716692748624339071e+00
2.726620432873285260e+00
2.741535600009423312e+00
2.718902153049412185e+00
2.685347012857684845e+00
2.656949693382722799e+00
2.626154924658783862e+00
2.608882701580116148e+00
2.592071267949251911e+00
2.590938572996267730e+00
2.601366704165180010e+00
