-6.320238565732915750e-04
-7.090631980934780469e-04
2.797889648996146339e-03
6.767380760110455404e-03
8.848626941500606705e-03
6.597273258449460470e-03
-4.747562420340782630e-02
-1.506180830912866586e-01
-1.958721425908725167e-01
-1.639329301619173729e-01
-1.138556902468147447e-01
-7.182587905390344640e-02
-5.924914857266316837e-02
-5.992334896466761096e-02
-5.066328268089093784e-02
-3.627645032472816278e-02
-2.263161257581048497e-02
-1.227470972262528770e-02
-4.982561422431454334e-03
5.531739990430528317e-04
3.943623765209658058e-03
8.673635788843142569e-03
1.408559872821952760e-02
1.510585465453216820e-02
1.479359897077949480e-02
1.602669911475716399e-02
1.025421909575474633e-02
1.888889898408650792e-03
8.537386816509311659e-05
2.210393329428725351e-03
6.283013303900945694e-03
1.210737004495624457e-02
1.688569769120220124e-02
-4.173574784153746831e-02
-2.538361154839776646e-01
-3.842377648348055952e-01
-3.403761152723848715e-01
-2.857274716370601930e-01
-2.338724990155660322e-01
-1.942224434504043196e-01
-1.903796738038345537e-01
-1.853928610497875551e-01
-1.586810635348101239e-01
-1.126512542948991669e-01
-5.910095630156281254e-02
-1.537704827202676650e-02
-9.577926677364789754e-03
-2.596846350650199378e-02
-2.967152456409893543e-02
-1.755273431816561230e-02
1.207570649943829483e-03
1.648126239922825809e-02
1.395643152209339113e-03
-9.692261607884201935e-02
-1.589672734453073388e-01
-1.257532563144242443e-01
-7.412883620718108135e-02
-3.690685489776119460e-02
-1.681126250778972736e-02
3.001697366920484666e-03
2.286706616749772589e-02
3.686679220566942139e-02
2.320040434829730158e-02
-1.030063661267970748e-02
-1.631945536993568632e-02
7.585642857665733652e-03
3.656321565885424507e-02
6.159122285414141140e-02
8.215208571524439118e-02
9.507812947886663812e-02
9.099767159675906103e-02
7.996915220461631169e-02
7.894352247830181690e-02
8.531890583432300001e-02
8.864051776245480962e-02
8.949776017218946667e-02
9.436250071948094897e-02
1.030123981299836400e-01
1.054772114260066063e-01
9.626908064839669044e-02
9.197069078452316249e-02
9.494851133239699814e-02
9.205836812649159651e-02
8.761913732489330642e-02
9.056693530172892082e-02
9.793487949350229704e-02
1.098108685827373643e-01
1.238878058882361410e-01
1.315946283226102631e-01
1.369959171508157991e-01
1.432357941847495209e-01
1.486316151235898275e-01
1.491024243763333090e-01
1.445206051306920370e-01
1.427315223191724380e-01
1.454298811384091006e-01
1.489282547814399227e-01
1.551704443023693425e-01
1.652137210676483392e-01
1.716858997965947098e-01
1.733795799957645045e-01
1.716697141087417111e-01
1.665085766063818251e-01
1.621412329922256867e-01
1.577790739955420296e-01
1.571134012445359884e-01
1.643281615726372991e-01
1.765451129000388808e-01
1.928692679707223745e-01
2.062206847714588842e-01
2.069562014695811580e-01
1.923553931474996370e-01
1.697930250699403454e-01
1.072080016028012506e-01
-3.745000797305234053e-03
-6.350036166106598490e-02
-4.062087800021668693e-02
1.024641123889347832e-02
3.983173322674991856e-02
3.810543829925779752e-02
5.412340599480874176e-02
1.006503800196927589e-01
1.473522367792392540e-01
1.752548869550617228e-01
1.830011600814711037e-01
1.618843068819780240e-01
1.537979091400033527e-01
1.847909570296419612e-01
2.213564272521266196e-01
2.503917195644855265e-01
2.785095384954017761e-01
3.034640242828056111e-01
2.556204627304280441e-01
1.442806590437109016e-01
1.102590746321139847e-01
1.620925095315210729e-01
2.148235499017984718e-01
2.552566180200141477e-01
2.957663474297063666e-01
3.362568689258441657e-01
3.677727651100006767e-01
3.257775206188395778e-01
1.610929985772608097e-01
7.864742239046863814e-02
1.438708101351189594e-01
2.306014585501221514e-01
3.009466923136925876e-01
3.531622536068151907e-01
3.967143568198949755e-01
4.352048637315196755e-01
4.570153179926208509e-01
4.659518202405597553e-01
4.707948072991933186e-01
4.688110311896735993e-01
4.659937792848561910e-01
4.629145165015797203e-01
4.580385094103565091e-01
4.576482457389965952e-01
4.662082038066207579e-01
4.808555914491567940e-01
4.995019803159274074e-01
5.191134994793554780e-01
5.376188232482642659e-01
5.614665082757128722e-01
5.859283037245114345e-01
6.063242626650686695e-01
6.227479573630920751e-01
6.354492449999797898e-01
6.472337920321211691e-01
6.599397535975303208e-01
6.749603671123338700e-01
6.919057085857637235e-01
7.100487695754049700e-01
7.281094053030519042e-01
7.445801323252939641e-01
7.585367165361363018e-01
7.699998706090170897e-01
7.797550532502994791e-01
7.892160122414412227e-01
7.987947955904508568e-01
8.085449046156913955e-01
8.192350465834437045e-01
8.314800341875442369e-01
8.461523251077543994e-01
8.639892423244042163e-01
8.826638116342038209e-01
9.009517357184712028e-01
9.177001360511483075e-01
9.328220905688161535e-01
9.463914078602612134e-01
9.579805104162993912e-01
9.686195102766422815e-01
9.796256381657534318e-01
9.919117022515652193e-01
1.005802557600266045e+00
1.022312192894491156e+00
1.040837840216330967e+00
1.060209098861085053e+00
1.078874427179963957e+00
1.094636632748126504e+00
1.106838104860464966e+00
1.116940487244776348e+00
1.126333754709256230e+00
1.135538555466008459e+00
1.145598699739104331e+00
1.157698760277962480e+00
1.171998752218438300e+00
1.186503705709024858e+00
1.200153700826490422e+00
1.213326756313884314e+00
1.224817870210119120e+00
1.234227241957681631e+00
1.242562613582617770e+00
1.250865672736074963e+00
1.259729281027763825e+00
1.269473133695865341e+00
1.281261345727956247e+00
1.295097974688167675e+00
1.309419371218863759e+00
1.322455122415311157e+00
1.333248711615720117e+00
1.341864330408073736e+00
1.349446270188132013e+00
1.356984592392650901e+00
1.364348504515936034e+00
1.371744292883787963e+00
1.379379738401089073e+00
1.387680549739857883e+00
1.397433332162360653e+00
1.408588753573314145e+00
1.420309803804207238e+00
1.431427383448517165e+00
1.441424169367044872e+00
1.449840826286491691e+00
1.457024112993987597e+00
1.462930224254046285e+00
1.467828938205908429e+00
1.473048667640500797e+00
1.479020317629917924e+00
1.486285705160900639e+00
1.495515349100059677e+00
1.505809974136428142e+00
1.516535878279616778e+00
1.525770074750087968e+00
1.531776401346268246e+00
1.535496524534860185e+00
1.537831191125499819e+00
1.539852468385129791e+00
1.542262086131632959e+00
1.545736012185712660e+00
1.551186043060584385e+00
