-2.116338027342677286e+00
-2.114536315936806687e+00
-2.113720932230616079e+00
-2.111588630421735946e+00
-2.108769227361044329e+00
-2.103224542483129067e+00
-2.123704491659831106e+00
-2.116452816116195734e+00
-2.112523969744674268e+00
-2.106824348656890500e+00
-2.097862001738812765e+00
-2.083627882047303537e+00
-2.071444626554244550e+00
-2.064664945571830224e+00
-2.050086450228018720e+00
-2.020791809535057659e+00
-1.962439624424735296e+00
-1.827436469610224989e+00
-1.231869772482299785e+00
-3.475839941201730454e+00
-2.589392666327965831e+00
-2.388938254077188628e+00
-2.301878318438211224e+00
-2.273805612123199538e+00
-2.258632149423278168e+00
-2.241725682011375120e+00
-2.252939957935555793e+00
-2.293393765706501330e+00
-2.305579289025710743e+00
-2.282881196162914961e+00
-2.249619894263187536e+00
-2.218122027368903293e+00
-2.197495647077586600e+00
-1.920926513366028487e+00
-2.102493872967753141e+00
-2.104675919365510239e+00
-2.099228795359990407e+00
-2.092064107916874249e+00
-2.082846269210917090e+00
-2.072015265436450537e+00
-2.065603838901690636e+00
-2.058910948971291788e+00
-2.045249261238467398e+00
-2.015451878014069109e+00
-1.937663072136204701e+00
-1.624914203976324245e+00
-9.219184358822426484e-01
-1.314002885084414540e+00
-1.222978871838883652e+00
8.406672428083723503e+00
-2.831548381732801989e+00
-2.478918762141831600e+00
-2.559296359816737976e+00
-1.858341249760180780e+00
-1.996673228801967293e+00
-1.966457595650826118e+00
-1.836951711045419433e+00
-1.172663235096871981e+00
-3.868130187277709631e+00
-2.571255635918457294e+00
-2.369874587965005386e+00
-2.300391435766123038e+00
-2.308282012468570343e+00
-2.412556536919079786e+00
-2.454153532444012242e+00
-2.334045163742040963e+00
-2.259871838161506830e+00
-2.221029012249189361e+00
-2.197862930062712827e+00
-2.184142827925839914e+00
-2.178399641931277664e+00
-2.176179418916601271e+00
-2.171486083264873468e+00
-2.164159315409882378e+00
-2.157684146219017940e+00
-2.152093446137451238e+00
-2.145958890988315382e+00
-2.139504297697476964e+00
-2.133936410989476506e+00
-2.129346623324606558e+00
-2.124565392110618234e+00
-2.119594472778744354e+00
-2.114663922580015676e+00
-2.109614442214214680e+00
-2.104937569668454689e+00
-2.100817243899536280e+00
-2.097421797225789142e+00
-2.094523461262770780e+00
-2.091054856537100104e+00
-2.087421602626447381e+00
-2.084111665358116205e+00
-2.080820778521580205e+00
-2.076911668023948554e+00
-2.072160857171698733e+00
-2.067619581510716564e+00
-2.063525710407344338e+00
-2.059431685063343398e+00
-2.056266824076279143e+00
-2.054375752037794101e+00
-2.051782678708634844e+00
-2.048265858872518663e+00
-2.044099381931099302e+00
-2.038995280333292026e+00
-2.033968125628366153e+00
-2.028826442031308019e+00
-2.024806165740740127e+00
-2.023562183817862792e+00
-2.024095877931049614e+00
-2.025496187694620254e+00
-2.025911394899288176e+00
-2.023356685202884808e+00
-2.016851562687133281e+00
-2.007076439581298999e+00
-1.979851167693998271e+00
-1.887326537599915310e+00
-1.723395850794739115e+00
-1.749078570969174518e+00
-1.848499559756414001e+00
-1.889657116044535901e+00
-1.889946807434589982e+00
-1.908204811866395456e+00
-1.946221233853004939e+00
-1.972945146241545267e+00
-1.985556566061557948e+00
-1.988465338584403552e+00
-1.980203060497634837e+00
-1.974815783815029979e+00
-1.983212950794335683e+00
-1.992176410492818128e+00
-1.997916279101972670e+00
-2.002433844641485550e+00
-2.005329095968713560e+00
-1.992763470734979281e+00
-1.954440944071744735e+00
-1.929358668883751626e+00
-1.944793487685945621e+00
-1.960372095615416921e+00
-1.970663658947677810e+00
-1.979745339284549210e+00
-1.987318697157598457e+00
-1.991963394427452849e+00
-1.981972108171341507e+00
-1.929455137270382536e+00
-1.871438967448301183e+00
-1.896814685145084445e+00
-1.930271254899511346e+00
-1.951275159181298013e+00
-1.964526733550462811e+00
-1.973888627284063890e+00
-1.979886108435579883e+00
-1.981510787260965412e+00
-1.980414505820828674e+00
-1.978588126278657544e+00
-1.975619745436393959e+00
-1.972208259441048384e+00
-1.968552519589663596e+00
-1.964516599850198553e+00
-1.960997023953667373e+00
-1.958826523178341716e+00
-1.957652221060005804e+00
-1.957270360756108829e+00
-1.957310150501175183e+00
-1.957379014853526833e+00
-1.958244299554369849e+00
-1.959114154759919790e+00
-1.959104574021117706e+00
-1.958696793995036600e+00
-1.958278276158758047e+00
-1.957654947692048619e+00
-1.956804124428166869e+00
