1.241564870867077272e-02
2.128545642784513206e-02
6.365138501856418274e-02
4.273967755360629645e-02
4.287935123411385635e-02
-2.723679192708902685e-02
-8.522409509123510807e-01
-1.145275479616074454e+00
-2.202450294411527065e-01
2.091100457068189034e-01
3.055290501801086744e-01
2.709460118574931742e-01
-6.468179351970482216e-02
1.914545477505338184e-02
9.747574352272667109e-02
1.400128688719941839e-01
1.261253292324762132e-01
1.125488248679140657e-01
9.479718639784309731e-02
8.760822062109181740e-02
6.094173602933119355e-02
1.036412079791456664e-01
8.069577372509743884e-02
3.794768438849330239e-02
5.079203663658944656e-02
5.564115885985761872e-02
-6.795413372626847581e-02
-2.665435965762359694e-02
2.287260397756190125e-02
4.717080197965686783e-02
7.231022612110755976e-02
9.470465822061242822e-02
7.452366989175682188e-02
-9.636810182460137097e-01
-2.847827780233421091e+00
-5.107908015976636573e-01
1.340199005575334334e-01
2.468174036907022639e-02
3.163957483886847277e-01
5.573629318233608299e-02
-1.998412291088608739e-01
3.544872892797734654e-02
2.026610198764525472e-01
4.581510631416646495e-01
4.989112293865068937e-01
4.383691604680319820e-01
-5.615336458212211862e-02
-3.611308809198318648e-02
7.884844772903305821e-02
2.242348698192505319e-01
2.430414238339536903e-01
2.113532226395822278e-01
-2.437128337315421778e-01
-1.319363006830984064e+00
-1.036752951619273055e-01
3.161231364122072396e-01
4.236254504822281608e-01
2.821716451179662188e-01
2.239832981859677941e-01
3.062154352481587516e-01
2.844483995356756334e-01
2.412069194706727981e-01
-1.732736698171019052e-01
-2.154781220277234843e-01
1.610026739120842543e-01
3.171330489578995104e-01
3.553135828131659402e-01
3.544161349775267755e-01
3.442154031155141292e-01
2.443181780279926330e-01
5.678915995837693909e-02
5.394922736491303272e-02
1.628380552346784804e-01
2.095937170872537170e-01
1.433635552397586888e-01
1.571423527793879005e-01
2.137148732321618172e-01
2.503397037870122577e-01
1.417270183673449147e-01
4.575280028775594032e-02
1.721015418448704204e-01
1.401513486843898315e-01
4.951225114150129003e-02
9.293149888384605317e-02
1.923080211882113311e-01
2.146455981441353356e-01
3.098235790717662752e-01
3.116719011396539285e-01
2.233088413902406255e-01
2.685006191221201988e-01
2.695032969120758626e-01
2.711128323893809977e-01
1.950033977293962884e-01
1.636684279689654131e-01
2.051422019805985431e-01
2.042570096358251874e-01
2.013646349314350548e-01
2.754583302549626356e-01
3.169242838673694829e-01
2.395274937971409723e-01
2.402588127306795052e-01
1.897259029227376381e-01
1.641434169431106593e-01
1.859604458127465387e-01
1.548805722327263601e-01
2.411129444261936317e-01
3.218339611924657673e-01
3.759234146919671060e-01
4.257153026808546681e-01
3.686468924172698336e-01
2.440559738772340448e-01
9.137752616300370834e-02
2.989105427114335800e-02
-6.527827010298676846e-01
-1.070075533903216192e+00
-1.725889931723209036e-01
3.397135597408236229e-01
5.183498395379448898e-01
2.117668502431460931e-01
4.909590188281225120e-02
4.907706662144424303e-01
6.823489215784646067e-01
6.662254688780542278e-01
4.902318247964835840e-01
3.349137463255272840e-01
-5.344386598472439243e-02
4.070103337355946982e-01
6.472698298109893500e-01
6.205414881381781100e-01
6.120564324438226844e-01
6.626953860779289940e-01
6.029752427949766069e-01
-5.290395687005102765e-01
-8.368859564518538185e-01
3.619078802149611196e-01
7.345436406840916144e-01
6.349635374004931609e-01
6.948072924343492440e-01
7.629166998584968606e-01
7.943391292877259868e-01
7.056436432700901040e-01
-3.687255666527726183e-01
-1.725636577849883002e+00
2.425315987577908727e-01
8.814825916193963495e-01
9.617114601648495409e-01
8.800719648255815875e-01
8.893367025519425262e-01
8.839052671941010075e-01
8.249861119471202375e-01
6.133911896286752263e-01
5.929711792836188655e-01
5.561384654032344166e-01
4.857631390897327872e-01
5.026614189679833311e-01
4.591158629057706664e-01
4.560639032373275947e-01
4.952754139221809959e-01
5.733689518769398141e-01
5.986308873604547776e-01
6.646169681199737278e-01
6.724307188346043684e-01
7.016586312715620277e-01
7.887327861367867676e-01
7.613605466569575153e-01
7.430904633258537118e-01
7.522050153604280531e-01
7.728624983297971429e-01
7.620849124075274039e-01
7.732740696829152327e-01
