-1.197737234369298691e-06
-5.806541986159285245e-06
-2.131961748305389499e-06
2.585071824711103280e-05
6.822988468771990563e-05
1.121078679738439244e-04
3.803401124297041717e-05
-5.017453590630005251e-04
-1.494179306669643232e-03
-2.456341130389453047e-03
-3.153995396024052676e-03
-3.588643574936864478e-03
-3.864687860958770319e-03
-4.141800223098447004e-03
-4.397213118965896672e-03
-4.587134305690151667e-03
-4.700401388962089852e-03
-4.752001144394829915e-03
-4.759629376882014776e-03
-4.737154816910294115e-03
-4.692442089010580818e-03
-4.632433991206618557e-03
-4.542880254113496746e-03
-4.437349414662263881e-03
-4.335821001740072615e-03
-4.232775762851539135e-03
-4.136492481025723887e-03
-4.089814500607257680e-03
-4.069591621253311822e-03
-4.044926581493936239e-03
-4.002490496752505490e-03
-3.932883474966410685e-03
-3.832990156360133269e-03
-3.831754513382913153e-03
-4.542436807030507916e-03
-6.403783896214848559e-03
-8.323966738158343828e-03
-9.888785960226598518e-03
-1.116897452739798458e-02
-1.216410735423457783e-02
-1.304901501766413119e-02
-1.394274205059037319e-02
-1.474260549588767358e-02
-1.534664114107315604e-02
-1.566921773981411539e-02
-1.573217893477226945e-02
-1.565397922353694432e-02
-1.565133636089760527e-02
-1.571358945423213457e-02
-1.575346644358693524e-02
-1.570217738270907396e-02
-1.555900953592569830e-02
-1.540016510782726486e-02
-1.553140147147625758e-02
-1.622498337519359679e-02
-1.691448103983358292e-02
-1.733525131979570671e-02
-1.749737426871094542e-02
-1.751720313660047948e-02
-1.744359012254868835e-02
-1.726288094230626902e-02
-1.699823666296024563e-02
-1.672279542454020371e-02
-1.660709502274387503e-02
-1.662041347433332664e-02
-1.656259765948226922e-02
-1.635081957817466347e-02
-1.599448399426640563e-02
-1.552195587419769908e-02
-1.496418483382402388e-02
-1.438706935287463809e-02
-1.387320396641029442e-02
-1.339978741638605045e-02
-1.290845893628906303e-02
-1.238883617508478377e-02
-1.186624182808039205e-02
-1.133331365660289643e-02
-1.076509977225405604e-02
-1.016387042787618780e-02
-9.588057506451121148e-03
-9.066411565242725804e-03
-8.540575156315099656e-03
-8.013295669634538931e-03
-7.515782283337392108e-03
-7.025959596868247559e-03
-6.505270888011494695e-03
-5.938588041793414068e-03
-5.300038454622901796e-03
-4.605185206827198952e-03
-3.887962473943884154e-03
-3.142982933934409737e-03
-2.373376395000980667e-03
-1.590202057952329329e-03
-8.280516404327010159e-04
-9.219342813402862588e-05
6.444673141972778090e-04
1.395864487052074152e-03
2.166492095101118717e-03
2.978585358669743385e-03
3.834847017577553297e-03
4.703105180749079725e-03
5.566106646625794060e-03
6.403072088546329227e-03
7.206592840583291720e-03
7.985560270786416781e-03
8.741943031421305077e-03
9.514882806934228318e-03
1.033894217685048765e-02
1.123521357006153874e-02
1.221181301912970668e-02
1.322016253474895230e-02
1.418091311172129006e-02
1.502663742619168678e-02
1.566891849312289711e-02
1.581539312225757610e-02
1.544176872460801923e-02
1.502843937845128701e-02
1.485965416513700121e-02
1.494116931340065853e-02
1.508074835418170799e-02
1.522199876490212128e-02
1.554881005661777615e-02
1.613594897664261812e-02
1.691864406427111972e-02
1.777798868279701142e-02
1.859588977195976781e-02
1.927820314170459667e-02
2.003751976808711144e-02
2.099269521220011384e-02
2.211412288734842732e-02
2.337343315658507378e-02
2.476773180250771075e-02
2.613647705454054393e-02
2.699686201799489718e-02
2.738939465840648652e-02
2.790824336543366868e-02
2.874680916456949856e-02
2.982206948592124734e-02
3.110306560115511793e-02
3.258989141989639127e-02
3.425984165681897342e-02
3.592795554304355210e-02
3.700707573977256304e-02
3.723408533122654629e-02
3.754259572907876069e-02
3.831532454087025613e-02
3.951970585545674236e-02
4.103526187730421187e-02
4.278368587758193953e-02
4.473104908925516765e-02
4.682639149378927529e-02
4.896836632001144718e-02
5.112813256664678480e-02
5.327735722947214703e-02
5.539159403802600828e-02
5.748070964110202352e-02
5.953356110508496030e-02
6.155784085096419056e-02
6.359376957980994449e-02
6.568597330204593854e-02
6.785571431213370530e-02
7.011890633225342784e-02
7.246845321978015453e-02
7.491138805141575596e-02
7.747567608452547716e-02
8.013889798969967004e-02
8.288335130297479203e-02
8.568346104050424128e-02
8.852869814888850164e-02
9.141937675682029751e-02
9.436544661615901830e-02
9.737925073882168492e-02
1.004681457394104305e-01
1.036352599709834121e-01
1.068746011259692902e-01
1.101743916193608647e-01
1.135200199638640717e-01
1.169003105489501843e-01
1.203097195710798872e-01
1.237495443419160263e-01
1.272198921020983586e-01
1.307239346522330870e-01
1.342684582228515500e-01
1.378637458512248504e-01
1.415248721390712505e-01
1.452641335242119969e-01
1.490785443332748039e-01
1.529644457710658545e-01
1.569095670667489395e-01
1.609075223034093505e-01
1.649470244629618332e-01
1.690204129360730056e-01
1.731261529625914286e-01
1.772696136943686385e-01
1.814585921831471937e-01
1.857037017014920022e-01
1.900188806444969292e-01
1.944097968095518936e-01
1.988771081057363888e-01
2.034095181516777373e-01
2.079880577890608484e-01
2.125964432417468963e-01
2.172286368971006187e-01
2.218826546409509715e-01
2.265603064182920845e-01
2.312699046752078325e-01
2.360235655991262116e-01
2.408284943763694952e-01
2.456802288865780892e-01
2.505750594396848330e-01
2.555078874107889475e-01
2.604666559690808070e-01
2.654431489941604938e-01
2.704345990367919006e-01
2.754432995415326269e-01
2.804730929780115956e-01
2.855313592358879049e-01
2.906304894367687797e-01
2.957768077928095152e-01
3.009674214744275655e-01
3.061913556136375836e-01
3.114362277467315199e-01
3.166928230771384190e-01
3.219594625681904132e-01
3.272361981767309969e-01
3.325222457249679686e-01
3.378189577938626731e-01
3.431282372769985378e-01
3.484560359631869164e-01
3.538104973276762766e-01
3.591967337788027903e-01
3.646141990664958366e-01
3.700570925263969579e-01
3.755183939244322588e-01
3.809893501835566743e-01
3.864647048314424072e-01
3.919371561013473837e-01
3.974055554269596557e-01
4.028737794081671542e-01
4.083469551895081984e-01
4.138343255092747364e-01
4.193448533108865006e-01
4.248809337886956250e-01
4.304412051337070944e-01
4.360104083708190581e-01
4.415729598554348212e-01
4.471201175035427466e-01
4.526472664830022974e-01
4.581561889344554217e-01
4.636505190372515739e-01
4.691392214306222552e-01
