1.199322969001932748e-02
1.993982835753092125e-02
6.000370801391798070e-02
3.710607722613262771e-02
3.647943035389551725e-02
-3.176767674476820014e-02
-8.255381944340346445e-01
-1.065186270659607803e+00
-1.278494244763068999e-01
2.699412263069504436e-01
3.301979233110423073e-01
2.698999627380763155e-01
-7.061835617429072787e-02
1.621741798828950365e-02
9.161820837574599641e-02
1.286103973240909082e-01
1.103190850904764292e-01
9.463146948096085032e-02
7.644086710464170764e-02
6.968920560867677971e-02
4.442286320545693612e-02
8.733858134112323923e-02
6.415945602012865234e-02
2.333747101376588279e-02
3.820437310276111192e-02
4.389834054324699003e-02
-7.505451721182923586e-02
-2.867772819600738349e-02
2.144598395647141428e-02
4.396945029985392661e-02
6.640204016662354380e-02
8.553537200112427963e-02
6.324544066473812565e-02
-9.404989431872767813e-01
-2.709152719118902652e+00
-3.228642376764688793e-01
2.693613361872629897e-01
1.108756796538984402e-01
3.626522665729541850e-01
7.611337391387087981e-02
-1.810364694204344149e-01
5.214905211935944029e-02
2.058481093396850869e-01
4.390246460681636598e-01
4.564738710504499530e-01
3.812514139259509105e-01
-1.046340511874311180e-01
-6.600331831972375274e-02
5.697890960518832426e-02
1.996732871905777806e-01
2.120796843135395737e-01
1.766704287703474985e-01
-2.645386831981121900e-01
-1.281897628358033892e+00
-3.917872025644908440e-02
3.513491328490214727e-01
4.241170156085591336e-01
2.612459943482863256e-01
1.945262151440641518e-01
2.698281343185846559e-01
2.419207013824359875e-01
1.966330517460523342e-01
-2.039309653956958845e-01
-2.240683497109335898e-01
1.555590659394812669e-01
2.982366883897477616e-01
3.218455276863683157e-01
3.101706631978976558e-01
2.931210610543865114e-01
1.923171107447571304e-01
1.329234375557694636e-02
2.137133289592788032e-02
1.339654722269929266e-01
1.786574241002794883e-01
1.120300603981520260e-01
1.268847028869976579e-01
1.818860814220415456e-01
2.146775530373964680e-01
1.061993774617888409e-01
1.654701951019912909e-02
1.454588461003435140e-01
1.128805379554147781e-01
2.578055686868502283e-02
7.257108834533812503e-02
1.696507217781501597e-01
1.869864344150396762e-01
2.749687725264868821e-01
2.693428230457651784e-01
1.789312051594661168e-01
2.236276983818690778e-01
2.230434054762643892e-01
2.235167740293648730e-01
1.492015744702077651e-01
1.222196532778215827e-01
1.660655992637911638e-01
1.656814599728192450e-01
1.632566790659590317e-01
2.352307749446021501e-01
2.718553330501928822e-01
1.927248871683057696e-01
1.943867924313981699e-01
1.461880109779006287e-01
1.244280149824000259e-01
1.487730226604456196e-01
1.198609588927023184e-01
2.054683346574782132e-01
2.806834447492737028e-01
3.270498905517651433e-01
3.685045253961919398e-01
3.064413069750818730e-01
1.843065878660702928e-01
4.187702757381467356e-02
-6.472545930325368513e-03
-6.554235486236907882e-01
-1.017301817135309649e+00
-1.018206232098967101e-01
3.806667477512171716e-01
5.192626644423310456e-01
1.913837666357165179e-01
2.831465509555106119e-02
4.591297684110445809e-01
6.248824358921039046e-01
5.867766568133030436e-01
4.024796138542089952e-01
2.516872225884135283e-01
-1.161733254937191151e-01
3.529558392653492360e-01
5.783322621544277897e-01
5.360004246148726281e-01
5.180824802325519896e-01
5.609218072259081200e-01
4.966440084279944434e-01
-5.982641075914437723e-01
-8.398977879837712379e-01
3.709146040217510265e-01
7.062852762778378812e-01
5.749514229909180596e-01
6.141818458157994876e-01
6.645328998042641100e-01
6.811391503790391599e-01
5.846904144785844970e-01
-4.558850112851702274e-01
-1.714679568937559129e+00
2.893015301937960082e-01
8.769278387209142878e-01
9.025951616147773748e-01
7.849577387868014178e-01
7.720013153254610128e-01
7.516200696467620901e-01
6.848525091473571802e-01
4.768262598349850556e-01
4.652872976211571698e-01
4.362496244630049702e-01
3.745274441823561729e-01
3.985969805125623155e-01
3.609066964843488101e-01
3.630943826984748268e-01
4.045906726908887752e-01
4.805122650174761256e-01
5.013513929515686085e-01
5.614588297358164004e-01
5.632885899441529842e-01
5.873188081014303341e-01
6.671725495821335672e-01
6.335428677857146695e-01
6.124699086997795749e-01
6.199201442682769070e-01
6.385389768863116711e-01
6.262272243061770549e-01
6.363297452042967484e-01
