1.455928519398204074e-06
1.057373554374022458e-05
3.634597148956893766e-05
9.335744556958236354e-05
1.728003313880189943e-04
2.620844087400372524e-04
2.335350345543908896e-04
-2.938762997564476264e-04
-1.352430912925471282e-03
-2.457075939106551608e-03
-3.326732641160386715e-03
-3.921060814068754764e-03
-4.324056701283570010e-03
-4.698259861183527904e-03
-5.031605484630256690e-03
-5.280578946521625149e-03
-5.430083471547470821e-03
-5.494373040253962802e-03
-5.491175575364487006e-03
-5.436295479244595240e-03
-5.341679084794799005e-03
-5.217194645148409173e-03
-5.051335549194934868e-03
-4.858431447753898055e-03
-4.659324159107189507e-03
-4.451199722380129106e-03
-4.245198677323607298e-03
-4.088083577415588601e-03
-3.960947604876903158e-03
-3.831735951243249276e-03
-3.682884436877089610e-03
-3.501376265549390257e-03
-3.281730416657126833e-03
-3.156866111079685740e-03
-3.784476287495273841e-03
-5.704515162445637083e-03
-7.852195834355877105e-03
-9.728895734279595017e-03
-1.133772321453251422e-02
-1.263775378946088886e-02
-1.378763383610691513e-02
-1.491398819021852104e-02
-1.592124960774890519e-02
-1.669883991095617165e-02
-1.714342577548347291e-02
-1.725955568206978541e-02
-1.716394454922058610e-02
-1.709298082103835603e-02
-1.706048735794521778e-02
-1.698738003376384226e-02
-1.679949119810298513e-02
-1.649053555581046077e-02
-1.613819451727514440e-02
-1.606991455954882506e-02
-1.661033482050011320e-02
-1.720954176625424589e-02
-1.755704825124300081e-02
-1.762141123201286380e-02
-1.749857638728639572e-02
-1.724000732272826589e-02
-1.683273385497793817e-02
-1.629899378269213106e-02
-1.572034890280737604e-02
-1.528613034897163998e-02
-1.498740040908061802e-02
-1.462862588977511223e-02
-1.411049217036756606e-02
-1.342234125115906659e-02
-1.258251263096042682e-02
-1.162395118433931507e-02
-1.062443674594508967e-02
-9.676107824627210030e-03
-8.775323356413631051e-03
-7.861835635786140059e-03
-6.913664556821957387e-03
-5.957081731130069169e-03
-4.986013170236200213e-03
-3.971590513973300221e-03
-2.910324749045976878e-03
-1.861995408887743729e-03
-8.606752775070516080e-04
1.421044262812690660e-04
1.133826813264506624e-03
2.078931178079114397e-03
3.005173870077655195e-03
3.964114866361681533e-03
4.981181487911786818e-03
6.092115901830522963e-03
7.284721401898559649e-03
8.517063088748577995e-03
9.796980642427132596e-03
1.112493530423155907e-02
1.248827724846022016e-02
1.384780420725422942e-02
1.518975675643237030e-02
1.653239004852731162e-02
1.787951105654405834e-02
1.923838306158209138e-02
2.064442962940727516e-02
2.210778821647234327e-02
2.359242446494645012e-02
2.508374604568149036e-02
2.655722459542499483e-02
2.800274680952866829e-02
2.942772866073816579e-02
3.083367048036767671e-02
3.226657945721086995e-02
3.377199768345474917e-02
3.537737682327565802e-02
3.709040048073782708e-02
3.886414159794720352e-02
4.061586294311751721e-02
4.226577147076011898e-02
4.370745710000745188e-02
4.461880587524329200e-02
4.492706621642837683e-02
4.511141591953300722e-02
4.550423759627664211e-02
4.615881773228577845e-02
4.690200483747730686e-02
4.767394590085837630e-02
4.866879985897031718e-02
4.998092233928399380e-02
5.156229999866860508e-02
5.328736578084992265e-02
5.501462451036846085e-02
5.662169670968530966e-02
5.831860808819108732e-02
6.024008544496745055e-02
6.236960781625336403e-02
6.468381733363547104e-02
6.717773332610900427e-02
6.967981221254440638e-02
7.166477537407343890e-02
7.310437611997783192e-02
7.459914105022917574e-02
7.639802849214344382e-02
7.845629892347064094e-02
8.076420336299797165e-02
8.333046044265027263e-02
8.613540565180471953e-02
8.899249217758029018e-02
9.127058905409908551e-02
9.259372967183938929e-02
9.387915372005169179e-02
9.559310828907517654e-02
9.775702017868370675e-02
1.002838895785305301e-01
1.031252724540810128e-01
1.062379212994626898e-01
1.095433976356478961e-01
1.129256313358855263e-01
1.163493742628110561e-01
1.197897593992324206e-01
1.232179694895183947e-01
1.266350461251661286e-01
1.300276748896356804e-01
1.334000759665487923e-01
1.367818055981737391e-01
1.402126585313206442e-01
1.437128618175482486e-01
1.473060764092596897e-01
1.509946448011715014e-01
1.547916654875469977e-01
1.587225493685850419e-01
1.627670603993920939e-01
1.669044279575083722e-01
1.711308493442421641e-01
1.754468685472746203e-01
1.798429969139183071e-01
