-2.125591540561463672e-03
-4.564476024827487759e-03
-2.321432670889304623e-03
1.444430015174099843e-03
3.434683198416096928e-03
1.014122836938387198e-03
-5.686938072928751642e-02
-1.776625769982037029e-01
-2.506252498881652024e-01
-2.390773218326384397e-01
-1.966370158301455062e-01
-1.523899209695137313e-01
-1.331907848444793541e-01
-1.287149468301703459e-01
-1.147514661142864795e-01
-9.503670806490997769e-02
-7.511908561335162160e-02
-5.822214860891837540e-02
-4.500607071423462502e-02
-3.414207258466783051e-02
-2.610139380853539193e-02
-1.741145725546028311e-02
-7.967876829874110875e-03
-3.693762787871827415e-03
-2.053125735782398813e-03
7.323421363298206720e-04
-4.132964070968763240e-03
-1.358065191674333663e-02
-1.718009459586020832e-02
-1.660739026949515501e-02
-1.357222226047791538e-02
-7.920308290724483585e-03
-2.454967939838288531e-03
-6.378697173697198131e-02
-3.005602427391426135e-01
-4.857369587389308574e-01
-4.856233281926505274e-01
-4.539489762370769732e-01
-4.115843972626145875e-01
-3.706329451899950111e-01
-3.626101832691891458e-01
-3.548620881949327011e-01
-3.229872855604509763e-01
-2.669801541382734733e-01
-1.975053196400643474e-01
-1.339511680448867703e-01
-1.087349042602855087e-01
-1.129850938692810725e-01
-1.099071361373853140e-01
-9.267534247065434272e-02
-6.793304470067022816e-02
-4.558511721642839742e-02
-5.508504917586834471e-02
-1.587810484727105176e-01
-2.430327571540155662e-01
-2.273731965774024033e-01
-1.816689774832483395e-01
-1.421650504221780020e-01
-1.164168966849842279e-01
-8.930494663009477807e-02
-6.121503490879524889e-02
-3.858554275525394317e-02
-4.532433266061450944e-02
-7.909004462574061034e-02
-8.916642987260511855e-02
-6.542697174918296610e-02
-3.222661634077354093e-02
-4.926981054799578486e-04
2.843042678429484604e-02
5.162713229913351576e-02
5.631315929490069566e-02
5.072057242496595675e-02
5.372677304446731028e-02
6.252065019724854789e-02
6.788695534979503898e-02
7.063304297450194447e-02
7.698195252418044143e-02
8.710029477086864147e-02
9.113819378942127070e-02
8.155480142740759164e-02
7.508658244498581102e-02
7.834366505445855555e-02
7.768665485305221996e-02
7.432775905743221889e-02
7.660654702689592699e-02
8.303943633108873401e-02
9.438061356383600775e-02
1.090916424320508837e-01
1.195075107268013526e-01
1.277051382192512241e-01
1.354610519825721615e-01
1.418147922040098874e-01
1.428208507524940662e-01
1.376448019113875043e-01
1.348197941809832767e-01
1.384894824938829871e-01
1.448213067103242824e-01
1.530732790909578867e-01
1.644298283642772474e-01
1.735362523344246843e-01
1.773433290867279521e-01
1.762210154320664746e-01
1.703116196643097713e-01
1.635584669557306192e-01
1.560661327988406288e-01
1.512217175714142547e-01
1.538494532492682143e-01
1.624241161453683358e-01
1.778906303018528978e-01
1.929746418042774525e-01
1.948642345973113088e-01
1.783062844845187678e-01
1.500144265017538947e-01
7.536247728740699814e-02
-6.140576657036841968e-02
-1.575660676539792360e-01
-1.647163533146226433e-01
-1.302424568164475271e-01
-1.065308758001084488e-01
-1.118565336790015990e-01
-1.000701131929276760e-01
-5.215773884213741052e-02
2.380842598038342139e-03
4.103034251630992280e-02
5.953888228074714906e-02
4.614596118613908254e-02
3.902286442691881019e-02
7.196444672609078608e-02
1.158468262365823787e-01
1.551528913773428664e-01
1.952266175216684774e-01
2.344206240962554422e-01
1.966357540982071606e-01
7.805756243111156012e-02
2.502449858702732871e-02
6.567946308853864212e-02
1.195437057390802138e-01
1.674477800193738819e-01
2.194996202551561248e-01
2.756617642358452080e-01
3.248965022824406024e-01
2.942973967427897075e-01
1.213384954232808732e-01
8.940137905507725136e-03
5.270070940242908841e-02
1.377930100396874413e-01
2.223348211063248259e-01
2.928858158788453236e-01
3.559377132229552543e-01
4.193538068252071760e-01
4.683883519148421826e-01
5.003212333287108127e-01
5.213818499095687065e-01
5.289906221598069669e-01
5.318395471172729927e-01
5.316176335506145323e-01
5.265794221701257660e-01
5.254626821246166646e-01
5.358620267757840949e-01
5.563802664771583251e-01
5.830515629001401523e-01
6.121654596731432862e-01
6.406434230894900717e-01
6.764112503537585974e-01
7.152791009432253322e-01
7.506663168931539953e-01
7.858408143803847778e-01
8.209890969587922971e-01
8.536742194856388188e-01
8.833674826216597609e-01
