-1.262502082207534842e-06
-6.403229590965451468e-06
-3.374233261839434721e-06
2.666311122496238168e-05
7.628319137321912572e-05
1.323311037827091966e-04
6.691104459240428310e-05
-5.132247621836170601e-04
-1.660355498471281907e-03
-2.892047478225901608e-03
-3.910783414274492456e-03
-4.658866068439740209e-03
-5.208695711614842738e-03
-5.720335741248723863e-03
-6.183068800012006191e-03
-6.553583951074607936e-03
-6.816811371238983008e-03
-6.985630441394780586e-03
-7.079126102048100694e-03
-7.114689904756374417e-03
-7.104304218624449795e-03
-7.059120643320848307e-03
-6.967145816879744512e-03
-6.843075316326017142e-03
-6.710950955175853591e-03
-6.569292586126931725e-03
-6.428713595989100048e-03
-6.338405893391278571e-03
-6.281820670664164420e-03
-6.227342184617435349e-03
-6.157711240988605547e-03
-6.059164810613730349e-03
-5.924404169968218621e-03
-5.886570296865778311e-03
-6.619458753469713644e-03
-8.705748004546541227e-03
-1.109760377497653015e-02
-1.326836882752859340e-02
-1.519639299462814674e-02
-1.682413418119699244e-02
-1.829792188810486914e-02
-1.974434725369665980e-02
-2.106618588881664991e-02
-2.214653381912615182e-02
-2.287438699242379594e-02
-2.324832705055669343e-02
-2.338176152640483382e-02
-2.351668500862335448e-02
-2.367845489860972985e-02
-2.379418896602172526e-02
-2.379218826859589436e-02
-2.366425338811530346e-02
-2.348693432022679745e-02
-2.359536378027617815e-02
-2.433749374840567942e-02
-2.517514969679417527e-02
-2.578473348354767131e-02
-2.612013344160211276e-02
-2.627058963277043024e-02
-2.628043645338545148e-02
-2.613433127423468380e-02
-2.585431367790035420e-02
-2.551995585486600826e-02
-2.532702711002868604e-02
-2.527644030704863376e-02
-2.516862438055825213e-02
-2.489643789338499488e-02
-2.444808664105026924e-02
-2.384082322204796392e-02
-2.310238672040951236e-02
-2.230375114913371939e-02
-2.154392827671925900e-02
-2.081697648862455841e-02
-2.006833685248405122e-02
-1.928436235245217789e-02
-1.849009630176805252e-02
-1.767991606462505222e-02
-1.682697062860232309e-02
-1.592985617712141047e-02
-1.504954863764920020e-02
-1.422490112184361839e-02
-1.340153345010452156e-02
-1.257917536107614961e-02
-1.179095114656509083e-02
-1.101723979175902625e-02
-1.021547432713784502e-02
-9.363522366047514339e-03
-8.427457279107089180e-03
-7.415876612264560297e-03
-6.362611077091331370e-03
-5.264558155474361595e-03
-4.125719974351886414e-03
-2.958924935802564275e-03
-1.803784302242635550e-03
-6.728403080967430665e-04
4.580929109146232494e-04
1.604599126741246143e-03
2.773404278485270148e-03
3.990388333052286365e-03
5.263347357288668087e-03
6.560964595280819288e-03
7.862301169395366149e-03
9.141222636930587328e-03
1.038404069118947261e-02
1.159565631591018622e-02
1.277600848868161616e-02
1.396588762159584919e-02
1.520747909363158804e-02
1.653146524605766943e-02
1.795522785992082621e-02
1.943364307128319854e-02
2.087899595448197004e-02
2.220576052885606111e-02
2.330236419872689507e-02
2.382921035385389061e-02
2.369693402883203681e-02
2.338078899357087445e-02
2.322949768829769487e-02
2.331499514677104826e-02
2.347385078973937556e-02
2.364629196307645523e-02
2.402645124988301087e-02
2.472046440794676420e-02
2.568490324570743208e-02
2.679983448986685696e-02
2.792777890441157720e-02
2.894197033774670996e-02
3.004168084516311427e-02
3.136778903294190624e-02
3.291127127087382226e-02
3.465187224818826184e-02
3.659048765577745804e-02
3.855971123013268720e-02
4.001688942862888926e-02
4.091642052085073950e-02
4.185156663024938717e-02
4.308555098036100789e-02
4.458652331443972022e-02
4.634800469802434486e-02
4.838611902671360182e-02
5.068816694081431512e-02
5.306232626562215615e-02
5.485439268164050280e-02
5.567219111524099318e-02
5.641868402216981132e-02
5.757740161323279815e-02
5.920473731334387202e-02
6.122743087270202111e-02
6.358389273630871141e-02
6.624367501112024548e-02
6.915249997857289554e-02
7.219383323824794807e-02
7.531710333779914612e-02
7.847530772398923771e-02
8.162612021407004981e-02
8.476588411649935151e-02
8.787421639961921771e-02
9.095141360415531784e-02
9.403649576175067415e-02
9.718047433972279436e-02
1.004143036762193270e-01
1.037635173292729279e-01
1.072284831863088705e-01
1.108208912254655260e-01
1.145753476479398208e-01
1.184747583922521608e-01
1.225013246102008846e-01
1.266261157263530723e-01
1.308331371888471206e-01
1.351181985447452438e-01
1.394889303472587050e-01
1.439579276584013745e-01
1.485342944953973732e-01
1.532231938736820509e-01
1.580198278987130778e-01
1.629117591884633454e-01
1.678817463485383910e-01
1.729146568495364966e-01
1.780008221215668707e-01
1.831383587251085021e-01
1.883253000318931003e-01
1.935635502172403100e-01
1.988598112400741802e-01
2.042256525969196879e-01
2.096790702591932176e-01
2.152367439124431847e-01
2.208994494855461010e-01
2.266655217434762892e-01
2.325228152337480148e-01
2.384634543397117779e-01
2.444737917118675052e-01
2.505428716913524201e-01
2.566661207863628058e-01
2.628471072298392275e-01
2.690934591157543854e-01
2.754170898187783822e-01
2.818348690381206612e-01
2.883561302728805953e-01
2.949845552271535554e-01
3.017101514878763324e-01
3.085123213460665981e-01
3.153706999272375411e-01
3.222746188384810750e-01
3.292182975051266558e-01
3.362008362043910070e-01
3.432294408293945498e-01
3.503171401558645703e-01
3.574734253365892678e-01
3.646955899328924722e-01
3.719803594744808262e-01
3.793223373601887216e-01
3.867078561708565676e-01
3.941258368364706777e-01
4.015706552044635558e-01
4.090425960962660867e-01
4.165446105532905063e-01
4.240842950704947212e-01
4.316758206905744744e-01
4.393283537492272406e-01
4.470412379030484495e-01
4.548038903244181475e-01
4.626022616269278021e-01
4.704242006968769596e-01
4.782651154795868886e-01
4.861229763778236457e-01
4.939954611049122146e-01
5.018828709322423753e-01
5.097866330462469397e-01
5.177129608609818412e-01
5.256713602131375396e-01
5.336689991612768580e-01
5.417071358282301574e-01
5.497806781414119603e-01
5.578820562707068609e-01
5.660008482167008248e-01
5.741295112276783019e-01
5.822581623330118639e-01
5.903830860296669369e-01
5.985066529472008456e-01
6.066336631109269240e-01
6.147742555463777681e-01
6.229395653783836861e-01
6.311344059822017183e-01
6.393592120959390446e-01
6.475986755995160049e-01
6.558345168554134963e-01
6.640541865221960549e-01
6.722493714259533126e-01
6.804190544744255220e-01
6.885653745303597084e-01
6.966972265112036933e-01
