-2.704453459361346290e+00
-2.701555557026203758e+00
-2.685706433221852762e+00
-2.722855535683780470e+00
-2.711502324465001834e+00
-2.714749584960593154e+00
-2.704295179824739215e+00
-2.702459606524152846e+00
-2.699185995020931372e+00
-2.693407708159526237e+00
-2.683998647347026534e+00
-2.669195859250693470e+00
-2.658014869482515863e+00
-2.652866654551004899e+00
-2.640367631792768233e+00
-2.617408103347923731e+00
-2.580222748280412759e+00
-2.524929251725337220e+00
-2.448353731899183927e+00
-2.329026019520726631e+00
-2.172219266895436096e+00
-1.588182541634346912e+00
-6.877947831322691385e+00
-4.636944973624963495e+00
-4.926535544774912623e+00
-4.180782263467160753e+00
-2.903251086021223504e-01
-2.235533123524237276e+00
-2.326513074796079383e+00
-2.289880518223177841e+00
-2.150449070843333921e+00
-1.490079825952118631e+00
-3.584778919223841598e+01
-2.613588827094391220e+00
-2.683991051894666136e+00
-2.687706321771022644e+00
-2.681676047078755065e+00
-2.673628443986330705e+00
-2.663474289156416486e+00
-2.652098419897067849e+00
-2.646567438787274185e+00
-2.640776493824815496e+00
-2.627760077447438114e+00
-2.600136001205035630e+00
-2.538989302808259296e+00
-2.397091263704097308e+00
-2.323055860477435619e+00
-2.404552309388449327e+00
-2.415802741069958959e+00
-2.347531545303839451e+00
-2.147992080863940334e+00
-1.658568586288515556e+00
-2.118335395136574650e+00
-2.560201287285372995e+00
-2.607137370211782823e+00
-2.588305374652967839e+00
-2.539313355490168789e+00
-2.468235573960806395e+00
-2.394107405410718314e+00
-2.255761188711539411e+00
-1.910287018545071991e+00
-8.995894028558459876e-01
-1.798794479482803910e+00
-2.328753204371660335e+00
-2.372145175100704773e+00
-2.188752765845362269e+00
-1.061016394467124702e+00
-4.497864876117628974e+00
-3.344547813159579164e+00
-3.135634014663312374e+00
-3.139589691689961271e+00
-3.228772647579744692e+00
-3.211760439842860748e+00
-3.135914569972644728e+00
-3.102685908125887959e+00
-3.088572544323433533e+00
-3.050517891074765675e+00
-3.001423720761766667e+00
-2.986635192155807417e+00
-3.032062627070943872e+00
-3.064385396340929546e+00
-3.035088196286134909e+00
-3.032902281654612509e+00
-3.046149337211337738e+00
-3.023637478847388316e+00
-2.984978644687460658e+00
-2.938150695591282613e+00
-2.897137472802792324e+00
-2.875256578655593032e+00
-2.860007469849492612e+00
-2.846765378041257399e+00
-2.836158215896527501e+00
-2.832028598444096268e+00
-2.834553873803556279e+00
-2.833313020701170082e+00
-2.823676523445552977e+00
-2.812229840373477785e+00
-2.800478197963133020e+00
-2.788106212948134210e+00
-2.778803267532996557e+00
-2.772901135907438697e+00
-2.769296507528474560e+00
-2.767679648122109537e+00
-2.766160359150618753e+00
-2.764839036627744662e+00
-2.761941053774146226e+00
-2.755345669434297928e+00
-2.747069815500992274e+00
-2.738083729030404978e+00
-2.730715358645147361e+00
-2.726088675970914643e+00
-2.723861449857876149e+00
-2.723390031371410558e+00
-2.752829705783379044e+00
-2.689720781346583323e+00
-2.693188476292156963e+00
-2.687404779226945095e+00
-2.674268878845863728e+00
-2.658630401176043101e+00
-2.656466302337581631e+00
-2.642358240665404701e+00
-2.521367124117404934e+00
-2.920010340235053903e+00
-2.793666846085868904e+00
-2.775079353577432961e+00
-2.801165814685627975e+00
-2.823797077750877627e+00
-2.763443175929952922e+00
-2.737799980871560734e+00
-2.726083802841750003e+00
-2.718071529021107935e+00
-2.711974020333031810e+00
-2.708206685513411927e+00
-2.703237852095391247e+00
-2.713234239097499501e+00
-2.702795869395638206e+00
-2.701379733626693369e+00
-2.699053971522382689e+00
-2.696821431125540514e+00
-2.694649237911205919e+00
-2.692070159337184521e+00
-2.684422540912716038e+00
-2.600656556899465954e+00
-2.833643018800519275e+00
-2.399690204239735891e+00
-2.654176308451597244e+00
-2.672823740967167794e+00
-2.677003341849196083e+00
-2.677856871404272976e+00
-2.677761739128570184e+00
-2.676058133711861853e+00
-2.673139343904475940e+00
-2.669566703706320876e+00
-2.665059518189041743e+00
-2.660357394313805912e+00
-2.655493674687296579e+00
-2.650183615642463408e+00
-2.645603060877436796e+00
-2.642898387285913309e+00
-2.641643879227174363e+00
-2.641015465925228511e+00
-2.640379959831618439e+00
-2.639381450013299713e+00
-2.639144270694808725e+00
-2.638902226196352618e+00
-2.637987946789102978e+00
-2.636913711641727165e+00
-2.635738945824085633e+00
-2.634220123554670501e+00
-2.632382668296843864e+00
