-1.866339967930559229e+00
-1.864551317042636214e+00
-1.863732628556244775e+00
-1.861635981042694787e+00
-1.858872690235741754e+00
-1.853554678316723603e+00
-1.874134968605019047e+00
-1.866541000628348268e+00
-1.862640832465796592e+00
-1.857133453863608841e+00
-1.848713794313249004e+00
-1.835809665355446985e+00
-1.824618022930619698e+00
-1.817833973033218697e+00
-1.804489850020909891e+00
-1.779130436291556538e+00
-1.731987104179659953e+00
-1.635914338618160047e+00
-1.349892865236802741e+00
6.503173713909021671e+02
-2.555321647874724267e+00
-2.195770247079875226e+00
-2.076487396815370978e+00
-2.039547901447347655e+00
-2.020031117115896890e+00
-2.000235926530353758e+00
-2.009826554311299862e+00
-2.048115029962489952e+00
-2.059526639953840110e+00
-2.037942638344929946e+00
-2.005275247705124997e+00
-1.973452918987930627e+00
-1.952091621927430687e+00
-1.607158700818980712e+00
-1.850958277409909591e+00
-1.854006741324545349e+00
-1.848888781517507018e+00
-1.842122804488656396e+00
-1.833491356892368973e+00
-1.823401494550052293e+00
-1.817166880842568943e+00
-1.810677973521083395e+00
-1.798042835338819589e+00
-1.771743174913208207e+00
-1.708757271075327822e+00
-1.512265554898158282e+00
-1.202343344828816551e+00
-1.285735069294235977e+00
-1.197368816553917137e+00
2.695861329257052130e-01
-2.880021284219330457e+00
-2.296969952408734805e+00
-2.376932771563779134e+00
-1.587313225452855026e+00
-1.738220246625851839e+00
-1.710698165922186487e+00
-1.592809347348358440e+00
-1.112506944618557148e+00
-6.271697532499330485e+00
-2.425532485812674999e+00
-2.154723206160197080e+00
-2.069655761686729711e+00
-2.074022242482262079e+00
-2.177489934145201644e+00
-2.218062244458527843e+00
-2.097549767276107868e+00
-2.019981590872854671e+00
-1.978541400861812516e+00
-1.953667485090058387e+00
-1.938852000283295407e+00
-1.932428980837683774e+00
-1.929759429084149769e+00
-1.924797531984264509e+00
-1.917299966458731353e+00
-1.910657469890841842e+00
-1.904930171018142104e+00
-1.898679879606458343e+00
-1.892093006409205636e+00
-1.886412929938071859e+00
-1.881802423225153120e+00
-1.877011845325470718e+00
-1.871998722792302949e+00
-1.867111727390698306e+00
-1.862142602056968466e+00
-1.857407137204029279e+00
-1.853122584697608044e+00
-1.849482778815787043e+00
-1.846336773006183041e+00
-1.842766491047787891e+00
-1.839080356200883948e+00
-1.835699295950671939e+00
-1.832356087280420098e+00
-1.828478472895558316e+00
-1.823846087771325841e+00
-1.819380020954166621e+00
-1.815304546684736842e+00
-1.811229458164725248e+00
-1.807984125338547798e+00
-1.805910399653829046e+00
-1.803253597338039249e+00
-1.799773171802431460e+00
-1.795702854386376668e+00
-1.790769352677483717e+00
-1.785872978654554188e+00
-1.780856305757246627e+00
-1.776819141197353513e+00
-1.775295033976334702e+00
-1.775461971080831702e+00
-1.776522129502541514e+00
-1.776776108863147741e+00
-1.774345595291655808e+00
-1.768285011135941609e+00
-1.759193390975559268e+00
-1.734703033828224994e+00
-1.657038137550666423e+00
-1.530728210441834714e+00
-1.537376687319789159e+00
-1.610300517684817745e+00
-1.644301655961079245e+00
-1.644092026264013295e+00
-1.660067438759327496e+00
-1.695205486961969044e+00
-1.721022060455277503e+00
-1.733793492090366595e+00
-1.737269519990949362e+00
-1.730132901203763618e+00
-1.725349985348959780e+00
-1.733152750977819956e+00
-1.741689988380798804e+00
-1.747337141108926684e+00
-1.751850130742040434e+00
-1.754836623264185658e+00
-1.743522265137333660e+00
-1.709120706899196929e+00
-1.686046841489419190e+00
-1.698148844623027287e+00
-1.711583888000097975e+00
-1.720893032074734652e+00
-1.729399949790878743e+00
-1.736682669278031277e+00
-1.741313565117935003e+00
-1.732403967611076290e+00
-1.685658373583397429e+00
-1.634602607572586574e+00
-1.653397452563487802e+00
-1.681929442989543055e+00
-1.701023712387847109e+00
-1.713597659590760713e+00
-1.722750425938599061e+00
-1.728800814195892377e+00
-1.730729517189020683e+00
-1.730017756107283367e+00
-1.728524155867548373e+00
-1.725892906733550225e+00
-1.722770761219226676e+00
-1.719362788885548721e+00
-1.715553664689049684e+00
-1.712166608976899873e+00
-1.709979712454921641e+00
-1.708710916523065837e+00
-1.708189471727910469e+00
-1.708092829371081089e+00
-1.708057075470022612e+00
-1.708774291966165482e+00
-1.709537248935143028e+00
-1.709517941037285826e+00
-1.709132291268369741e+00
-1.708728731999832551e+00
-1.708133170097606124e+00
-1.707320161798634883e+00
