-1.173374123694832967e-02
4.371583811430212151e-03
5.690223409450347047e-02
4.405779745180899570e-02
4.521890427513481497e-02
-2.386359368028453595e-02
-9.437221212420986438e-01
-1.430374424403379585e+00
-6.076817115899492139e-01
-1.379287699126029720e-01
4.362637259456829397e-02
9.211880899189062166e-02
-2.083291493005575146e-01
-1.139627128206417706e-01
-1.219468076185447475e-02
5.900417958107641303e-02
7.880313928957530245e-02
8.741641641832881282e-02
8.599539813974629854e-02
9.598049107045297790e-02
7.695491545423815971e-02
1.328685272656070226e-01
1.220400784092247892e-01
7.776740906076565207e-02
8.964329638233216324e-02
9.931463205252576143e-02
-3.707223351811659434e-02
-1.331788276055319645e-02
2.966286280066024808e-02
5.228242443475501766e-02
8.153677963899910730e-02
1.140125479924004731e-01
1.026670294128135541e-01
-1.036916687387416491e+00
-3.308725727663607952e+00
-1.246655000098593646e+00
-5.598940306016525481e-01
-5.874844826903560246e-01
-2.068554876129909403e-01
-3.794233620549524733e-01
-6.148282230042122487e-01
-3.541359690242266156e-01
-1.253518429622321462e-01
2.256377126949642431e-01
3.745206683300815742e-01
4.125368552423189783e-01
-5.088548613664414799e-02
-5.220812512127480376e-02
5.927653963049961394e-02
2.213331946320481192e-01
2.755542912681900880e-01
2.752475942696709921e-01
-2.028046648337270275e-01
-1.457810399428120629e+00
-3.755550801355667656e-01
8.099840442259875761e-02
2.726627309524972675e-01
1.914380053246181324e-01
1.858948067650934566e-01
3.103768455278325122e-01
3.261767026410051784e-01
3.216357154840746024e-01
-1.112245919014089729e-01
-2.180939237484688931e-01
1.524012067498614897e-01
3.511503250268004361e-01
4.306004065111588841e-01
4.723419125728635648e-01
5.058081585043141537e-01
4.546959757024407467e-01
2.488579314971165746e-01
2.488515634267854937e-01
3.465187832255256506e-01
3.820055821635972571e-01
3.255443955771046838e-01
3.376179712256778265e-01
3.961135556657507939e-01
4.381033296610165051e-01
3.335600810803545646e-01
2.099236310877043155e-01
3.345579233499075822e-01
3.277107876963868405e-01
2.369269975221570124e-01
2.589306924964033252e-01
3.423198847709225667e-01
3.680922687389623360e-01
4.727654197147802551e-01
4.961632921046965627e-01
4.416855724045768428e-01
4.848705580507833846e-01
4.880454475809884451e-01
4.990626026500690759e-01
4.217929309591186837e-01
3.845037553625718640e-01
4.268151156990082074e-01
4.530837117478166975e-01
4.546692580035386344e-01
5.184315319186492133e-01
5.669644834004339273e-01
5.156426849233954890e-01
5.017424665952248120e-01
4.499923739789618571e-01
4.075635050866917020e-01
4.145342213560141431e-01
3.717980429554925692e-01
4.409183538869074770e-01
5.183397349071636739e-01
5.870468911577829685e-01
6.779613036512739388e-01
6.434291453001477201e-01
5.139806968218780803e-01
3.301875563488415599e-01
2.299305542966242344e-01
-5.846393053871679069e-01
-1.206351461149131499e+00
-4.465416097450711774e-01
8.212000080550518888e-02
3.393132146664866733e-01
8.616344761380276274e-02
-7.271192104855971061e-02
3.879194406330477296e-01
6.766503006947803822e-01
7.428123451326031912e-01
6.368819537813465992e-01
5.202474596651336380e-01
1.153885809497177117e-01
5.438152929730046825e-01
8.414229976589083781e-01
8.850677722206147235e-01
9.315238245254204852e-01
1.043528058769223499e+00
1.048617366334112067e+00
-1.725762170893611058e-01
-6.611696888887496071e-01
4.419545875842473270e-01
8.839115510898885031e-01
8.737765280036374760e-01
9.960024624131071924e-01
1.145675145899896163e+00
1.264004849842295108e+00
1.236219721967699581e+00
6.964909774980673762e-02
-1.529770033442474864e+00
2.516132583893551655e-01
9.571368010953524852e-01
1.208179917960915395e+00
1.265654727300756566e+00
1.330083818870376300e+00
1.433293821230261944e+00
1.505829228571397449e+00
1.349733041325372307e+00
1.344468451345985471e+00
1.289728834910425004e+00
1.200946210891648658e+00
1.209825537083280222e+00
1.144448721660643153e+00
1.114694965742017319e+00
1.162473086838474057e+00
1.259629273842983510e+00
1.321950753276149637e+00
1.414514699650900820e+00
1.449948018469085387e+00
1.499587278858731665e+00
1.647729007109365762e+00
1.658009604779726365e+00
1.699537345174988223e+00
1.687438279284097620e+00
1.697977080978545938e+00
1.716570271678490300e+00
1.756621307931781839e+00
1.810654931829357661e+00
1.860752806995194408e+00
1.912802659369310820e+00
1.946460909165442565e+00
1.966181436760692236e+00
1.969264212599312724e+00
1.969857102126776116e+00
1.970817291777324787e+00
1.986960122034371334e+00
1.996635939575653218e+00
2.014157570867423530e+00
2.040939269248943422e+00
2.077838672268585540e+00
2.132686854259855380e+00
2.201712340041123817e+00
2.235562708057870829e+00
2.280714449003910183e+00
2.291119321082281779e+00
2.318161594062800646e+00
2.321156672942807919e+00
2.326039644441381782e+00
2.335445177222925661e+00
2.359549704729091868e+00
2.390959144701613859e+00
2.430837935735274957e+00
2.492825618208561522e+00
2.541662051296828650e+00
2.592219428744995557e+00
2.616879057054348312e+00
2.616817118280739596e+00
2.605506598690360498e+00
2.607217346845942085e+00
2.610305027956667079e+00
2.617891859497378793e+00
2.640497196955203574e+00
2.678596133777001231e+00
2.720253963320832025e+00
2.736162470450156370e+00
2.755027884012119177e+00
2.772333689825329905e+00
2.765163907023257650e+00
2.760087764196366145e+00
2.758468701001386858e+00
2.766720745973723972e+00
2.778022253730751956e+00
2.796872837002611245e+00
2.837057440728759872e+00
2.872759044748952384e+00
2.896324601868887516e+00
2.899811271002960211e+00
2.893449499342991338e+00
2.881583442572694498e+00
2.881451641267829267e+00
2.883464040003813622e+00
2.881522623195948096e+00
2.886131319811577001e+00
2.889750625916594817e+00
2.904096748195698741e+00
2.928641263726196264e+00
2.953278198662053100e+00
2.971312981006570819e+00
2.976521121508390433e+00
2.978560776330499760e+00
2.967110407372669734e+00
2.963099914620558994e+00
2.944131648803112178e+00
2.934891169836400859e+00
2.936104448223216146e+00
2.939288134000362707e+00
2.956354530652545609e+00
2.982949611378545640e+00
2.997703292663013830e+00
3.017371882073780487e+00
2.999531194543194612e+00
2.970945600766634165e+00
2.947682929684337871e+00
2.922153216027167932e+00
2.910218329666257819e+00
2.898760141681221203e+00
2.902938867935319855e+00
2.918555321267919389e+00
