-3.418388907209593541e-03
-8.199074799320433399e-03
-7.717814288633736627e-03
-5.068054670812990881e-03
-4.087437166713286593e-03
-7.467735585448036922e-03
-6.827242517672553468e-02
-2.006951406324635201e-01
-2.937227950439986746e-01
-3.011398294085792515e-01
-2.715708566014023995e-01
-2.338145430851178153e-01
-2.167371459155727764e-01
-2.132917538547550451e-01
-1.992589323499387444e-01
-1.781027528236771573e-01
-1.552276760302573888e-01
-1.342741367582617196e-01
-1.166557853898326086e-01
-1.011580272875854392e-01
-8.845649699549887335e-02
-7.525905202718997933e-02
-6.107954815140859833e-02
-5.247529507299873719e-02
-4.739267947411797410e-02
-4.154829249832848320e-02
-4.389975804712401702e-02
-5.231588287362584633e-02
-5.581147013625974845e-02
-5.552611315937179548e-02
-5.290837009159829463e-02
-4.739967011077658721e-02
-4.161136080470310278e-02
-1.044804473498811559e-01
-3.562040345236522354e-01
-5.779844083541213484e-01
-6.149486117405568164e-01
-6.117981571989400402e-01
-5.904583456903783611e-01
-5.627200872407431831e-01
-5.635709526728426288e-01
-5.631307773174091258e-01
-5.352454460808198089e-01
-4.784713672194117473e-01
-4.025554237547734893e-01
-3.276559092946231821e-01
-2.885771254763606630e-01
-2.812120677641365418e-01
-2.690935100847049455e-01
-2.440385421214523731e-01
-2.113300035204703498e-01
-1.804033157675121180e-01
-1.820500209612961051e-01
-2.845359462801757000e-01
-3.794775865993084141e-01
-3.755819022131132723e-01
-3.369689144435066286e-01
-3.000615704549559060e-01
-2.740387462026349641e-01
-2.443594055130942633e-01
-2.120842017448879846e-01
-1.839078918127551032e-01
-1.849888784563716027e-01
-2.169060554493689730e-01
-2.278708253781182025e-01
-2.033203766864870310e-01
-1.669242090266647716e-01
-1.303363913028829091e-01
-9.493292282879299548e-02
-6.290947147458109123e-02
-4.921136376798706386e-02
-4.713228733186033276e-02
-3.698005231491526684e-02
-2.264021042465169664e-02
-1.257104037663591550e-02
-5.452815763374785872e-03
4.626637559551218144e-03
1.794116048188550139e-02
2.485544613748141146e-02
1.665096551995906560e-02
1.003083747835811432e-02
1.460733525292862850e-02
1.692469644914377028e-02
1.599590435650364781e-02
1.911146458661987929e-02
2.547634633332630794e-02
3.640011592007796892e-02
5.095749673465269775e-02
6.274593693559987750e-02
7.282613380405883463e-02
8.155792570989764401e-02
8.841829221225805391e-02
8.962196673107969414e-02
8.393194123694669440e-02
8.031143471410358281e-02
8.474905785197531238e-02
9.359909211720229827e-02
1.039194014412059830e-01
1.165625025659860481e-01
1.278724524661091766e-01
1.337897310884244573e-01
1.336907483994242696e-01
1.278521904506565166e-01
1.197409610528457902e-01
1.099268261130845609e-01
1.014654485177391985e-01
9.926247456678470582e-02
1.027656837597735601e-01
1.146931368357911041e-01
1.281830993288383125e-01
1.284828960754616778e-01
1.085970405198984773e-01
7.458064869765938798e-02
-1.030193732663527151e-02
-1.669815246908676887e-01
-2.923871256471464175e-01
-3.289999858172305003e-01
-3.180972698712314917e-01
-3.116777614547324715e-01
-3.315435876905467594e-01
-3.335402487889960743e-01
-2.951476723418859360e-01
-2.446407127837192108e-01
-2.061296929073619943e-01
-1.851428371220055213e-01
-1.955170138621652176e-01
-2.026066378560419934e-01
-1.693251533042623436e-01
-1.215384812534484604e-01
-7.560073927653640502e-02
-2.667275547284701093e-02
2.429414759530015844e-02
-2.719943227492232357e-03
-1.201015494000558514e-01
-1.807902460493868158e-01
-1.466154939347645569e-01
-9.332788758929236317e-02
-4.193703697746839487e-02
1.701403742928325052e-02
8.420908020737674637e-02
1.475439631153388775e-01
1.285415456076411111e-01
-4.349622333298142074e-02
-1.694244239334497804e-01
-1.395059998854328576e-01
-5.888065038653053640e-02
3.187978795959631184e-02
1.129362233769159313e-01
1.890564531788043456e-01
2.722156641686622192e-01
3.460505063927768465e-01
4.026941387424223806e-01
4.452635414478751663e-01
4.698950521044028550e-01
4.864651217378969661e-01
4.970686593124369335e-01
4.994095424725035759e-01
5.040307035909040723e-01
5.209850427964738406e-01
5.503321307901568593e-01
5.875694985661111813e-01
6.283344536165149652e-01
6.689477894658604207e-01
7.185539560772064016e-01
7.736906428907008859e-01
8.269993109563937850e-01
8.818572125402858175e-01
9.373643700469149742e-01
9.903922175914633419e-01
1.039834087938961371e+00
