1.286701861599094145e-02
2.279233714863347637e-02
6.779294177577117886e-02
4.947423464359276823e-02
5.099442799595325232e-02
-2.059385746607901579e-02
-8.788951653772903994e-01
-1.233869254887637767e+00
-3.324456256669598986e-01
1.225896242317182916e-01
2.557514022273805199e-01
2.515249050225089045e-01
-7.370423640821832656e-02
1.096459892213765691e-02
9.537749117622561223e-02
1.466087457293161478e-01
1.402958605366471101e-01
1.316962648783620848e-01
1.167530619479047183e-01
1.109373483236526375e-01
8.414163943706658155e-02
1.274644098160270245e-01
1.054732892788716458e-01
6.120007418775741392e-02
7.200034763718783648e-02
7.581927975592298030e-02
-5.293100659959547316e-02
-1.795045125203617586e-02
2.971830892189733508e-02
5.497086439996021201e-02
8.251134598298004441e-02
1.083593055092398200e-01
9.081847900787932970e-02
-9.836992602179257528e-01
-2.996534176135003502e+00
-7.326512987840663182e-01
-4.950850882221174976e-02
-1.130675591339079800e-01
2.216187244130983502e-01
-6.030559825681888753e-03
-2.531615129258850683e-01
-1.056780110917131255e-02
1.756627392198341353e-01
4.604096984941196680e-01
5.332999472500974392e-01
4.968336162199309403e-01
1.211103252629465790e-03
5.905585968966003442e-03
1.136878824986579106e-01
2.622842614786340953e-01
2.887283052890164958e-01
2.623996102603532443e-01
-2.060275879322264747e-01
-1.345192214549555620e+00
-1.678436384288130856e-01
2.747194466251214884e-01
4.167840482024453563e-01
3.004258776200387504e-01
2.553240881383206928e-01
3.489431245378148416e-01
3.377679133571264702e-01
3.005183046651483392e-01
-1.257134841901310918e-01
-1.913638693725157325e-01
1.792270404913938464e-01
3.480043855518202278e-01
4.022131021088822811e-01
4.149275553553729567e-01
4.149116149357839900e-01
3.189778911254944060e-01
1.246209437560414357e-01
1.105681786740345673e-01
2.145683518226792763e-01
2.625395720229364849e-01
1.962644527623555457e-01
2.084530759883330420e-01
2.662461198307929933e-01
3.068709653148394279e-01
1.985296499134046044e-01
9.591793827687372653e-02
2.187189029378549809e-01
1.867063179861807032e-01
9.172319143600615732e-02
1.305339977361698323e-01
2.312513519249397298e-01
2.584838836175105681e-01
3.616054472899945527e-01
3.726151207943346200e-01
2.882114880486911224e-01
3.353910455477755459e-01
3.393415730747153525e-01
3.433102320761103332e-01
2.662934348084166070e-01
2.307457646105285920e-01
2.694555261669107638e-01
2.676335180856467266e-01
2.638540187896851741e-01
3.398368227357039251e-01
3.865339196313548609e-01
3.116467627705221677e-01
3.119540948687217208e-01
2.592482866428785782e-01
2.294628030138834984e-01
2.479863783144573008e-01
2.138564848452425560e-01
2.998692589881213899e-01
3.859806730870274927e-01
4.486925282522534197e-01
5.086475193799119277e-01
4.589219620403287569e-01
3.337351485940833751e-01
1.711789119234826684e-01
9.503780023101136842e-02
-6.257884503618438288e-01
-1.108968962687453486e+00
-2.430042341591873711e-01
2.909640559651456293e-01
5.087382810295509872e-01
2.270008402207537301e-01
6.835124733199748892e-02
5.242115422406881109e-01
7.473677343241141857e-01
7.611274178180190697e-01
6.014906275210790687e-01
4.478220802242521836e-01
4.181582290954591330e-02
4.932879676320526818e-01
7.493984574022394263e-01
7.413939033591380179e-01
7.463235649363351154e-01
8.089449702146134236e-01
7.578911456199819430e-01
-4.104189842609061722e-01
-7.925687270251555727e-01
3.824305764749440506e-01
7.868994120877210730e-01
7.199353263109836698e-01
8.042788325138071626e-01
8.957530955428980590e-01
9.485672539201197573e-01
8.742235429899477550e-01
-2.308102498897514898e-01
-1.694011454798715954e+00
2.211776779012470939e-01
9.025584928240534266e-01
1.038393218563268050e+00
9.995531785557345561e-01
1.039952673270706729e+00
1.058813237926665485e+00
1.016448392418554558e+00
8.081777623071014771e-01
7.830301521661611197e-01
7.404747284141611763e-01
6.618796905493582461e-01
6.707578014711820247e-01
6.198348852089322625e-01
6.095242307606316690e-01
6.443530759818796305e-01
7.230190028652998535e-01
7.519884146436451866e-01
8.239807847123353790e-01
8.387263882637098211e-01
8.745958350198187459e-01
9.708437693048737049e-01
9.522318140373986495e-01
9.392107929840191050e-01
9.521115542703630918e-01
9.766749848812508183e-01
9.691070447065855964e-01
9.827947561691947609e-01
