-2.108505448773831999e-03
-4.470215230651067295e-03
-2.164785145480747040e-03
1.562923759388437899e-03
3.465691194012339091e-03
9.755826939153904379e-04
-5.643212366538533087e-02
-1.747207321308937022e-01
-2.434216320100482944e-01
-2.282085131626662711e-01
-1.837423239138434583e-01
-1.389658124884632362e-01
-1.201026513158077597e-01
-1.159942995801957477e-01
-1.024829192410288692e-01
-8.345890662466899645e-02
-6.447277818971537677e-02
-4.864594742705463659e-02
-3.652858989832496323e-02
-2.671575193828123335e-02
-1.964822395435227367e-02
-1.182973667641250629e-02
-3.235887280068881072e-03
2.642147134426383291e-04
1.291698421710482268e-03
3.579549401662831046e-03
-1.654222907448414485e-03
-1.116999676444259404e-02
-1.467531262066596939e-02
-1.400843207451370372e-02
-1.094335791914081805e-02
-5.365951379414591639e-03
-8.779579269656626050e-05
-6.113135825049496874e-02
-2.944615623146253358e-01
-4.714382474538684753e-01
-4.637221003353074189e-01
-4.269555429656040069e-01
-3.815153721063309078e-01
-3.392791358382429845e-01
-3.307606921268462230e-01
-3.226279848698731523e-01
-2.908677495497865584e-01
-2.358439132048059383e-01
-1.684791152185723950e-01
-1.079102956711802952e-01
-8.589990923913344567e-02
-9.255806458259623060e-02
-9.118191863053273782e-02
-7.539980564888992820e-02
-5.219417994237797453e-02
-3.148626008539179288e-02
-4.239579636051173800e-02
-1.459412084979988811e-01
-2.274483126225245178e-01
-2.092384859648043494e-01
-1.624038035785231593e-01
-1.230426275791251384e-01
-9.805630913478932675e-02
-7.203663141878212384e-02
-4.536673438130885139e-02
-2.432100242919585029e-02
-3.245713213796341812e-02
-6.668485731198306454e-02
-7.651215894336471646e-02
-5.280746697375081344e-02
-2.029611809580252751e-02
1.021190006350881571e-02
3.756735799637356960e-02
5.902366074713933514e-02
6.209031679106256918e-02
5.537661818031578559e-02
5.758300889147602297e-02
6.561976030753564892e-02
7.024460249885486340e-02
7.235591013691264339e-02
7.812496269256553882e-02
8.760535684977349691e-02
9.096968020668320942e-02
8.093734142719416491e-02
7.435395940234289236e-02
7.750168067753061829e-02
7.669368040585057555e-02
7.327031975498519978e-02
7.549680267837542702e-02
8.175565763491428328e-02
9.276087887218387174e-02
1.068904821673934691e-01
1.165667720525356138e-01
1.240053340327058745e-01
1.309888121184945020e-01
1.365931518638825448e-01
1.369193110607064279e-01
1.312740894401756564e-01
1.281767295425149111e-01
1.315975710335726412e-01
1.375875252356116019e-01
1.453991262520988870e-01
1.561736954575981828e-01
1.645733826157683155e-01
1.676864374345985453e-01
1.659856954214074531e-01
1.596943660245729590e-01
1.527735264299659168e-01
1.452659776262339164e-01
1.405286740020733061e-01
1.432147454339875448e-01
1.516633126621975969e-01
1.667349229875547678e-01
1.811185258002382947e-01
1.822549472593948672e-01
1.652720257781336854e-01
1.371588649130121851e-01
6.361738006408233781e-02
-6.990522199276417992e-02
-1.608365949548824780e-01
-1.631522035625162792e-01
-1.255316931616450027e-01
-1.002505712517521991e-01
-1.045584508802857582e-01
-9.195454119817186855e-02
-4.415988659711510972e-02
9.106734746300068628e-03
4.577905111205389510e-02
6.222627516926414193e-02
4.722806504427789348e-02
3.933182167706069515e-02
7.134448420540985547e-02
1.136114140638562336e-01
1.507979272998690445e-01
1.884299587170201462e-01
2.249017708172062757e-01
1.848541452549183617e-01
6.657908791466425613e-02
1.593874627661109183e-02
5.821034164939437039e-02
1.120721323164573235e-01
1.588559745233172338e-01
2.089537004433787148e-01
2.624350859191656449e-01
3.084597621939173528e-01
2.750562324787273472e-01
1.023114735161459177e-01
-6.089891348586742859e-03
4.091208998280234516e-02
1.267890403807391819e-01
2.099487082339472344e-01
2.777311070120851433e-01
3.372565143760046791e-01
3.966279199984678594e-01
4.413316910047997421e-01
4.691609832810509917e-01
4.865269691450202494e-01
4.910232035533274586e-01
4.914029289940227696e-01
4.892181177136290526e-01
4.827053830950823743e-01
4.804861923630209253e-01
4.898661531349445819e-01
5.091646898965709322e-01
5.342979528221553087e-01
5.615360567668399305e-01
5.878770804744446465e-01
6.212650625007378746e-01
6.573834729006499122e-01
6.898092426484541129e-01
7.218830659134448657e-01
7.538279110671796124e-01
7.832437114151965529e-01
8.096920017061010055e-01
