-2.182921968020063552e+00
-2.179128056061484742e+00
-2.160988008863163223e+00
-2.213166111695333615e+00
-2.193839228164131683e+00
-2.199779680215077082e+00
-2.182644206396311404e+00
-2.180265408544948436e+00
-2.176043002201948351e+00
-2.168840017462782654e+00
-2.157668808611459710e+00
-2.141097142584297508e+00
-2.127816554764115686e+00
-2.120237917666538685e+00
-2.105400488452487728e+00
-2.080256564399245445e+00
-2.042038490974422693e+00
-1.988571252535213052e+00
-1.918413892518861852e+00
-1.818728711992838587e+00
-1.694693008277076585e+00
-1.393743730514201751e+00
2.856553856067818309e-01
7.425878885292542364e+00
1.519291381013321462e+01
-8.894356292233847938e+00
-1.321079658791582956e-01
-1.550005450085976788e+00
-1.671148304947516872e+00
-1.642485187148564396e+00
-1.511435821989084216e+00
-1.028523367773357622e+00
1.195935975970224163e+00
-2.043514439240131875e+00
-2.151227733111003459e+00
-2.158335670580015631e+00
-2.151281862321363203e+00
-2.141684907438358820e+00
-2.129684983524148478e+00
-2.116212851816873908e+00
-2.108802534175889143e+00
-2.101196166891543982e+00
-2.085821193917418270e+00
-2.055524356265379105e+00
-1.995121494925670369e+00
-1.878294257974146841e+00
-1.804470847182187088e+00
-1.842010951653015649e+00
-1.840388064289289360e+00
-1.771461733054206622e+00
-1.602634861648813303e+00
-1.285540455110192770e+00
-1.521033473983495643e+00
-1.973853757950972954e+00
-2.041506288848403017e+00
-2.021549468094304913e+00
-1.967294943397147389e+00
-1.893016919409754806e+00
-1.818143346687438378e+00
-1.692815110229229036e+00
-1.441638727497055017e+00
-9.696924812782160563e-01
-1.267690265467861455e+00
-1.692593493451590714e+00
-1.744781468890423071e+00
-1.569213395399546629e+00
-8.930849646270694331e-01
-2.288550635514477847e+02
-3.617493999069616883e+00
-2.988914201548184213e+00
-2.952893738068228302e+00
-3.091063232570150809e+00
-3.043893744951781777e+00
-2.900717245949790524e+00
-2.834792686481278245e+00
-2.804359142654666126e+00
-2.738740989901125911e+00
-2.657063044631948756e+00
-2.628928530715700873e+00
-2.692391286401359718e+00
-2.740977781707778060e+00
-2.700160141388522561e+00
-2.696747336410178608e+00
-2.717034694259933936e+00
-2.685330476520131793e+00
-2.627107761174502620e+00
-2.554718100731064645e+00
-2.489710297039200881e+00
-2.453637420318067086e+00
-2.428442556648329198e+00
-2.406905440735808810e+00
-2.389802675045328506e+00
-2.382433384007129007e+00
-2.385109556423114618e+00
-2.383189502167538443e+00
-2.369686341148744546e+00
-2.353202454951039968e+00
-2.335963965636637774e+00
-2.317549973803791019e+00
-2.303431825225068064e+00
-2.294410483114735833e+00
-2.288979734333127070e+00
-2.286716378391624893e+00
-2.284894232873970310e+00
-2.283567596663268695e+00
-2.280147239795466962e+00
-2.271156058253414933e+00
-2.259155076408855045e+00
-2.245482343341520082e+00
-2.234070613679749684e+00
-2.227411486724309331e+00
-2.225517064861971761e+00
-2.227708895702967595e+00
-2.280021189710825347e+00
-2.129139591086957051e+00
-2.152810274108648336e+00
-2.146082641667847568e+00
-2.126382718633014868e+00
-2.104133551002862923e+00
-2.101733328717177329e+00
-2.083142701047618672e+00
-1.956301116006172514e+00
-3.049333590708084074e+00
-2.387058008332806569e+00
-2.332522262237858524e+00
-2.381691878530745488e+00
-2.424037086506127814e+00
-2.304209137985969491e+00
-2.252937053923073751e+00
-2.230344797204727669e+00
-2.215571205691728274e+00
-2.204860630549846157e+00
-2.202386265528906151e+00
-2.228603037101160034e+00
-2.733688114455611995e+00
-2.225877554552899262e+00
-2.199608709156728903e+00
-2.189883421524101870e+00
-2.183325755530923118e+00
-2.178209153634406814e+00
-2.173574708356326379e+00
-2.165249551599826461e+00
-2.111702885827061671e+00
-2.495912139840202215e+00
-1.990577087748620411e+00
-2.129899210868385850e+00
-2.147704135504613809e+00
-2.151621174970761885e+00
-2.152040291580601838e+00
-2.151417385418612493e+00
-2.149042343725703574e+00
-2.145292290637716093e+00
-2.140772924431464830e+00
-2.135181761325156913e+00
-2.129290946316613642e+00
-2.123159918923632539e+00
-2.116486183260808396e+00
-2.110506607593418238e+00
-2.106508359478720838e+00
-2.104178366171298720e+00
-2.102692292751461522e+00
-2.101350150837121511e+00
-2.099705202501121803e+00
-2.098958617086304379e+00
-2.098305275198206754e+00
-2.096938948931924340e+00
-2.095399069233837785e+00
-2.093743919300456557e+00
-2.091698590776897682e+00
-2.089272241007757103e+00
