-2.199753062499789635e+00
-2.195963499293508647e+00
-2.201780979300660412e+00
-2.198645086778201474e+00
-2.196133525595609370e+00
-2.190891774651415602e+00
-2.201905915896470667e+00
-2.198944041645413350e+00
-2.196216862975528983e+00
-2.191882031271228382e+00
-2.185069191473075989e+00
-2.174549994069832071e+00
-2.165879742948730868e+00
-2.161075153262436377e+00
-2.151064559592637870e+00
-2.132537640657334865e+00
-2.100608920335484076e+00
-2.045815798019199772e+00
-1.941981892715958669e+00
-1.659891297639219720e+00
8.123361235616299858e-02
-3.064405331383907249e+00
-2.542574897727039041e+00
-2.471759240053307050e+00
-2.449117856185952569e+00
-2.415322152202890482e+00
-2.484209560065324229e+00
-2.919706315977087296e+00
-3.595085723722547755e+00
-3.110722326980969843e+00
-2.672855340792506418e+00
-2.465560125306549111e+00
-2.386626451184675979e+00
-2.104783451439633524e+00
-2.185050069427122210e+00
-2.188046296277691205e+00
-2.183822723512510056e+00
-2.178157805909605393e+00
-2.170949267444682196e+00
-2.162659085214110544e+00
-2.157978505569983163e+00
-2.153129494718441173e+00
-2.143181411177353723e+00
-2.122432040700865663e+00
-2.075108116239189116e+00
-1.951079382587988631e+00
-1.837153889935941198e+00
-1.898820322389629611e+00
-1.893904385219900899e+00
-1.751620811649607923e+00
-8.047185652719806015e-01
-3.826147559183425528e+00
6.775807183690065294e+00
-2.053707187098036790e+00
-2.113616689919214142e+00
-2.097339644730365826e+00
-2.045372448742700744e+00
-1.944077109217132060e+00
-1.772277320912869936e+00
-9.341073227184311101e-01
-3.461243736647710456e+00
-2.689054016374323286e+00
-2.842951872649244649e+00
-3.558707887025147620e-02
-1.183497242260236337e+00
-4.325651236972877456e+00
-2.605452888167868686e+00
-2.426103393985576950e+00
-2.359558088311300761e+00
-2.329030316373959408e+00
-2.323501174329396957e+00
-2.328708503485530379e+00
-2.324482493038597219e+00
-2.312354053715341973e+00
-2.303781693393755603e+00
-2.297934520938946790e+00
-2.289377740909706471e+00
-2.278890516445779113e+00
-2.272470362974942315e+00
-2.272670484334405216e+00
-2.271194899323831340e+00
-2.265714661988187384e+00
-2.263098837388574314e+00
-2.261544946327483707e+00
-2.256480978193930564e+00
-2.249484849878523818e+00
-2.241462406754852310e+00
-2.233708213503674767e+00
-2.227966858733542832e+00
-2.223053249926780772e+00
-2.218339163232728062e+00
-2.213974288862914364e+00
-2.210084342916033506e+00
-2.206493114515007736e+00
-2.202839332369930236e+00
-2.199174437454793019e+00
-2.195598124384738448e+00
-2.192221599774950569e+00
-2.189165959283916330e+00
-2.186067935868970302e+00
-2.182743802857507909e+00
-2.179148659456674686e+00
-2.175131953884244851e+00
-2.171056497964812149e+00
-2.166844736432802065e+00
-2.163138144513153449e+00
-2.160920269027195140e+00
-2.159787184751876143e+00
-2.159453764396437769e+00
-2.158652086678462645e+00
-2.155840986925889879e+00
-2.150103840617731521e+00
-2.141558853976954779e+00
-2.114423725220408112e+00
-1.887824826072862949e+00
-2.685214990586013428e+00
-2.805262881548486575e+00
-1.415817506591872554e+00
-1.894157707884847497e+00
-1.891218970836686886e+00
-1.970260124287666281e+00
-2.068951547102032329e+00
-2.108816766554190369e+00
-2.122677003487939196e+00
-2.125421846171055229e+00
-2.116722483182601255e+00
-2.110949017971470720e+00
-2.120622365998412029e+00
-2.129703832225094295e+00
-2.134832976953179084e+00
-2.138521440217080904e+00
-2.140794143705297969e+00
-2.130069133747969357e+00
-2.090484269673064333e+00
-2.058731937998015127e+00
-2.083492965642975037e+00
-2.103022934439724434e+00
-2.113848816465288216e+00
-2.122168781771373691e+00
-2.128505194429586744e+00
-2.132001960993869183e+00
-2.123322583963044075e+00
-2.070037772172017121e+00
-1.984202641848352489e+00
-2.032913539754547472e+00
-2.078237809211187059e+00
-2.100900168680701618e+00
-2.112583901092675465e+00
-2.119737143890900732e+00
-2.124431495833076333e+00
-2.125897892931661204e+00
-2.125185708314548894e+00
-2.123622989964089047e+00
-2.120930947329673355e+00
-2.117872356955137647e+00
-2.114600909694351216e+00
-2.110914599240572009e+00
-2.107770188120681620e+00
-2.106012415767198220e+00
-2.105315765787587168e+00
-2.105320990281598359e+00
-2.105526921212347524e+00
-2.105574808084692329e+00
-2.106278443761577801e+00
-2.107003798188253008e+00
-2.107132001509673724e+00
-2.106697130131567786e+00
-2.105733135843195214e+00
-2.104577575239952481e+00
-2.103460818788225772e+00
-2.102564155873959173e+00
-2.101861310929655335e+00
-2.101273614311164106e+00
-2.100661202291298491e+00
-2.099858564320660648e+00
-2.098764465686856262e+00
-2.097374817219407994e+00
-2.095768541196884271e+00
-2.094094891384098212e+00
-2.092412052096714437e+00
-2.090735710926709512e+00
-2.089155112760387123e+00
-2.087745381942264444e+00
-2.086605636451178913e+00
-2.085817566370199216e+00
-2.085146624408541260e+00
-2.084449028039467855e+00
-2.083601423383188767e+00
-2.082577730705088115e+00
-2.081383566491991743e+00
-2.079971820876461930e+00
-2.078439527295664835e+00
-2.076919358312503405e+00
-2.075513740898091264e+00
-2.074267411993647503e+00
-2.073285480654017299e+00
-2.072519747403233303e+00
-2.071853168247253407e+00
-2.071133251139456011e+00
-2.070143800385406685e+00
-2.068806420896920351e+00
-2.067239542929499407e+00
-2.065572760506334760e+00
-2.063863391474576758e+00
-2.062218287188258170e+00
-2.060762880496176397e+00
-2.059529562904542477e+00
-2.058344437780958991e+00
-2.057098907826591105e+00
-2.055817921622854705e+00
-2.054387737032827843e+00
-2.052757839186093669e+00
-2.051012147797836249e+00
-2.049248133239710778e+00
-2.047530793181856268e+00
-2.045900104078048898e+00
-2.044473848288217877e+00
-2.043268029144593712e+00
-2.042141993182077897e+00
-2.040923232683323985e+00
-2.039505188431198324e+00
-2.037876647007619724e+00
-2.036132537633869255e+00
-2.034368892205939972e+00
-2.032582271738442081e+00
-2.030796099698752855e+00
-2.029036394697369960e+00
-2.027348281895513971e+00
-2.025815231286121065e+00
-2.024443627198479145e+00
-2.023157909427638401e+00
-2.021841724207498192e+00
-2.020432876607725081e+00
-2.018876850940912515e+00
-2.017194010354886657e+00
-2.015377643017463249e+00
-2.013447186064030170e+00
-2.011534264139729800e+00
-2.009694482028913765e+00
-2.007992734562988435e+00
-2.006509828075368596e+00
-2.005170170186763023e+00
-2.003907871791169804e+00
-2.002528364444390530e+00
-2.000833306254527599e+00
-1.998888415008692299e+00
-1.996774276951033045e+00
-1.994598579426061224e+00
-1.992445789672514955e+00
-1.990399117168045517e+00
-1.988572842061653523e+00
