-1.243961222074424989e-06
-6.222176315853311223e-06
-2.978162212361118373e-06
2.647090212280999217e-05
7.387277295412622840e-05
1.260272339990478586e-04
5.744809311260152824e-05
-5.111716526409583548e-04
-1.610947628774758982e-03
-2.756686292697667698e-03
-3.668314447798404036e-03
-4.306676044693222814e-03
-4.755845726614486325e-03
-5.177851461486323789e-03
-5.559685463211773600e-03
-5.858442443049090634e-03
-6.060606296132663162e-03
-6.180045263578456266e-03
-6.235707905277491914e-03
-6.244061963867777662e-03
-6.215842446697546209e-03
-6.160806481943518521e-03
-6.066092465817824776e-03
-5.945869327446665596e-03
-5.822793521188527818e-03
-5.693949362665180237e-03
-5.569004642268133437e-03
-5.494995454769875318e-03
-5.453057792466706709e-03
-5.411403008712283025e-03
-5.353728515922119569e-03
-5.267543543642860294e-03
-5.146899775886966573e-03
-5.123932550631472155e-03
-5.854269620779852489e-03
-7.875174266474643109e-03
-1.012069353830125952e-02
-1.209381255895667327e-02
-1.380110316355073405e-02
-1.520494926122959063e-02
-1.646347240812256682e-02
-1.770377898053217269e-02
-1.882862338236423669e-02
-1.972652598266323373e-02
-2.029519196196175740e-02
-2.054158760399505540e-02
-2.058218388535190332e-02
-2.065239924785583839e-02
-2.076672444106903229e-02
-2.084695701932474943e-02
-2.082128894377617556e-02
-2.068321845596284361e-02
-2.050905263656421784e-02
-2.062498503992934995e-02
-2.135504243682487951e-02
-2.214993696580475416e-02
-2.270142035619590951e-02
-2.298043776307157754e-02
-2.308592031960465460e-02
-2.306522274368337858e-02
-2.290470170768706820e-02
-2.262755395141134718e-02
-2.231201511357325945e-02
-2.214640938028539577e-02
-2.212150877133774174e-02
-2.203636063406852821e-02
-2.179038477685223824e-02
-2.137834391626919003e-02
-2.082149320089302785e-02
-2.014924609070807213e-02
-1.943158754423979229e-02
-1.876276161299763115e-02
-1.813141645862068052e-02
-1.748119158442830792e-02
-1.679891318676147993e-02
-1.610945449106538502e-02
-1.540649995425173030e-02
-1.466361063849068273e-02
-1.388044880893468669e-02
-1.311728671048164284e-02
-1.240987528913555134e-02
-1.170234464025181678e-02
-1.099504375117263399e-02
-1.032040680644518045e-02
-9.657941265822171314e-03
-8.966143435632106112e-03
-8.225001997697800257e-03
-7.403224828166278526e-03
-6.511857779682694511e-03
-5.585161264499703335e-03
-4.619606575506958121e-03
-3.619036225068868878e-03
-2.595800007404920964e-03
-1.587973315940854977e-03
-6.057486382138003046e-04
3.762315326658837149e-04
1.373318399677282697e-03
2.391696723682451217e-03
3.456171843180895834e-03
4.572917573354295592e-03
5.710175973660874642e-03
6.847977568432386981e-03
7.961817749055563609e-03
9.040057943020107095e-03
1.008906535753186992e-02
1.110967841898868533e-02
1.214242379789740034e-02
1.322729449860528955e-02
1.439194436201246714e-02
1.565060581361334829e-02
1.695663729810853448e-02
1.822445062386631245e-02
1.937396344994023883e-02
2.030100012802020515e-02
2.068114774281645113e-02
2.044664532398155626e-02
2.007724003186903486e-02
1.990419472712978005e-02
1.997895034219658930e-02
2.012732708653159133e-02
2.028854787153131639e-02
2.065240849046237961e-02
2.131446560055976630e-02
2.222325102829503241e-02
2.325754887991404035e-02
2.428471648695942550e-02
2.518778548035105827e-02
2.617083733593303027e-02
2.736895862343161068e-02
2.876686169909789884e-02
3.034128270867190655e-02
3.209140997077644664e-02
3.385135450069459706e-02
3.509647242668106210e-02
3.580883133139416141e-02
3.658526399776840243e-02
3.767002182540887811e-02
3.901527729959007595e-02
4.060549746292189954e-02
4.245027404892297296e-02
4.453235438380489380e-02
4.666063469250750911e-02
4.820046945545566897e-02
4.880030432608949142e-02
4.937666787823662834e-02
5.038626330168391454e-02
5.185814035570854297e-02
5.370216748010590846e-02
5.584881273517885991e-02
5.826427261788991174e-02
6.089361001414382579e-02
6.362373034372634240e-02
6.640986367318750527e-02
6.920963309457281443e-02
7.198763572589642057e-02
7.474591912370519287e-02
7.746813802630753143e-02
8.015847141679448284e-02
8.285709754121520221e-02
8.561531526939548942e-02
8.846117044876812552e-02
9.141527648714731225e-02
9.447661295969683737e-02
9.765454811112224409e-02
1.009820079383428743e-01
1.044379153843115055e-01
1.080072335115803694e-01
1.116863154953557369e-01
1.154728467472644488e-01
1.193521701175672273e-01
