-1.963864689941575703e+00
-1.961558491887086086e+00
-1.960507557871951079e+00
-1.957794282648021689e+00
-1.954214157016401332e+00
-1.947267815785779232e+00
-1.973669684984698636e+00
-1.964080255186126944e+00
-1.959051931603230434e+00
-1.951877912665531900e+00
-1.940795900928583562e+00
-1.923597048882745852e+00
-1.908780545421041364e+00
-1.900092992438356054e+00
-1.882455416563811657e+00
-1.848324820636801480e+00
-1.783643336472533480e+00
-1.647606660759367569e+00
-1.207145109997409982e+00
-8.400197928924464819e+00
-2.760257037961173054e+00
-2.368698217348990109e+00
-2.227072712800642229e+00
-2.183029865809734016e+00
-2.159690040800826161e+00
-2.135135823357317442e+00
-2.149092006423991119e+00
-2.202092339698273005e+00
-2.218332657735987645e+00
-2.188754674532819244e+00
-2.144582410187483745e+00
-2.102283993100279247e+00
-2.074364403512398702e+00
-1.672488805249912724e+00
-1.944667888182849191e+00
-1.948216276730813767e+00
-1.941468506584439480e+00
-1.932566625085096357e+00
-1.921182560848909260e+00
-1.907866280531184788e+00
-1.899788178732245703e+00
-1.891380947029300152e+00
-1.874728520637048534e+00
-1.839553357802774736e+00
-1.753281116853750543e+00
-1.467300828940994561e+00
-9.956752624939284591e-01
-1.170414197500824649e+00
-1.068523272444945826e+00
1.095397850927715577e+00
-3.205907393316014264e+00
-2.507402709766078264e+00
-2.623840501431639272e+00
-1.622956094116754677e+00
-1.804172590392684850e+00
-1.768088804960005644e+00
-1.616413252107701481e+00
-9.907436574796444351e-01
-7.215382935504612405e+00
-2.673407573120621272e+00
-2.331922176971975347e+00
-2.224417947986134791e+00
-2.232855006716358837e+00
-2.377641131210853409e+00
-2.436448442269151915e+00
-2.267749723238855708e+00
-2.163463591522406304e+00
-2.109021360839451908e+00
-2.076720179542744127e+00
-2.057671760033914943e+00
-2.049674655188658434e+00
-2.046600024349753078e+00
-2.040336415671532677e+00
-2.030587368837537987e+00
-2.021990707563642076e+00
-2.014616335649444423e+00
-2.006507209425064442e+00
-1.997928486647271518e+00
-1.990587093252808470e+00
-1.984710912643089076e+00
-1.978567960722190211e+00
-1.972100831565238632e+00
-1.965834607217626706e+00
-1.959469794051155844e+00
-1.953376891116416880e+00
-1.947850743682816743e+00
-1.943147080145997130e+00
-1.939069332730989581e+00
-1.934442307610375833e+00
-1.929670281580214697e+00
-1.925294344258428492e+00
-1.920967922843052067e+00
-1.915946488287530336e+00
-1.909949164401769206e+00
-1.904184185337245871e+00
-1.898938809933525373e+00
-1.893697972009515507e+00
-1.889549554675884480e+00
-1.886925165010520100e+00
-1.883515329000953198e+00
-1.879025482104250466e+00
-1.873767970557788320e+00
-1.867392210938665587e+00
-1.861086278418003559e+00
-1.854635882629338761e+00
-1.849489475172390707e+00
-1.847632945713466146e+00
-1.847948495835834981e+00
-1.849379131613497096e+00
-1.849710707185273861e+00
-1.846522392571395166e+00
-1.838607647183208460e+00
-1.826771490056939840e+00
-1.794667433845624771e+00
-1.691296180344372679e+00
-1.521508431485457447e+00
-1.537147915776495344e+00
-1.637204450241858344e+00
-1.682205788081040376e+00
-1.682135537921573443e+00
-1.702854486700675629e+00
-1.747736205339198712e+00
-1.780327760935104919e+00
-1.796186662726979799e+00
-1.800205731438698109e+00
-1.790627212196882478e+00
-1.784264475225902036e+00
-1.794283685688632168e+00
-1.805174410468200819e+00
-1.812285478244622272e+00
-1.817936107123238720e+00
-1.821621139722215288e+00
-1.806683420887577940e+00
-1.761521487155717214e+00
-1.731682332966287152e+00
-1.748304280797934762e+00
-1.766110564773626823e+00
-1.778234642458671022e+00
-1.789179832094216049e+00
-1.798465711892295538e+00
-1.804284055751218308e+00
-1.792481178938579944e+00
-1.731053760350953041e+00
-1.664399099052647379e+00
-1.690613042260734167e+00
-1.728394880907706987e+00
-1.753163865536798705e+00
-1.769243624989956576e+00
-1.780830334904650369e+00
-1.788399587736780649e+00
-1.790653687335570066e+00
-1.789537035005470234e+00
-1.787459909023739524e+00
-1.783946909793870494e+00
-1.779840458719517571e+00
-1.775396978429937267e+00
-1.770461748153387749e+00
-1.766106880740377028e+00
-1.763336391782504453e+00
-1.761759861340898681e+00
-1.761145858826093757e+00
-1.761065284515989759e+00
-1.761046342513457486e+00
-1.761996086403761375e+00
-1.762984351295137753e+00
-1.762941463045255119e+00
-1.762422106640809005e+00
-1.761883809414857671e+00
-1.761097892803411780e+00
-1.760033669782867793e+00
