1.486845843250734946e-06
1.095048353902196708e-05
3.806879529901880207e-05
9.878818231279505894e-05
1.854976889617998993e-04
2.857346633053684209e-04
2.683688654834713518e-04
-2.680249522844828304e-04
-1.387175274162295987e-03
-2.609502275520387410e-03
-3.629917797630245573e-03
-4.381487594783428120e-03
-4.930797742412524470e-03
-5.436783874940431457e-03
-5.890106528075511258e-03
-6.246320650673913705e-03
-6.487696384754718798e-03
-6.626652609694646569e-03
-6.680736464810000004e-03
-6.666705967501704820e-03
-6.598062319401927674e-03
-6.486574710628582180e-03
-6.321970275808256115e-03
-6.119397401092286498e-03
-5.901674552636366339e-03
-5.668005605093660339e-03
-5.430959129507506242e-03
-5.240531372114357218e-03
-5.081298598426329909e-03
-4.921635760081773288e-03
-4.742678767924107287e-03
-4.529531273236462804e-03
-4.274685601466978943e-03
-4.112413202944824667e-03
-4.726709172795570332e-03
-6.724251048302484074e-03
-9.069054964215051556e-03
-1.122232918056783983e-02
-1.314719418279712386e-02
-1.477334016408309719e-02
-1.624121368010386646e-02
-1.767547514312567750e-02
-1.897970591423687320e-02
-2.003492889467466120e-02
-2.072455871091153506e-02
-2.104003570178518065e-02
-2.109245178680853317e-02
-2.112672283218631347e-02
-2.117183919554933499e-02
-2.115629497144077414e-02
-2.100601439168868836e-02
-2.071208233044176394e-02
-2.035235140013589780e-02
-2.026710489078619240e-02
-2.081597105852310212e-02
-2.146625247452317239e-02
-2.188645167660282706e-02
-2.202062012121184728e-02
-2.195001117539188695e-02
-2.172091831932754583e-02
-2.131739739681679652e-02
-2.075948058339200861e-02
-2.013024981823969065e-02
-1.962969383689953939e-02
-1.926371724360382773e-02
-1.883945660145666320e-02
-1.824890368872048030e-02
-1.747207100495978133e-02
-1.652104837345539506e-02
-1.542585905644481593e-02
-1.426569045425873060e-02
-1.313972278169796455e-02
-1.205254514514656275e-02
-1.094720023925314055e-02
-9.801038483827569786e-03
-8.640311824159164003e-03
-7.459870832526581917e-03
-6.230126622481339804e-03
-4.945723864729400024e-03
-3.667064432312594838e-03
-2.432364608386948686e-03
-1.195319158688716707e-03
3.168054404310664818e-05
1.210992190805400704e-03
2.368465960401729652e-03
3.557319006906048409e-03
4.806676944388812989e-03
6.156937924578886022e-03
7.600306606258943470e-03
9.095836802405291022e-03
1.065091035780211907e-02
1.226624207542949437e-02
1.392897464144007141e-02
1.559797495552737306e-02
1.725610545236449037e-02
1.891952880338469353e-02
2.059140664430472722e-02
2.227868552687502571e-02
2.401803415228901881e-02
2.582230800729107961e-02
2.765635536985383211e-02
2.950440916737564340e-02
3.133995162338784612e-02
3.315012520903278664e-02
3.494042432671073950e-02
3.671116915304215023e-02
3.850899791832256003e-02
4.038320879637674610e-02
4.236633469126767360e-02
4.447097759944199091e-02
4.665253857985707242e-02
4.882550536085472626e-02
5.090249180112211419e-02
5.276632508399944216e-02
5.407261382039412617e-02
5.471641612574215663e-02
5.516862797169209964e-02
5.578537277615274598e-02
5.664915145196037366e-02
5.760282836861785327e-02
5.858872002195061185e-02
5.980800677173150198e-02
6.137116342233076005e-02
6.324289252243046888e-02
6.530063654003220863e-02
6.739638249389318103e-02
6.939325885544764261e-02
7.149386173486037277e-02
7.384105845404047297e-02
7.642736672152641852e-02
7.923400860853056782e-02
8.225868247583156823e-02
8.532759228366992854e-02
8.788917652504489586e-02
8.987394482678096042e-02
9.187507380368618859e-02
9.416758403067339300e-02
9.672973634234910412e-02
9.956566876359368434e-02
1.026946511176058119e-01
1.061045338723467235e-01
1.096087167357673448e-01
1.125489576528330288e-01
1.144898295639813768e-01
1.163259962797127400e-01
1.185603462046861956e-01
1.212532990847108583e-01
1.243424884540773739e-01
1.277927063881195147e-01
1.315676986381129621e-01
1.355903507276349784e-01
1.397388123743542043e-01
1.439685260195326666e-01
1.482464493570291586e-01
1.525359242714545149e-01
1.568314567025035910e-01
1.611147178110290401e-01
1.653858102325241053e-01
1.696724717317080189e-01
1.740156283496595013e-01
1.784382930317755800e-01
1.829675563997665566e-01
1.876091483306738250e-01
1.923789396505635185e-01
1.973058680520777541e-01
2.023725126490177328e-01
2.075585264172631894e-01
2.128596659487621279e-01
2.182761893637536199e-01
2.237981120775873189e-01
