-2.708907031175201929e+00
-2.703110476152382979e+00
-2.671420256352073253e+00
-2.745776345085197967e+00
-2.723039696279038857e+00
-2.729817236713723450e+00
-2.708587657580576291e+00
-2.704917884884327606e+00
-2.698371389702342249e+00
-2.686824180640352111e+00
-2.668059065834566645e+00
-2.638664943567762045e+00
-2.616631263011204744e+00
-2.606560880311352690e+00
-2.582122181207084477e+00
-2.537608454973336869e+00
-2.466636660282874871e+00
-2.363718664106794876e+00
-2.226316650498595173e+00
-2.023385109683926153e+00
-1.776236868616984932e+00
-1.006524695372209788e+00
3.271727846129920891e+01
-1.214990540259631224e+01
-1.696718901982929495e+01
-8.256082571405228165e+00
7.933834081584589804e-02
-1.877289441688412719e+00
-2.020206103428441757e+00
-1.959871235444536897e+00
-1.743850299893417333e+00
-9.090271802555731639e-01
4.466034461045632398e+00
-2.527833474984182871e+00
-2.667210479075669216e+00
-2.674844948719265592e+00
-2.662774231682793147e+00
-2.646691369286539697e+00
-2.626474475592253555e+00
-2.603948867782040821e+00
-2.593093259475068635e+00
-2.581743837692079602e+00
-2.556279559710190163e+00
-2.502771877651630561e+00
-2.387095437017921817e+00
-2.132988283209176217e+00
-2.009310389326031565e+00
-2.147683106835043709e+00
-2.167184420079563800e+00
-2.051293342374395756e+00
-1.736680731416803791e+00
-1.090565452061001306e+00
-1.694495296166881104e+00
-2.426128847031163716e+00
-2.515175234613782784e+00
-2.478710975096808600e+00
-2.385908764814887562e+00
-2.255868959137831808e+00
-2.125880259102448377e+00
-1.897501312749289237e+00
-1.397147266122756193e+00
-3.369523533903405754e-01
-1.259436920168369278e+00
-2.016367924446170079e+00
-2.087871511759569643e+00
-1.792798220533337261e+00
-4.828086198223705550e-01
-1.167745274010483669e+01
-4.396849424145252705e+00
-3.758858384299065936e+00
-3.775049940744831467e+00
-4.046981446412865502e+00
-3.998747871505085705e+00
-3.775289172017971318e+00
-3.683137678413390681e+00
-3.646327266355199548e+00
-3.543097306145396086e+00
-3.412965441640748221e+00
-3.376319356371245917e+00
-3.501357454360363608e+00
-3.594322314296531928e+00
-3.514663783910846995e+00
-3.511338767737792299e+00
-3.551341014546883113e+00
-3.490828787719750803e+00
-3.387235283255328078e+00
-3.264983625230618802e+00
-3.161458395353409223e+00
-3.108278340331902978e+00
-3.072101905237771824e+00
-3.041083805998447076e+00
-3.016676020484961196e+00
-3.008336000066768712e+00
-3.016580034181587600e+00
-3.015426925780562151e+00
-2.993118133530701108e+00
-2.966332287776777488e+00
-2.938853449220894198e+00
-2.909889546562041129e+00
-2.888660772253386355e+00
-2.875967559270970142e+00
-2.869106482778696066e+00
-2.867413691348954963e+00
-2.866075748986140592e+00
-2.865410929745991098e+00
-2.860574654491934599e+00
-2.845583456680536472e+00
-2.825794796791680774e+00
-2.803750050512634040e+00
-2.786158405832799723e+00
-2.776785993878358560e+00
-2.775699576781881728e+00
-2.782382240334451140e+00
-2.936214387753816268e+00
-2.644973209013757653e+00
-2.666865949923267198e+00
-2.653918364369838745e+00
-2.619591037526041610e+00
-2.579640122198113339e+00
-2.577079704521199055e+00
-2.543471023367490869e+00
-2.256321719834437189e+00
-3.368388834559143952e+00
-2.965458025441880530e+00
-2.913894465971463177e+00
-3.002078036285271700e+00
-3.083164209250583543e+00
-2.888754600482754231e+00
-2.812039537226740826e+00
-2.779285605022213002e+00
-2.757747936930375232e+00
-2.742052298230277962e+00
-2.740132891865576958e+00
-2.824381009463609260e+00
-2.438936942938513486e+00
-2.797791569237379150e+00
-2.739970292350986103e+00
-2.723229806497579286e+00
-2.712474582546305690e+00
-2.704239206169257059e+00
-2.696916794716149646e+00
-2.683889746448252289e+00
-2.564439026672049149e+00
-2.885652209764677956e+00
-2.290569328861283616e+00
-2.639683140311124721e+00
-2.663550876592752026e+00
-2.667504372529417189e+00
-2.666898003220142144e+00
-2.665092397423933779e+00
-2.660813147482380181e+00
-2.654575635345311824e+00
-2.647252736027092546e+00
-2.638304706686113832e+00
-2.629027177885861377e+00
-2.619470010887035460e+00
-2.609115123798045222e+00
-2.600108741553918357e+00
-2.594558206711237602e+00
-2.591692846591223010e+00
-2.590004806260782111e+00
-2.588326054284116218e+00
-2.585994551376584738e+00
-2.585108394636526086e+00
-2.584234430363169910e+00
-2.582120600936014032e+00
-2.579724815509689684e+00
-2.577156770541427555e+00
-2.573953594311253035e+00
-2.570161442305066934e+00
