-6.800903207618532245e-04
-9.268000689123356665e-04
2.773471444154111069e-03
7.842779468487676847e-03
1.136652044698313949e-02
1.032829923920912212e-02
-4.747342930738703004e-02
-1.718162132397286768e-01
-2.516063066367876244e-01
-2.462063514522958851e-01
-2.072354736651894069e-01
-1.639011214714462816e-01
-1.440934484374962188e-01
-1.389472310983497494e-01
-1.241275275113179200e-01
-1.027622001704471544e-01
-8.059491507934234134e-02
-6.106397473572555690e-02
-4.476271575605744735e-02
-3.089005398389730456e-02
-2.001224373417195834e-02
-8.737583816213359209e-03
3.016207819460764786e-03
9.685006759548536390e-03
1.370671633968479838e-02
1.844260377225317993e-02
1.516764499979391875e-02
6.849491280998964635e-03
4.045249661297399546e-03
5.521619694438767087e-03
9.755284865805792863e-03
1.676954323834183372e-02
2.368737344227023894e-02
-3.718660128841676932e-02
-2.791001387612307427e-01
-4.779928422141473954e-01
-4.913084520359972118e-01
-4.690231959803186079e-01
-4.320950570319439521e-01
-3.932689254419444169e-01
-3.857740818048833176e-01
-3.781320078646749905e-01
-3.456369533354476942e-01
-2.874201707502586078e-01
-2.132482471174383942e-01
-1.430023203445463242e-01
-1.106017136731717032e-01
-1.087188510155763926e-01
-1.003972255420988724e-01
-7.792124228911508077e-02
-4.747601006144824831e-02
-1.940052745288369310e-02
-2.377064721515331769e-02
-1.250299724586990679e-01
-2.112851921917612286e-01
-1.973410908029798461e-01
-1.509042460663279073e-01
-1.078661197436316110e-01
-7.755337380527171920e-02
-4.584527050617473454e-02
-1.224612168694388242e-02
1.602549484984358216e-02
1.415674112548027073e-02
-1.614876577614728775e-02
-2.461088574239981425e-02
6.541929177061520106e-05
3.559025676368569868e-02
7.148500789196407523e-02
1.053145168123264530e-01
1.322347422006589224e-01
1.401437357468110212e-01
1.363004933661315365e-01
1.395043704245874649e-01
1.499838377945880985e-01
1.577067471803873522e-01
1.622498296107780513e-01
1.705400479660036384e-01
1.833804547746639702e-01
1.905495475150552620e-01
1.841892816239949215e-01
1.801709563053562058e-01
1.836235070712012030e-01
1.812307050632410987e-01
1.761223327600789090e-01
1.783432858179125891e-01
1.864269653643647051e-01
2.007764726383499954e-01
2.197483141223849357e-01
2.336784967070415220e-01
2.450672207025275107e-01
2.573127196114090021e-01
2.685958584214658829e-01
2.744193501634767940e-01
2.734184496524437180e-01
2.735984836325513481e-01
2.780228076948809690e-01
2.835904710600321565e-01
2.923700620346455503e-01
3.062014477635749410e-01
3.175617793443821779e-01
3.237845727795608530e-01
3.256476943593777928e-01
3.224780017758341333e-01
3.185492011446459104e-01
3.137174874170611805e-01
3.119414688215669251e-01
3.190655990748801352e-01
3.333548223652886833e-01
3.543207290878062077e-01
3.746872736807209670e-01
3.824422677156489314e-01
3.717731365514916897e-01
3.480419759853470296e-01
2.766514874075455821e-01
1.393708623464519347e-01
3.846259752286478040e-02
2.693336102706717777e-02
5.976749042838842840e-02
8.471843474725350431e-02
8.170996302714836346e-02
9.704163149153169354e-02
1.504494816827204873e-01
2.129129852290310432e-01
2.611689399768154507e-01
2.883310372466519333e-01
2.812310541674112874e-01
2.792265601183747670e-01
3.181932909279053256e-01
3.687939668542736804e-01
4.156239445292391199e-01
4.635132334748068850e-01
5.097168711602713120e-01
4.779087378105884021e-01
3.596971712131831200e-01
3.022334803494070576e-01
3.402993331420733902e-01
3.944293821081370499e-01
4.453641450036528449e-01
5.025795799500960559e-01
5.647543362416558299e-01
6.210331731281648615e-01
5.989176728938534477e-01
4.272502651527334550e-01
3.064287756469927793e-01
3.442744220182519799e-01
4.270830177840050368e-01
5.112527270490061504e-01
5.869893913604000701e-01
6.588328770594208406e-01
7.280865036851805749e-01
7.805902454844680927e-01
8.162074769675801145e-01
8.433780142899631738e-01
8.590988152271971101e-01
8.693423939958840885e-01
8.759898990468626412e-01
8.777493354090687427e-01
8.818527590925975268e-01
8.947823815498551214e-01
9.154537795538907341e-01
9.423064811517074535e-01
9.725146226697525265e-01
1.003274589450236398e+00
1.041007401056639248e+00
1.081741120795672195e+00
1.119454570944144134e+00
1.153355895407298659e+00
1.182671498210856376e+00
1.209974966920309924e+00
1.237338749012425021e+00
1.266723693042473897e+00
1.298290025639162737e+00
1.331562186938917369e+00
1.365296726701559660e+00
1.397659239778536566e+00
1.427236776860974388e+00
1.453546469206207892e+00
1.477102348882920246e+00
1.499320100513363618e+00
1.520877971852165444e+00
1.541998915713118201e+00
1.563709845613491689e+00
1.586972885914073705e+00
1.613076224844557371e+00
1.643277024449460333e+00
1.675550905069531193e+00
1.708326455598293103e+00
1.740142295091799518e+00
1.770328656790719490e+00
1.798717679284312032e+00
1.824495847797194648e+00
1.848528586116140238e+00
1.872239799350480238e+00
1.896897149551470818e+00
1.923206128824572314e+00
1.952599573570842351e+00
1.984936869878289878e+00
2.019097258391066685e+00
2.053372436520656930e+00
2.084970971216293378e+00
2.112460683023561714e+00
2.136786730318848360e+00
2.159320405166905488e+00
2.180725096518798978e+00
2.202311420074172688e+00
2.225733163114627544e+00
2.251674212807573294e+00
2.278366007733835907e+00
2.304479706878168166e+00
2.330206374850519069e+00
2.354129633422600953e+00
2.375411042052589128e+00
2.394856878106842668e+00
2.413557738978596046e+00
2.432342616416867109e+00
2.451782475249693505e+00
2.473384103832231951e+00
2.497618980197927385e+00
2.523060671006271072e+00
2.547690399462648969e+00
2.570037503339826834e+00
2.589697318374584611e+00
2.607560748629024872e+00
2.624706326600366513e+00
2.641140883574967013e+00
2.657152100226661151e+00
2.673096723376240380e+00
2.689542200852891529e+00
2.707547026314402139e+00
2.727363382786738288e+00
2.748277473272283888e+00
2.768998306794014486e+00
2.788706526331058200e+00
2.806650530704755564e+00
2.822875556180992618e+00
2.837229604026680008e+00
2.849817547300828924e+00
2.862077409601039069e+00
2.874721746221131635e+00
2.888569540054319429e+00
2.904675098341019890e+00
2.922433250158012363e+00
2.941192712620846805e+00
2.958865629686861620e+00
2.973042371415833607e+00
2.984114240759819126e+00
2.992802065290552260e+00
3.000194858294702449e+00
3.007257603815894242e+00
3.014952090817494046e+00
3.024628950095629598e+00
