-1.018998659374196168e-02
6.141876901054866243e-03
5.009282634160065750e-02
2.733456292757370509e-02
2.323800992031806525e-02
-4.036192531636729336e-02
-8.277728994622793879e-01
-1.058972488142491564e+00
-1.206710395723061269e-01
2.708188444138129869e-01
3.236648910917947486e-01
2.601388757374081262e-01
-8.035013969403620449e-02
9.027814558329641526e-03
8.344413925026680778e-02
1.156903757480245848e-01
9.908137251403531520e-02
8.024684516778518573e-02
5.988888017111223400e-02
5.619924922432384395e-02
2.950933114936558216e-02
7.514976586818764015e-02
5.264467795135384376e-02
7.702928438084285373e-03
2.257780703475481543e-02
3.162507007144051141e-02
-8.831674729024174830e-02
-4.141069262744855733e-02
8.547066849168125438e-03
2.795460463453170591e-02
4.868458970476458730e-02
6.795064905128640753e-02
4.569966332466857128e-02
-9.498805606272968660e-01
-2.698921943153906877e+00
-3.060089455095839073e-01
2.763260962857727598e-01
1.057070626804431090e-01
3.447267124738950805e-01
5.819681054325964720e-02
-2.021583142579827519e-01
3.427640246420782244e-02
1.874560157240685587e-01
4.164141977458523103e-01
4.253667370472666853e-01
3.490293110500211071e-01
-1.333345196474816086e-01
-9.468632436899981908e-02
2.871779070891237670e-02
1.647532716520177243e-01
1.763424389367010958e-01
1.417699050294577989e-01
-2.960020227253152836e-01
-1.305277482643095066e+00
-6.123332122567495817e-02
3.200466009785362109e-01
3.851537929424295736e-01
2.092735247198954374e-01
1.510298708197461148e-01
2.249113729274074269e-01
1.911237395100420233e-01
1.526148101635406151e-01
-2.452325851529728040e-01
-2.660083044963573728e-01
1.247482965602465521e-01
2.689259469898143684e-01
2.794041237873472472e-01
2.610849974696042297e-01
2.457346099932681549e-01
1.653076599850994144e-01
-2.704076876565089660e-02
5.136109104560804273e-03
1.112594932743696252e-01
1.366646302963998583e-01
7.697982383181886656e-02
9.172881797753940081e-02
1.429562934214944903e-01
1.680335546550797976e-01
6.134310217752655947e-02
-3.562130797237958446e-02
1.042334501974725436e-01
9.430300661073495738e-02
1.421760542309663533e-02
5.066982818347584572e-02
1.301774558715443619e-01
1.405968146641436434e-01
2.184555956945216093e-01
2.092473542006583753e-01
1.377569602235588775e-01
1.701855180086631614e-01
1.609809528423007952e-01
1.620313285427998629e-01
8.712142461259525517e-02
6.505049037657251176e-02
1.160963662112738937e-01
1.399352981728757550e-01
1.367666707082497157e-01
1.888440596047227527e-01
2.160940019183457961e-01
1.520000863542584901e-01
1.373066414628287824e-01
9.344050953137095217e-02
6.767997308689605029e-02
8.957540769273644732e-02
6.157248427175590622e-02
1.361932017099295733e-01
1.992887509387523681e-01
2.407688972990530418e-01
2.939886224296132111e-01
2.288396826127747641e-01
1.001073211537452101e-01
-4.438334948926586643e-02
-8.467826292690822099e-02
-7.410798602372148380e-01
-1.084423812271258836e+00
-1.703095734236084180e-01
3.050455350165092727e-01
4.334477658680230272e-01
9.938735798188388926e-02
-6.351724790383606045e-02
3.517806631693797814e-01
5.205452033690671776e-01
4.660823210870853606e-01
2.868689277259499071e-01
1.491021670776721542e-01
-2.032696239191270904e-01
2.492330123892960991e-01
4.752659341322651443e-01
4.322662595728685164e-01
4.104193791879413578e-01
4.573148794245868731e-01
4.060797435243472253e-01
-6.922180888815661071e-01
-8.973502916876127111e-01
3.032792487632677281e-01
6.270505374164868639e-01
4.902165043141310519e-01
5.137469147760239663e-01
5.646982690828243889e-01
5.853228660239655490e-01
4.832747715211266892e-01
-5.757297811123178732e-01
-1.761835726222857446e+00
2.390944183284602065e-01
7.958853683444133686e-01
8.359031830563996568e-01
7.179478627790623069e-01
6.514386779198124700e-01
6.472576799661776681e-01
6.276411526633799420e-01
4.225763286864240298e-01
4.035030745664663909e-01
3.436972841734052819e-01
2.739443150983746911e-01
3.039256425544710760e-01
2.592432123094358110e-01
2.568011973863478792e-01
3.169216223633221086e-01
4.090594486272657315e-01
4.468137371669512747e-01
4.984026160508939762e-01
4.997648799757490323e-01
5.105066497214927335e-01
6.130197485232300458e-01
5.696795060016510703e-01
5.656878291607300158e-01
5.733300866693700204e-01
5.910284794399880415e-01
5.710471342964855701e-01
5.788899541177068286e-01
