-1.240287226748509086e-06
-6.187434691089327242e-06
-2.904364197524021300e-06
2.642751767334060537e-05
7.340573916402541718e-05
1.248364886703339297e-04
5.571515723561881663e-05
-5.106023166522858552e-04
-1.601326459542792846e-03
-2.731056298713976233e-03
-3.623318203964829773e-03
-4.242510348167610745e-03
-4.674764547866000486e-03
-5.082255775186539024e-03
-5.451364379403563463e-03
-5.739172300811388669e-03
-5.932393105674256886e-03
-6.045020330898419683e-03
-6.095920157485033158e-03
-6.101343726349578098e-03
-6.071765797021093890e-03
-6.016671598076690948e-03
-5.923039941978480195e-03
-5.804949059860444946e-03
-5.684798926193861644e-03
-5.559416124039262552e-03
-5.438310049224402351e-03
-5.368127243454374163e-03
-5.329595432431983790e-03
-5.290940306155994706e-03
-5.236075831077950139e-03
-5.152767917941027814e-03
-5.035323055946071096e-03
-5.015656093612407170e-03
-5.745885264818695673e-03
-7.754757126116528822e-03
-9.973423635040629814e-03
-1.191115615585234405e-02
-1.358004659794660902e-02
-1.494610402648170223e-02
-1.616939884879805764e-02
-1.737681740897542917e-02
-1.847089626460780495e-02
-1.934105792268077731e-02
-1.988652697220857218e-02
-2.011568639047101731e-02
-2.014537122391756724e-02
-2.020955354607268523e-02
-2.032057148290083645e-02
-2.039926034159762064e-02
-2.037387402028675853e-02
-2.023828603447459795e-02
-2.006876257607850822e-02
-2.018977455676846874e-02
-2.092085564876900242e-02
-2.171088295504045723e-02
-2.225487618313216898e-02
-2.252710790664022925e-02
-2.262824062315675275e-02
-2.260603051461963081e-02
-2.244701166009965138e-02
-2.217448404151323507e-02
-2.186632645915903908e-02
-2.170937796307367829e-02
-2.169249909445902444e-02
-2.161459479605300216e-02
-2.137643808089590564e-02
-2.097404380698720400e-02
-2.042936475206739988e-02
-1.977204635751502945e-02
-1.907180258043390114e-02
-1.842191502893907387e-02
-1.781000557074735244e-02
-1.717942704517121805e-02
-1.651714985437964869e-02
-1.584804331692091228e-02
-1.516567862591834334e-02
-1.444371541460247321e-02
-1.368202699450993438e-02
-1.294074240783882508e-02
-1.225501927025744210e-02
-1.156873255733416664e-02
-1.088238514888035906e-02
-1.022829527142673535e-02
-9.585821798321793666e-03
-8.913687036619934514e-03
-8.192291932173450392e-03
-7.390831593379415532e-03
-6.520782967327326020e-03
-5.616438259856966313e-03
-4.674147270697343037e-03
-3.697698709463625132e-03
-2.699333412330614905e-03
-1.716823740311571945e-03
-7.599195359449380195e-04
1.969336652521695881e-04
1.169013146881499148e-03
2.162382981405802131e-03
3.201636913637223060e-03
4.292645496327789946e-03
5.403588342255096627e-03
6.514702947037409250e-03
7.601802448033177784e-03
8.653629664292873669e-03
9.676805893696491939e-03
1.067230853218116213e-02
1.168058219805461796e-02
1.274117959697208119e-02
1.388118154464183102e-02
1.511425256129745112e-02
1.639351685775335132e-02
1.763385016656073348e-02
1.875623213826665275e-02
1.965787265149063212e-02
2.001717659945662781e-02
1.977030320202084052e-02
1.939748767932612111e-02
1.922633443837166653e-02
1.930431850578330152e-02
1.945536908893982439e-02
1.961872547256648600e-02
1.998349454776486914e-02
2.064333919200503353e-02
2.154544998862164412e-02
2.256858358891938518e-02
2.358119234364398561e-02
2.446825000888265544e-02
2.543471223685724383e-02
2.661447611700650320e-02
2.799106489090553637e-02
2.954071254290671980e-02
3.126236437085613828e-02
3.299051362214471678e-02
3.420402166969070679e-02
3.489011536754517417e-02
3.564593531216944666e-02
3.671180191310348395e-02
3.803681993442627890e-02
3.960387256194627253e-02
4.142148678986600635e-02
4.347173061344018763e-02
4.556382996781305206e-02
4.706702857716071192e-02
4.763744498650634290e-02
4.819373103967401761e-02
4.918696998533445691e-02
5.064092672980830684e-02
5.246247153950394509e-02
5.458087099828592970e-02
5.696197337260158061e-02
5.955096488359797741e-02
6.223562683520234701e-02
6.497250307139806891e-02
6.772040482496270719e-02
7.044508402356400301e-02
7.314947793307545465e-02
7.581786807851041698e-02
7.845493038627479598e-02
8.110096304162936476e-02
8.380691514746262116e-02
8.660025685212688340e-02
8.950102538300497290e-02
9.250774274104789363e-02
9.562947812579762619e-02
9.889875060021656450e-02
1.022941594914830582e-01
1.058006686466730351e-01
1.094147083542275911e-01
1.131340377041760159e-01
1.169441334848647512e-01
