1.298418723297492701e-02
2.319508274086045513e-02
6.891064266809790451e-02
5.134935228025341858e-02
5.333712876806595560e-02
-1.852173024174517263e-02
-8.854243113235356066e-01
-1.257275410736884202e+00
-3.638367127371804344e-01
9.620060103598350454e-02
2.381803648875855939e-01
2.419811480909471735e-01
-7.986937064328530900e-02
5.667876177979896957e-03
9.221548901089632322e-02
1.462801757175186679e-01
1.425650021772257303e-01
1.358957970718791541e-01
1.222763652462574985e-01
1.173349888707219818e-01
9.093806741519770698e-02
1.347537766864288222e-01
1.132928779374430817e-01
6.885667231167466595e-02
7.926849946537088687e-02
8.289490106963717797e-02
-4.715511155760557932e-02
-1.391506417762821898e-02
3.308262844351760046e-02
5.840963467061470460e-02
8.645837738161625541e-02
1.131611125640091392e-01
9.634074036748324632e-02
-9.875336620768051521e-01
-3.034663101737158364e+00
-7.933497054351632549e-01
-1.038383307273070821e-01
-1.574528778802567197e-01
1.876945722853922693e-01
-3.104415243740040603e-02
-2.751508517849617919e-01
-2.989933409029517375e-02
1.620784640984812564e-01
4.554679177940711421e-01
5.381454131299749921e-01
5.096865315875964697e-01
1.560319338692454580e-02
1.760914007782503343e-02
1.242696541648548730e-01
2.741793380540238356e-01
3.030794956009678076e-01
2.786594783737808001e-01
-1.927401626806408419e-01
-1.348370964465846589e+00
-1.824204263694089445e-01
2.645068135074994387e-01
4.148539053179792768e-01
3.051369753979648047e-01
2.639633637118775078e-01
3.611858537518189416e-01
3.535030950560071883e-01
3.185844713051616539e-01
-1.099887419429181612e-01
-1.814953853027351516e-01
1.872959850322266639e-01
3.591248164191151448e-01
4.175821032600645077e-01
4.342025142437888618e-01
4.373720614020156772e-01
3.430754218887692719e-01
1.474670669545032897e-01
1.307317040519842266e-01
2.334250936163216328e-01
2.816104756261140207e-01
2.152697471310325572e-01
2.269766901309177021e-01
2.849977413369371715e-01
3.266197326667159007e-01
2.183918613171814127e-01
1.140598917227574893e-01
2.357855635022462204e-01
2.035931667638996023e-01
1.073358374079279587e-01
1.447227735283777572e-01
2.455264568799016556e-01
2.738663467754342551e-01
3.790109098354653705e-01
3.925332565074584612e-01
3.094274330954198682e-01
3.573795895565397007e-01
3.623385354656881163e-01
3.671582712008077398e-01
2.901298287613522930e-01
2.536196993030059299e-01
2.916195489456189227e-01
2.895099866232943020e-01
2.854379246565404427e-01
3.618351516568537596e-01
4.098748835614662300e-01
3.357255540615972644e-01
3.360081349690603458e-01
2.827880764342132758e-01
2.518874961163681259e-01
2.694423932226365226e-01
2.343654125026576329e-01
3.201241227818724666e-01
4.074878412006337491e-01
4.724336400191611607e-01
5.351883943179345238e-01
4.876887325020476394e-01
3.627115216719062341e-01
1.978249598784155017e-01
1.178302215289181859e-01
-6.132384395545982247e-01
-1.114685318248732182e+00
-2.591628256727815383e-01
2.782842551413816645e-01
5.050566980376581805e-01
2.296254611082884367e-01
7.229020818186085440e-02
5.320793374987041746e-01
7.640040797816672891e-01
7.866072028269388561e-01
6.326225478333086238e-01
4.807460611737304768e-01
7.121852941995623909e-02
5.207586870673094337e-01
7.812404270199858614e-01
7.786446619144524739e-01
7.878192865338242701e-01
8.543877649759752391e-01
8.064656776882960232e-01
-3.704396702692577814e-01
-7.722078111022899760e-01
3.948761817724541490e-01
8.060867282137369472e-01
7.470635630052334664e-01
8.379216951213308562e-01
9.360431233109688387e-01
9.953095702962221347e-01
9.257936181190465907e-01
-1.861013491532322039e-01
-1.676889814447316107e+00
2.222072183861420192e-01
9.122610871887085748e-01
1.061624500084304090e+00
1.034225197382447448e+00
1.083733505422620036e+00
1.110280981062390371e+00
1.073740970509646120e+00
8.678163730229996320e-01
8.426017682980191381e-01
7.993634453337050694e-01
7.191308052616350865e-01
7.261250842614848100e-01
6.732755369910966570e-01
6.608998131614898242e-01
6.942892945779812752e-01
7.727713752099132360e-01
8.024490416669972648e-01
8.758532463740453800e-01
8.923886531010627454e-01
9.300834555434814854e-01
1.028901485625284717e+00
1.012882837541271286e+00
1.001609030324669192e+00
1.015865183195667987e+00
1.041784638461222379e+00
1.035372431688978301e+00
1.049994173019456412e+00
