1.164737126820241352e-02
1.888503872848283291e-02
5.717448378792638897e-02
3.294620721174668782e-02
3.200457462664516028e-02
-3.445605573029242308e-02
-8.027172118527179379e-01
-1.002054088875584892e+00
-6.119237103842067871e-02
3.067875147174509154e-01
3.378316370980869454e-01
2.595788938102732146e-01
-8.108465265031319924e-02
1.061433827913456363e-02
8.500126947909306119e-02
1.186425132341778349e-01
9.796761721352859054e-02
8.164111933483297889e-02
6.392439588886938973e-02
5.807103293475623929e-02
3.425295086931191141e-02
7.740093953268825655e-02
5.410308270955621612e-02
1.489714096079294142e-02
3.125021256252161206e-02
3.739348291864634521e-02
-7.796702785940608227e-02
-2.806325000150909285e-02
2.181762780228226409e-02
4.244175472840427260e-02
6.254119036022234845e-02
7.916711246407023839e-02
5.552848172922467129e-02
-9.196255315527077645e-01
-2.597340563651179934e+00
-1.840401937903550778e-01
3.557801443901691396e-01
1.558961285354482640e-01
3.778201328269471526e-01
7.525141277029268050e-02
-1.782919383036155603e-01
5.606237970273053595e-02
2.009570679540252647e-01
4.185110032713253991e-01
4.205412913435805922e-01
3.374314686946497388e-01
-1.377294490026460538e-01
-8.281460219469791162e-02
4.602554758801724599e-02
1.856034932878933008e-01
1.925778767711375239e-01
1.545143377113129546e-01
-2.748517661119281308e-01
-1.245761970975405530e+00
1.257295959885276759e-02
3.744283010989135629e-01
4.185063054583523234e-01
2.407018134966519562e-01
1.700925968119992304e-01
2.422522513764060748e-01
2.115423266426061655e-01
1.664277718914905779e-01
-2.214662372759930720e-01
-2.242776121049542826e-01
1.557385263051962454e-01
2.862375570138586678e-01
2.983922525436788487e-01
2.793492791658382934e-01
2.584327280057656662e-01
1.584987947991575441e-01
-1.258883572261712547e-02
4.182893971731493910e-03
1.188306131680231525e-01
1.610706861385608479e-01
9.385614363676511585e-02
1.093831993086089860e-01
1.629075300045486618e-01
1.926330165839721664e-01
8.465156472539958621e-02
2.850144362897821804e-04
1.307760148895239782e-01
9.731844493892810588e-02
1.290058253519518749e-02
6.194328336659871148e-02
1.566226801574399641e-01
1.698330037164137718e-01
2.523156580143112726e-01
2.414823887938615243e-01
1.505442852313919611e-01
1.956175410590257346e-01
1.943265193422555326e-01
1.943728428161941579e-01
1.219403491873113365e-01
9.856434915350642534e-02
1.440191620764763036e-01
1.437124259410842986e-01
1.414288776806073566e-01
2.114834168259930314e-01
2.442847474112022632e-01
1.642481202587414701e-01
1.670423520186614663e-01
1.209266809095477235e-01
1.021752775760967902e-01
1.282007989694073924e-01
1.006598185952261026e-01
1.853059916583569833e-01
2.558870846651396525e-01
2.963721263814519391e-01
3.319375772596725449e-01
2.670765979498267995e-01
1.480878213913172647e-01
1.443993177705216180e-02
-2.385823258902458610e-02
-6.467045474836969898e-01
-9.675325553612005303e-01
-4.474725719294414539e-02
4.083483698077688961e-01
5.138886814523508928e-01
1.716488767597670051e-01
1.144010867179154345e-02
4.352095536425033551e-01
5.823372854461550396e-01
5.300167492831798777e-01
3.429645359835290508e-01
1.988583345548972092e-01
-1.508564855507098512e-01
3.242275797961067241e-01
5.365997113611815639e-01
4.824045293001384960e-01
4.585031623089294017e-01
4.967737763344005630e-01
4.305789843983366394e-01
-6.325118112307677176e-01
-8.231836746575302843e-01
3.900374394134993872e-01
6.907401875711077777e-01
5.340637986235418078e-01
5.591269598660528750e-01
5.982928542591109400e-01
6.063257544823084100e-01
5.069501752037011144e-01
-5.032985562317394690e-01
-1.683917078654716182e+00
3.389664996191568136e-01
8.776437256833542477e-01
8.589296106094326255e-01
7.162417917651967558e-01
6.905237321813534335e-01
6.630391788302537615e-01
5.942310740782261735e-01
3.924381406285457619e-01
3.897571599266550502e-01
3.674268591663025774e-01
3.123812767943763280e-01
3.413453989384466203e-01
3.073295087394863900e-01
3.126238185998536645e-01
3.548614414700655972e-01
4.281834528065143752e-01
4.451586944849561522e-01
5.006827074155806301e-01
4.983004946572651139e-01
5.189901796979204951e-01
5.939576953982917962e-01
5.565236244385682873e-01
5.344505948052735711e-01
5.415674775008787467e-01
5.593261054455829218e-01
5.464709478789002706e-01
5.562602458778871384e-01
