7.447350185939217082e-04
2.533965119955355980e-03
7.036282884846528987e-03
1.175270785317988551e-02
1.474388826894840361e-02
1.322035714979850028e-02
-4.093844279671621234e-02
-1.458396245823754267e-01
-1.938202698564751580e-01
-1.634393251887248655e-01
-1.132750129321796195e-01
-7.015081065809700145e-02
-5.627929380485814648e-02
-5.619147641704359819e-02
-4.636705112664953748e-02
-3.106817766983671625e-02
-1.638911970075323382e-02
-4.966725476020984742e-03
3.591680030028033752e-03
1.018271811843270841e-02
1.445293855485765486e-02
1.987527543572742070e-02
2.577615232228252368e-02
2.747657496289053827e-02
2.796946892076936780e-02
2.972532771719580552e-02
2.432539134068427422e-02
1.622413179258452853e-02
1.464135231860259206e-02
1.722538820483015057e-02
2.203960113370194429e-02
2.867128588512473861e-02
3.422532591201150193e-02
-2.425603958265961507e-02
-2.389815471951889925e-01
-3.753488985381289167e-01
-3.355258454852458327e-01
-2.820628400912478795e-01
-2.293690215222561612e-01
-1.878639292598850430e-01
-1.822189533249476689e-01
-1.759221893434594342e-01
-1.480913242190151358e-01
-1.005371194224825293e-01
-4.450128150288334278e-02
2.201204183875100917e-03
1.055771345210760291e-02
-4.129692129915703974e-03
-6.495979899607854172e-03
7.276509615872769898e-03
2.811519897329920262e-02
4.538728071931499852e-02
3.188212196064153792e-02
-6.614224336118092185e-02
-1.295541591994006092e-01
-9.649072808901873466e-02
-4.330919005888711482e-02
-3.008939917896628902e-03
2.010898989217380778e-02
4.230012178972585718e-02
6.486168997470395658e-02
8.123624259631927191e-02
6.918092064302809596e-02
3.668061446867849212e-02
3.073411541173366041e-02
5.434199916765607152e-02
8.414729388845983149e-02
1.112483747759174801e-01
1.340312342393755185e-01
1.476676217127595447e-01
1.439697557632352021e-01
1.323352008526197943e-01
1.298604852607592175e-01
1.365870075274928652e-01
1.408878398084150441e-01
1.422551658078149428e-01
1.478533993131021518e-01
1.579271644680493858e-01
1.620465518724431842e-01
1.546393302844072393e-01
1.515769236568685063e-01
1.537902842727351671e-01
1.486795513614319053e-01
1.425307100102659319e-01
1.456243380040065649e-01
1.545655428944468224e-01
1.689076830299859888e-01
1.860762026249236090e-01
1.956515941044157658e-01
2.025169407322615911e-01
2.113377234673208815e-01
2.195266838221588412e-01
2.225718964497442887e-01
2.200302756658617520e-01
2.193911966794854229e-01
2.213473958369013284e-01
2.230827437353222198e-01
2.291310493535225201e-01
2.407462547384029983e-01
2.482740404168141124e-01
2.511507768097229754e-01
2.511155437546420122e-01
2.474601727241693971e-01
2.448062445481816174e-01
2.420990553681670321e-01
2.435885382120532294e-01
2.541943479237250281e-01
2.705578839810890979e-01
2.903039516070572978e-01
3.065015938126824380e-01
3.104717801690408674e-01
2.992205090096604070e-01
2.791571379566772926e-01
2.187519103246676755e-01
1.083290791976078554e-01
4.753037898011442525e-02
7.057354769965838714e-02
1.234311098062714079e-01
1.563204050412966006e-01
1.579051563675674674e-01
1.777678440172693608e-01
2.287795295773022430e-01
2.808099066161554580e-01
3.142972286392922143e-01
3.260048718497197129e-01
3.067365080175034620e-01
3.002680626631960559e-01
3.339054260314281430e-01
3.733218199622673761e-01
4.054861836633356642e-01
4.365738265199747836e-01
4.633919797831397291e-01
4.168173448952290361e-01
3.035588759153023952e-01
2.658831191964377005e-01
3.165486847353602418e-01
3.700004741043285694e-01
4.126952205201153689e-01
4.562680860163553231e-01
4.994513284582359769e-01
5.337224254210484187e-01
4.956418055969646352e-01
3.298674708570092928e-01
2.412414724428894042e-01
3.041208821411900964e-01
3.906955026625569261e-01
4.608895685965237465e-01
5.166431911461646376e-01
5.653152622980514019e-01
6.047065834513469795e-01
6.247543227397446275e-01
6.323551810099820036e-01
6.380441914379063606e-01
6.387979617050216774e-01
6.385630380449393018e-01
6.379721037508070403e-01
6.361235932507882662e-01
6.376170822795017568e-01
6.462116310098123817e-01
6.594826306797787474e-01
6.764780225068635078e-01
6.953327431577230877e-01
7.142292433255931217e-01
7.379015806521729282e-01
7.617846987686608395e-01
7.807147726548204769e-01
7.977675375716738460e-01
8.153611987177586951e-01
8.320855208318088669e-01
8.477856205047314964e-01
