-3.984679345462596962e-06
-2.344461577036626742e-05
-4.362342677410127351e-05
-4.250348564484512177e-05
-2.711273226358740663e-05
-1.123500683897682003e-05
-1.200561831115060102e-04
-7.420002665724978377e-04
-1.923306567301285002e-03
-3.180244468389151723e-03
-4.219583160993732075e-03
-4.988695661648120429e-03
-5.562745858384336717e-03
-6.101969406261887469e-03
-6.594410459199355826e-03
-6.997565691757454999e-03
-7.298418639168518553e-03
-7.509825481293411729e-03
-7.652204357419398889e-03
-7.743561987435526942e-03
-7.794498373843940578e-03
-7.815798732333506874e-03
-7.793937108072844858e-03
-7.743313050853948588e-03
-7.689503756507159310e-03
-7.630654020565226341e-03
-7.575683925430522735e-03
-7.573555070231666880e-03
-7.607219687850366209e-03
-7.645229350233150555e-03
-7.671768196731816418e-03
-7.673895547679531956e-03
-7.644165581372922534e-03
-7.714754069583617396e-03
-8.553470427574427770e-03
-1.073014785576760152e-02
-1.319091628313557620e-02
-1.541607265471115276e-02
-1.739316621030905993e-02
-1.907243795592957272e-02
-2.060262496696035200e-02
-2.211132879886230224e-02
-2.349993439958696778e-02
-2.465196880277564784e-02
-2.545955212324217676e-02
-2.592583794353090637e-02
-2.616508876951530865e-02
-2.641727919526132284e-02
-2.670630981305778875e-02
-2.695909679954476557e-02
-2.710632682479367436e-02
-2.714003903457162803e-02
-2.713543732195321592e-02
-2.742452142085523639e-02
-2.834935433058267604e-02
-2.936958613126549808e-02
-3.016672457719489150e-02
-3.070065859582792045e-02
-3.106595557939042032e-02
-3.130377956346478557e-02
-3.139864393907489115e-02
-3.137397694831150358e-02
-3.130587310358005221e-02
-3.138751403464176692e-02
-3.161726938124016784e-02
-3.178958649305672207e-02
-3.179714605347935819e-02
-3.163492712181682071e-02
-3.132415541014382798e-02
-3.088959869314142001e-02
-3.039421094103237145e-02
-2.993801359516069793e-02
-2.950603115392131520e-02
-2.904694031826261791e-02
-2.855604159796336361e-02
-2.805709344116724333e-02
-2.754413641285703707e-02
-2.699290815614436775e-02
-2.640553632446380680e-02
-2.584351063742635138e-02
-2.534684171273872411e-02
-2.485342079456049139e-02
-2.435059959628051163e-02
-2.386775653907664829e-02
-2.339209049499303347e-02
-2.289140792944598796e-02
-2.234974777619161065e-02
-2.173857012843328357e-02
-2.106620245916146147e-02
-2.035901562629093345e-02
-1.961816160271653148e-02
-1.885210190448132275e-02
-1.807345027762109063e-02
-1.732046250070517698e-02
-1.660159609580803136e-02
-1.588512165798492554e-02
-1.514352320250273581e-02
-1.437079506743633127e-02
-1.355179694648583032e-02
-1.268323138657164416e-02
-1.179234667307239165e-02
-1.090535006632777429e-02
-1.004816533544172254e-02
-9.235661256665873495e-03
-8.463757882910085892e-03
-7.733035798100959535e-03
-7.008346931601391015e-03
-6.253771302105974768e-03
-5.439352469335634321e-03
-4.541946731863135030e-03
-3.606722129935538163e-03
-2.723873965744482133e-03
-1.978138449153993023e-03
-1.477217744733601464e-03
-1.559608524226991548e-03
-2.304670390104765314e-03
-3.234912041400150179e-03
-4.005883595254996349e-03
-4.551703033253631445e-03
-5.039275470468725787e-03
-5.529740639119221958e-03
-5.834512139651291431e-03
-5.848802744071321218e-03
-5.621596526912095958e-03
-5.269148998108767051e-03
-4.919161279237050169e-03
-4.690687437739611727e-03
-4.389154913004243534e-03
-3.874482389420695616e-03
-3.155790768832788563e-03
-2.253968399964597323e-03
-1.164387363473120326e-03
-4.842651139897249934e-05
5.558668838609722796e-04
6.196222796164469783e-04
7.340006807687828776e-04
1.153924127880735914e-03
1.841025422669942922e-03
2.780758350402816933e-03
3.988268428064487177e-03
5.451935217832271086e-03
6.975155575586977630e-03
7.903932990819505233e-03
7.879517201337858656e-03
7.808242071298044686e-03
8.159123848947060983e-03
8.990504485443034585e-03
1.022230309102830324e-02
1.176942602672057837e-02
1.360928138613449329e-02
1.571079664906403772e-02
1.796125102410018465e-02
2.030138952852406434e-02
2.266612743326745782e-02
2.500796847968517894e-02
2.732557778739639134e-02
2.959635293590353461e-02
3.182178329865545385e-02
3.405184582803120336e-02
3.635087499637670166e-02
3.875750083639269844e-02
4.129206815382583523e-02
4.395231979358547869e-02
4.674523010965672687e-02
4.971308879051187374e-02
5.283559043726918092e-02
5.610371910545840224e-02
5.951396834919626955e-02
6.306099658574630673e-02
6.672437959047597400e-02
