4.027809980333812290e-07
4.165750021840149812e-06
2.238508463739687332e-05
7.368762677397843602e-05
1.520878670846800666e-04
2.452601402008336559e-04
2.197706289117818020e-04
-3.458221273061912746e-04
-1.548764943239824138e-03
-2.919567285934651472e-03
-4.133010033832400752e-03
-5.095931537663438669e-03
-5.854753099935877149e-03
-6.560933290866969095e-03
-7.204417034295138196e-03
-7.738012457356228252e-03
-8.140367432926726501e-03
-8.420486654025872986e-03
-8.595036003809099212e-03
-8.681222685855168389e-03
-8.693191125233286701e-03
-8.644442397007340642e-03
-8.525513486248838257e-03
-8.352517526131681899e-03
-8.151337749826291154e-03
-7.923754059981949829e-03
-7.683809509566255289e-03
-7.485509877435430302e-03
-7.317822200122416770e-03
-7.150676767802662502e-03
-6.965245056641251702e-03
-6.745509584756352942e-03
-6.481977842761154143e-03
-6.309812542590503490e-03
-6.938640050871599727e-03
-9.044516477237607779e-03
-1.162860208257279933e-02
-1.412093173984596030e-02
-1.644771006700949598e-02
-1.850778458518572561e-02
-2.041822750521583157e-02
-2.229649312297629984e-02
-2.404033783575467570e-02
-2.551850884871754294e-02
-2.659793758879008124e-02
-2.725393529092488484e-02
-2.758772508512739516e-02
-2.784902101385481124e-02
-2.808087275201426314e-02
-2.822035656189590333e-02
-2.819576192642543264e-02
-2.799659591340441372e-02
-2.770096082562703219e-02
-2.766209253580347721e-02
-2.827678314145716867e-02
-2.903497220611209184e-02
-2.959024697247948296e-02
-2.986466609698409935e-02
-2.992493178904033491e-02
-2.980843060933744890e-02
-2.949380582349164781e-02
-2.899744832422719923e-02
-2.840105759749403727e-02
-2.791396080901910673e-02
-2.755738494557078561e-02
-2.714070721583910703e-02
-2.654790830831564932e-02
-2.575191869535205930e-02
-2.475920355731952086e-02
-2.359454351756557627e-02
-2.233423611850097676e-02
-2.108462878092782697e-02
-1.985567060252336688e-02
-1.859603743365469131e-02
-1.728722729693020488e-02
-1.595610643572220599e-02
-1.459922221050450990e-02
-1.318807246108563008e-02
-1.171741315709773357e-02
-1.024897998701904643e-02
-8.826434018541400375e-03
-7.403487286252876699e-03
-5.987805781968951954e-03
-4.617609253258853075e-03
-3.271980973963083648e-03
-1.900783331236680302e-03
-4.741234127707081442e-04
1.050847849103453717e-03
2.671199585587490360e-03
4.350666128083189449e-03
6.095117797662320466e-03
7.903930931890217754e-03
9.764143344874225833e-03
1.163307743887632452e-02
1.349143393104329167e-02
1.535585466810661034e-02
1.723356603139341442e-02
1.913113164725626161e-02
2.108214925638243753e-02
2.310024149897903917e-02
2.515284281277245168e-02
2.722091291051025042e-02
2.927561900788473379e-02
3.130025251625288829e-02
3.329721824595533591e-02
3.526458635799287894e-02
3.724658937689963312e-02
3.929320924723417319e-02
4.144171708264295095e-02
4.371263251127362887e-02
4.606476529793589181e-02
4.840946499930733754e-02
5.065170196129126917e-02
5.266378117909945034e-02
5.407633972126651284e-02
5.475039878166513413e-02
5.514322600504917987e-02
5.562983237492186844e-02
5.632069389943600984e-02
5.707677843730938477e-02
5.784548530991140414e-02
5.883590573672516782e-02
6.017789261959569785e-02
6.185121575496085183e-02
6.374194637814992181e-02
6.570247834317345659e-02
6.758558662376797088e-02
6.958407829128848698e-02
7.184829543339583957e-02
7.438059643293849776e-02
7.716784240412599694e-02
8.021323871384926363e-02
8.334438132952125267e-02
8.598410336212100602e-02
8.802316964051760950e-02
9.004042716668730906e-02
9.233051103231777745e-02
9.489264707852540504e-02
9.774392486611067909e-02
1.009166600352804921e-01
1.044098851471541162e-01
1.080378481610982516e-01
1.111150742025860394e-01
1.131541569585316487e-01
1.150204848863145696e-01
1.172431716041415495e-01
1.199238280308393134e-01
1.230269645562447056e-01
1.265264032858759990e-01
1.304004545995370579e-01
1.345870935479707708e-01
1.389638570249223659e-01
1.434750915203695243e-01
1.480722731682563853e-01
1.527063338339660348e-01
1.573631506298668048e-01
1.620154860049372036e-01
1.666565392389859346e-01
1.713141548635777889e-01
1.760336556412053777e-01
1.808436033943914278e-01
1.857734518524077894e-01
1.908312055985896538e-01
1.960342604240685183e-01
2.014185951801737429e-01
2.069701653089936477e-01
2.126722698585293003e-01
2.185211450514208953e-01
2.245160578524242889e-01
2.306444571338372995e-01
