-3.416406376205665535e-02
-1.073768879599593801e-02
4.038752726193704096e-02
2.119225941896210608e-02
1.454954899500458462e-02
-4.797037313885887944e-02
-8.856100758571368026e-01
-1.205764792637635807e+00
-2.896074613702973588e-01
1.525083386933434038e-01
2.636113023785792153e-01
2.439599900451054904e-01
-8.696743084949792868e-02
2.595169928384655211e-04
7.973780828913802632e-02
1.174227698082965232e-01
1.105577398405335060e-01
9.238142857419141818e-02
7.012410043302849671e-02
6.843953340124969698e-02
3.764448894825951630e-02
8.564667066311952570e-02
6.458588448241546487e-02
1.180513827977743360e-02
2.235748522050284154e-02
3.305139155717257138e-02
-9.639356320897453367e-02
-5.851558972877902998e-02
-1.013937578158162836e-02
8.796935287694396602e-03
3.193615975571934690e-02
5.666104658297986540e-02
3.797330212351466422e-02
-1.012222584364497191e+00
-2.952431052834142644e+00
-6.441366653019342525e-01
2.281178701289390820e-02
-7.113511070164504901e-02
2.268971641025556707e-01
-1.278365253894508946e-02
-2.734032479065000021e-01
-2.965180853897209090e-02
1.484391942180923463e-01
4.147408054147143641e-01
4.580224725172707956e-01
4.075084598892960708e-01
-8.651669975883577446e-02
-8.167631041463702113e-02
2.697161110755623425e-02
1.599572817424241566e-01
1.809065291745574344e-01
1.530793113868514910e-01
-3.069169084562646255e-01
-1.415016038400104259e+00
-2.205357691344602133e-01
2.028165852354845700e-01
3.218547620195331138e-01
1.698382094934828557e-01
1.344719691024433839e-01
2.196733494397331565e-01
1.907491550531413838e-01
1.628153358914385118e-01
-2.569619674562219624e-01
-3.187384244009002221e-01
7.792967655291740958e-02
2.499702069245829661e-01
2.745166769597747747e-01
2.682485567868793663e-01
2.663289821843420335e-01
2.100377073173491371e-01
-9.416217253428796341e-03
2.929690730236327034e-02
1.250646479829191082e-01
1.341820509039243214e-01
8.064048636660620106e-02
9.278269869376412626e-02
1.422365666192277334e-01
1.647989684986611025e-01
5.787577076731995063e-02
-6.009525014006941723e-02
8.476509707756776923e-02
1.012756608890074683e-01
2.657660683245450378e-02
4.941659286122774414e-02
1.146342109140178200e-01
1.242957483991788403e-01
2.013841440103995850e-01
1.983740163928344180e-01
1.487325595504081499e-01
1.695626802855852433e-01
1.523313034157050272e-01
1.536110399959664807e-01
7.297816607534696187e-02
4.684345107157158322e-02
1.011000276561669492e-01
1.518894931630349054e-01
1.519664393259276547e-01
1.892520404958599189e-01
2.140670904558077958e-01
1.677602140556834209e-01
1.342018508796771481e-01
8.867985300636101187e-02
5.042970860245407638e-02
6.330427250948256201e-02
3.054768133420398407e-02
9.280005921543746372e-02
1.496286044711148400e-01
1.957737757109978549e-01
2.738381698375202955e-01
2.141545027208062169e-01
7.291477341140537027e-02
-9.455787076295776861e-02
-1.522322010564156614e-01
-8.798158540677063488e-01
-1.307879697462831281e+00
-4.297167069699227016e-01
9.093869350004546437e-02
2.805708324156360733e-01
-2.218095811687714053e-02
-1.852026848776672230e-01
2.320899526017029812e-01
4.489979489644532751e-01
4.162866934409694131e-01
2.555745704284515529e-01
1.233377930687547530e-01
-2.479335754703947958e-01
1.731225649140864520e-01
4.263226869784078610e-01
4.113056626085949685e-01
4.028982016206308359e-01
4.686388486649382679e-01
4.412941385165888297e-01
-7.260593292337820248e-01
-1.012426962278783815e+00
1.586595087191327025e-01
5.389843986927028707e-01
4.546094854994487955e-01
4.989281550717584723e-01
5.814847456657886715e-01
6.333259542525886410e-01
5.401254305891816099e-01
-6.019493190395975857e-01
-1.892808281398572934e+00
4.403285424067942405e-02
6.632697403844296513e-01
8.181783615547718602e-01
7.697222827606924334e-01
6.883439468952414764e-01
7.239082459600945096e-01
7.703848186274662169e-01
5.699629688140717132e-01
5.322536766585226342e-01
4.264886548969168967e-01
3.279122423344185688e-01
3.464623261424643053e-01
2.802887255183001969e-01
2.592927542161534982e-01
3.320946858281083047e-01
4.466273860221029457e-01
5.145698828839266881e-01
5.729886306699216725e-01
5.875846177130550352e-01
5.951741992947023885e-01
7.355678445216438099e-01
6.966518639505613342e-01
7.180483147312316516e-01
7.328911281319854254e-01
7.562114700931551470e-01
7.324371523720676347e-01
7.397504353344329653e-01
