-2.663858926827365359e+00
-2.657073942180907533e+00
-2.667169157572450544e+00
-2.661850230320035315e+00
-2.657443842657056798e+00
-2.647701401747772909e+00
-2.667319596074358756e+00
-2.662378437649674190e+00
-2.657572914134169295e+00
-2.649642853290347322e+00
-2.636602354094228495e+00
-2.615318679575216798e+00
-2.598684900763428285e+00
-2.591247568930274525e+00
-2.572174830769768938e+00
-2.534018190005832061e+00
-2.463518178134814107e+00
-2.330852418348156263e+00
-2.036525291657143022e+00
-7.367576558579929102e-01
-7.789240125804015591e+00
-3.595868839707649478e+00
-3.145860252817956670e+00
-3.076267550455717092e+00
-3.059403145626801823e+00
-3.014122619236467848e+00
-3.158127926709962896e+00
-4.331746908087565906e+00
-7.597369217343844738e+00
-4.657476509445226398e+00
-3.502283682780113594e+00
-3.105178006396219104e+00
-2.970865234223661666e+00
-2.528710948349417009e+00
-2.641471529659451534e+00
-2.644978767257055274e+00
-2.636884537958854580e+00
-2.626135808753497614e+00
-2.612327018163340231e+00
-2.596481691812775772e+00
-2.588505508845040382e+00
-2.580121090552902174e+00
-2.561212257914416313e+00
-2.519074884037987072e+00
-2.412578658948125288e+00
-2.057133041272103835e+00
-1.748192203714551640e+00
-2.059355961157898651e+00
-2.086623536330636242e+00
-1.778259859708608559e+00
1.962515434111728352e+00
-4.431464070035069369e+00
6.654446050900439502e+01
-2.441620047767258939e+00
-2.529050092337285172e+00
-2.496558430773158754e+00
-2.396774859040497141e+00
-2.188011274174810783e+00
-1.799090028431495458e+00
1.613382835368833534e+00
-4.089478761818300612e+00
-3.370864037509574196e+00
-3.680432655668277597e+00
-1.175113829392937514e-01
-1.252985345673658601e+00
-6.385033627032217218e+00
-3.309076240981147166e+00
-3.026139937743368424e+00
-2.922286522744124593e+00
-2.875538560836772284e+00
-2.870920022781925596e+00
-2.884846887610104105e+00
-2.879131682155837701e+00
-2.857427744082263743e+00
-2.842847492096070461e+00
-2.833318810166369772e+00
-2.818185924492768279e+00
-2.799386367009041976e+00
-2.788679773964052977e+00
-2.790765682115399215e+00
-2.788943992509691050e+00
-2.778967075652290841e+00
-2.774914262943903864e+00
-2.772831205919108921e+00
-2.763467506275777641e+00
-2.750502454733157798e+00
-2.735835333612648412e+00
-2.722016271768728402e+00
-2.712171284165528107e+00
-2.703812671757096275e+00
-2.695751437202631884e+00
-2.688293416753021692e+00
-2.681695929314447113e+00
-2.675619408998677784e+00
-2.669375883600884514e+00
-2.663089363937293896e+00
-2.656961994181714637e+00
-2.651203583441930078e+00
-2.646025740291358286e+00
-2.640716546481410187e+00
-2.634957049561456266e+00
-2.628678437979548477e+00
-2.621612703393109811e+00
-2.614493901597717773e+00
-2.607151189655355861e+00
-2.600868454060161206e+00
-2.597463590633668051e+00
-2.595975705971385050e+00
-2.595793362623278533e+00
-2.594516774616460353e+00
-2.589378936853275359e+00
-2.578720611048309408e+00
-2.562775567601485172e+00
-2.507789102849091734e+00
-1.655302067455782344e+00
-3.126714988090635750e+00
-3.307868614288571596e+00
-1.050591708577977457e+00
-2.167910904346154854e+00
-2.160066909645726341e+00
-2.298779030034395543e+00
-2.459938208680227945e+00
-2.521350666838015897e+00
-2.541194940143010506e+00
-2.543367854866040112e+00
-2.525786547480381117e+00
-2.514559590725322646e+00
-2.532283214814353478e+00
-2.548008844656524996e+00
-2.556312025852459424e+00
-2.562116489997037228e+00
-2.565469204773884737e+00
-2.544502079377612969e+00
-2.464246911807526530e+00
-2.402057782025133648e+00
-2.461844269107128724e+00
-2.500902341561616726e+00
-2.520550107299412979e+00
-2.534868331569206212e+00
-2.545382318426278268e+00
-2.550761431642782462e+00
-2.533565516054934630e+00
-2.423843133752968004e+00
-2.232116497606173144e+00
-2.366539274893089129e+00
-2.459577512947140665e+00
-2.500325272350126582e+00
-2.519807813273384323e+00
-2.531189707615614015e+00
-2.538394035811116112e+00
-2.539973423945697029e+00
-2.537876563610289793e+00
-2.534480542356467136e+00
-2.529186230350544573e+00
-2.523430127072916029e+00
-2.517430026527825770e+00
-2.510775261846021955e+00
-2.505303216517909881e+00
-2.502553576724633189e+00
-2.501748564134845587e+00
-2.502144649865571946e+00
-2.502763809650004223e+00
-2.502977273148427884e+00
-2.504385350160609480e+00
-2.505726914378051617e+00
-2.505894509511793267e+00
-2.505001745308328864e+00
-2.503157279323654283e+00
-2.501016668307776136e+00
-2.499008949168910032e+00
-2.497455138874633107e+00
-2.496275207681657449e+00
-2.495304105065362599e+00
-2.494269186403773819e+00
-2.492864551719804034e+00
-2.490914313501269461e+00
-2.488429816282490048e+00
-2.485572821217211903e+00
-2.482631245054963465e+00
-2.479704256984354593e+00
-2.476813345070898897e+00
-2.474120693063869503e+00
-2.471757306389740450e+00
-2.469898574348909914e+00
-2.468681712885558710e+00
-2.467637851379252290e+00
-2.466506688196133723e+00
-2.465064534919273687e+00
-2.463286991168804452e+00
-2.461194192955605153e+00
-2.458708519522053493e+00
-2.456023521492057160e+00
-2.453391378454246485e+00
-2.450995500432560981e+00
-2.448906382816355531e+00
-2.447311609260545584e+00
-2.446098770501714537e+00
-2.445040346575512391e+00
-2.443848920084107146e+00
-2.442129898259085774e+00
-2.439761190494062149e+00
-2.436991254716149413e+00
-2.434070267528121612e+00
-2.431101908033369785e+00
-2.428282301947616517e+00
-2.425836238702718362e+00
-2.423805345043453574e+00
-2.421842271214923681e+00
-2.419748018319228144e+00
-2.417579775927779728e+00
-2.415124940723029745e+00
-2.412302509376556880e+00
-2.409282936168795519e+00
-2.406252943343865969e+00
-2.403328662670979998e+00
-2.400577219007741014e+00
-2.398213746368099475e+00
-2.396250388760574612e+00
-2.394409198020087448e+00
-2.392366942947526276e+00
-2.389938808069049347e+00
-2.387121933536760832e+00
-2.384109994640080554e+00
-2.381084716228722975e+00
-2.378032830855532964e+00
-2.374995903180406209e+00
-2.372017916526693249e+00
-2.369180460135298816e+00
-2.366634164142057184e+00
-2.364378986026761442e+00
-2.362264033737632829e+00
-2.360070182860392940e+00
-2.357690687921782491e+00
-2.355032582044225276e+00
-2.352147677055790531e+00
-2.349026761562373888e+00
-2.345713669770781884e+00
-2.342457774458443609e+00
-2.339353999385441973e+00
-2.336515648500709919e+00
-2.334082262871304270e+00
-2.331895249244795298e+00
-2.329829189304641002e+00
-2.327516868575316256e+00
-2.324605773256307018e+00
-2.321246434888032173e+00
-2.317601226383398494e+00
-2.313876315977556164e+00
-2.310222257404693558e+00
-2.306786326599142622e+00
-2.303768720710783757e+00
