-1.262544803083417479e-06
-6.404728374510286181e-06
-3.380202299331204945e-06
2.665586983288092260e-05
7.629475366127379536e-05
1.324033535224200910e-04
6.709640843221787918e-05
-5.129888389045274711e-04
-1.660494566171662493e-03
-2.893472617916410979e-03
-3.914763441066107172e-03
-4.666799656694353531e-03
-5.221934032167936841e-03
-5.740116542532954294e-03
-6.210523092680444827e-03
-6.589738459645507786e-03
-6.862568273567151884e-03
-7.041748937640108369e-03
-7.146216662212545589e-03
-7.193220619201929483e-03
-7.194613296603270466e-03
-7.161432906267972687e-03
-7.081585000581138920e-03
-6.969671745039245775e-03
-6.849655551051922475e-03
-6.719995344560949525e-03
-6.591256946264322306e-03
-6.512608043043595189e-03
-6.467505421588103098e-03
-6.424352003706741872e-03
-6.365901084579158112e-03
-6.278388608613849620e-03
-6.154498607831698602e-03
-6.127346746613002854e-03
-6.870841932169490830e-03
-8.968263493023691940e-03
-1.137273384867778722e-02
-1.355839690146662217e-02
-1.550404513416972149e-02
-1.715229861327529151e-02
-1.864946556314706419e-02
-2.012205698846390722e-02
-2.147276056048429832e-02
-2.258453405990631935e-02
-2.334613097311490776e-02
-2.375577637715668364e-02
-2.392644790944863792e-02
-2.409974727277845730e-02
-2.430075343230989407e-02
-2.445639600472100661e-02
-2.449480958874063544e-02
-2.440761481381097803e-02
-2.427117291370472357e-02
-2.442049453603327425e-02
-2.520366440590518856e-02
-2.608284189493594377e-02
-2.673469183083160977e-02
-2.711315592577739908e-02
-2.730737857886948033e-02
-2.736153335564712671e-02
-2.726008673527039947e-02
-2.702486569431291480e-02
-2.673522716308694355e-02
-2.658679051573047819e-02
-2.658043742883815438e-02
-2.651662274892132784e-02
-2.628818314982521789e-02
-2.588322009703919110e-02
-2.531882137959029500e-02
-2.462252881387787251e-02
-2.386511642004608344e-02
-2.314543851672675942e-02
-2.245746131065535361e-02
-2.174657216691329095e-02
-2.099907376154423050e-02
-2.023995975155064297e-02
-1.946356623912979047e-02
-1.864300192492223535e-02
-1.777681139242736838e-02
-1.692591970311291272e-02
-1.612915991855981904e-02
-1.533215784228296810e-02
-1.453465039604476955e-02
-1.376977284093824916e-02
-1.301792724759620080e-02
-1.223656560353480159e-02
-1.140355339661898448e-02
-1.048493058668171878e-02
-9.489228737148318674e-03
-8.450197916493124017e-03
-7.364655459208418152e-03
-6.236525578712358991e-03
-5.078561352839359826e-03
-3.930312892629772223e-03
-2.804287680074822771e-03
-1.676285448585199817e-03
-5.307114812554234329e-04
6.391755618693453940e-04
1.859281501120822961e-03
3.137446716674361681e-03
4.442409638494253590e-03
5.753281203860533335e-03
7.043959366733919085e-03
8.300764151273950370e-03
9.528583918814954867e-03
1.072732974149266313e-02
1.193776120330765876e-02
1.320205085862117406e-02
1.455090204870603150e-02
1.600175765501847883e-02
1.750958302202841946e-02
1.898674391100835940e-02
2.034774168647345005e-02
2.148095356476882253e-02
2.204657586230434826e-02
2.195477810518624284e-02
2.168020709950168462e-02
2.157109547298944469e-02
2.169913410071951793e-02
2.190082272006697861e-02
2.211636899471368031e-02
2.253992798521806465e-02
2.327777067956179891e-02
2.428672557375506288e-02
2.544716814832765142e-02
2.662190238358970104e-02
2.768434214270399166e-02
2.883385920708162603e-02
3.021146023133438815e-02
3.180832869658266338e-02
3.360446776632251137e-02
3.560105989190521375e-02
3.763099423811685357e-02
3.915175837398152114e-02
4.011757087756433193e-02
4.112135773321992649e-02
4.242614515840217176e-02
4.400009763655091805e-02
4.583688975099047686e-02
4.795289168768333832e-02
5.033572197036708523e-02
5.279390692152846620e-02
5.467344074137722026e-02
5.558190303119333459e-02
5.642171641954912831e-02
5.767602633099303683e-02
5.940118563798299500e-02
6.152414485918920178e-02
6.398366396523420818e-02
6.674971295660704629e-02
6.976846218434709646e-02
7.292380548531603168e-02
7.616553808376899659e-02
7.944695025948018963e-02
8.272593259130238408e-02
8.599897644453985412e-02
8.924579129771868791e-02
9.246672041843097267e-02
9.570080308109854550e-02
9.899907307420341418e-02
1.023925326532941910e-01
1.059067988283975831e-01
1.095423565340544331e-01
1.133110382638610608e-01
1.172476219872281705e-01
1.213352139693831544e-01
1.255562302126584096e-01
1.298819518655571492e-01
1.342965814066585106e-01
1.387961072663357887e-01
1.433883255695742320e-01
1.480859922001480367e-01
1.528983746883480765e-01
1.578308060776179855e-01
1.628786642935327322e-01
1.680296885045900190e-01
1.732668069694070778e-01
1.785750431441149588e-01
1.839448672381504835e-01
1.893745185872607040e-01
1.948621406410390444e-01
2.004097383545087319e-01
2.060241093894320252e-01
2.117169194009388689e-01
2.175062677945057699e-01
2.234089525093833628e-01
2.294258841891014811e-01
2.355555450591018118e-01
2.417859427309729803e-01
2.481093537218971579e-01
2.545122763501335150e-01
2.609838895858129226e-01
2.675197414972565468e-01
2.741235113569339688e-01
2.808029331120116545e-01
2.875700267893950279e-01
2.944417765956652833e-01
3.014276435181457714e-01
3.085314506784300748e-01
3.157433567778154537e-01
3.230429154698329364e-01
3.304099023650201028e-01
3.378337724869697190e-01
3.453088513207817623e-01
3.528343305071554026e-01
3.604174975042954698e-01
3.680714603019057396e-01
3.758057942245132121e-01
3.836178835675219112e-01
3.915045481216540835e-01
3.994604859948597264e-01
4.074721205030285009e-01
4.155284539137197863e-01
4.236239313600776435e-01
4.317588963088449527e-01
4.399363512857428771e-01
4.481639412911589404e-01
4.564558888982132023e-01
4.648214207480498850e-01
4.732599507816272477e-01
4.817609717740578557e-01
4.903105077217823626e-01
4.988964719149936444e-01
5.075143250644982285e-01
5.161620798990186332e-01
5.248374479130668568e-01
5.335407574202155612e-01
5.422734579581307557e-01
5.510417834671472725e-01
5.598552627203976506e-01
5.687210931297068672e-01
5.776405698124745802e-01
5.866086428412108367e-01
5.956177853529017741e-01
6.046576141880726230e-01
6.137206178028972170e-01
6.227969342443522294e-01
6.318828577122624912e-01
6.409807592825779166e-01
6.500954342887074189e-01
6.592370168283220311e-01
6.684166425053192917e-01
6.776391337961352734e-01
6.869049432750192752e-01
6.961987844111618973e-01
7.055023936587896394e-01
7.148032249497852098e-01
7.240929529465086611e-01
7.333705343388681186e-01
7.426380714000756500e-01
7.519044173744244830e-01
