-4.118579030026758829e-06
-2.495361645766417476e-05
-4.858849085042667290e-05
-5.126334990940997305e-05
-3.781562955823018285e-05
-2.156384220064046182e-05
-1.329872457445520058e-04
-7.945150207410779956e-04
-2.108006701769855277e-03
-3.605494012772789223e-03
-4.958996038314888825e-03
-6.071780741535038814e-03
-6.986253673695584990e-03
-7.851398832330949706e-03
-8.655237650014746542e-03
-9.350582490407386219e-03
-9.917718556456954146e-03
-1.036442300550462214e-02
-1.070910802397022007e-02
-1.097038757695400525e-02
-1.116082326413450447e-02
-1.129404025693402265e-02
-1.135848613618720485e-02
-1.136984828578830632e-02
-1.135733241786756643e-02
-1.132328762075341354e-02
-1.127974348892647402e-02
-1.128175576387611262e-02
-1.131920801984007997e-02
-1.136274467580414282e-02
-1.139564180802103872e-02
-1.140281073104522543e-02
-1.137389900710115281e-02
-1.144311599912502773e-02
-1.232201054566805370e-02
-1.469640775194109780e-02
-1.757306326670620561e-02
-2.037799205139125686e-02
-2.303545087836477226e-02
-2.544391932751147861e-02
-2.771569133719984854e-02
-2.996795914694486487e-02
-3.209495002635628230e-02
-3.396126358853184674e-02
-3.543172088365889594e-02
-3.648204840467225013e-02
-3.721124303151473328e-02
-3.786838469796275503e-02
-3.850031486963424732e-02
-3.904734530256982056e-02
-3.944233742655369607e-02
-3.967478823704088942e-02
-3.982101418814750632e-02
-4.023491715246346745e-02
-4.131986134822621115e-02
-4.257153319155453780e-02
-4.364436024155458199e-02
-4.446029127596002467e-02
-4.508874671563687514e-02
-4.555970251686974892e-02
-4.584943799127191855e-02
-4.597499202435566257e-02
-4.601234502187228487e-02
-4.617033024175916378e-02
-4.647224445175057728e-02
-4.671858423041397312e-02
-4.678797431225976272e-02
-4.665925175703254657e-02
-4.634246669993844631e-02
-4.585609208808996695e-02
-4.526253201905057477e-02
-4.467115713641559016e-02
-4.407947338763910233e-02
-4.344112509214724527e-02
-4.275201216317759539e-02
-4.203795421346247230e-02
-4.129585105638909626e-02
-4.050170621977059598e-02
-3.965624054134125887e-02
-3.882347386536525585e-02
-3.805202215253909032e-02
-3.728484193185277462e-02
-3.650810275104478947e-02
-3.575197709689247744e-02
-3.500554883724855959e-02
-3.423512347722290627e-02
-3.342100914329249745e-02
-3.252930391704127178e-02
-3.156273548470588108e-02
-3.054567710537189201e-02
-2.947922928945393567e-02
-2.837213960247465805e-02
-2.723832773017027808e-02
-2.611995529044241690e-02
-2.503153202263618329e-02
-2.394453243178202434e-02
-2.283033104512881620e-02
-2.168039340360203293e-02
-2.047659000985330158e-02
-1.921198101069416034e-02
-1.791239417990767024e-02
-1.660604688901311590e-02
-1.532323399853093883e-02
-1.408462034854870981e-02
-1.289107623592225180e-02
-1.174694604411846352e-02
-1.061824968440109457e-02
-9.465755365200502827e-03
-8.253458215920120300e-03
-6.950286949144924079e-03
-5.596181464152160702e-03
-4.285087162088386907e-03
-3.114723406707113097e-03
-2.211776763997037442e-03
-1.954595961394653501e-03
-2.481790840036360562e-03
-3.337661183095236034e-03
-4.144918726705452798e-03
-4.790271775958756043e-03
-5.410890244440090362e-03
-6.060011966738131951e-03
-6.534397624904928967e-03
-6.699244051718811557e-03
-6.577676454719461920e-03
-6.275732077402365779e-03
-5.926169747050789513e-03
-5.667324345907593861e-03
-5.315520176722994539e-03
-4.717610409515194010e-03
-3.866335702600720483e-03
-2.772581001588783449e-03
-1.424446622837936610e-03
1.682711755987944049e-05
9.720629288906596941e-04
1.342395937477426984e-03
1.701025383921789431e-03
2.340493091804449373e-03
3.259815500213334404e-03
4.469157883060233954e-03
6.003710890729085752e-03
7.868231364261499272e-03
9.869953298086190166e-03
1.131082073382405628e-02
1.173096594091323046e-02
1.199236934465223135e-02
1.261596162095988787e-02
1.372417455463310898e-02
1.528416359702696771e-02
1.723791157563259874e-02
1.957821303804904711e-02
2.228420403995637344e-02
2.524281524768050636e-02
2.838454360006844798e-02
3.163007181594294781e-02
3.491408209842838256e-02
3.821891922842080014e-02
4.150812637834323110e-02
4.477064523527632400e-02
4.804952926178343575e-02
5.141034982408214382e-02
5.489839731820901625e-02
5.854233160434230837e-02
6.234733005370983461e-02
6.632595412731932816e-02
7.052804155600347902e-02
7.494059448762008246e-02
7.955809944314405635e-02
8.437931314109269054e-02
8.940026269536764658e-02
9.460009999481200360e-02
