1.422963359878542295e-06
1.019485376487995626e-05
3.465337159519277590e-05
8.813430499189300817e-05
1.608528991198758941e-04
2.403770007502293389e-04
2.027910865405489955e-04
-3.129077520188881518e-04
-1.310360323100727593e-03
-2.304252791331870814e-03
-3.041180322703604822e-03
-3.506766396380997172e-03
-3.799022638581909129e-03
-4.080220342220560771e-03
-4.332837921253785904e-03
-4.512947867775491881e-03
-4.607095431488679275e-03
-4.630437664118466218e-03
-4.600090616653124652e-03
-4.530393213118734212e-03
-4.431514499419563977e-03
-4.311459656652311644e-03
-4.157695744889587826e-03
-3.983984451740874184e-03
-3.809431424744349343e-03
-3.629568787267104489e-03
-3.454532121010003842e-03
-3.328296639913869842e-03
-3.229107556531412692e-03
-3.125262517659046883e-03
-3.001005264766994519e-03
-2.845353721085019071e-03
-2.654728285214316870e-03
-2.560224291923174269e-03
-3.193056602180216388e-03
-5.030250266428806100e-03
-6.987793860962661363e-03
-8.616234082294848412e-03
-9.959324774646654416e-03
-1.100142568115285678e-02
-1.191374102692235523e-02
-1.281950098845677580e-02
-1.362053765578745759e-02
-1.421246378488079214e-02
-1.450276507460988677e-02
-1.450604846199963355e-02
-1.434119580771942536e-02
-1.423343558422125038e-02
-1.418078648664571062e-02
-1.409791293007653552e-02
-1.391210414662517880e-02
-1.362059055423579974e-02
-1.330102493026282494e-02
-1.326805684442428079e-02
-1.381330421487856480e-02
-1.437463784281484309e-02
-1.466752865028138689e-02
-1.468541192053353373e-02
-1.453644366186858557e-02
-1.427417328972023329e-02
-1.388615540317286561e-02
-1.339498546479141357e-02
-1.287923225144775932e-02
-1.251692286029558454e-02
-1.228515672672143844e-02
-1.198789787523129279e-02
-1.153606079902261272e-02
-1.092819462113920129e-02
-1.018775903611382830e-02
-9.349218793596248897e-03
-8.487750489276859114e-03
-7.687916486672596687e-03
-6.938331594118128665e-03
-6.176658747062386580e-03
-5.382635059758832628e-03
-4.583107303588743013e-03
-3.771419151160138906e-03
-2.919737025309765074e-03
-2.026511307536464114e-03
-1.150733675087144310e-03
-3.223491194731765638e-04
5.088185654386953973e-04
1.329615302288811307e-03
2.106256485042365140e-03
2.867963432936848547e-03
3.664165966148052230e-03
4.516494607019065459e-03
5.456426082055692434e-03
6.468140151325668837e-03
7.509664160664683910e-03
8.589993926674921454e-03
9.709710384385599607e-03
1.085666232211825698e-02
1.199372805388109788e-02
1.311039121425072902e-02
1.422654486181688938e-02
1.534613814316088815e-02
1.647637113846057294e-02
1.765116752390037333e-02
1.887795954245672855e-02
2.012013730624347477e-02
2.136457820173382621e-02
2.258877291260092887e-02
2.378514234671909658e-02
2.496259527104189094e-02
2.612331543411766654e-02
2.731225576622989260e-02
2.857102554147181173e-02
2.992233118156611277e-02
3.136974556819373261e-02
3.286507235151799738e-02
3.432925620032920705e-02
3.569030115031283229e-02
3.685191564149557786e-02
3.751254233134610622e-02
3.762776936595502858e-02
3.767911003651140678e-02
3.797074940053520725e-02
3.852693638536765913e-02
3.916182312007487204e-02
3.981702150186239991e-02
4.068212511262520731e-02
4.183772875857839219e-02
4.322647554496295702e-02
4.472328067904474125e-02
4.619566089334433551e-02
4.753634281095538844e-02
4.896161211813729319e-02
5.059659099826079032e-02
5.241585881576053124e-02
5.439259610735031752e-02
5.652035882509729575e-02
5.863109346278749107e-02
6.022609510483953321e-02
6.131525723793913862e-02
6.250002702756977946e-02
6.399875373788378730e-02
6.574400954232592631e-02
6.771489274500266942e-02
6.991274757089288583e-02
7.231355477307403745e-02
7.473377895359839540e-02
7.657117157222573245e-02
7.750653917666941450e-02
7.847158473803843293e-02
7.988856869560817531e-02
8.173995522968430238e-02
8.391844574494544684e-02
8.636769073412593756e-02
8.904216995604344320e-02
9.186583944937626311e-02
9.473081911035151348e-02
9.761202549139180729e-02
1.004922695708422020e-01
1.033493832458998452e-01
1.061893758865733728e-01
1.090022630905199685e-01
1.117948026659536520e-01
1.145969415489256071e-01
1.174462908036824349e-01
1.203597829598674618e-01
1.233576774820595995e-01
1.264393329498360863e-01
1.296157068875754548e-01
1.329094143735856104e-01
1.362982622905761221e-01
1.397619139843169211e-01
1.432975856084319766e-01
1.469064358367974388e-01
1.505796601164259008e-01
