-9.864734698675759611e-03
6.389762108619309079e-03
4.849993354045722960e-02
2.428344695552472898e-02
1.996277858543239053e-02
-4.164715659699271683e-02
-8.011786345805723686e-01
-9.890023557082121552e-01
-4.839462624766704968e-02
3.095972908020331871e-01
3.307518143657544041e-01
2.484552671447737004e-01
-9.121789893043816266e-02
3.945356872373365076e-03
7.741670999209870896e-02
1.062731303411806327e-01
8.733458094367570201e-02
6.806259451862942123e-02
4.853534242627846607e-02
4.596250036387546090e-02
2.090158898435678925e-02
6.672754754545523470e-02
4.396522507651460382e-02
8.377157581362301708e-04
1.743038607750854729e-02
2.689273638107836373e-02
-8.918056620005737622e-02
-3.852126801220656649e-02
1.103458404851546601e-02
2.838124209209841320e-02
4.671560764100436691e-02
6.339499710590131010e-02
3.979990394471847465e-02
-9.242989916868026290e-01
-2.574322856147030603e+00
-1.549742945137682071e-01
3.678843804730167477e-01
1.521299935310623241e-01
3.597715001073505947e-01
5.733275839954327102e-02
-1.976736726391869481e-01
4.073012191059410814e-02
1.845833886336032126e-01
3.968239688770399676e-01
3.897159882276847731e-01
3.057031686960620109e-01
-1.641691424418297851e-01
-1.075283379101085734e-01
2.210452243020081739e-02
1.546890833683918776e-01
1.605315419788121423e-01
1.232444161360801704e-01
-3.014003247257041052e-01
-1.259909469573464502e+00
-1.704098642933693508e-04
3.488860898933369703e-01
3.829409701905168162e-01
1.919784241560541782e-01
1.305003027012620886e-01
2.014225976936302176e-01
1.651255821088069287e-01
1.271080263650729847e-01
-2.568158223524696915e-01
-2.588394617613755111e-01
1.314994284564893479e-01
2.614811910749481605e-01
2.594306046046544467e-01
2.337247705392159758e-01
2.147510309600090261e-01
1.350269959967166089e-01
-4.882453772241449053e-02
-7.839567082422144173e-03
9.955841425040873327e-02
1.224041586779930912e-01
6.244144243069343903e-02
7.797603026398830517e-02
1.277018228674618727e-01
1.498307708843184538e-01
4.413118848538555294e-02
-4.657648134361050407e-02
9.498909253209675274e-02
8.309000190129889329e-02
4.586113789548151853e-03
4.276446954803730938e-02
1.199285742941926247e-01
1.266725558437556964e-01
1.995333706614540736e-01
1.856800338604009670e-01
1.138306179242255800e-01
1.467132347711927742e-01
1.373098950825852871e-01
1.384265501676072985e-01
6.592587512779762848e-02
4.783655187475804871e-02
1.002367327054732860e-01
1.229318940214889078e-01
1.185918721360126049e-01
1.683628122000003779e-01
1.920793118037988356e-01
1.272046706032191610e-01
1.140329695304118651e-01
7.285857422354269364e-02
5.062989264852396643e-02
7.462108404923178950e-02
4.828263941004812265e-02
1.222184552554353987e-01
1.810969052517648614e-01
2.171483033656759210e-01
2.643345241141906166e-01
1.962774257599117500e-01
7.142122122515964788e-02
-6.298954882201390770e-02
-9.233056141452167243e-02
-7.200644096663716409e-01
-1.019095913407750187e+00
-9.864540300700849751e-02
3.435977129709533728e-01
4.361317149047646002e-01
8.755719731560607233e-02
-7.111175106834316528e-02
3.374338585314651251e-01
4.867279527219611213e-01
4.179721195417698265e-01
2.369735856564926801e-01
1.067893679058027900e-01
-2.263663964420932762e-01
2.319587756442400284e-01
4.435563240603752622e-01
3.876336343364755188e-01
3.595495940044614036e-01
4.016299844236470573e-01
3.479465013397851081e-01
-7.155749590857575226e-01
-8.664796394119860246e-01
3.341530206321284835e-01
6.189046783743110680e-01
4.546525787142588482e-01
4.638042043020687566e-01
5.037082877486169785e-01
5.156528167522295147e-01
4.110246650474612684e-01
-6.133237405691052135e-01
-1.714902460419257757e+00
3.025998822845721303e-01
8.040232017381514495e-01
7.953327970269257197e-01
6.501665127688768253e-01
5.718312261577686018e-01
5.620895539001372621e-01
5.397784055833606542e-01
3.400740750127594358e-01
3.298205252352771621e-01
2.778225792116791881e-01
2.165440986237682219e-01
2.524646360779158050e-01
2.121586156376930044e-01
2.135651034914900492e-01
2.742022265227671562e-01
3.622862676029799944e-01
3.941406926220132334e-01
4.395499731739984650e-01
4.358332669987157182e-01
4.430755273090164481e-01
5.399096433064769496e-01
4.920102587928082416e-01
4.863789568834532284e-01
4.928698761537273487e-01
5.091191376606742924e-01
4.884677208515085800e-01
4.961329681955454207e-01
