-4.141188986874296305e-06
-2.522331226536960399e-05
-4.950584210281627892e-05
-5.295086336562364901e-05
-3.999520524884460528e-05
-2.382276555826673978e-05
-1.357817721561118025e-04
-8.044468147656723585e-04
-2.142391922625244867e-03
-3.686129121290677817e-03
-5.103013522329829556e-03
-6.288921196631888991e-03
-7.279925499353415846e-03
-8.222022984377991284e-03
-9.102260024310070488e-03
-9.871848262926525078e-03
-1.050917021471366522e-02
-1.102040553782019337e-02
-1.142296773975606111e-02
-1.173504088536018834e-02
-1.196912752943713257e-02
-1.213908238442255871e-02
-1.223354266420045855e-02
-1.226833808680708252e-02
-1.227328543697879353e-02
-1.225153318746709068e-02
-1.221578563407886564e-02
-1.222235197676563301e-02
-1.226260845076940914e-02
-1.230791023246297945e-02
-1.234167514418799474e-02
-1.234865376378937486e-02
-1.231810974469900802e-02
-1.238462984381387931e-02
-1.326760591265866915e-02
-1.567465501304176126e-02
-1.862640220013342743e-02
-2.154260821223850583e-02
-2.433777335897076982e-02
-2.690111113746672042e-02
-2.933740498605663660e-02
-3.176052295128496683e-02
-3.406206638936846998e-02
-3.610204311701662588e-02
-3.773904542914387206e-02
-3.894229480724754888e-02
-3.980625370876741259e-02
-4.057995001705860805e-02
-4.131320604017590242e-02
-4.194830301590633109e-02
-4.241840275776978531e-02
-4.271251701373959819e-02
-4.290707973112584117e-02
-4.335985809630823334e-02
-4.448567493182856158e-02
-4.578823223418891641e-02
-4.691901426063719432e-02
-4.779409194535760158e-02
-4.847838558001761611e-02
-4.899941242272889269e-02
-4.933141876737212606e-02
-4.948970783868962553e-02
-4.954964008721842589e-02
-4.972239806353764141e-02
-5.003571615603937678e-02
-5.029163734900756605e-02
-5.036673473645719712e-02
-5.023703955306760977e-02
-4.991036641284248010e-02
-4.940367379664405839e-02
-4.877884709989774303e-02
-4.814661002840446569e-02
-4.750664605266614882e-02
-4.681369044413956348e-02
-4.606400188767450360e-02
-4.528398460878499399e-02
-4.447127031394004781e-02
-4.360214580886759284e-02
-4.267727043239740586e-02
-4.176124389698948614e-02
-4.090438928656699169e-02
-4.005087121291257130e-02
-3.918698009693993151e-02
-3.834327023516662797e-02
-3.750937381830318773e-02
-3.665153217414576781e-02
-3.574951979365289384e-02
-3.476850647736236255e-02
-3.371013946556505880e-02
-3.259826998871970249e-02
-3.143382551106453648e-02
-3.022547948085567426e-02
-2.898729078181083718e-02
-2.776207570047401624e-02
-2.656547383795489908e-02
-2.536968978311375522e-02
-2.414608184818067826e-02
-2.288578514418611320e-02
-2.157018386943797619e-02
-2.019166722168361586e-02
-1.877572608003254956e-02
-1.735084855011414032e-02
-1.594808515564411638e-02
-1.458920562225910628e-02
-1.327613056947246455e-02
-1.201410573933117155e-02
-1.076961050860205001e-02
-9.503038470801051033e-03
-8.177408557912818968e-03
-6.760192172739525746e-03
-5.290207803389387030e-03
-3.861826608048896450e-03
-2.574981165164732209e-03
-1.559896301087383610e-03
-1.202536899789924570e-03
-1.653315840821613543e-03
-2.462506019758839253e-03
-3.248938453827131950e-03
-3.891700271807166291e-03
-4.522398954955124915e-03
-5.192127149744005764e-03
-5.694297190045961680e-03
-5.887854855765790353e-03
-5.789999666670750389e-03
-5.503420917585688174e-03
-5.160389297633063629e-03
-4.901728057279520698e-03
-4.545324266302554553e-03
-3.935581650481216262e-03
-3.061951664476667088e-03
-1.932941385129997858e-03
-5.347076162196533634e-04
9.722121061540162090e-04
2.001771904709982557e-03
2.442089583182152895e-03
2.861420253116813035e-03
3.557390667282414771e-03
4.535171532745499792e-03
5.809628130156850416e-03
7.420208055319813152e-03
9.375504307931657386e-03
1.148449515509221419e-02
1.304213930979101002e-02
1.357017797550916748e-02
1.392048788933159496e-02
1.462079449787897882e-02
1.580412762912987087e-02
1.744663118560708590e-02
1.949642815079510177e-02
2.195057910203933663e-02
2.479152607299461158e-02
2.790748070498664732e-02
3.122814275078141313e-02
3.467224764699133183e-02
3.817146927193190709e-02
4.170501978520556319e-02
4.523346895170619886e-02
4.874284356159182263e-02
5.227417550559676496e-02
5.589250135826278471e-02
5.964372574343941580e-02
6.355766265570596263e-02
6.764070540767885831e-02
7.190645025209069230e-02
7.640621437979640274e-02
8.112854171502001388e-02
8.606885969635583167e-02
9.122662848399826219e-02
9.659838764476826045e-02
1.021634356915587238e-01
