-2.152103529506210408e-03
-4.712656568845532273e-03
-2.573560585597363479e-03
1.243193359756134247e-03
3.366899957313427769e-03
1.059033910578670648e-03
-5.755557207911011358e-02
-1.822823237096658500e-01
-2.620957421134464949e-01
-2.567050895602664973e-01
-2.179798408292658030e-01
-1.750803371610491210e-01
-1.557502967819746065e-01
-1.509432083339383168e-01
-1.364034230749097409e-01
-1.156466156467468032e-01
-9.422402569285127927e-02
-7.552491709578888768e-02
-6.039394772183199339e-02
-4.763878341423765511e-02
-3.779639852906879760e-02
-2.744735254809110847e-02
-1.637560318307199059e-02
-1.059262121967533346e-02
-7.703415385990966535e-03
-3.870266085234806003e-03
-7.913809930687479288e-03
-1.703834367407850228e-02
-2.061293144675942213e-02
-2.005999917657523210e-02
-1.697779244485362465e-02
-1.113716944630552264e-02
-5.316464799650286871e-03
-6.703073927157492118e-02
-3.091377997329419203e-01
-5.073370450957493949e-01
-5.198207637580986029e-01
-4.971149593650400766e-01
-4.606069922975613018e-01
-4.226006672980288092e-01
-4.160761973734013464e-01
-4.094407353041539244e-01
-3.777301166198004378e-01
-3.203642698867822936e-01
-2.475843269065322316e-01
-1.791415038675889526e-01
-1.484734328721512564e-01
-1.483486749653109282e-01
-1.419362254467874118e-01
-1.217677253011671679e-01
-9.397516223692875537e-02
-6.842999270385337340e-02
-7.509983063849488827e-02
-1.784261259076376505e-01
-2.665020575788012991e-01
-2.546480988109690591e-01
-2.107123301696572359e-01
-1.710232159189202517e-01
-1.440657698308320522e-01
-1.151488573955938705e-01
-8.466202562053394554e-02
-5.929951208291192599e-02
-6.352689292100203999e-02
-9.620802618896515113e-02
-1.063564936963094093e-01
-8.232707078618914376e-02
-4.785239059424910985e-02
-1.399079395980793589e-02
1.763732398835068937e-02
4.386055742452275863e-02
5.143106531547454036e-02
4.796572665018201953e-02
5.257378799830156324e-02
6.286224867351838941e-02
6.966402822576976683e-02
7.364872685059538349e-02
8.111729413384796694e-02
9.241559900451976062e-02
9.766918361788159975e-02
8.893602677339632057e-02
8.276631186999749978e-02
8.626631126849912401e-02
8.588349848579726609e-02
8.263977332652963637e-02
8.498936257309736009e-02
9.166366940511379291e-02
1.034926170466079348e-01
1.190805365591047355e-01
1.306410629190713490e-01
1.400380491412759887e-01
1.490319572520376612e-01
1.566007013948037541e-01
1.587201574401593818e-01
1.543272171224442380e-01
1.519604927235161662e-01
1.560246639037636274e-01
1.628746819699234127e-01
1.717882336731869353e-01
1.840253339520284137e-01
1.942146476036801239e-01
1.990975247110308988e-01
1.988773646497317416e-01
1.935591871138301889e-01
1.870449679031156165e-01
1.795253790605401689e-01
1.744310666653754449e-01
1.768531224862609774e-01
1.854905390620500694e-01
2.014377006834094930e-01
2.174968250496819300e-01
2.204776313331806292e-01
2.045252796662400951e-01
1.758917499505073812e-01
9.940141512175970639e-02
-4.263373862538588632e-02
-1.473808221388762107e-01
-1.627926278229025470e-01
-1.341121113497923123e-01
-1.137292080866139782e-01
-1.214098639891865450e-01
-1.115471824797808209e-01
-6.399106934027468108e-02
-7.853711904031397684e-03
3.369044311589550200e-02
5.541549032138755326e-02
4.467234916762662794e-02
3.897037859454749453e-02
7.357011940353086477e-02
1.201938920080516671e-01
1.630816808631583847e-01
2.073079322742537034e-01
2.511597659837267460e-01
2.173847592716930399e-01
9.881886368232452311e-02
4.234797952805204740e-02
8.050392221699870232e-02
1.342634652897969072e-01
1.838169142575240556e-01
2.388966116955966723e-01
2.993313232200949248e-01
3.537931621104113966e-01
3.279187273606010700e-01
1.550341261350474398e-01
3.661677057856024819e-02
7.514814402093661361e-02
1.586389919124558956e-01
2.449775111490942181e-01
3.196437562103956465e-01
3.881959576263680489e-01
4.581169089630560132e-01
5.142793837887429387e-01
5.531284046245762420e-01
5.805483033953118266e-01
5.936329345360823462e-01
6.009239187733327325e-01
6.042812134165730376e-01
6.019655776888265253e-01
6.028808173224444733e-01
6.150708354200679073e-01
6.376008120657318257e-01
6.667231096204182528e-01
6.987902491602988597e-01
7.306292544973437275e-01
7.701498012062356624e-01
8.133693913024068189e-01
8.534763771527479337e-01
8.936235055897130408e-01
9.339348464480951018e-01
9.719091818529103088e-01
1.006868803824031211e+00
