1.496235918992699770e-06
1.106921258543640499e-05
3.862015627895653820e-05
1.005502596998413347e-04
1.896771801097461212e-04
2.936467824587448783e-04
2.803114514299247934e-04
-2.582602216658764745e-04
-1.396325253006261684e-03
-2.657204044722096502e-03
-3.729175657422802766e-03
-4.537006732753564101e-03
-5.141231283511758787e-03
-5.698863845241808161e-03
-6.200777837777514227e-03
-6.601822327106624151e-03
-6.883096145521161967e-03
-7.056119106493026656e-03
-7.138098607792178404e-03
-7.145878811341842274e-03
-7.093311600786053432e-03
-6.992698117807792484e-03
-6.834142660557527595e-03
-6.633067233264692587e-03
-6.412943470599778706e-03
-6.173678836512499178e-03
-5.928383137553197742e-03
-5.728178925381328425e-03
-5.558897054190584455e-03
-5.389242866674992874e-03
-5.200090743530176758e-03
-4.976027683900893436e-03
-4.708916270466256652e-03
-4.533384108527356918e-03
-5.141713074471703122e-03
-7.162462536547368683e-03
-9.570885555005615580e-03
-1.181769818818180495e-02
-1.385400223650086644e-02
-1.559972243784911623e-02
-1.718854191223757183e-02
-1.874335975035518534e-02
-2.016661432211545174e-02
-2.133600633514775788e-02
-2.213004358603918101e-02
-2.253516360793568138e-02
-2.265971400715386525e-02
-2.275047955303947933e-02
-2.284084127737481817e-02
-2.286174528690265717e-02
-2.273933879959739307e-02
-2.246400251987064334e-02
-2.211365291528579607e-02
-2.203262796795325829e-02
-2.259201396419480493e-02
-2.326565879260918471e-02
-2.371661750827443876e-02
-2.388152503136968530e-02
-2.383666530557086369e-02
-2.362613025506059630e-02
-2.323249933250327859e-02
-2.267463706112408939e-02
-2.203568816565009553e-02
-2.151875224966923184e-02
-2.113450372769648186e-02
-2.069132081754448266e-02
-2.007878067531842364e-02
-1.927396992456891639e-02
-1.828679787720165206e-02
-1.714606317040506117e-02
-1.593110402625350433e-02
-1.474314950441208208e-02
-1.358942980707482200e-02
-1.241424466299150507e-02
-1.119495698737207542e-02
-9.957958649456843600e-03
-8.698500629656680597e-03
-7.386866939015056428e-03
-6.017161110683259470e-03
-4.649972763410331091e-03
-3.324845591138748946e-03
-1.996265628729387669e-03
-6.767105953225235546e-04
5.954276023975909465e-04
1.845275388074520823e-03
3.126442345515196425e-03
4.469167201415495845e-03
5.915372450830473118e-03
7.458806728333736320e-03
9.059049244339574189e-03
1.072351805943825426e-02
1.245313196963473285e-02
1.423507276119284973e-02
1.602766952076925197e-02
1.781272324170575863e-02
1.960566259001174372e-02
2.140934575390213493e-02
2.323053134317763432e-02
2.510621252818428725e-02
2.705008918648469166e-02
2.902734145928659998e-02
3.102189180393605944e-02
3.300660812305680758e-02
3.496772845724276796e-02
3.691004978616059529e-02
3.883340488797384915e-02
4.078452173786742407e-02
4.281382323178802712e-02
4.495549595653079711e-02
4.722385806805157876e-02
4.957528485177854771e-02
5.192361705500644908e-02
5.417916513561908676e-02
5.622126186999261421e-02
5.769813036880562518e-02
5.849381148466577252e-02
5.907520416037555233e-02
5.980475382078712793e-02
6.077392777312846939e-02
6.183112731005006163e-02
6.292003805088375312e-02
6.424460977028473296e-02
6.592100097618312782e-02
6.791877122138531564e-02
7.011723236156006123e-02
7.236706313815709224e-02
7.452717996609778406e-02
7.679777557355468853e-02
7.932410057645089552e-02
8.210160847371576753e-02
8.511324517183738170e-02
8.835787337621567317e-02
9.166132206182678321e-02
9.446387916978520038e-02
9.668244171019538258e-02
9.890648699033659230e-02
1.014181409553538138e-01
1.042027452207694022e-01
1.072692191522082727e-01
1.106407740714112908e-01
1.143083389419825568e-01
1.180860278796995594e-01
1.213075621747477795e-01
1.235183274624099409e-01
1.256041892666872051e-01
1.280779160637398051e-01
1.310119386355923232e-01
1.343523494523037043e-01
1.380691820969778272e-01
1.421294804007478541e-01
1.464575257059715641e-01
1.509303927439376858e-01
1.555010073234107948e-01
1.601338473623720726e-01
1.647896703868542423e-01
1.694606646265609806e-01
1.741265818168358515e-01
1.787858629381713360e-01
1.834653106850793747e-01
1.882059069199728540e-01
1.930313528239060161e-01
1.979697529649069032e-01
2.030279389504922039e-01
2.082227624498348695e-01
2.135844263600667758e-01
2.190965990709025368e-01
2.247392853482741981e-01
2.305082763585173389e-01
2.364038649144306059e-01
2.424160015085496944e-01
