-1.215039189101808889e-06
-5.956402099835847391e-06
-2.426962984485564807e-06
2.610212207156846885e-05
7.027989656176662325e-05
1.170377133037449390e-04
4.467273186136017907e-05
-5.058621226659767035e-04
-1.536743465814179250e-03
-2.562929751599957433e-03
-3.332895103390318223e-03
-3.833968753850724998e-03
-4.164338939460898899e-03
-4.485573959507007345e-03
-4.779017097491989295e-03
-5.001339610689269598e-03
-5.140608099451134463e-03
-5.211500658104893484e-03
-5.232243150503248889e-03
-5.217659808677658183e-03
-5.176608989117969899e-03
-5.116960012532916803e-03
-5.024857090589083738e-03
-4.913990186341725061e-03
-4.805234163464842598e-03
-4.693912433869182506e-03
-4.588699027067451482e-03
-4.533850800519250573e-03
-4.507625863547979131e-03
-4.478630621824867576e-03
-4.432377394668172640e-03
-4.358358903592709013e-03
-4.252504083377486171e-03
-4.245063089835837862e-03
-4.964677749672010039e-03
-6.884687475081331491e-03
-8.920200268606234134e-03
-1.062506397494437579e-02
-1.204736114269372958e-02
-1.317484844623170899e-02
-1.417798800767227502e-02
-1.518005741473478498e-02
-1.608096952134110275e-02
-1.677557636052980430e-02
-1.717259126440497108e-02
-1.728902881143172185e-02
-1.724327142938571547e-02
-1.725917769950183200e-02
-1.733503367360735015e-02
-1.738623575035004587e-02
-1.734236967592181142e-02
-1.720037136374401657e-02
-1.703646123458272058e-02
-1.716379303400719300e-02
-1.787281293876616384e-02
-1.860201794910883860e-02
-1.906985957599115558e-02
-1.927253056743919932e-02
-1.932100261475354352e-02
-1.926446354005415668e-02
-1.908981154241195383e-02
-1.882054471927977965e-02
-1.853186156216472466e-02
-1.840073018704142804e-02
-1.840383082574097162e-02
-1.834007692218259447e-02
-1.811985739384493546e-02
-1.774743086160562519e-02
-1.724896449776647939e-02
-1.665521172280181803e-02
-1.603379377233059636e-02
-1.547156637114240410e-02
-1.494966232824730505e-02
-1.441009111640185678e-02
-1.384121652540524008e-02
-1.326810504018189653e-02
-1.268372228848794331e-02
-1.206252404645674799e-02
-1.140584090426490123e-02
-1.077282224913570646e-02
-1.019473161689883091e-02
-9.613968471482148975e-03
-9.032276626365558919e-03
-8.481275033630377921e-03
-7.939413987040613505e-03
-7.367012220383847496e-03
-6.747196293180387529e-03
-6.052251199577717011e-03
-5.296283568917946327e-03
-4.513535693521986310e-03
-3.699400834385147170e-03
-2.857288612694839237e-03
-1.998730028322902395e-03
-1.159548081919347436e-03
-3.467019966170266842e-04
4.664272371211963201e-04
1.294411227786258257e-03
2.142403776133939858e-03
3.033563496680991012e-03
3.971791385561850365e-03
4.924965796833744719e-03
5.874781492487291326e-03
6.799129554779233947e-03
7.689157919302360214e-03
8.552978037174120696e-03
9.392285990328881617e-03
1.024682393504176316e-02
1.115315145557966084e-02
1.213464445922251937e-02
1.320144051405287497e-02
1.430542652976547757e-02
1.536481758496476176e-02
1.630763554307128327e-02
1.703999625036687129e-02
1.725842313992905636e-02
1.692387714811660268e-02
1.651793275990655688e-02
1.634268700711793976e-02
1.641992067845834610e-02
1.656273517009699062e-02
1.671211549663356721e-02
1.705354765639445838e-02
1.766887145577058713e-02
1.849742407946684125e-02
1.941878655521495772e-02
2.030924189663804030e-02
2.106652226268945771e-02
2.190064899777385138e-02
2.293682591677453919e-02
2.415057452285323744e-02
2.551506487311739485e-02
2.702787967031104396e-02
2.852628695716213220e-02
2.951236924398600164e-02
3.000640111055903614e-02
3.060518154005438182e-02
3.152142657031364176e-02
3.268434689074833227e-02
3.406757871592883818e-02
3.567377773087163084e-02
3.748149780510223045e-02
3.930297165107536628e-02
4.053364773372860469e-02
4.087941236331994743e-02
4.126993894738517632e-02
4.211641063667571211e-02
4.340799071220650951e-02
4.503364235370768687e-02
4.691674062964656250e-02
4.902235030873591803e-02
5.129745745521741007e-02
5.363625690423539510e-02
5.600440244278021007e-02
5.836936428632388818e-02
6.070294008538728442e-02
6.301245363048223191e-02
6.528528222492102628e-02
6.752798444007312995e-02
6.978109899040742248e-02
7.209126230063865604e-02
7.448227609579123609e-02
7.697230651186577621e-02
7.955582050219629775e-02
8.224067087962934341e-02
8.505617014003004350e-02
8.798090386473644831e-02
9.099681268193411665e-02
9.407729415346850754e-02
9.721041589102626113e-02
1.003954787568185764e-01
1.036420321836405284e-01
1.069626525494527108e-01
1.103652388273388962e-01
1.138534569984474415e-01
1.174215896319537322e-01
1.210576547136287817e-01
1.247463776095662918e-01
1.284756529529191005e-01
1.322390374467707075e-01
1.360372110988515015e-01
1.398699487969592148e-01
1.437402694490018118e-01
1.476550726849295281e-01
1.516250538233544776e-01
1.556660513656826783e-01
1.597914161096416485e-01
1.639989841063659304e-01
1.682854360720041909e-01
1.726383976786262375e-01
1.770510253060338379e-01
1.815114297545511457e-01
1.860111744694703806e-01
1.905480747162027755e-01
1.951271906806425482e-01
1.997564104762065418e-01
2.044467644773350634e-01
2.092129558518763255e-01
2.140615288495040514e-01
2.189937912362148187e-01
2.239986417640153493e-01
2.290565946467110481e-01
2.341503185354737726e-01
2.392726975197290162e-01
2.444209568753558381e-01
2.495964158928714316e-01
2.548072907841088530e-01
2.600660664937905486e-01
2.653805872364565777e-01
2.707468215731581584e-01
2.761611241249770643e-01
2.816182864445977430e-01
2.871058357997278154e-01
2.926148685820131323e-01
2.981419887476448038e-01
3.036891071497417882e-01
3.092599650547657730e-01
3.148620948441522294e-01
3.205083910077003440e-01
3.262058868448149962e-01
3.319521825803731230e-01
3.377363096015450483e-01
3.435454029263979581e-01
3.493695129652606979e-01
3.552063000098512613e-01
3.610554047872373551e-01
3.669157732519573445e-01
3.727886000099698283e-01
3.786757588726169521e-01
3.845833343190618869e-01
3.905198479875031659e-01
3.964909196498427324e-01
4.024964031160029321e-01
4.085306024162658756e-01
4.145862980486007543e-01
4.206542950676189774e-01
4.267287861170175889e-01
4.328018896223621570e-01
4.388719128309437334e-01
4.449424748674097874e-01
4.510187295433629728e-01
4.571102183575279088e-01
4.632264734138225593e-01
4.693704621669049781e-01
4.755411932557882526e-01
4.817233048942847207e-01
4.879004807080341011e-01
4.940630506497153962e-01
5.002055766091531019e-01
5.063292849365292891e-01
5.124375881052991577e-01
5.185395596010389241e-01
