1.185712155455023557e-02
1.951888714743691203e-02
5.887089457560938655e-02
3.541322043743883735e-02
3.462464533274855344e-02
-3.295069409197766419e-02
-8.166747146942077151e-01
-1.040038218109548884e+00
-1.005142428081745587e-01
2.860135791947317485e-01
3.347167879859068718e-01
2.669881068035485638e-01
-7.402326266220798923e-02
1.448261205463900747e-02
8.936183389029650481e-02
1.249280467973603453e-01
1.055790573143709082e-01
8.952956531447087141e-02
7.143953097974056754e-02
6.498455059905017261e-02
4.025398796056963574e-02
8.325161695797143879e-02
6.000900920322497362e-02
1.980733183150626409e-02
3.526706728852588291e-02
4.115260903398151870e-02
-7.637713672154110289e-02
-2.855074922423178271e-02
2.155031339421763920e-02
4.336418724993465479e-02
6.487797996285338264e-02
8.299236969514131590e-02
6.011568542204555332e-02
-9.324308380364678683e-01
-2.664852317189506881e+00
-2.662977772736873083e-01
3.064143802778842574e-01
1.317539757685648460e-01
3.714544135080014020e-01
7.803439275445178680e-02
-1.782071522842128275e-01
5.518331528610875836e-02
2.052312088690756986e-01
4.320137934338447172e-01
4.430123886772598385e-01
3.642375179485161096e-01
-1.178270934304030265e-01
-7.288138210947722739e-02
5.250803306591854402e-02
1.940817872798014931e-01
2.043544839578582684e-01
1.678280222876443739e-01
-2.688072054798160693e-01
-1.267754150688069403e+00
-1.811332595174447446e-02
3.616626515330175207e-01
4.231283417339792297e-01
2.540403974059517456e-01
1.854120461146627485e-01
2.591800190668980819e-01
2.299102330636630664e-01
1.844732531737381387e-01
-2.112589110342294463e-01
-2.244910971131319211e-01
1.555407357926167911e-01
2.935383402949935383e-01
3.125491941527818174e-01
2.977693135634654764e-01
2.789627026387349606e-01
1.782833507599744793e-01
2.241260721219717755e-03
1.374588541754126481e-02
1.272347505685057500e-01
1.710143493432920714e-01
1.041447287984283154e-01
1.192478435652141455e-01
1.736508653540929092e-01
2.051873183656037214e-01
9.681929023985341720e-02
9.198354928995206015e-03
1.387606817061053932e-01
1.058439315177215068e-01
1.978915001648340333e-02
6.749329813583365700e-02
1.636571896028491124e-01
1.793386677964940168e-01
2.650768673836396694e-01
2.572602962490201928e-01
1.664734600025005173e-01
2.111967908561918905e-01
2.102336827193654611e-01
2.104461508640471379e-01
1.367868328433839986e-01
1.111820153173727621e-01
1.556618648816642247e-01
1.553053957492329107e-01
1.529207531952780919e-01
2.241168198500783082e-01
2.591743463627091404e-01
1.795803444190235409e-01
1.816006596284384100e-01
1.341587451502692097e-01
1.135550830660562727e-01
1.385652346115791023e-01
1.101967465566440207e-01
1.954354029516376934e-01
2.687965815827484950e-01
3.127498809010497705e-01
3.517300734472127988e-01
2.883675471939336488e-01
1.672931588252345447e-01
2.823213812475250384e-02
-1.611868040439840000e-02
-6.546609810405175089e-01
-9.999039159531657450e-01
-8.069123325920089795e-02
3.907747711125618140e-01
5.163414096503006201e-01
1.824076815316751365e-01
2.007685615143683933e-02
4.479104529609425622e-01
6.060391559191301569e-01
5.618875154367752867e-01
3.760207643068211869e-01
2.274989204877316262e-01
-1.333955201406062940e-01
3.381952728285037568e-01
5.585089883152700718e-01
5.113395627568118051e-01
4.907957323379027459e-01
5.315564026584991275e-01
4.662408679244802179e-01
-6.163870011092611456e-01
-8.376307316874048725e-01
3.749609317035087486e-01
6.970937198115187972e-01
5.556087682558079610e-01
5.888594629283214754e-01
6.343448753861131717e-01
6.470982255292803131e-01
5.490369910530638053e-01
-4.799750840089883619e-01
-1.707788491909507878e+00
3.048470106985882166e-01
8.739526208839845101e-01
8.820128651898597738e-01
7.539009006156487391e-01
7.352133526929857110e-01
7.113790096796946960e-01
6.432433272771730381e-01
4.372272907670784470e-01
4.289283556174627865e-01
4.024192668067402279e-01
3.432852725075624667e-01
3.692977277188812524e-01
3.330777367678785517e-01
3.365153944142049713e-01
3.783227849460772951e-01
4.532039402296941244e-01
4.724371720159401544e-01
5.306026642893497680e-01
5.305851647842916297e-01
5.530872905498664949e-01
6.307932145534215218e-01
5.954053107128141065e-01
5.736803495463360658e-01
5.807712283787481722e-01
5.988461606349825272e-01
5.861220809456095804e-01
5.959151538384344082e-01
