-1.452230999634035236e+00
-1.451410548135649625e+00
-1.451028182887840634e+00
-1.450081975386332767e+00
-1.448842507994191120e+00
-1.446540810136315747e+00
-1.456238241965494007e+00
-1.452396292747541118e+00
-1.450603674897366302e+00
-1.448186956923587898e+00
-1.444659382699681860e+00
-1.439548829633904070e+00
-1.435045573076347614e+00
-1.431996416899725899e+00
-1.426662380232459393e+00
-1.417343010054688657e+00
-1.401602873904844726e+00
-1.374024804949648404e+00
-1.315383490321368365e+00
-1.101039186420229576e+00
-3.121318801424671996e+00
-1.691300869359533943e+00
-1.577698419182985923e+00
-1.548307408975260646e+00
-1.533827843515685796e+00
-1.521373932916636029e+00
-1.523726950466906871e+00
-1.538426293281406565e+00
-1.541979234854951697e+00
-1.532744524627015492e+00
-1.518715323759491920e+00
-1.504489215417115444e+00
-1.494454853583625953e+00
-1.186482869464420276e+00
-1.443663663514072493e+00
-1.445908420934471028e+00
-1.443814802557399357e+00
-1.440990905207037986e+00
-1.437424863796623153e+00
-1.433287754179116913e+00
-1.430578704077925645e+00
-1.427758422777942515e+00
-1.422623775516155931e+00
-1.412659622055945752e+00
-1.391440342503397654e+00
-1.340795349129970226e+00
-1.276987388880945318e+00
-1.269929767680405330e+00
-1.234539430178103192e+00
-1.017232207479698003e+00
-2.738085046208621698e+00
-1.727015386643742101e+00
-1.750339119493769413e+00
-1.301420593843363172e+00
-1.384581847101072904e+00
-1.373549196517152682e+00
-1.323555683738484534e+00
-1.156292484281148392e+00
1.980025252038155381e+00
-1.801241976454513338e+00
-1.611153914523120623e+00
-1.559351629070039547e+00
-1.557178118778765885e+00
-1.598285115286904201e+00
-1.612175716126039937e+00
-1.562648863094717955e+00
-1.527633698545066920e+00
-1.507806943499236052e+00
-1.495572438084206146e+00
-1.488106064392104688e+00
-1.484581107966799429e+00
-1.482854240079198860e+00
-1.480297524880149096e+00
-1.476760558863832618e+00
-1.473605268844961902e+00
-1.470867456360967163e+00
-1.467942346464798042e+00
-1.464884201339027525e+00
-1.462212898511805914e+00
-1.460020475464389511e+00
-1.457774117504445854e+00
-1.455437408213350103e+00
-1.453173064691860583e+00
-1.450884948487553228e+00
-1.448665975867312161e+00
-1.446615199250608885e+00
-1.444825846034968775e+00
-1.443262070862365798e+00
-1.441567494242772973e+00
-1.439841396042483179e+00
-1.438247858544621449e+00
-1.436681389378782203e+00
-1.434911539683852100e+00
-1.432837908328287391e+00
-1.430815309759519538e+00
-1.428939161093488952e+00
-1.427060666453132010e+00
-1.425506136852725536e+00
-1.424432634808159959e+00
-1.423158879499791585e+00
-1.421562999087217616e+00
-1.419728696534361623e+00
-1.417536770595655415e+00
-1.415335120231811405e+00
-1.413069912914097559e+00
-1.411169472546510928e+00
-1.410272598071818706e+00
-1.410107358958802903e+00
-1.410377817383730248e+00
-1.410391583425394169e+00
-1.409339375241887016e+00
-1.406795544652405416e+00
-1.402979951237625089e+00
-1.393178288946377075e+00
-1.364810539416235091e+00
-1.322628504070531008e+00
-1.318082278794870943e+00
-1.338531521855973683e+00
-1.349865020450956354e+00
-1.349072051865262800e+00
-1.354983361053436974e+00
-1.369751906427942201e+00
-1.381452940806253471e+00
-1.387713668900491193e+00
-1.389845554146029727e+00
-1.387293042010889099e+00
-1.385515286101771881e+00
-1.388937208884997387e+00
-1.392792044422683784e+00
-1.395485165746030098e+00
-1.397694115438533169e+00
-1.399240432225113739e+00
-1.394799091348318365e+00
-1.381074636295218205e+00
-1.371467598748528305e+00
-1.375223969334125051e+00
-1.380187215480813911e+00
-1.383910898459739913e+00
-1.387529565150409150e+00
-1.390774629426571929e+00
-1.392970495985101032e+00
-1.389525251153723273e+00
-1.371059456697750978e+00
-1.350922487388935611e+00
-1.356136421526936475e+00
-1.366533917941374465e+00
-1.374242190871714175e+00
-1.379694169907329515e+00
-1.383875665961855184e+00
-1.386793352911193100e+00
-1.387950166757183856e+00
-1.387923241014338505e+00
-1.387494759008834233e+00
-1.386530208289408872e+00
-1.385298057372663205e+00
-1.383896944247293259e+00
-1.382285235990781569e+00
-1.380802708261420264e+00
-1.379780405646775732e+00
-1.379131662437670380e+00
-1.378799755422686069e+00
-1.378666251636501139e+00
-1.378581098621213474e+00
-1.378822915842979002e+00
-1.379114246942894750e+00
-1.379103273847932520e+00
-1.378943386930314485e+00
-1.378772310816719582e+00
-1.378520142817968086e+00
-1.378172648936862199e+00
