-1.075187085413048527e-02
5.614056388728110546e-03
5.273761216648811812e-02
3.301588231954027952e-02
2.992631608767285303e-02
-3.662436430460329351e-02
-8.724585661209465215e-01
-1.187065335321977111e+00
-2.688461019010754405e-01
1.710925641522078877e-01
2.801601105524690882e-01
2.571298308997598259e-01
-7.497316229167837187e-02
1.045506513054730163e-02
9.000974742769031478e-02
1.311263114292070264e-01
1.215778616520170885e-01
1.061700167820483764e-01
8.636286113951548160e-02
8.194658966372730946e-02
5.305528742233375783e-02
9.837503021684027016e-02
7.638711590173040411e-02
2.832673219258502462e-02
3.970034986276744365e-02
4.729489585749126895e-02
-7.995265158347056311e-02
-4.118825027641796060e-02
7.576052197298092580e-03
2.938420026609760149e-02
5.389184651440041829e-02
7.792824728575353799e-02
5.882272107942904116e-02
-9.903270327346964663e-01
-2.919503366168600511e+00
-6.051663032572143219e-01
5.744496427377199232e-02
-3.713222818357068966e-02
2.639510988854885110e-01
1.823306975046665168e-02
-2.389162136639627343e-01
1.442433998664977013e-03
1.764840261537949373e-01
4.410460110935063294e-01
4.869565647221567040e-01
4.340907176349440566e-01
-6.097523707205725063e-02
-5.103913004408666687e-02
5.958476702318306339e-02
1.990950875129274267e-01
2.198821535719186759e-01
1.906755135159307613e-01
-2.688498594404718500e-01
-1.369294455116509823e+00
-1.687492437874847928e-01
2.565817489950880659e-01
3.748390594259800590e-01
2.314919000509098324e-01
1.863003173222086140e-01
2.712971463189720045e-01
2.470933768287123522e-01
2.119951044471097279e-01
-2.070375935284426150e-01
-2.622997787859013274e-01
1.235575486225221065e-01
2.893672994348726601e-01
3.227952511800677993e-01
3.208658315125463845e-01
3.159199054594302725e-01
2.379990847937747955e-01
3.325490364626133843e-02
4.944522886788944860e-02
1.509638322838651181e-01
1.790166325587850271e-01
1.190769180482435380e-01
1.317590004637006207e-01
1.848888076465129149e-01
2.149772932254452595e-01
1.071691808310683280e-01
-7.469084570741607587e-04
1.343798328053066315e-01
1.265615710111360759e-01
4.314603892465436463e-02
7.556316601029264279e-02
1.580538594579019573e-01
1.747440496084121109e-01
2.619585873030442769e-01
2.625643226085552784e-01
1.939255174142716087e-01
2.270215348781726150e-01
2.191738425938591917e-01
2.208112723293917667e-01
1.421835887445145330e-01
1.127625742993163538e-01
1.601503163908662708e-01
1.848054571087770215e-01
1.830692071597387061e-01
2.388835036774873966e-01
2.726492962082764371e-01
2.109840460701947473e-01
1.943701881564939282e-01
1.459463621649261245e-01
1.133878025995219696e-01
1.302645034641563559e-01
9.792442526957471916e-02
1.721661378129981657e-01
2.417218745216928033e-01
2.930140064098090136e-01
3.582051416204502514e-01
3.006050717642760883e-01
1.673915954575547205e-01
5.836868013280024914e-03
-5.576755363348097350e-02
-7.659544994085446534e-01
-1.197080977321006712e+00
-3.126077839886252097e-01
2.076655902175203183e-01
3.975514902130229400e-01
9.629856569165584634e-02
-6.610167233594525793e-02
3.652563711927998558e-01
5.735885322847101842e-01
5.528180729015308437e-01
3.861455990542783101e-01
2.420122338425421127e-01
-1.407099737954436436e-01
2.986037704214883903e-01
5.473217743847806904e-01
5.286658838685922568e-01
5.216140523775180116e-01
5.809482325663303248e-01
5.380269846136011003e-01
-6.171012279822216673e-01
-9.243332092856114679e-01
2.578811432734966491e-01
6.390980555346811309e-01
5.515543396781158458e-01
6.067271991443884405e-01
6.848387243237090694e-01
7.288175118736267555e-01
6.391727932484816410e-01
-4.737474187986334129e-01
-1.812178928072117001e+00
1.338749740366367291e-01
7.694874364245318787e-01
8.947296894502230202e-01
8.350434708274487861e-01
8.026290690043629272e-01
8.203286466001304955e-01
8.154374575870811936e-01
6.093459364634321584e-01
5.789670825888794115e-01
5.104643200953836724e-01
4.229091315420627772e-01
4.385381995939821032e-01
3.829233353997891776e-01
3.677486532253174678e-01
4.245356490771321489e-01
5.166259206059515829e-01
5.626354397624460102e-01
6.306002472247707047e-01
6.377877941961884734e-01
6.595541471063255390e-01
7.707922237890023620e-01
7.416157011989985559e-01
7.494865919600723903e-01
7.101898440963331227e-01
7.004505397993766591e-01
7.015411780016682641e-01
7.237539017813352515e-01
7.569224206037117320e-01
7.831859738496473877e-01
8.093230886202686936e-01
8.169140914290505817e-01
8.129931454104184496e-01
7.966716900818380243e-01
7.824631134902078067e-01
7.721989638734094719e-01
7.784787271835384992e-01
7.787081456306554905e-01
7.869201965634838869e-01
8.031315995224631576e-01
8.269831127728594078e-01
8.646812717443045360e-01
9.109758198969102327e-01
9.198262683963940312e-01
9.399757723441921620e-01
9.274366766037127618e-01
9.342719061749238385e-01
9.198608093434128552e-01
9.110607307180254022e-01
9.090310990657334278e-01
9.218028943566147770e-01
9.402439245753602126e-01
9.646819833244131281e-01
1.006905795544109861e+00
1.032208432748487059e+00
1.057267333722881730e+00
1.057004085079140898e+00
1.036452250079749504e+00
1.010738020714153196e+00
1.002321933112579222e+00
9.973728344440566662e-01
9.979972424725254143e-01
1.012845464400500939e+00
1.040175774656524332e+00
1.067367968818385027e+00
1.067949413788594093e+00
1.072525901536171666e+00
1.076223144776223384e+00
1.058114790110653569e+00
1.045741384219245784e+00
1.039086514413363638e+00
1.042899649821619201e+00
1.049212316995726368e+00
1.061805313897201675e+00
1.092438733084314162e+00
1.114918374710574867e+00
1.123882841349553852e+00
1.114330535743061512e+00
1.098417397570573772e+00
1.080790516075706087e+00
1.077146426211726293e+00
1.076261119090020424e+00
1.072049640086598199e+00
1.074603075792203377e+00
1.075919790357249495e+00
1.086956162713488494e+00
1.105786115084385735e+00
1.122149406038126074e+00
1.130553006831529927e+00
1.126687586817679554e+00
1.121293031857261813e+00
1.104993213941185104e+00
1.098442272558252109e+00
1.079345630579460869e+00
1.072076192752169810e+00
1.075219520615163571e+00
1.079356271368220099e+00
1.095340729452344064e+00
1.117504840795514820e+00
1.125615214506470840e+00
1.137470258094468001e+00
1.113716596219120225e+00
1.084337364394809766e+00
1.064446744698210878e+00
1.045178723118718400e+00
1.040687298652331894e+00
1.036495204518073532e+00
1.046465138336582390e+00
1.064649832990723244e+00
