-6.638191151106144624e-04
-8.500251191655431226e-04
2.793773814181312043e-03
7.483194132830030265e-03
1.046287680901245194e-02
8.913169407075512488e-03
-4.774293287592975416e-02
-1.647470100804675763e-01
-2.317092561554186803e-01
-2.150662288613503503e-01
-1.697107887546875915e-01
-1.245594749571766191e-01
-1.056740902617394479e-01
-1.016799711597164563e-01
-8.835840130789938962e-02
-6.929455698029880761e-02
-5.025094341763876316e-02
-3.434128387863377013e-02
-2.182714022070376264e-02
-1.166429913094352289e-02
-4.289920221635531127e-03
3.777035121279015244e-03
1.240734732762754228e-02
1.620390589759652597e-02
1.784406395219305039e-02
2.056517057154165495e-02
1.570611898840407888e-02
6.750354585865160281e-03
3.847403924897874108e-03
5.267918990236646060e-03
9.268011030440937575e-03
1.573489289882286368e-02
2.176525818710429647e-02
-3.855831769344365834e-02
-2.703368228005389451e-01
-4.444542500128436657e-01
-4.343459499992023964e-01
-3.959873165345295098e-01
-3.491065405332132165e-01
-3.059308388375743260e-01
-2.967255517612180094e-01
-2.879571528217174103e-01
-2.560256641110840170e-01
-2.011587641394587123e-01
-1.339266429864993668e-01
-7.349506648566664357e-02
-5.178717738801588699e-02
-5.833181708349555877e-02
-5.636356433684080319e-02
-3.948932334473072292e-02
-1.492672134919241847e-02
6.943464405962228997e-03
-2.925763003715154548e-03
-1.049259665431095112e-01
-1.839380560698699041e-01
-1.630959436712860200e-01
-1.139292085864119786e-01
-7.203339819856760529e-02
-4.486195286264260673e-02
-1.737372873907172197e-02
1.094634098818191015e-02
3.336656708210855582e-02
2.618858318311253000e-02
-6.582442086488154293e-03
-1.528115162363466104e-02
8.470263560305932304e-03
4.122431368680095493e-02
7.272972389169779506e-02
1.010804483907433438e-01
1.219881882073837742e-01
1.243378435916821234e-01
1.165053484467860334e-01
1.168774066249105986e-01
1.247764024104067448e-01
1.299597305636052968e-01
1.323008795694524398e-01
1.385775761891914204e-01
1.492198534895471107e-01
1.540330340515556617e-01
1.459475626814858984e-01
1.411679187996615625e-01
1.439519429290461450e-01
1.409770546396278967e-01
1.357594353015143529e-01
1.379951437661468550e-01
1.456695514896694521e-01
1.589970415293648909e-01
1.760370132866786175e-01
1.874213494086224840e-01
1.961841527806996999e-01
2.056938313493854031e-01
2.142027985870982032e-01
2.173812868606092297e-01
2.143265865039636064e-01
2.130695755995218321e-01
2.162476099097498938e-01
2.205321070974154973e-01
2.279122299644956995e-01
2.399273158090135805e-01
2.490473230930812243e-01
2.530769414856224309e-01
2.530384416669749781e-01
2.485221113069488452e-01
2.438539969623016446e-01
2.387082280328275685e-01
2.369559064577982654e-01
2.438640983322317435e-01
2.572274965309195860e-01
2.763201942308469716e-01
2.938455083965538783e-01
2.985507416666685621e-01
2.857491204670637996e-01
2.616671301574712838e-01
1.927639803297899190e-01
6.445946353461864953e-02
-2.127542190019408863e-02
-1.857308333034793715e-02
2.351364308675176276e-02
5.290570115043816135e-02
5.252413272556741286e-02
6.971694159983009287e-02
1.219598772256144381e-01
1.795653953394841795e-01
2.205638258884121961e-01
2.400265011464902953e-01
2.265750620247817260e-01
2.208191253033408019e-01
2.556133033819914524e-01
3.000015334026392422e-01
3.391064153235749945e-01
3.782913067975547938e-01
4.149862668096080953e-01
3.751583649372015605e-01
2.568175434365263521e-01
2.059395166604507388e-01
2.486200224057167896e-01
3.026444746586633983e-01
3.501001265844925214e-01
4.011906217707343902e-01
4.549154274571853285e-01
5.010413816510360663e-01
4.698399810224357376e-01
2.980795449775037742e-01
1.889919766613603613e-01
2.367872929479967470e-01
3.223180283320253858e-01
4.027670427148256627e-01
4.705224860236839612e-01
5.317136108031111918e-01
5.885386227279851834e-01
6.278647473993116401e-01
6.511312840988955353e-01
6.672140721997983359e-01
6.734319023941096605e-01
6.759473633393877634e-01
6.763210931939759307e-01
6.732169009257067405e-01
6.735666147123672287e-01
6.831367143586433155e-01
7.001305761958854790e-01
7.226652488347191650e-01
7.477231831317261435e-01
7.726581801755415535e-01
8.038669344138542616e-01
8.370858830591355604e-01
8.667012918979886127e-01
8.919827204076066218e-01
9.119965870087156645e-01
9.291508484276881363e-01
9.456924543125913019e-01
9.631955969897516567e-01
9.833439825572473092e-01
1.007171824774433011e+00
1.032956540228021414e+00
1.058604306912137138e+00
1.082603223243391311e+00
1.104471321105462200e+00
1.124691086921375982e+00
1.144601652119141333e+00
1.164729207659049193e+00
1.185165487002382001e+00
1.206298391700087791e+00
1.228608419775425897e+00
1.253430519970223589e+00
1.281967870061371029e+00
1.312152099331780342e+00
1.342566337442872015e+00
1.371904377348075466e+00
1.399726843784393493e+00
1.425987719447550317e+00
1.450056095373883025e+00
1.472738329010897740e+00
1.495338662841859900e+00
1.519093482713326226e+00
1.544657388160401323e+00
1.573357890300877804e+00
1.604890183363571587e+00
1.638083808113678819e+00
1.671278501113738546e+00
1.701891379228565038e+00
1.728761307963472271e+00
1.753427050013589783e+00
1.777572554235040458e+00
1.801692025211171000e+00
1.826898295946040474e+00
1.854602239802002339e+00
1.885238797803930444e+00
1.916866432604461767e+00
1.948179494828645497e+00
1.979415049541679572e+00
2.009200678401249718e+00
2.036962887558157576e+00
2.063662587773298362e+00
2.090313865823957507e+00
2.117632137306368456e+00
2.146093891449212254e+00
2.177051076263037288e+00
2.210759146439070122e+00
2.245699209643940986e+00
2.279885847434423685e+00
2.312000957010630575e+00
2.341782740517907246e+00
2.370222170247843874e+00
2.398457307992664767e+00
2.426510284917148486e+00
2.454665343890880980e+00
2.483257385183180510e+00
2.512798037815097363e+00
2.544247760627632360e+00
2.577763367587591503e+00
2.612538155523189687e+00
2.647291621934001693e+00
2.681300578494986375e+00
2.713919939907475598e+00
2.745330905045361369e+00
2.775444015573125700e+00
2.804430780540037027e+00
2.833712127618087440e+00
2.863920606338446806e+00
2.895786103742662210e+00
2.930226841996322218e+00
2.966783007309654163e+00
3.004952101750181015e+00
3.042522048806554746e+00
3.077177882485345961e+00
3.109445463315282154e+00
3.140073365586764975e+00
3.170159095692524520e+00
3.200588308010622551e+00
3.232197864500089057e+00
3.266171125640330963e+00
