-4.546412767169323200e-06
-2.693876544712543459e-05
-5.182307261175064577e-05
-5.655382202089893949e-05
-4.811126418706941800e-05
-4.040134261708489184e-05
-1.579398267448055434e-04
-7.876590324085077505e-04
-1.973990601216794351e-03
-3.233349810881144294e-03
-4.274585725481504749e-03
-5.047103623201553563e-03
-5.627109503108124536e-03
-6.174832174925069979e-03
-6.677836239393324103e-03
-7.093694981767828707e-03
-7.409752780371645260e-03
-7.638749072067932584e-03
-7.801213665821529405e-03
-7.915083782616062075e-03
-7.990480170363337478e-03
-8.037938548935565086e-03
-8.043481306221776997e-03
-8.021341975236982724e-03
-7.997280726450244417e-03
-7.969238805766264491e-03
-7.945702253549317626e-03
-7.975475797492434168e-03
-8.041319222076296486e-03
-8.111840726607710134e-03
-8.171586233762261064e-03
-8.207842522266452223e-03
-8.213178266577162920e-03
-8.319502038739013186e-03
-9.192682859653784552e-03
-1.139847547850090549e-02
-1.388197671844259434e-02
-1.612715138681431251e-02
-1.812520062868446316e-02
-1.982901774143269735e-02
-2.138830704653551379e-02
-2.293078314770939305e-02
-2.435742504428024119e-02
-2.555194511303874802e-02
-2.640725049569435032e-02
-2.692743948426243664e-02
-2.722662495705520727e-02
-2.754364850155241809e-02
-2.790132950486366725e-02
-2.822611470669636122e-02
-2.844901569534893926e-02
-2.856201507958996966e-02
-2.863984303529836309e-02
-2.901333719663785546e-02
-3.002241810253272400e-02
-3.112616257685223847e-02
-3.200813999654451847e-02
-3.263032254478574062e-02
-3.308871148659639494e-02
-3.342377410522986980e-02
-3.361989099754699589e-02
-3.370062560121103723e-02
-3.374108569274789082e-02
-3.393345707650163162e-02
-3.427512190027472150e-02
-3.455929446494952761e-02
-3.467895281885693265e-02
-3.463070150453056995e-02
-3.443659472708866798e-02
-3.412064856822033532e-02
-3.374392930164729631e-02
-3.340632916466900609e-02
-3.309069010914866826e-02
-3.274627250056681010e-02
-3.237019753755388668e-02
-3.198586653802551472e-02
-3.158716605184080234e-02
-3.115033776863614795e-02
-3.067821668960854856e-02
-3.023229266148727556e-02
-2.985263954815416468e-02
-2.947548436257052193e-02
-2.908570215056216143e-02
-2.871195899971974719e-02
-2.834290012080626503e-02
-2.794853412812655508e-02
-2.751421812978506118e-02
-2.701255446508775068e-02
-2.645180554237323151e-02
-2.585672301273557461e-02
-2.522926005589901099e-02
-2.457870677517613386e-02
-2.391752226704055642e-02
-2.328355423100907443e-02
-2.268429304966620638e-02
-2.208642383202748596e-02
-2.146003866175668837e-02
-2.079938754393593006e-02
-2.009161482818790090e-02
-1.933435878174864092e-02
-1.855397093541906461e-02
-1.777765343704850939e-02
-1.703115761156715965e-02
-1.632948716000525227e-02
-1.566867028856476149e-02
-1.504938116494211088e-02
-1.443768049800866864e-02
-1.379903509707380155e-02
-1.310372831998021098e-02
-1.232750960553781298e-02
-1.151557400325524567e-02
-1.075848114660671838e-02
-1.014054856826369401e-02
-9.768425302553484721e-03
-9.979944345139223766e-03
-1.085193478276209877e-02
-1.190693918145808300e-02
-1.280275466310943494e-02
-1.347597162329428576e-02
-1.409478658283207231e-02
-1.472069429063653512e-02
-1.516643251190124414e-02
-1.532783124594610386e-02
-1.525513071941205639e-02
-1.506356539918573233e-02
-1.487834262622419329e-02
-1.481637310081569854e-02
-1.468381447028043775e-02
-1.434092080279593222e-02
-1.379694353832238568e-02
-1.307280593377008540e-02
-1.216292137090688175e-02
-1.122709870063938638e-02
-1.080152252219687171e-02
-1.091058944674680627e-02
-1.096385304994323268e-02
-1.070921414293044861e-02
-1.018709458948393980e-02
-9.413929178131250769e-03
-8.374767159773508635e-03
-7.080858304703083715e-03
-5.729387921613801615e-03
-4.973173030739790924e-03
-5.162458234863593828e-03
-5.390281992783904803e-03
-5.192312625850717747e-03
-4.511089075750675942e-03
-3.428669278709820488e-03
-2.034956514860143326e-03
-3.505178274192872253e-04
1.598823756751319028e-03
3.701702206842068937e-03
5.897808415505153765e-03
8.119250349027050048e-03
1.031793324973263350e-02
1.249333370141191869e-02
1.462264907769863717e-02
1.670768177739046650e-02
1.880074104096626092e-02
2.096845662365071083e-02
2.325089230955259406e-02
2.566757702495067739e-02
2.821544326216467169e-02
3.090066671480729346e-02
3.376706023855127053e-02
3.679416481863689858e-02
3.997434661893698588e-02
4.330436962906206860e-02
4.677854156332233310e-02
5.037563396381823655e-02
