1.470163474645330877e-06
1.074521410781856299e-05
3.712669027086583313e-05
9.580895365896667103e-05
1.785101772668256726e-04
2.726756624100304741e-04
2.490375159631494513e-04
-2.826680288717528327e-04
-1.368772130008732166e-03
-2.526268076370152306e-03
-3.462881958753660349e-03
-4.126306416361270706e-03
-4.593003384078154713e-03
-5.024294973872361555e-03
-5.409661303841995471e-03
-5.705328624772285952e-03
-5.895115546615198668e-03
-5.992530769710645300e-03
-6.015280755402963725e-03
-5.979625789582163238e-03
-5.898204897936320558e-03
-5.781705335267824618e-03
-5.619116050081611989e-03
-5.425067203652612566e-03
-5.221227847626593206e-03
-5.005620193677232793e-03
-4.789950045756982688e-03
-4.622367677342014564e-03
-4.485455522795278593e-03
-4.347253081517671661e-03
-4.189534917416460474e-03
-3.998396849253712908e-03
-3.767433179888774603e-03
-3.630207869350613511e-03
-4.256377623194387144e-03
-6.215896416760336579e-03
-8.456255419559967693e-03
-1.045985420191776483e-02
-1.221169167767333606e-02
-1.365801205148117758e-02
-1.494986345151928971e-02
-1.621361517182731693e-02
-1.735375448965544021e-02
-1.825618320922687415e-02
-1.881182667407500439e-02
-1.901957702814476014e-02
-1.899389536199875758e-02
-1.897524077773600840e-02
-1.898431756712805341e-02
-1.894527733996241928e-02
-1.878375326093360484e-02
-1.849207894406972724e-02
-1.814789509308071397e-02
-1.808437801238889017e-02
-1.864180521280880964e-02
-1.927757083837456503e-02
-1.967114971494839798e-02
-1.977990368491579914e-02
-1.969331805133055224e-02
-1.946078530153991584e-02
-1.906820096103498466e-02
-1.853695147574732985e-02
-1.794939158240112242e-02
-1.749971120136820796e-02
-1.718558850759146009e-02
-1.681245589116956915e-02
-1.627685775012452027e-02
-1.556385833392053518e-02
-1.468901240976611816e-02
-1.368401626485616501e-02
-1.262734590935288802e-02
-1.161433220585789301e-02
-1.064497146499842999e-02
-9.660343398919277874e-03
-8.638011593844408670e-03
-7.604135914754794195e-03
-6.552985303300497451e-03
-5.455295220464583851e-03
-4.306686065064606155e-03
-3.167203130860080096e-03
-2.072772652452773735e-03
-9.758431787790222949e-04
1.111931245727829608e-04
1.151874703981778684e-03
2.173144126688851801e-03
3.227365502366856282e-03
4.341660877929138899e-03
5.553856689413564675e-03
6.853690433041505388e-03
8.199597600313981993e-03
9.599157970031146209e-03
1.105293079097105155e-02
1.254816761689961022e-02
1.404480124322370072e-02
1.552757770806818295e-02
1.701387150527613676e-02
1.850727031864575489e-02
2.001495430870332826e-02
2.157295980891165213e-02
2.319268020200038888e-02
2.483847497750283143e-02
2.649521095313635624e-02
2.813747209859062889e-02
2.975393544428773726e-02
3.135119947048920636e-02
3.293028763543077997e-02
3.453754378539970055e-02
3.622024201359331369e-02
3.800812088297712832e-02
3.991103536780836458e-02
4.188303320049898554e-02
4.384005098814643120e-02
4.569884710527426924e-02
4.734820038666894687e-02
4.845604384891964711e-02
4.893534246534190363e-02
4.926201980542200404e-02
4.977959640341420716e-02
5.055454365614209244e-02
5.142059628904274010e-02
5.231846093220569177e-02
5.344517570689767683e-02
5.490213874665129251e-02
5.664676777144643516e-02
5.855453317045759831e-02
6.048076579726893026e-02
6.229648164824284212e-02
6.420849106997482403e-02
6.635542099068915400e-02
6.872492303630066413e-02
7.129570232294014931e-02
7.406397403455260153e-02
7.685715462763262340e-02
7.913809145929974476e-02
8.086016137211050891e-02
8.262120100974794379e-02
8.468247450564536649e-02
8.700969835487701309e-02
8.959920235753718321e-02
9.246422324677190663e-02
9.558824476193997222e-02
9.878446358321012200e-02
1.014093167414630431e-01
1.030601047794147129e-01
1.046445742942460622e-01
1.066463036988797575e-01
1.091044365108765207e-01
1.119427577913768707e-01
1.151183369672302004e-01
1.185906735040398452e-01
1.222816169544128501e-01
1.260723047508860162e-01
1.299232598614977474e-01
1.338060444188641507e-01
1.376884972360600257e-01
1.415689465209954701e-01
1.454320623374771304e-01
1.492804382410901076e-01
1.531430223814229663e-01
1.570602947938716520e-01
1.610538582760958348e-01
1.651489836148130330e-01
1.693495631160951420e-01
1.736699416408314378e-01
1.781371104388025650e-01
1.827320818381112100e-01
1.874342514069002874e-01
1.922396203787759827e-01
1.971486351285506311e-01
2.021516315237334438e-01
