-3.988876403320523299e-06
-2.348959445817535400e-05
-4.376708704404979347e-05
-4.274733771216279575e-05
-2.739493013931211494e-05
-1.148763560999104869e-05
-1.203801263943097009e-04
-7.434986253912865975e-04
-1.928628219895968561e-03
-3.192277326258995823e-03
-4.239982241625595179e-03
-5.017767478744398525e-03
-5.599919600291065197e-03
-6.146492179985107475e-03
-6.645663205431430118e-03
-7.054881720921480324e-03
-7.361010015639810056e-03
-7.576826490589250694e-03
-7.722754745249999810e-03
-7.816870274987860676e-03
-7.869865361465746417e-03
-7.892627724332298284e-03
-7.871695636822585718e-03
-7.821505935933935685e-03
-7.767739760403640295e-03
-7.708654279505034249e-03
-7.653242668711628810e-03
-7.650625297388444906e-03
-7.683928212466250782e-03
-7.721723522783584433e-03
-7.748134250486610891e-03
-7.750134907213698798e-03
-7.720184820517838296e-03
-7.790528884663574724e-03
-8.630284434090172013e-03
-1.081259302684068994e-02
-1.328497208516251152e-02
-1.552565038397481570e-02
-1.752014207186606415e-02
-1.921721710438099862e-02
-2.076471340208388416e-02
-2.229014649704409365e-02
-2.369486882803017655e-02
-2.486198751488362738e-02
-2.568296506936975851e-02
-2.616032291648058214e-02
-2.640807602787899680e-02
-2.666665217040152178e-02
-2.696073463714273796e-02
-2.721764332152733570e-02
-2.736809950321241608e-02
-2.740404222881016871e-02
-2.740070244343707426e-02
-2.769072883513944844e-02
-2.861793202607352746e-02
-2.964281382891189795e-02
-3.044582470850901168e-02
-3.098563510364901047e-02
-3.135610534676498001e-02
-3.159816125152518917e-02
-3.169616609338254259e-02
-3.167344632351275224e-02
-3.160617493979472198e-02
-3.168805444484108086e-02
-3.191818832261211769e-02
-3.209112991348253563e-02
-3.209907645786837932e-02
-3.193652305147586662e-02
-3.162440471327957608e-02
-3.118736134406283403e-02
-3.068838987034732541e-02
-3.022783117168695646e-02
-2.979108348897355207e-02
-2.932693893670815580e-02
-2.883068151198156168e-02
-2.832610606255579408e-02
-2.780731504639438398e-02
-2.725003009627993689e-02
-2.665632084988744932e-02
-2.608774547326971407e-02
-2.558455727956998604e-02
-2.508476541341881499e-02
-2.457565037047778483e-02
-2.408659296639836453e-02
-2.360483071788747195e-02
-2.309810802318998726e-02
-2.255034472642701224e-02
-2.193284671784241288e-02
-2.125379353780601152e-02
-2.053952475413016801e-02
-1.979121576374445746e-02
-1.901735378377202718e-02
-1.823060337045908849e-02
-1.746934102116553741e-02
-1.674219633595742940e-02
-1.601751285153022938e-02
-1.526771784364578527e-02
-1.448671730180181236e-02
-1.365928005024894323e-02
-1.278200746111488387e-02
-1.188212064252598503e-02
-1.098590107858718294e-02
-1.011940677819643357e-02
-9.297669544022434465e-03
-8.516734515435728584e-03
-7.777264803880731825e-03
-7.044116512009254878e-03
-6.281246699943718315e-03
-5.458511258396545572e-03
-4.552542772079205824e-03
-3.608384499555322093e-03
-2.716379258628148514e-03
-1.961662869198905861e-03
-1.452479412363952890e-03
-1.528441508209518046e-03
-2.270505109848587177e-03
-3.201547200352867009e-03
-3.975889556146663256e-03
-4.526163819421073244e-03
-5.018467002993456591e-03
-5.513831965995108844e-03
-5.823344091626989245e-03
-5.841439089827312608e-03
-5.616497703974984886e-03
-5.264657500613265963e-03
-4.913927686999956281e-03
-4.684025997720475329e-03
-4.380714153404622301e-03
-3.863500930484758001e-03
-3.141044902096011560e-03
-2.233999528215318674e-03
-1.137591446726091311e-03
-1.327185446871955062e-05
5.996388904664675919e-04
6.702768543455992888e-04
7.895231859327226515e-04
1.213638431934270425e-03
1.905409746792533898e-03
2.850954157192023015e-03
4.065898353827715472e-03
5.538973799840054418e-03
7.073545780730149460e-03
8.014193401194648000e-03
7.999221218899992686e-03
7.933964001290585641e-03
8.289323101490988707e-03
9.125626284818298684e-03
1.036407760665968361e-02
1.192017967632395814e-02
1.377158130191228312e-02
1.588732001569743285e-02
1.815450226343980414e-02
2.051345521250265078e-02
2.289862032294856520e-02
2.526197457648598349e-02
2.760174752345534790e-02
2.989500330237185657e-02
3.214295006801679705e-02
3.439545708828407183e-02
3.671698204629918194e-02
3.914640886507382567e-02
4.170434935207101290e-02
4.438875822093499984e-02
4.720674998053449312e-02
5.020080447254450517e-02
5.335078908897938205e-02
5.664774022217417687e-02
6.008817328026973270e-02
6.366674876519884396e-02
6.736299882855618926e-02
