-6.840364943098104855e-04
-9.460451161241235137e-04
2.766077743406232872e-03
7.928631834508271733e-03
1.159504678268652618e-02
1.070274512423657551e-02
-4.734797243455224347e-02
-1.734937267630845270e-01
-2.566152322981989919e-01
-2.544259330198285207e-01
-2.176500396532579651e-01
-1.754303322866455905e-01
-1.560028926102006719e-01
-1.510779328258165521e-01
-1.363110478137852244e-01
-1.147243823257599743e-01
-9.205208368498905835e-02
-7.180790718274961126e-02
-5.467009567528260255e-02
-3.990680932885359855e-02
-2.812846285394223628e-02
-1.597844208071035055e-02
-3.334465731747044900e-03
4.193578544298468165e-03
8.975865281306288565e-03
1.439173969861445683e-02
1.169417859698378311e-02
3.715260179189758261e-03
1.093113719104484016e-03
2.711321389117634859e-03
7.106819050416555809e-03
1.434554861572668108e-02
2.156765058595550358e-02
-3.934510225924589544e-02
-2.836745733950754023e-01
-4.888486317464376674e-01
-5.086648017253296850e-01
-4.914737766936145280e-01
-4.583141902927662104e-01
-4.219044947968292880e-01
-4.160838245404042679e-01
-4.098522278300154031e-01
-3.782483710647613906e-01
-3.201165497320780928e-01
-2.449852292816813715e-01
-1.728585860203245006e-01
-1.381175784746579427e-01
-1.342317417975425475e-01
-1.242864586319669257e-01
-1.003027073392375179e-01
-6.823226919628114229e-02
-3.839892296964353413e-02
-4.112611764298237244e-02
-1.418722446401848858e-01
-2.296630055465237463e-01
-2.174173578493593939e-01
-1.718330766390159803e-01
-1.287475745007490846e-01
-9.785561379337043286e-02
-6.522890161089242578e-02
-3.036445650153477699e-02
-5.892543895328304637e-04
-9.901030439785525605e-04
-3.045777619699570685e-02
-3.863868881879519573e-02
-1.356282423040687871e-02
2.279652382742285502e-02
5.995240836217592684e-02
9.537252828367276392e-02
1.240926077297099944e-01
1.337702958717852109e-01
1.313678372119644056e-01
1.357433027983274143e-01
1.473250957292340513e-01
1.561340019236174825e-01
1.616769778352416531e-01
1.709129093512398723e-01
1.847370070263341935e-01
1.929304513203493887e-01
1.874469373435725117e-01
1.840602920648500562e-01
1.880959274465972553e-01
1.862453919709984307e-01
1.815453619151060072e-01
1.841191648278363013e-01
1.926383985452028158e-01
2.075668514352141947e-01
2.273501324769626464e-01
2.422720080290577394e-01
2.547101120038491318e-01
2.680661208643526638e-01
2.805019281934308939e-01
2.874764732864132366e-01
2.875050053349484380e-01
2.885702303593040141e-01
2.938273929409119245e-01
3.002308100338402785e-01
3.098719640108283935e-01
3.246692622569872233e-01
3.371130420619414259e-01
3.444294048207173220e-01
3.473323260406298019e-01
3.450757730789673072e-01
3.419075258297654130e-01
3.377172385250174491e-01
3.364790340506769728e-01
3.441761788533445054e-01
3.592003462594892116e-01
3.811405542574906602e-01
4.027474104229902263e-01
4.118402686083283415e-01
4.023268164165604288e-01
3.793283472181796512e-01
3.079492000611992464e-01
1.690001621992923420e-01
6.467149458431784015e-02
4.962554324164743930e-02
7.992426976424309160e-02
1.034313340307241313e-01
9.944699313779375993e-02
1.140351522405132767e-01
1.674921056122259388e-01
2.310221525172322377e-01
2.811063564979515150e-01
3.103984576403304163e-01
3.052668449963801822e-01
3.046986373148680149e-01
3.452381618664022711e-01
3.979605428780674248e-01
4.473739163505049410e-01
4.981979575339541833e-01
5.476525263557003864e-01
5.188569348136754522e-01
4.017896636210486760e-01
3.436903240860197939e-01
3.813600993568178055e-01
4.361140712244136464e-01
4.884916297247960393e-01
5.478640392185623043e-01
6.128803149004768969e-01
6.725681588427442348e-01
6.537694632540160811e-01
4.833280281777163623e-01
3.606999541721459535e-01
3.968159897761105448e-01
4.794396908355006981e-01
5.649790114434702915e-01
6.432471722865810149e-01
7.184651011060406711e-01
7.917443947513026492e-01
8.486800754235885869e-01
8.887310628873555940e-01
9.201820216936626995e-01
9.399043826690229864e-01
9.537774442190174451e-01
9.637191875638295713e-01
9.684206455884418752e-01
9.751638570532565886e-01
9.905938726772801628e-01
1.013806648223840812e+00
1.043340173075597566e+00
1.076438162538661425e+00
1.110280748863088807e+00
1.151309143790676170e+00
1.195637291887859055e+00
1.237162079916103163e+00
1.275016907662637422e+00
1.308327685503867244e+00
1.339618931878240771e+00
1.370956088334518208e+00
1.404330585575171320e+00
1.439945344093934931e+00
1.477352350330254582e+00
1.515320573208569721e+00
1.551996088286303088e+00
1.585925200782595468e+00
1.616574208855993122e+00
1.644418577285000849e+00
1.670856685236520089e+00
1.696575295364211700e+00
1.721804803285178265e+00
1.747590691462033163e+00
1.774926147820943712e+00
1.805141724102367951e+00
1.839551631109859198e+00
1.876177471021149623e+00
1.913439861208257486e+00
1.949862451045873746e+00
1.984730002998752019e+00
2.017847215648218118e+00
2.048358577296120586e+00
2.077100796918691650e+00
2.105492053613942982e+00
2.134820032677025470e+00
2.165820567374374672e+00
2.199966728910800029e+00
2.237168545995267266e+00
2.276327010144099550e+00
2.315735563192739654e+00
2.352562175507209030e+00
2.385306180659128028e+00
2.414852831652276599e+00
2.442550014713727791e+00
2.469055501621887583e+00
2.495690222667512170e+00
2.524142117604935454e+00
2.555143154039289044e+00
2.586956306965454200e+00
2.618243329453623147e+00
2.649185013681505385e+00
2.678348886638736825e+00
2.704856873849777799e+00
2.729488024735926999e+00
2.753325434782731396e+00
2.777209525185883709e+00
2.801729596651032494e+00
2.828423019355446932e+00
2.857808286107896389e+00
2.888485065806765562e+00
2.918427433941477744e+00
2.946127800344986003e+00
2.971137966710554856e+00
2.994316018656374201e+00
3.016734500318222434e+00
3.038402778788482195e+00
3.059610058603376093e+00
3.080722475740803823e+00
3.102319247067117036e+00
3.125483905311843724e+00
3.150500708975406905e+00
3.176676941403296262e+00
3.202721993310333914e+00
3.227797257009239473e+00
3.251126246546449217e+00
3.272723378645461700e+00
3.292418020366815856e+00
3.310291461098523680e+00
3.327779853248125086e+00
3.345612677542846747e+00
3.364631466234380586e+00
3.385926863275562582e+00
3.408928702777000552e+00
3.432997312243723176e+00
3.456041306245130951e+00
3.475599547816221602e+00
3.492008613824737040e+00
3.505958166515856789e+00
3.518522651986237815e+00
3.530676555871881117e+00
3.543399897950072930e+00
3.558080218361772573e+00
