1.459374876984350412e-06
1.061473785869646193e-05
3.653165452964235178e-05
9.393764394108341750e-05
1.741446000554253701e-04
2.645627136018346114e-04
2.371277754750401206e-04
-2.913878637362094480e-04
-1.356552628838952066e-03
-2.473665678995685090e-03
-3.358862524614869560e-03
-3.968930490675389930e-03
-4.386124656126219254e-03
-4.772775372707354496e-03
-5.117250967361378772e-03
-5.376011765065935068e-03
-5.533732555424324996e-03
-5.604520168550732387e-03
-5.606126473259187386e-03
-5.554488278325461423e-03
-5.461734375011079688e-03
-5.337939195460214732e-03
-5.171720166530513647e-03
-4.977482419254922533e-03
-4.776268360837326345e-03
-4.565462861623982398e-03
-4.356338014932933760e-03
-4.195982679805860920e-03
-4.065834584650802538e-03
-3.933845046522753582e-03
-3.782280333245678725e-03
-3.597907703589227259e-03
-3.375028127021561207e-03
-3.246726517072872926e-03
-3.873559054725229066e-03
-5.802553849981302581e-03
-7.971608057854313173e-03
-9.877308321018988743e-03
-1.151836306510603189e-02
-1.285082881118917650e-02
-1.403163669738812999e-02
-1.518746026894058146e-02
-1.622282236672124150e-02
-1.702635882807180395e-02
-1.749342966990798803e-02
-1.762731773413137720e-02
-1.754430192954144554e-02
-1.748183317010923096e-02
-1.745542362406779860e-02
-1.738675898338545855e-02
-1.720161002235180356e-02
-1.689335886686817861e-02
-1.653969005374060497e-02
-1.646943352518392273e-02
-1.701093116964999541e-02
-1.761590003148158501e-02
-1.797132942810527462e-02
-1.804307665633789887e-02
-1.792559073714898935e-02
-1.766991059508361134e-02
-1.726285859437032971e-02
-1.672652429678011046e-02
-1.614270876931674439e-02
-1.570193629895388909e-02
-1.539684458895443885e-02
-1.503209087079748936e-02
-1.450734051631055212e-02
-1.381091972506241598e-02
-1.296053468037350331e-02
-1.198887411893788564e-02
-1.097392500350034654e-02
-1.000861571725115452e-02
-9.090176795010319888e-03
-8.158660667647714762e-03
-7.191961372397720487e-03
-6.216316239711267705e-03
-5.225729495429817968e-03
-4.191234490588860613e-03
-3.109131130387157022e-03
-2.039270004353868106e-03
-1.016170247787810286e-03
8.425239243783477078e-06
1.022039331511522420e-03
1.988902454337666305e-03
2.936587003118028456e-03
3.916857270873735919e-03
4.955549374776835499e-03
6.088895289238116515e-03
7.305141274978471655e-03
8.562415307147895963e-03
9.868473223304965666e-03
1.122378424586519159e-02
1.261566103613015466e-02
1.400468380870303203e-02
1.537673227451136562e-02
1.674985596185817049e-02
1.812781682614803686e-02
1.951786406402403543e-02
2.095557128016170903e-02
2.245137350804075199e-02
2.396932053242682020e-02
2.549468036876429561e-02
2.700270787399521380e-02
2.848300208315652018e-02
2.994279114150844717e-02
3.138347178151707634e-02
3.285114149912534559e-02
3.439176081775370541e-02
3.603331992296267272e-02
3.778400052051624630e-02
3.959707924703474713e-02
4.138947397087122670e-02
4.308055508236516978e-02
4.456277179567510321e-02
4.551167004861392945e-02
4.585118190329741383e-02
4.605986624035327687e-02
4.647290240118585880e-02
4.714675826158008787e-02
4.790987788336945746e-02
4.870247357623545825e-02
4.971934214609104868e-02
5.105646709812745182e-02
5.266704725814147503e-02
5.442566687485310417e-02
5.618999269434250821e-02
5.783602887671965287e-02
5.957303921468243973e-02
6.153669972259240284e-02
6.371146889957711446e-02
6.607443993486228351e-02
6.862087060790335313e-02
7.117891848272261957e-02
7.322043855513671318e-02
7.471284940813557873e-02
7.625618203334380563e-02
7.810245140410206066e-02
8.020942382352380662e-02
8.256874742923475674e-02
8.519014473626107531e-02
8.805461901366154476e-02
9.097547498629267315e-02
9.331854734316022415e-02
9.470152616614115060e-02
9.603957118878227173e-02
9.780325893433022832e-02
1.000182747223786889e-01
1.026001115222791860e-01
1.055015197316234166e-01
1.086797850109915697e-01
1.120564273289802876e-01
1.155146230124530354e-01
1.190180614381022850e-01
1.225410034754349370e-01
1.260538343343488854e-01
1.295569625779577072e-01
1.330366152281494962e-01
1.364966490692781642e-01
1.399665005892036240e-01
1.434861479175880139e-01
1.470761551927654009e-01
1.507605638965349160e-01
1.545420727377337933e-01
1.584340568562775386e-01
1.624622792625072809e-01
1.666067715594303777e-01
1.708467702349163453e-01
1.751783981086867115e-01
1.796021533000115300e-01
1.841084857807937791e-01
