-2.330693005116285299e+00
-2.328289252117432540e+00
-2.316357253049027065e+00
-2.348538411983615237e+00
-2.337266510756960791e+00
-2.340644681928913062e+00
-2.330531819812825312e+00
-2.329018861668126661e+00
-2.326331428887716601e+00
-2.321700111534072075e+00
-2.314409496714673331e+00
-2.303391308055756426e+00
-2.294662857339778039e+00
-2.289925185337479796e+00
-2.280138384361362291e+00
-2.263109075990703101e+00
-2.236583438660128209e+00
-2.198462828083387333e+00
-2.146978212757396420e+00
-2.070503889243346052e+00
-1.971271814296378988e+00
-1.689219468857626305e+00
2.948763270673342873e+00
-6.332332923072772068e+00
-5.904236640153772697e+00
-4.019211802954705703e+00
-3.640232800269231905e-01
-1.905156391968888752e+00
-1.993002588928992624e+00
-1.969496772590138001e+00
-1.865619092424245951e+00
-1.421929139513342655e+00
4.266247594871136251e+00
-2.246116299347629575e+00
-2.311762631038275728e+00
-2.315771341917265413e+00
-2.311138184214927893e+00
-2.304877039629501301e+00
-2.297018171020944077e+00
-2.288177319098820828e+00
-2.283448062250536204e+00
-2.278571364978400737e+00
-2.268419229134519544e+00
-2.247900575360787023e+00
-2.205383385838709742e+00
-2.117389291386920558e+00
-2.062885138374642047e+00
-2.098601115742253498e+00
-2.100286450688772621e+00
-2.049601340821998186e+00
-1.915080385839918353e+00
-1.626764612200795268e+00
-1.861448045364100468e+00
-2.200469926749825333e+00
-2.243505929564711288e+00
-2.229767083805431760e+00
-2.192674133965005545e+00
-2.140319281590477463e+00
-2.086087615192349531e+00
-1.990316998270998061e+00
-1.777130166235464159e+00
-1.285792761167301901e+00
-1.641903761023005170e+00
-2.005925411342736719e+00
-2.043688731904186096e+00
-1.908234100846501136e+00
-1.247817199243733244e+00
-4.952919104917145710e+00
-2.983206869668868944e+00
-2.742564186885667610e+00
-2.731636378011409683e+00
-2.799282673087013507e+00
-2.779572846283981935e+00
-2.712585755180357605e+00
-2.681268948446390965e+00
-2.666790751081725031e+00
-2.633785070792216132e+00
-2.591729054533103316e+00
-2.577375440298985687e+00
-2.611346009381505961e+00
-2.636384802601322797e+00
-2.614328337526290458e+00
-2.612186340570691101e+00
-2.622308005886650584e+00
-2.605090976263945812e+00
-2.574130957308039314e+00
-2.535545593381029583e+00
-2.500653175159596397e+00
-2.481188601845532027e+00
-2.467459793965919523e+00
-2.455602825719020110e+00
-2.446089913562280227e+00
-2.441924340883629974e+00
-2.443268259294517630e+00
-2.441924811903041892e+00
-2.434081789949561703e+00
-2.424630018655338226e+00
-2.414798454937071348e+00
-2.404350539867069259e+00
-2.396300649239777592e+00
-2.391045008641984992e+00
-2.387725120578321203e+00
-2.386086056592444660e+00
-2.384625192773292213e+00
-2.383377068336171245e+00
-2.380962088111069797e+00
-2.375612919946081814e+00
-2.368778096956171808e+00
-2.361204775784064847e+00
-2.354855462615970119e+00
-2.350817419341880488e+00
-2.348879072202839868e+00
-2.348491416705508872e+00
-2.367935677792971205e+00
-2.313029375523252273e+00
-2.319285229744452614e+00
-2.314881961560097068e+00
-2.304333741855975060e+00
-2.292105891383032557e+00
-2.290106369953795795e+00
-2.279258665873949319e+00
-2.202113794918049372e+00
-2.618339594627940858e+00
-2.421594260891162698e+00
-2.399027258647673744e+00
-2.420588972657686355e+00
-2.438760946271851360e+00
-2.385609458932038685e+00
-2.362051263482529695e+00
-2.351229648115249482e+00
-2.343926142589353834e+00
-2.338447033334162484e+00
-2.335498652572364442e+00
-2.335504209255964803e+00
-2.784905930530628293e+00
-2.332952046433366178e+00
-2.329576733033342784e+00
-2.327098297601110310e+00
-2.324961908984348291e+00
-2.322990708782883384e+00
-2.320774587719795612e+00
-2.314830718197390169e+00
-2.266307887072908311e+00
-2.512250431453996846e+00
-2.152246993057867819e+00
-2.288016181684116468e+00
-2.303340513464882555e+00
-2.307094816276521687e+00
-2.308013297411636522e+00
-2.308071805937987442e+00
-2.306796009777834389e+00
-2.304507154111916201e+00
-2.301664973978359896e+00
-2.298064705847924216e+00
-2.294265393958108135e+00
-2.290307401034195500e+00
-2.285977744121844513e+00
-2.282151278654661830e+00
-2.279718986689780458e+00
-2.278429992152743111e+00
-2.277691530017050159e+00
-2.277016610159172672e+00
-2.276106486003503626e+00
-2.275797600666249476e+00
-2.275527071681175961e+00
-2.274754125245313396e+00
-2.273856184117059698e+00
-2.272875569541402463e+00
-2.271625921827166383e+00
-2.270117941919012949e+00
