-3.446848889413348799e-02
-1.132785941940928597e-02
4.020886656957382843e-02
2.154685914998407184e-02
1.511114413836953628e-02
-4.785520749767516180e-02
-8.937766216663096674e-01
-1.229539999388958194e+00
-3.197369248456960467e-01
1.282897575768627285e-01
2.482234419701826733e-01
2.360018171637141560e-01
-9.231898423101586593e-02
-4.827858100136125930e-03
7.621406462086333100e-02
1.160369325592614520e-01
1.110442631012629466e-01
9.410232186596742543e-02
7.246917190736944236e-02
7.109275538208251199e-02
4.025979404835209469e-02
8.843853107036984962e-02
6.770212462289065813e-02
1.455383549123374747e-02
2.452818661590550758e-02
3.496185534044034260e-02
-9.574712584339375998e-02
-5.948209551035661680e-02
-1.162945408408883399e-02
7.438189803321589369e-03
3.102771224913465978e-02
5.649587168383774644e-02
3.840434472344670530e-02
-1.020827693964238891e+00
-2.993272229717721444e+00
-7.040683614038856231e-01
-2.853626711556234152e-02
-1.117871285638873391e-01
1.963216589590473515e-01
-3.554786525796704844e-02
-2.943431046481598257e-01
-4.903735393134731058e-02
1.336458011636994792e-01
4.071809902617021804e-01
4.584334694020062440e-01
4.139532389466880069e-01
-8.017681859462108540e-02
-7.908942092323859030e-02
2.769355366946776864e-02
1.612672329778710167e-01
1.838815845713401842e-01
1.572690713448282318e-01
-3.060771717271821291e-01
-1.430105345978213593e+00
-2.456868644620733289e-01
1.826896794036386718e-01
3.098261342252675021e-01
1.635755786706722670e-01
1.311788596021013220e-01
2.191633885264748782e-01
1.927841827249991979e-01
1.663620358718907455e-01
-2.561796224643952957e-01
-3.238044632978270831e-01
7.142365753601193079e-02
2.468916214771579853e-01
2.756062444862401595e-01
2.726951384910563658e-01
2.733220396933389584e-01
2.185082242828574328e-01
-2.154288595984779620e-03
3.434015641549818809e-02
1.295711385194205922e-01
1.391060524767864237e-01
8.550224203532021117e-02
9.732213217792388960e-02
1.470827989713611172e-01
1.704805133657325833e-01
6.344394455114586717e-02
-5.645250499003612310e-02
8.733908356324109057e-02
1.042874397590207169e-01
2.940128834437520655e-02
5.174936871367963320e-02
1.173561717993372444e-01
1.279128586106936527e-01
2.064678391224315512e-01
2.051660608655684059e-01
1.564005910850779779e-01
1.777419006999678142e-01
1.609371605351067880e-01
1.624554220327056320e-01
8.132693296520426829e-02
5.399356889179517116e-02
1.076359187989673338e-01
1.588381243470416426e-01
1.596414914951365671e-01
1.978437229205227965e-01
2.238952599291270107e-01
1.783459979587292688e-01
1.447522062170935597e-01
9.857346974745770374e-02
5.915975839092804667e-02
7.098737807884662743e-02
3.725154407473102447e-02
9.907420966824895259e-02
1.565671851581264540e-01
2.040848406064061371e-01
2.842740856363324964e-01
2.263151433963871417e-01
8.472480731114739871e-02
-8.555082431362430462e-02
-1.471460686395666406e-01
-8.846596074285403288e-01
-1.329722535087864088e+00
-4.601400592179865079e-01
6.511858704923714769e-02
2.638616235093466655e-01
-3.317881465518718320e-02
-1.955806730542702931e-01
2.246432336717741063e-01
4.488878992916452426e-01
4.231833042039335746e-01
2.662093754986639693e-01
1.344862838739642186e-01
-2.406680736753344096e-01
1.783540876805322362e-01
4.354527599408514194e-01
4.252513395688797826e-01
4.204034127315313674e-01
4.894564113024739704e-01
4.649752651430887340e-01
-7.107174420549193794e-01
-1.014875010535263522e+00
1.507608247288239056e-01
5.391333217883675921e-01
4.630871322207331664e-01
5.135964472745834231e-01
6.020309214391462715e-01
6.595414931761192090e-01
5.703395086896598798e-01
-5.794597863927278825e-01
-1.896377885613448555e+00
2.783990092090482538e-02
6.575095805926438608e-01
8.265082381976771586e-01
7.896651093105379049e-01
7.161883348870641264e-01
7.576093806543910958e-01
8.093674403847168630e-01
6.116803325473102459e-01
5.743274250635206357e-01
4.677140769267171816e-01
3.669052481657112397e-01
3.832471928527275695e-01
3.150100116457718591e-01
2.918145889554519812e-01
3.634835151904453610e-01
4.787837142901539833e-01
5.488601299750313078e-01
6.100320185690737418e-01
6.274020483808109283e-01
6.373935646129644805e-01
7.810382424404869184e-01
7.454447107041225484e-01
7.694037950063925546e-01
7.866287100622705308e-01
8.122229532206914904e-01
7.902884997503849540e-01
7.990304605211324684e-01
