-1.282068243361830317e-06
-6.603814310607300404e-06
-3.832303625978409080e-06
2.681836906158086985e-05
7.891234284431515892e-05
1.394801512413597810e-04
7.812884350468297966e-05
-5.139306489516045923e-04
-1.713799994223616204e-03
-3.044998326257764443e-03
-4.193038230407121827e-03
-5.079794907299452905e-03
-5.763153190159439436e-03
-6.398850028186900928e-03
-6.976959741634999532e-03
-7.452661925935725844e-03
-7.808331520069597582e-03
-8.054995953164213046e-03
-8.211248312222464013e-03
-8.295049358267140432e-03
-8.319513769855724911e-03
-8.297275722974327763e-03
-8.217380748029967652e-03
-8.095245848633908850e-03
-7.956600690958902378e-03
-7.801797291770398712e-03
-7.642797085265941662e-03
-7.531497033542457718e-03
-7.454338624213126090e-03
-7.380425149526639687e-03
-7.291838787749768333e-03
-7.173618256397756854e-03
-7.017012254070586173e-03
-6.956097555387195062e-03
-7.684632736552129452e-03
-9.837366323079264896e-03
-1.239176481404757890e-02
-1.479382958025450556e-02
-1.699188777712173914e-02
-1.890470772827584564e-02
-2.066264908857810834e-02
-2.238857372975627119e-02
-2.398292978450489513e-02
-2.532109962962637156e-02
-2.628066388723594368e-02
-2.684884160885618945e-02
-2.713334026988927991e-02
-2.738151796120135220e-02
-2.762995409224903998e-02
-2.781206238801705796e-02
-2.785701812520440662e-02
-2.775530271291185708e-02
-2.758396571854968005e-02
-2.768817461717009570e-02
-2.844343860331925017e-02
-2.932675571173612439e-02
-3.000066646419674923e-02
-3.040100044087327980e-02
-3.060538563552503075e-02
-3.065334462616027544e-02
-3.052632923649137991e-02
-3.024398277425504461e-02
-2.988639878249581272e-02
-2.965703122956388910e-02
-2.956830298751520619e-02
-2.942328854493448526e-02
-2.910851350498046622e-02
-2.860500703801452035e-02
-2.792508343506625371e-02
-2.709391395033403094e-02
-2.618289622509255982e-02
-2.529593726038509294e-02
-2.443324008995031299e-02
-2.354284159089653841e-02
-2.261116198633661770e-02
-2.166382821560036698e-02
-2.069630023981207725e-02
-1.968157422227361300e-02
-1.861724510659763798e-02
-1.756510451829271235e-02
-1.656754990107870210e-02
-1.557220420624736042e-02
-1.457850247117100165e-02
-1.362056229413493268e-02
-1.267996516668239322e-02
-1.171322140139714231e-02
-1.069594775546427526e-02
-9.591177097356231793e-03
-8.404472197372935341e-03
-7.168740298416137122e-03
-5.880986076336206826e-03
-4.545166586259524223e-03
-3.174482546372972211e-03
-1.810177437968722757e-03
-4.674870596831901849e-04
8.761974366646482337e-04
2.236408761825859400e-03
3.620263201033004780e-03
5.054723484837881330e-03
6.549400726210678758e-03
8.073620809874374263e-03
9.605525311861890653e-03
1.111719571692235640e-02
1.259254228936024407e-02
1.403456738863968420e-02
1.544187414906500813e-02
1.685521775858225824e-02
1.831899053125115445e-02
1.986726001107747344e-02
2.152119386654824384e-02
2.323785059704867872e-02
2.492766888923678842e-02
2.649927181902676093e-02
2.783260313859556995e-02
2.857038447392573968e-02
2.859727424679881641e-02
2.838013092532012949e-02
2.828411887597196556e-02
2.840339694204211535e-02
2.858790712988597965e-02
2.878096335239441542e-02
2.918302269057488144e-02
2.991344509671541377e-02
3.093979269370289442e-02
3.214579794056028617e-02
3.339040204269304313e-02
3.453679357179349763e-02
3.577865069055671809e-02
3.726263515334660853e-02
3.898673532156353427e-02
4.093462323187258695e-02
4.310976886638012706e-02
4.534382028859744451e-02
4.707453919465758030e-02
4.822424747314399407e-02
4.937873657468375838e-02
5.081937411666261756e-02
5.253164262052453098e-02
5.452021237501106926e-02
5.681002275442231797e-02
5.939515053391997840e-02
6.208473809168028879e-02
6.420420104635747582e-02
6.531535923437654934e-02
6.630184960165624863e-02
6.767251907964155766e-02
6.951335389172152990e-02
7.177166373768688323e-02
7.439748112881788833e-02
7.736681941222850467e-02
8.062832905903505321e-02
8.406294644646158942e-02
8.761343248754470403e-02
9.122456051044697256e-02
9.484726183964369006e-02
9.847197733881969672e-02
1.020732322123501790e-01
1.056474592606526375e-01
1.092312982794855086e-01
1.128781143980233936e-01
1.166213071448529703e-01
1.204877006400707634e-01
1.244818052030848415e-01
1.286171191048110507e-01
1.329320172990977045e-01
1.374101480315512713e-01
1.420377278806160826e-01
1.468112357478165708e-01
1.517282503324032528e-01
1.567731395518683624e-01
