-3.237311700697155514e-02
-7.550385010915665676e-03
4.082372494055237083e-02
1.865555411528373522e-02
1.120984132226874284e-02
-4.827794513275820293e-02
-8.373609301482415335e-01
-1.073321288680766816e+00
-1.362008430632055123e-01
2.576674785973085413e-01
3.122046696890605766e-01
2.514086797250049132e-01
-8.856276460386283689e-02
2.086983302524464401e-03
7.597190529422273575e-02
1.046284215110516447e-01
9.057810072661119649e-02
6.892107358980070764e-02
4.632991473229622348e-02
4.548701068243651835e-02
1.696695715963005002e-02
6.528736642375071453e-02
4.354297986606592286e-02
-6.002899519428870484e-03
8.390201751543556463e-03
2.063739115548144862e-02
-1.014287963662570680e-01
-5.518390473042145139e-02
-5.417521989403081828e-03
1.139331297460542160e-02
3.110866629068638478e-02
5.129575723276982163e-02
2.954946062650094102e-02
-9.668148610910184404e-01
-2.725434431511997158e+00
-3.364781450917472272e-01
2.508743466541210609e-01
8.069226358965619905e-02
3.164161976573998114e-01
3.536418983742961597e-02
-2.289104411136030914e-01
1.057536137405101773e-02
1.661432240717453379e-01
3.960326278859276350e-01
4.017398394826587893e-01
3.272774497310714792e-01
-1.544371100753484938e-01
-1.207480619361331331e-01
1.128753776694718658e-03
1.313344808564378963e-01
1.437677495580048370e-01
1.109338491115184067e-01
-3.270252831969392426e-01
-1.343010928668272097e+00
-1.035546463713037380e-01
2.767082774238702192e-01
3.430111473138920397e-01
1.590239955984264208e-01
1.108001095724764351e-01
1.845551148818972420e-01
1.460261451952956646e-01
1.144886319288726806e-01
-2.844188793865268239e-01
-3.113919701337110602e-01
9.008661393375226589e-02
2.395103150111986823e-01
2.405576827616388025e-01
2.180882703112340670e-01
2.058918661446575704e-01
1.459241598329787670e-01
-6.198588891379436250e-02
-8.324335377579525352e-03
9.072566558215769406e-02
9.753891190734129135e-02
4.494733879610263161e-02
5.939322185998519021e-02
1.073124023832616458e-01
1.256384066317281223e-01
2.062270975270535933e-02
-8.533290676724905599e-02
6.489676679999273334e-02
7.800138322671823499e-02
4.301350848934681892e-03
2.979075714843996969e-02
9.240402143295270432e-02
9.711379580221102259e-02
1.665177389535780483e-01
1.553793357224514671e-01
1.031563726693070226e-01
1.233522479323935217e-01
1.057943794217341693e-01
1.075890467968642072e-01
3.153916653997423936e-02
1.327330972104814877e-02
7.104356502878517166e-02
1.192480032503265286e-01
1.155161905858157756e-01
1.483812000947734022e-01
1.674603356000202437e-01
1.188119363483650104e-01
8.749601935382195217e-02
4.733314509906572098e-02
1.661907663136277802e-02
3.547060224250006555e-02
7.883746650488326901e-03
7.171089240517172780e-02
1.240063020399226612e-01
1.623757105049225824e-01
2.293102534667835202e-01
1.621691556427712899e-01
2.600531133503397596e-02
-1.232916434234322955e-01
-1.588038017797560042e-01
-8.311427778170661362e-01
-1.169579399879607351e+00
-2.603181205611545534e-01
2.162567836579396829e-01
3.446157702699082503e-01
9.108620509815146260e-03
-1.542899252820391642e-01
2.477137906210220564e-01
4.254906147152618945e-01
3.594918061826400946e-01
1.866606835996224567e-01
6.023517596802278884e-02
-2.820490290361576391e-01
1.518352239434590523e-01
3.824939900033931806e-01
3.427325258023707355e-01
3.191441399972135273e-01
3.718855536005665763e-01
3.347530171831785695e-01
-7.765559618439932255e-01
-9.614681448577334644e-01
2.273338803171951750e-01
5.498710978709038244e-01
4.156293848576091410e-01
4.282762446520609889e-01
4.838017909374278114e-01
5.117181432079445091e-01
4.055850655942225824e-01
-6.810228484918849912e-01
-1.819171983022625394e+00
1.715265506354601288e-01
7.119198902713615995e-01
7.803478754383400551e-01
6.707662900501414338e-01
5.554382904491873552e-01
5.703362493800986366e-01
5.994518461388496089e-01
3.963646479521348853e-01
3.676108649631810721e-01
2.751683894017105114e-01
1.952802195666738516e-01
2.295950740048852134e-01
1.767240840097071830e-01
1.685927803659433843e-01
2.471253503661173800e-01
3.565138019502689382e-01
4.128093321714062514e-01
4.577667383021555292e-01
4.604225760473584783e-01
4.593152232020843995e-01
5.865048205793563785e-01
5.352165156264544477e-01
5.492221791643803197e-01
5.577769551481217558e-01
5.753816449119510956e-01
5.483908697347630312e-01
5.545057896400085173e-01
