-1.651986530429290889e+00
-1.646155069027264828e+00
-1.655481349913777267e+00
-1.650318080708579993e+00
-1.646365472498169780e+00
-1.638670121498837950e+00
-1.655774451132629776e+00
-1.650789601765281667e+00
-1.646514637339101084e+00
-1.640037171960886386e+00
-1.630427516338727623e+00
-1.616609322007623417e+00
-1.604860076502666599e+00
-1.597200819471966238e+00
-1.583759995484139260e+00
-1.561319152442903313e+00
-1.526482453104377912e+00
-1.474269604769333775e+00
-1.393665227036444465e+00
-1.250131348566411837e+00
-9.746098732845126511e-01
7.072537748276632730e-01
-3.110031955980142815e+00
-2.442258567218826837e+00
-2.280440606559428929e+00
-2.143896453856756423e+00
-2.282276557464204991e+00
-3.388182230313562471e+00
-6.014241109668911456e+00
-4.176917304899571803e+00
-2.772794302549520307e+00
-2.231444638453640827e+00
-2.042314005020276824e+00
-1.455846805034777924e+00
-1.622540377030325720e+00
-1.630284783819188954e+00
-1.624539495176495096e+00
-1.616584206382217115e+00
-1.606580994558848063e+00
-1.595166187039595673e+00
-1.588132638370084448e+00
-1.580890722014739236e+00
-1.567404306217030419e+00
-1.541743086607275437e+00
-1.491119788633368248e+00
-1.391066537015381410e+00
-1.304251323370846372e+00
-1.310291640950543623e+00
-1.286344213531257719e+00
-1.171953655967130192e+00
-8.174685626015708584e-01
8.172545909640005490e-01
-9.569527989075765628e-02
-1.397209149541839057e+00
-1.497153962443789510e+00
-1.477740192952312182e+00
-1.412611725677227037e+00
-1.303542630115203327e+00
-1.154874619574386641e+00
-7.835691660502682732e-01
2.149998853759822914e+00
-3.795873617289867497e+00
-4.606200682634593591e+00
5.260137677841103532e-02
-4.685050531180582345e-01
5.526539877858597016e+00
-2.805952453668420610e+00
-2.182580902852750082e+00
-2.000837363840370031e+00
-1.923489685030816965e+00
-1.904746151594090886e+00
-1.909560300845058567e+00
-1.898461151303006078e+00
-1.873960792197165048e+00
-1.856361387136612473e+00
-1.844260051370925524e+00
-1.827871051762029131e+00
-1.808205717364799403e+00
-1.795731590181278703e+00
-1.795164849639463878e+00
-1.792325609910889295e+00
-1.782792320841824818e+00
-1.778145966661307531e+00
-1.775573406905902596e+00
-1.767110690514750004e+00
-1.754984429805552359e+00
-1.740598522663829417e+00
-1.726245933422838830e+00
-1.715526750816742219e+00
-1.706452293379100205e+00
-1.697795967030650388e+00
-1.689871749035728454e+00
-1.683072475138192692e+00
-1.677165137740008749e+00
-1.671144463977113581e+00
-1.664892821542103718e+00
-1.658740758472446064e+00
-1.652745178894891698e+00
-1.647041267266201814e+00
-1.641515486727512130e+00
-1.635953586292679507e+00
-1.630214766399708193e+00
-1.624092834718988465e+00
-1.617881655415843056e+00
-1.611501181711082475e+00
-1.605601516908818027e+00
-1.601306101228312295e+00
-1.598352819242615741e+00
-1.596527345740859971e+00
-1.594393819322354355e+00
-1.590002761931997632e+00
-1.582143027949905356e+00
-1.570928677978288501e+00
-1.540186330599139009e+00
-1.388281297958525728e+00
7.210313353491946131e-01
2.110662673577956561e+00
-1.034798366059002106e+00
-1.266878930417862481e+00
-1.256253821935871429e+00
-1.328156161401707891e+00
-1.447286943536820303e+00
-1.505016049678423506e+00
-1.527494795976441111e+00
-1.533553975328195040e+00
-1.523568835370639363e+00
-1.516613317421324769e+00
-1.529110569796914287e+00
-1.541650736880024519e+00
-1.549251958872273516e+00
-1.554887783915408939e+00
-1.558538584611600442e+00
-1.545064854353619621e+00
-1.498435359855369686e+00
-1.461332119843644639e+00
-1.482440942152958963e+00
-1.503794919999672963e+00
-1.517257526246260202e+00
-1.528530104760110753e+00
-1.537657305833180832e+00
-1.543108583744201123e+00
-1.532332317121448462e+00
-1.470605433117140759e+00
-1.384916182590435696e+00
-1.418702790120129231e+00
-1.465579164806223300e+00
-1.494138311584351175e+00
-1.510666648593647077e+00
-1.521555891455268927e+00
-1.529099701686627677e+00
-1.532087887689062011e+00
-1.531837808656716815e+00
-1.530192153423107548e+00
-1.526838320568344898e+00
-1.522793622329071450e+00
-1.518318300585025593e+00
-1.513176571926881708e+00
-1.508590435740447155e+00
-1.505683522280570230e+00
-1.504158188674015850e+00
-1.503618613537824444e+00
-1.503462366920850002e+00
-1.503201867930382685e+00
-1.503845043205445098e+00
-1.504625788808835019e+00
-1.504693340187125195e+00
-1.504044453700194239e+00
-1.502680099949181836e+00
-1.501018154646639235e+00
-1.499357963605981503e+00
-1.497948881871644655e+00
-1.496780279040617057e+00
-1.495764851422720865e+00
-1.494730049452771325e+00
-1.493457592309012094e+00
-1.491804425384949617e+00
-1.489749548974435456e+00
-1.487383833754216900e+00
-1.484893993297570880e+00
-1.482362101199233395e+00
-1.479814473985521239e+00
-1.477370948903909298e+00
-1.475136845711068734e+00
-1.473249434476048059e+00
-1.471828497052628304e+00
-1.470597267340463254e+00
-1.469366642787141908e+00
-1.467972725749493002e+00
-1.466362714512650767e+00
-1.464534577095402579e+00
-1.462417754910860124e+00
-1.460126231927493246e+00
-1.457825943191258133e+00
-1.455653469319960314e+00
-1.453676051148790060e+00
-1.452036129498417649e+00
-1.450690675779136019e+00
-1.449499147327919957e+00
-1.448270012863740908e+00
-1.446719854671667971e+00
-1.444728794557558649e+00
-1.442425669168944768e+00
-1.439967485810702552e+00
-1.437428102121328655e+00
-1.434945114127224475e+00
-1.432684600148383502e+00
-1.430702364638865021e+00
-1.428796716740579509e+00
-1.426829475828047755e+00
-1.424825254269315833e+00
-1.422640663637832148e+00
-1.420201952255213840e+00
-1.417603869095507285e+00
-1.414964455906509100e+00
-1.412368342126422149e+00
-1.409870964149772199e+00
-1.407623544228916890e+00
-1.405660010264034643e+00
-1.403817911698309384e+00
-1.401884685702994737e+00
-1.399717860928877178e+00
-1.397289703437993635e+00
-1.394704925515873883e+00
-1.392079402857625325e+00
-1.389412891047546950e+00
-1.386735615987371828e+00
-1.384082979602751173e+00
-1.381512744701652640e+00
-1.379131703362448835e+00
-1.376957128206598879e+00
-1.374904785167868404e+00
-1.372834826168469302e+00
-1.370665057612244775e+00
-1.368322316584005716e+00
-1.365820833319565608e+00
-1.363149006740393965e+00
-1.360324257616587484e+00
-1.357502849165588055e+00
-1.354757794490058398e+00
-1.352173141058214734e+00
-1.349854986183465444e+00
-1.347725910959671758e+00
-1.345710051589296574e+00
-1.343577514220673397e+00
-1.341078037229723741e+00
-1.338270020686292527e+00
-1.335240029835825570e+00
-1.332111648941707083e+00
-1.328989398473188199e+00
-1.325977348528499355e+00
-1.323220251791041857e+00
