-2.189489969137998777e-03
-4.926024443456515634e-03
-2.950042726714685766e-03
9.179764985229326053e-04
3.221411049871193092e-03
1.080001373326786723e-03
-5.855121380785903440e-02
-1.889334866049995343e-01
-2.789565411881273493e-01
-2.833679395986896110e-01
-2.513191860962458724e-01
-2.117521098674386981e-01
-1.934347321678736853e-01
-1.890472618713602837e-01
-1.743176981151277061e-01
-1.524692104162604922e-01
-1.290560340064110245e-01
-1.077064911251581908e-01
-8.954886289653962717e-02
-7.362088832406413208e-02
-6.059479960277992794e-02
-4.716771755206006222e-02
-3.300128058639412165e-02
-2.425064793615805403e-02
-1.874779247997622467e-02
-1.260413789436187759e-02
-1.469375644010992646e-02
-2.263012071663892538e-02
-2.553965520184467777e-02
-2.449252054493179093e-02
-2.091158131219449101e-02
-1.443785383915354922e-02
-7.787719147851775332e-03
-6.973024457073856430e-02
-3.191929456338148952e-01
-5.363120027700322145e-01
-5.683269266718878887e-01
-5.608126970750058060e-01
-5.353522551584291023e-01
-5.041618070079322278e-01
-5.020284722010881495e-01
-4.988094730280492883e-01
-4.687813736320517455e-01
-4.105163854762156617e-01
-3.335764012631752817e-01
-2.581336402598927715e-01
-2.190444690057753163e-01
-2.115012200208681581e-01
-1.988514045997760438e-01
-1.728756887204286607e-01
-1.390448725979284983e-01
-1.071902825749711796e-01
-1.080149295122982550e-01
-2.089949502834699824e-01
-3.009795271275673145e-01
-2.936428527257261001e-01
-2.517850365299014737e-01
-2.115532046878265682e-01
-1.825407151130494232e-01
-1.505895375961626703e-01
-1.160667815294305072e-01
-8.600908426093133163e-02
-8.568310838842439769e-02
-1.157388697386420306e-01
-1.249828503726358314e-01
-9.970002036876000895e-02
-6.265769774375568035e-02
-2.498959085860575496e-02
1.136134207214525155e-02
4.288878223053818606e-02
5.568414865825970644e-02
5.643625746940669763e-02
6.448517822404066513e-02
7.798606465468480020e-02
8.784268515432323843e-02
9.453041029239594994e-02
1.044492161085673887e-01
1.182014665633935174e-01
1.258976683700365196e-01
1.190350838997924904e-01
1.138630861297584701e-01
1.181557962595627953e-01
1.185069333659434232e-01
1.156870841889140467e-01
1.183109155001060980e-01
1.254293130566589420e-01
1.380104315564684159e-01
1.548937094946727933e-01
1.681594094508497839e-01
1.793836066603275436e-01
1.902965825244632703e-01
1.997821302568277835e-01
2.036932195791189559e-01
2.006232962663328512e-01
1.990810962697773523e-01
2.038171486209340022e-01
2.114603791279711376e-01
2.213381383872646546e-01
2.348365246797128603e-01
2.465838390906368582e-01
2.530381002848569039e-01
2.541559315196422753e-01
2.497237683479541781e-01
2.435529402586948389e-01
2.359296726480973883e-01
2.303332142174491781e-01
2.322291166242494431e-01
2.406594466936350651e-01
2.569706968341884390e-01
2.741210020285412829e-01
2.784244794912151266e-01
2.631626223313953128e-01
2.338643232232105740e-01
1.544853804192747315e-01
4.455309802036372391e-03
-1.135483617538780438e-01
-1.424806312424645727e-01
-1.243068050268769098e-01
-1.110529623804548671e-01
-1.243365619849491621e-01
-1.192648705917290358e-01
-7.405680200088265996e-02
-1.714178807943381871e-02
2.749474871404693210e-02
5.326652795552161423e-02
4.618607645360251618e-02
4.266489374564501336e-02
7.987467848248200331e-02
1.307621454721697440e-01
1.793035438532708525e-01
2.302217731330211126e-01
2.817123196826544773e-01
2.548866836911909406e-01
1.376724695596971415e-01
7.728141433759730394e-02
1.122531096636293912e-01
1.658892587249582717e-01
2.177701635319098938e-01
2.772613131563322897e-01
3.441035972040897284e-01
4.066253780269581397e-01
3.884220280114647483e-01
2.167786886669501312e-01
9.055658034056732197e-02
1.215363252642781694e-01
2.020926258703414358e-01
2.902607919974315442e-01
3.703205029611572052e-01
4.466580281950645603e-01
5.262509938295317768e-01
5.934260523316332581e-01
6.433921841760479321e-01
6.814209973209081062e-01
7.040145389391275765e-01
7.193649227123188883e-01
7.294572331547589661e-01
7.324848285894679512e-01
7.375261445791978510e-01
7.532352945388101073e-01
7.793596780922444900e-01
8.125258060911652036e-01
8.492461061530446331e-01
8.862739846593615800e-01
9.315328143799546101e-01
9.813670638618950948e-01
1.028679935055427652e+00
1.076468492870986005e+00
1.124764676312103306e+00
1.170967066699819314e+00
1.214171163442059109e+00
