-3.175737397724211597e+00
-3.171394563758274998e+00
-3.144297618472092104e+00
-3.199053911324767796e+00
-3.184953697468602130e+00
-3.188492887824931898e+00
-3.175552121110071013e+00
-3.172790855030612089e+00
-3.167826872991635678e+00
-3.158806895950049487e+00
-3.143509712047518612e+00
-3.118259018465662002e+00
-3.100713987748221712e+00
-3.094727505737567164e+00
-3.075089087859683268e+00
-3.036613467108948861e+00
-2.971712406878991963e+00
-2.872101307072124854e+00
-2.732093997799054819e+00
-2.504628095324580972e+00
-2.212180578120299224e+00
-6.574986443459198693e-01
-5.899340635221816065e+00
-5.240072065209687935e+00
-5.870843935661711477e+00
-5.151145067940698929e+00
-4.227662966217953233e-01
-2.569100941282134176e+00
-2.669246894367140577e+00
-2.602786354126792823e+00
-2.382216071473944652e+00
-1.248232811300055589e+00
-1.364263856538941866e+01
-3.056416443895455970e+00
-3.148441789419820225e+00
-3.152374339566214267e+00
-3.142598762612491825e+00
-3.129680021986443350e+00
-3.113286918127505132e+00
-3.095114288839986294e+00
-3.087542052339297793e+00
-3.079282462046651236e+00
-3.058621114523677242e+00
-3.012265128729872288e+00
-2.901649648397184755e+00
-2.605377881535746898e+00
-2.499424028373065099e+00
-2.709877548596620223e+00
-2.741820424794113364e+00
-2.631518994044680593e+00
-2.282812384173891207e+00
-1.319354460600946188e+00
-2.322457995592528857e+00
-2.981812059885416311e+00
-3.042286921464005367e+00
-3.010403281245817020e+00
-2.929968552816651250e+00
-2.810443336279061732e+00
-2.687205811341538908e+00
-2.444275480008537560e+00
-1.762433531649862051e+00
8.831507216059679699e-01
-1.811021660538952638e+00
-2.658078782252654371e+00
-2.711738534020103675e+00
-2.417009002933354189e+00
-1.316016553695529279e-01
-5.155762977206700626e+00
-4.007482895767804365e+00
-3.761735950983227994e+00
-3.791981643606770369e+00
-3.951691583437074939e+00
-3.930400957729708100e+00
-3.810277370427445298e+00
-3.762757382393602246e+00
-3.744965886623226048e+00
-3.685800119833560373e+00
-3.609667863749307593e+00
-3.590693331553061363e+00
-3.672174236911598832e+00
-3.727720706824854346e+00
-3.674395168359107622e+00
-3.671823489565818832e+00
-3.695262842047307927e+00
-3.655714753844329756e+00
-3.591879657931900116e+00
-3.517475555605504844e+00
-3.455095185710226779e+00
-3.423814158943982111e+00
-3.402343989431790838e+00
-3.383553393090072525e+00
-3.368556813433037700e+00
-3.363843448296941041e+00
-3.369635322253975662e+00
-3.368439646524908682e+00
-3.352996613063273124e+00
-3.335098360005190887e+00
-3.317059807731736143e+00
-3.298286719644768716e+00
-3.284668906223725315e+00
-3.276449014348735922e+00
-3.271788641437221479e+00
-3.270222550885854229e+00
-3.268596192052961591e+00
-3.267211956398659911e+00
-3.262975154093000540e+00
-3.252495688865665535e+00
-3.239530912625527392e+00
-3.225701135705265621e+00
-3.214726062335353518e+00
-3.208216302518746676e+00
-3.205671369600056497e+00
-3.206325486553239124e+00
-3.296819289384390395e+00
-3.155727515951332052e+00
-3.158866162480856943e+00
-3.149249300891977299e+00
-3.126990832750776050e+00
-3.099929098140682626e+00
-3.098326886086247622e+00
-3.074212689212285632e+00
-2.794684354319528552e+00
-3.416506136816981787e+00
-3.295046859172220621e+00
-3.275359298438263345e+00
-3.321061050397699610e+00
-3.361836239314754948e+00
-3.263039069546797677e+00
-3.224734763598990916e+00
-3.207748561942616483e+00
-3.196087850898010618e+00
-3.187180227287263357e+00
-3.182113411899566202e+00
-3.180992152661567651e+00
-3.170616597058991459e+00
-3.181881449609647916e+00
-3.174733298530215020e+00
-3.170234333973906082e+00
-3.166355503373490698e+00
-3.162762524549309617e+00
-3.158679728064039516e+00
-3.146740703189383925e+00
-2.938591376149117362e+00
-3.299008731686035034e+00
-2.509666209879560572e+00
-3.109107112321802369e+00
-3.133790291229428426e+00
-3.138531403766007699e+00
-3.138955051850408573e+00
-3.138266967366933446e+00
-3.135306344955640423e+00
-3.130626963828999187e+00
-3.125036706693651301e+00
-3.118059963485154018e+00
-3.110896843523175193e+00
-3.103555428406857608e+00
-3.095568972013536424e+00
-3.088876754324922480e+00
-3.085259742087107959e+00
-3.083847447453753610e+00
-3.083252856132784991e+00
-3.082490095900261906e+00
-3.081063540574390469e+00
-3.080835581487057606e+00
-3.080512641389563377e+00
-3.079099516858538443e+00
-3.077449825202861255e+00
-3.075661898242014303e+00
-3.073339183871708791e+00
-3.070542986061281621e+00
