-1.265449822643444008e-06
-6.432942283612387060e-06
-3.441129866718489021e-06
2.668893020004975793e-05
7.667452115777744707e-05
1.333816203757007778e-04
6.853639833608747209e-05
-5.134052852518993394e-04
-1.668330445402399628e-03
-2.914546186896281935e-03
-3.951915351948441166e-03
-4.719728824928945757e-03
-5.288339482354701727e-03
-5.817300159115203727e-03
-6.296116859421451578e-03
-6.681321818400445985e-03
-6.957517447996369037e-03
-7.137351184345493843e-03
-7.239867544934339497e-03
-7.282561485234649232e-03
-7.277588642810100920e-03
-7.236313819104583933e-03
-7.146882372390506687e-03
-7.024077430301261735e-03
-6.892170198206926113e-03
-6.749926719249399465e-03
-6.608132249867686506e-03
-6.516351459919335343e-03
-6.458446160681826850e-03
-6.402871154661980355e-03
-6.332241882422521943e-03
-6.232601278260309699e-03
-6.096428688025819567e-03
-6.057008995222070563e-03
-6.791099859431835688e-03
-8.889002502369375280e-03
-1.130637287025351018e-02
-1.351224694681225739e-02
-1.548050049951085402e-02
-1.715020905343249413e-02
-1.866553072868216978e-02
-2.015270790370329163e-02
-2.151432786259366986e-02
-2.263246034801322942e-02
-2.339452204169606420e-02
-2.379753001371068266e-02
-2.395416815739867880e-02
-2.410731667555568100e-02
-2.428402149662639564e-02
-2.441229122849929156e-02
-2.442049344313353132e-02
-2.430017853308437392e-02
-2.412793186796768907e-02
-2.424033876699397544e-02
-2.498935364034773204e-02
-2.583888272744066031e-02
-2.646310138492248901e-02
-2.681317451461891904e-02
-2.697666536217739608e-02
-2.699726998143827175e-02
-2.685923681477778505e-02
-2.658430306254127087e-02
-2.625215939875398183e-02
-2.605973109374457725e-02
-2.600960868139223781e-02
-2.590254281748446616e-02
-2.563039416294003725e-02
-2.518029001077125989e-02
-2.456876633831499984e-02
-2.382320646377100379e-02
-2.301466796596323902e-02
-2.224289209535827011e-02
-2.150282313747051144e-02
-2.074023934626574237e-02
-1.994145748781625191e-02
-1.913157226982803438e-02
-1.830509174272123077e-02
-1.743511451400304654e-02
-1.652006826852127006e-02
-1.562103785330999292e-02
-1.477738667672109235e-02
-1.393500516524058715e-02
-1.309355263966026882e-02
-1.228628335682488068e-02
-1.149373815545265409e-02
-1.067319749997597093e-02
-9.802188755079476248e-03
-8.846339972907655419e-03
-7.813814451556860136e-03
-6.738327108884750727e-03
-5.616807072259318023e-03
-4.453257136932059837e-03
-3.260563862235003191e-03
-2.078577867346441052e-03
-9.202292694101567826e-04
2.384549388820989425e-04
1.413072808096190684e-03
2.610424256184978690e-03
3.856560005527612418e-03
5.159548519600202186e-03
6.488164754647785491e-03
7.821330271292954717e-03
9.132649953992270225e-03
1.040809109814998419e-02
1.165229167880387287e-02
1.286501357417194763e-02
1.408706108881482323e-02
1.536095914799563700e-02
1.671789056191029868e-02
1.817578317576458088e-02
1.968981186648727233e-02
2.117196441497509393e-02
2.253584233373818330e-02
2.366863482827709711e-02
2.422817279821492739e-02
2.412134671350558632e-02
2.382233250642201011e-02
2.368241780967502916e-02
2.377682777073948650e-02
2.394400748698525400e-02
2.412451004897326126e-02
2.451329862280872754e-02
2.521836628480215309e-02
2.619778760474845286e-02
2.733204637639241943e-02
2.848303906784591111e-02
2.952247419068437448e-02
3.064881764821360613e-02
3.200384879561241763e-02
3.357959296444661124e-02
3.535636262559223308e-02
3.733541903835173315e-02
3.934920045498140756e-02
4.085215849889341916e-02
4.179403760923335737e-02
4.276719267767126187e-02
4.403769379962966385e-02
4.557628326726878565e-02
4.737807964281261219e-02
4.946043507057850536e-02
5.181157113170584139e-02
5.423972873206667905e-02
5.608763414974499845e-02
5.695636655646546531e-02
5.774625822229752237e-02
5.894481836841142242e-02
6.061285592909031877e-02
6.268005445506470708e-02
6.508639596031873253e-02
6.780224883139977787e-02
7.077366581943519974e-02
7.388369695861966846e-02
7.708084348617430526e-02
8.031714332539514889e-02
8.354924022006671169e-02
8.677259122235315980e-02
8.996611208161398032e-02
9.312949912814789954e-02
9.630149580859879987e-02
9.953326888461015709e-02
1.028561823589625307e-01
1.062962653151687670e-01
1.098543349059351304e-01
1.135424196657657397e-01
1.173955690360155152e-01
1.213970818918251870e-01
1.255292903293838969e-01
1.297631960993378963e-01
1.340825862527274259e-01
1.384830509194495407e-01
1.429720822412651748e-01
1.475622597748908471e-01
1.522627601879160686e-01
1.570788539128987193e-01
1.620058249719782961e-01
1.670312319782411015e-01
1.721377229255585672e-01
1.773099689837544790e-01
1.825380731146936109e-01
1.878199524498818662e-01
1.931534888698991925e-01
1.985404775566537716e-01
2.039875768352205909e-01
2.095063931221242959e-01
2.151150587945751813e-01
2.208304879138484333e-01
2.266536873029849353e-01
2.325831518234907913e-01
2.386068016734336494e-01
2.447167346706036473e-01
2.508992128186111614e-01
2.571431232706799519e-01
2.634437263814050079e-01
2.698044720533038232e-01
2.762329495004013369e-01
2.827411158169497174e-01
2.893459829578753917e-01
2.960570864082578968e-01
3.028783008295182211e-01
3.097997530676563915e-01
3.168008159165614512e-01
3.238609502542738605e-01
3.309692530812889388e-01
3.381197229722279207e-01
3.453112790616875150e-01
3.525510224355111744e-01
3.598519857938547450e-01
3.672237528194147727e-01
3.746637066283720063e-01
3.821686100151061583e-01
3.897330677478753613e-01
3.973433437289479730e-01
4.049882157251246673e-01
4.126618986810062784e-01
4.203645459705806497e-01
4.280990290973432089e-01
4.358729247031835063e-01
4.437004728259840713e-01
4.515909802990790700e-01
4.595439224693948499e-01
4.675487673843538028e-01
4.755914093597253256e-01
4.836595598658004480e-01
4.917484692431445814e-01
4.998559764208966860e-01
5.079796492844865785e-01
5.161197032355804293e-01
5.242775106803891916e-01
5.324592725776924329e-01
5.406745460630441036e-01
5.489305991967894371e-01
5.572287928656434186e-01
5.655640923611311432e-01
5.739289220113218404e-01
5.823127887443219075e-01
5.907080342358465019e-01
5.991046303021962949e-01
6.074987043885979876e-01
6.158925134567471149e-01
6.242908027172070495e-01
6.327037254251127729e-01
6.411425087719818672e-01
6.496120892478207676e-01
6.581130101770026330e-01
6.666299869963847602e-01
6.751446245336062413e-01
6.836441787395992620e-01
6.921201220337196425e-01
7.005712507166933500e-01
7.089995750759388038e-01
7.174139363826808058e-01
