-3.343716000582545866e-02
-9.382058639314839327e-03
4.069536151853628964e-02
2.025269278087484318e-02
1.319264010840508206e-02
-4.818176418398695954e-02
-8.660716315422281042e-01
-1.150390684645465456e+00
-2.222308760795807248e-01
2.030209209443963048e-01
2.919091467911041904e-01
2.547928391634662337e-01
-8.128185168449751641e-02
6.243479440447874049e-03
8.270951709903759386e-02
1.160246564577277067e-01
1.054936870092429008e-01
8.517925875149465198e-02
6.216502154078016457e-02
6.034934941056765978e-02
3.012869952217063496e-02
7.805115070674292777e-02
5.651774629513606901e-02
4.876744358347383582e-03
1.694236480274526058e-02
2.829841266946833689e-02
-9.811556901244417039e-02
-5.658335404034289806e-02
-7.279110398743670989e-03
1.106870606016616826e-02
3.295956181752408842e-02
5.585190261529337369e-02
3.580457644170780690e-02
-9.926988437422917810e-01
-2.857452408606604433e+00
-5.096194959597525331e-01
1.309730178195314121e-01
8.469964001837727852e-03
2.814223998696188667e-01
2.363242620859752965e-02
-2.401706019622830146e-01
7.550826154247812505e-04
1.687570781807536668e-01
4.190175128528469406e-01
4.451415663171895964e-01
3.825766702991524326e-01
-1.087550963138898402e-01
-9.339939002174187099e-02
2.037794529686972819e-02
1.522795203305412348e-01
1.696322444668126317e-01
1.394151999316032564e-01
-3.120502385171314286e-01
-1.382331503332234091e+00
-1.664678521934687405e-01
2.422131886643039966e-01
3.407496588048330999e-01
1.751529032913446693e-01
1.334653873581889971e-01
2.129246402946813332e-01
1.789631358746368861e-01
1.484861239263872146e-01
-2.637263222587345468e-01
-3.113555128160122032e-01
8.813239810130060747e-02
2.515365927281115743e-01
2.663084609641022671e-01
2.526940630610571836e-01
2.456134457033967711e-01
1.868033826508557760e-01
-2.884202016947669256e-02
1.562281270000044284e-02
1.127724005050573519e-01
1.209697486593053761e-01
6.771723323623538016e-02
8.072769408352165055e-02
1.295131511271966351e-01
1.502150399945625658e-01
4.380225424211985769e-02
-6.943052928545329072e-02
7.781683093926061723e-02
9.311560535368759717e-02
1.882570170554261763e-02
4.277675040807558254e-02
1.069865439755624259e-01
1.145495118486601904e-01
1.882994300527206788e-01
1.815675194586648944e-01
1.303306408210729572e-01
1.504155316418669397e-01
1.326135437101277625e-01
1.337262647714275443e-01
5.463220725955460905e-02
3.155271019410961497e-02
8.728587575769571061e-02
1.370735037159514502e-01
1.355066506178580765e-01
1.707891940058825775e-01
1.929479418156924142e-01
1.452450156844729001e-01
1.121797342358298866e-01
6.853867817643219396e-02
3.322677262040352880e-02
4.858807006933077433e-02
1.806556154618089299e-02
8.115911749247059492e-02
1.362660891564310972e-01
1.791687814626560238e-01
2.524024660019468236e-01
1.891061692003627726e-01
4.929284522640330068e-02
-1.111306976396665008e-01
-1.595767048496300466e-01
-8.640376767081752174e-01
-1.253493286936223861e+00
-3.586181860015473788e-01
1.475673590511845101e-01
3.136599133530026395e-01
-2.861740934840423592e-03
-1.669286651237323615e-01
2.436436207673352006e-01
4.437515989352865398e-01
3.958223816021814723e-01
2.281389406747097726e-01
9.650147167910709534e-02
-2.641465890724423171e-01
1.621186474453029103e-01
4.062170855239046752e-01
3.804738987596684718e-01
3.647549012852261963e-01
4.239318715835964091e-01
3.912212749474605622e-01
-7.547446790361269642e-01
-9.990665581439002185e-01
1.824003972085182501e-01
5.414408639894957576e-01
4.368545145934721319e-01
4.671732092412083648e-01
5.370830895187301834e-01
5.772079470012075886e-01
4.765701942108159783e-01
-6.449984745313891432e-01
-1.873539438269164359e+00
8.971802796133497571e-02
6.806169754691565599e-01
8.009597329545106170e-01
7.259384219567348584e-01
6.279950231102995328e-01
6.522473506951218525e-01
6.888706759131633106e-01
4.846894098357948377e-01
4.484953461887687398e-01
3.466122424513545242e-01
2.546754778338297664e-01
2.792395580820787870e-01
2.183741781473753363e-01
2.027246604441045041e-01
2.781159658362387099e-01
3.907165644150044082e-01
4.537295846146971456e-01
5.060837948666344621e-01
5.148913836879753791e-01
5.178059858352487277e-01
6.516162949210841937e-01
6.062046700338716843e-01
6.230443569165287077e-01
6.337911944766605465e-01
6.532768064596438107e-01
6.267028984138747205e-01
6.321280194890186444e-01
