-2.025775348101416674e-03
-4.031030253553398446e-03
-1.488203145419075227e-03
1.982479841547831086e-03
3.447443049126594841e-03
6.678668729952230189e-04
-5.437326482651288345e-02
-1.609683856333398166e-01
-2.111931698586471950e-01
-1.824154800571021473e-01
-1.330634357219077357e-01
-9.010978338136102495e-02
-7.605472340170221779e-02
-7.571276056713985292e-02
-6.563150313958053539e-02
-5.062780012749133057e-02
-3.629696945156667826e-02
-2.530057054083621748e-02
-1.774513005166459406e-02
-1.197893022779441402e-02
-8.413799166951131323e-03
-3.535428285883543582e-03
2.228006018736484843e-03
3.271800586050978635e-03
2.579994974018759261e-03
3.591514010470158239e-03
-2.421785287677338631e-03
-1.143832083415002518e-02
-1.395620681672041057e-02
-1.256762586829351588e-02
-9.250151512904791415e-03
-3.982143736957147705e-03
4.751842427553722506e-04
-5.899711909430598034e-02
-2.759258179092435870e-01
-4.161967853848382859e-01
-3.790899377906575829e-01
-3.271130753437084260e-01
-2.760577008071479765e-01
-2.356140718551187618e-01
-2.308942086033311525e-01
-2.255915586210436863e-01
-1.980496018231938660e-01
-1.504210360494532828e-01
-9.464817372374709215e-02
-4.837306878714158626e-02
-4.020248765376071426e-02
-5.580580504078069826e-02
-5.980294093815154144e-02
-4.842683671128233946e-02
-3.028273205737365067e-02
-1.518429010203055547e-02
-3.053646515163063041e-02
-1.311500028023475373e-01
-1.984871167356054844e-01
-1.693513327236470800e-01
-1.195517617673710342e-01
-8.318752250838584716e-02
-6.334823227293098769e-02
-4.320478177966552424e-02
-2.322545261361140881e-02
-8.952795058502488815e-03
-2.240044840518729680e-02
-5.723383253944164945e-02
-6.472453073448602989e-02
-4.071117356940653909e-02
-1.120462023818007136e-02
1.402519890542915440e-02
3.498221206298140346e-02
4.976004401070521083e-02
4.719967778957830096e-02
3.746522795480990153e-02
3.803042759425936253e-02
4.437534335049090478e-02
4.722478462814104494e-02
4.796631323702963551e-02
5.250070363572500315e-02
6.037003329861936884e-02
6.194447109177585176e-02
5.121545260701247659e-02
4.538757194467761547e-02
4.903375600802734047e-02
4.836704649302753928e-02
4.541590147227371477e-02
4.805864439870441429e-02
5.408121965065851994e-02
6.410974797897321664e-02
7.621519943290319676e-02
8.335096121777628431e-02
8.840116263447310441e-02
9.310403632842513544e-02
9.666582985454762189e-02
9.535905505837623253e-02
8.909864895993627187e-02
8.620160642286428532e-02
8.974505764601818647e-02
9.529329241012016172e-02
1.021780034113847491e-01
1.114023952772656145e-01
1.177857934328974954e-01
1.191050018272471617e-01
1.162569585872988281e-01
1.097488821868379538e-01
1.035096206975717331e-01
9.720651948870115411e-02
9.403443418057222392e-02
9.783514060052656003e-02
1.064159663576843828e-01
1.203852398305163690e-01
1.324105863964334939e-01
1.312579645879266843e-01
1.137790672318743368e-01
8.797799147043051937e-02
2.079528219186323190e-02
-9.704043083391436508e-02
-1.648121122714755749e-01
-1.483304430985933342e-01
-1.012262251493690757e-01
-7.377403817447653056e-02
-7.753040931087942789e-02
-6.446269028489985675e-02
-2.000712891845414509e-02
2.545081902824393449e-02
5.232174204196121670e-02
5.985707595820789068e-02
3.900244723598231961e-02
2.947993599910111312e-02
5.879985225005420618e-02
9.508211251442791334e-02
1.243191199825801757e-01
1.530567588272296053e-01
1.798970673006032861e-01
1.330409092727941056e-01
2.027810684104312811e-02
-1.653683717193261266e-02
3.362341454339273089e-02
8.685404512139130451e-02
1.281309784840436450e-01
1.696705405260501287e-01
2.122300901225167014e-01
2.459813852926201194e-01
2.033742737274041867e-01
3.629270316848690059e-02
-5.017415408850149638e-02
1.176536228296102410e-02
9.941837713818643674e-02
1.745846092764007929e-01
2.293888341682561172e-01
2.741681598747611748e-01
3.179681854129586260e-01
3.471538598594124947e-01
3.616678522629990788e-01
3.682812496924224854e-01
3.649991701693720003e-01
3.604810925260831245e-01
3.553482826538421624e-01
3.476537659982877337e-01
3.453914585814803484e-01
3.545153700986191092e-01
3.721922185866660127e-01
3.940683024378836552e-01
4.165730284010887852e-01
4.372416011075891951e-01
4.641627799784375785e-01
4.924622704099677062e-01
5.165783922013911234e-01
5.401602439608218509e-01
5.635489188496143331e-01
5.844664848065854734e-01
6.028463774195350622e-01
