-9.987856305290563480e-03
6.300288696421973283e-03
4.910675124153462967e-02
2.541912214958866323e-02
2.116012963605519437e-02
-4.121730203510041990e-02
-8.112825014988535033e-01
-1.015151308102119510e+00
-7.478001572797954299e-02
2.961352823963523395e-01
3.290446121920034273e-01
2.533908174654819767e-01
-8.704387694279173970e-02
5.707364040586568321e-03
7.944027957352120528e-02
1.095029791080850690e-01
9.136681421728601316e-02
7.219792587547411988e-02
5.232280211566380651e-02
4.932383909746874961e-02
2.366147860288893290e-02
6.945137358995739918e-02
4.680825622469154262e-02
3.014031089684017506e-03
1.899703490374095305e-02
2.834508812967009850e-02
-8.915999731899693082e-02
-3.984619604508178592e-02
9.936129194285266836e-03
2.809741887463305249e-02
4.733806899260505074e-02
6.497196906889177170e-02
4.184574568695096503e-02
-9.342011722863839962e-01
-2.621299838381348835e+00
-2.105871525794503762e-01
3.354588873898008416e-01
1.365168636524934365e-01
3.554368761507510355e-01
5.830217403884535576e-02
-1.992898433072246012e-01
3.809989516637835028e-02
1.852937605400100662e-01
4.036345428008912828e-01
4.022832393764177450e-01
3.208412074791604507e-01
-1.540058568873542977e-01
-1.041244324429181356e-01
2.335472702502278466e-02
1.574195598524683881e-01
1.655014952057551614e-01
1.292367331649683093e-01
-3.003894135063424620e-01
-1.277932058930779213e+00
-2.341918190058966953e-02
3.382156393736071021e-01
3.838900892166162704e-01
1.982517670547211397e-01
1.376493200937746186e-01
2.094620133561267417e-01
1.739452891067554963e-01
1.356317903530334101e-01
-2.536062960875534733e-01
-2.625592257812497388e-01
1.282201383497407476e-01
2.636891648385761289e-01
2.663033173702980538e-01
2.432374292011575123e-01
2.254864505896551075e-01
1.453892646142226075e-01
-4.170954722680506044e-02
-3.956824370801886870e-03
1.031092631313012820e-01
1.270227576562469041e-01
6.720883444937528206e-02
8.248873676865398075e-02
1.328236402788859905e-01
1.560820466427944309e-01
4.999553618338742345e-02
-4.305258299320335880e-02
9.796284049815737194e-02
8.687176553835859738e-02
7.798739923154607290e-03
4.537487971887807503e-02
1.234741575167598582e-01
1.316123051185196791e-01
2.063392151033252297e-01
1.941808405996350018e-01
1.223990744241263973e-01
1.550881233510936208e-01
1.457598514765061637e-01
1.468649577992182653e-01
7.347542870752266086e-02
5.393984856191258448e-02
1.059168240240180303e-01
1.291161619727607679e-01
1.252604341227283036e-01
1.759305344162692686e-01
2.009838581224365206e-01
1.363812888060244588e-01
1.226354553305072370e-01
8.047351407189151651e-02
5.697157713423106618e-02
8.025667108722267518e-02
5.336849105936652959e-02
1.276418301549250289e-01
1.881567742454010039e-01
2.262502337903112837e-01
2.756688806448858164e-01
2.086329176561184107e-01
8.226036458747021385e-02
-5.592497342038976749e-02
-8.925980842028274909e-02
-7.276360284332932249e-01
-1.042956117053711607e+00
-1.241696996886846871e-01
3.309538859354949070e-01
4.368799318626349071e-01
9.332421305722368721e-02
-6.732947575022465991e-02
3.435987154707837998e-01
5.000370017281202673e-01
4.363606235494562613e-01
2.557305525789231870e-01
1.225206934926885149e-01
-2.178909790202651631e-01
2.384874464363118673e-01
4.557101614266200751e-01
4.046307357091970536e-01
3.787881042793039277e-01
4.225900705662580248e-01
3.697500197728218474e-01
-7.069697667975187727e-01
-8.779215584068501554e-01
3.235342726521783785e-01
6.233821007566816563e-01
4.693048360686772336e-01
4.835534219923977028e-01
5.273109707742626995e-01
5.422579035517773871e-01
4.383834303085850648e-01
-5.991916663858722902e-01
-1.732332584419530530e+00
2.801114117002249104e-01
8.030844243823496154e-01
8.125979736799264774e-01
6.771438396070952326e-01
6.027142407750760711e-01
5.946615396257938224e-01
5.731055376462337314e-01
3.712335603650842586e-01
3.576826353774801293e-01
3.028838351983654809e-01
2.386157221234389558e-01
2.725491479157733377e-01
2.308325545311036286e-01
2.310124111214870712e-01
2.916605196721889781e-01
3.814298411948355838e-01
4.155877609370142167e-01
4.633495732179591098e-01
4.615317725033402096e-01
4.700723703324204417e-01
5.690436566635569404e-01
5.228356336405752813e-01
5.178113577668775891e-01
5.247601942660117258e-01
5.416062112106641013e-01
5.212696898665527545e-01
5.290848582408282930e-01
