-7.547056195711847604e-01
-7.539152317813428983e-01
-7.552810817039568025e-01
-7.544915668860381341e-01
-7.539367134114038915e-01
-7.529719218187578278e-01
-7.553543461795396707e-01
-7.545596364642509490e-01
-7.539619289641334987e-01
-7.531280316277365605e-01
-7.520019413198869573e-01
-7.505507877773265335e-01
-7.492917670749229542e-01
-7.483325823342033001e-01
-7.469342307328138419e-01
-7.449170732767957936e-01
-7.421896683373928605e-01
-7.386678448658940965e-01
-7.341293003312967524e-01
-7.279796221554253322e-01
-7.197678457668710283e-01
-7.052001569973681550e-01
-6.704364370024353814e-01
-5.953166028104324159e-01
-3.053626398215091298e-01
-1.252410020293947213e+00
-1.233764680777511114e+00
3.619849243819868168e-01
-9.704413477103035479e-02
7.172978107414564874e+00
-1.127772662054963959e+00
-8.963980644750060289e-01
-8.405168973726113713e-01
-7.049615703889469120e-01
-7.480263827312114699e-01
-7.503802091190595602e-01
-7.499016092077270823e-01
-7.490687876373782750e-01
-7.480000564188535872e-01
-7.467836406282235551e-01
-7.459791414323251324e-01
-7.451422073295990156e-01
-7.437301190357156200e-01
-7.413464365123151323e-01
-7.373985330408571182e-01
-7.313791025606579677e-01
-7.260527580602857967e-01
-7.236985260839169376e-01
-7.202482526757871817e-01
-7.130344684360037100e-01
-6.992134875433032581e-01
-6.748176235629022024e-01
-6.697402722294429900e-01
-7.150958391344856002e-01
-7.278280513777265481e-01
-7.262261432056432708e-01
-7.196631300595845993e-01
-7.099576241329147441e-01
-6.984450966881888823e-01
-6.778097715219449926e-01
-6.285549966414021306e-01
-4.637253341285977326e-01
-3.871488839616436528e-01
-5.850369242963749938e-01
-6.038662823476124153e-01
-4.391930915743469388e-01
-1.287438507777855179e+00
-8.923707865424539420e-01
-8.333523982235626626e-01
-8.114868769341969656e-01
-8.041628305416888001e-01
-8.019289417136749032e-01
-7.981818850565480794e-01
-7.932609638370691219e-01
-7.896045184973279341e-01
-7.869422151471199278e-01
-7.840173964530380291e-01
-7.808514459834406951e-01
-7.786034781756602241e-01
-7.778164000099503372e-01
-7.769277939261879373e-01
-7.754182264134443781e-01
-7.744428007802635072e-01
-7.737399218457110539e-01
-7.725165369631499246e-01
-7.709195730650073575e-01
-7.690438137675893460e-01
-7.670917404336826673e-01
-7.654993042131899017e-01
-7.641037470885712057e-01
-7.627707821236278107e-01
-7.615396216886465286e-01
-7.604633914720808630e-01
-7.595233398023566451e-01
-7.585920928859650747e-01
-7.576419007915649040e-01
-7.567091219791860501e-01
-7.557932071423245635e-01
-7.549039661301785165e-01
-7.540503320511462437e-01
-7.532147889053799616e-01
-7.523785727876280971e-01
-7.515192633474927497e-01
-7.506524263767425653e-01
-7.497700332827654801e-01
-7.489203307756769901e-01
-7.482023547981803135e-01
-7.476160110645730938e-01
-7.471612756022811830e-01
-7.467185912624662025e-01
-7.460890045624289924e-01
-7.451378918849304034e-01
-7.438696848065492473e-01
-7.410836694416094161e-01
-7.328558990989140209e-01
-7.160087928430978188e-01
-7.069109166385642018e-01
-7.123363251161493048e-01
-7.156900818501730210e-01
-7.125319871327379095e-01
-7.143066803545864429e-01
-7.231792638379584970e-01
-7.297873910580702228e-01
-7.331327117278489958e-01
-7.344445288592468257e-01
-7.336863151435587538e-01
-7.331279567623552040e-01
-7.347451241429507895e-01
-7.365107789478144706e-01
-7.377473380238528389e-01
-7.387387456994484181e-01
-7.394677065691673823e-01
-7.381904861994237343e-01
-7.336973903350103576e-01
-7.301436339874437520e-01
-7.312043918621426997e-01
-7.328774268301692096e-01
-7.341784631144459006e-01
-7.354605294544732663e-01
-7.366368701318601886e-01
-7.374594987312010907e-01
-7.364766852375770334e-01
-7.307770014634678013e-01
-7.238685656839304317e-01
-7.248444908678820520e-01
-7.280522537444256148e-01
-7.306993584204453107e-01
-7.325784707139810781e-01
-7.340152108312737456e-01
-7.351366568814738933e-01
-7.357428512499346596e-01
-7.359405631191324737e-01
-7.359359634475944878e-01
-7.357002001330099628e-01
-7.353440498837391370e-01
-7.349044583223833804e-01
-7.343608114619586402e-01
-7.338379077675575290e-01
-7.334565006393733988e-01
-7.332054516998631755e-01
-7.330578276886722255e-01
-7.329633618061009992e-01
-7.328725298515772479e-01
-7.328834277503967209e-01
-7.329286973119254478e-01
-7.329151303258525374e-01
-7.328341448034638717e-01
-7.326773054124735562e-01
-7.324823449100866801e-01
-7.322786517971633380e-01
-7.320932968765766491e-01
-7.319287959886047190e-01
-7.317788742680839675e-01
-7.316277351417582731e-01
-7.314527868553969414e-01
-7.312374407547050925e-01
-7.309765721727972121e-01
-7.306769500958159025e-01
-7.303559462159263660e-01
-7.300225425914808053e-01
-7.296801940570312173e-01
-7.293418742327134607e-01
-7.290199249333553233e-01
-7.287304102054097399e-01
-7.284887282755633242e-01
-7.282718728690307231e-01
-7.280610957878459466e-01
-7.278394669003471762e-01
-7.275986587476739320e-01
-7.273366037232777970e-01
-7.270439337746995578e-01
-7.267298528863981311e-01
-7.264099841218792930e-01
-7.260987508861311834e-01
-7.258046031152745048e-01
-7.255437005995515332e-01
-7.253152513333933626e-01
-7.251071963633952677e-01
-7.249011760315597908e-01
-7.246673402322503232e-01
-7.243898986987677979e-01
-7.240776159822981395e-01
-7.237442852643201086e-01
-7.233968414714186945e-01
-7.230491677641077697e-01
-7.227192224435307066e-01
-7.224153445775490789e-01
-7.221204444193189964e-01
-7.218208549765745552e-01
-7.215182809698499344e-01
-7.211981670005827016e-01
-7.208511812101072724e-01
-7.204847923212850391e-01
-7.201098724046963717e-01
-7.197352513592891743e-01
-7.193673959506232674e-01
-7.190225738351455620e-01
-7.187069804342396395e-01
-7.184068829563893255e-01
-7.181016298909783657e-01
-7.177753460348017533e-01
-7.174227200399307947e-01
-7.170517609231590317e-01
-7.166731988620008709e-01
-7.162872507310916737e-01
-7.158969584644790940e-01
-7.155063368983780592e-01
-7.151216676592523358e-01
-7.147547200609678519e-01
-7.144092197834807090e-01
-7.140785356302079556e-01
-7.137493766334432888e-01
-7.134126596778287421e-01
-7.130598083231330930e-01
-7.126902429186789956e-01
-7.123017162730140850e-01
-7.118944560839962632e-01
-7.114833141510189529e-01
-7.110763857426469770e-01
-7.106831903197016187e-01
-7.103162709611795522e-01
-7.099705770355018153e-01
-7.096396488372150868e-01
-7.093012061828496417e-01
-7.089278292074978616e-01
-7.085215573124420407e-01
-7.080887145040153374e-01
-7.076402508088039944e-01
-7.071868453171481494e-01
-7.067397108476537460e-01
-7.063152416771620867e-01
