-6.354357700952065202e-04
-7.237866758693156178e-04
2.799059713656967298e-03
6.844532062942982817e-03
9.014279380722561158e-03
6.825671073492510857e-03
-4.753671510985366805e-02
-1.521393470508657919e-01
-1.995639189724634499e-01
-1.689799985086271605e-01
-1.191324414399283216e-01
-7.659929572319978952e-02
-6.331131658503906523e-02
-6.355161501837200411e-02
-5.396380819094118153e-02
-3.920364446668073849e-02
-2.512495641866267088e-02
-1.433138159988273791e-02
-6.643770060732866016e-03
-7.730705081316928060e-04
2.894017485114757423e-03
7.846556586539184600e-03
1.348551851812757746e-02
1.469869147397778221e-02
1.450599786141873980e-02
1.582727842553919781e-02
1.009745279098689386e-02
1.630635477705210529e-03
-3.039913767232396095e-04
1.750046408685512625e-03
5.825504556157145956e-03
1.172698538290160505e-02
1.663985419844257047e-02
-4.217357405382569924e-02
-2.563614897129683490e-01
-3.912221124559501773e-01
-3.504420269266700916e-01
-2.969692348954149907e-01
-2.452265778413439123e-01
-2.049728039355386000e-01
-2.005235883272101505e-01
-1.952248851028054455e-01
-1.681073331711479268e-01
-1.213370357597359783e-01
-6.659158777436738341e-02
-2.142616208257171889e-02
-1.433472230022518612e-02
-3.009755931637428036e-02
-3.356221245786517038e-02
-2.122913401214897994e-02
-2.089033460552273958e-03
1.367491156483286938e-02
-1.055110375198014747e-03
-9.994189323924025647e-02
-1.638638790305868009e-01
-1.318558701638237185e-01
-8.033860690065303123e-02
-4.253237608246123597e-02
-2.169855048484879353e-02
-1.160093951935600720e-03
1.946602690610253414e-02
3.419042752855311340e-02
2.102806449313063264e-02
-1.256774396801915716e-02
-1.897711664584674635e-02
4.874988386162831117e-03
3.423151333520509099e-02
5.990016006662518544e-02
8.120569926729004351e-02
9.486819742836705149e-02
9.134463170018143618e-02
8.053969844245903453e-02
7.958652012830512434e-02
8.608841950320582359e-02
8.959573067599653495e-02
9.061109173343201428e-02
9.563945019657558999e-02
1.045240255225203391e-01
1.072621237118518839e-01
9.819549015583495244e-02
9.388105311488544047e-02
9.689615836154095996e-02
9.406397569288758864e-02
8.961419761287145458e-02
9.256872261116098899e-02
1.000561651254453926e-01
1.121664026543858356e-01
1.266243621650426643e-01
1.347666903059233645e-01
1.405530597420935335e-01
1.471636035022756972e-01
1.529128478011562708e-01
1.536968063975742704e-01
1.493097886918878237e-01
1.476268644293905197e-01
1.504457288113849878e-01
1.541094255646920930e-01
1.605595712279829779e-01
1.709002923052552192e-01
1.777351058939518613e-01
1.797495874202309496e-01
1.782895658677209061e-01
1.732760674674582724e-01
1.689703530653785812e-01
1.646358213597262921e-01
1.639800449996343112e-01
1.712989884293434906e-01
1.837733536961076442e-01
2.005136210553753739e-01
2.144084765114300239e-01
2.156412558693813764e-01
2.012969956945719896e-01
1.786546191438657116e-01
1.155179752373014374e-01
2.904246587731459939e-03
-5.928920509722498261e-02
-3.808108210876062077e-02
1.234060212273663248e-02
4.228817500503467830e-02
4.094581907405669269e-02
5.723589918943419730e-02
1.044630154731360505e-01
1.523387697212942038e-01
1.815583446595989414e-01
1.904088944566341701e-01
1.699460695721816961e-01
1.619792834536899762e-01
1.933213744185086902e-01
2.306902469223285901e-01
2.607508333815629076e-01
2.899770473561010253e-01
3.160954172155022723e-01
2.690071377199823033e-01
1.568599699403200876e-01
1.211531055675424962e-01
1.723013522412227272e-01
2.254768408478280695e-01
2.668805591903307683e-01
3.086442868761948843e-01
3.505867133195644803e-01
3.836320915237779738e-01
3.427115747301704984e-01
1.772132074428866833e-01
9.205966117783673242e-02
1.558379871482040990e-01
2.428999884829038947e-01
3.146587050605780811e-01
3.686985139712896653e-01
4.141581562071385836e-01
4.545365122248038459e-01
4.780941235854179183e-01
4.884246340299164268e-01
4.943639056171538204e-01
4.932067926598315277e-01
4.909773096328412523e-01
4.883564196272475733e-01
4.838221729697932405e-01
4.837193733921996697e-01
4.926396082985934899e-01
5.078138677368330134e-01
5.271547219555804409e-01
5.476167608702806611e-01
5.670600345935405961e-01
5.919296959541194836e-01
6.175482130825825644e-01
6.391332786864113435e-01
6.567274787933201630e-01
6.705240658231624851e-01
6.833323200345037263e-01
6.970202270355176921e-01
7.130261371979701446e-01
7.309957478471065251e-01
7.502124521544807356e-01
7.693920339957847077e-01
7.869999592140595190e-01
8.020789427233377955e-01
8.146202055547407950e-01
8.253986840965540361e-01
8.358357770135874665e-01
8.463661756131669600e-01
8.570546101786366000e-01
8.686857547301038984e-01
8.818945561156953383e-01
8.975763927563926714e-01
9.164969365524680001e-01
9.363400547987235090e-01
9.558484425826343500e-01
9.738465075558825346e-01
9.902091099827389220e-01
1.005000871674176954e+00
1.017773997604667580e+00
1.029555334633426300e+00
1.041675888044420795e+00
1.055075669655510806e+00
1.070103714040360199e+00
1.087798017017893359e+00
1.107580537202221160e+00
1.128275174425192651e+00
1.148313858279024879e+00
1.165456289293473668e+00
1.178996329449159886e+00
1.190370921302591256e+00
1.200980422277745596e+00
1.211362118326882342e+00
1.222580884274347079e+00
1.235852599512457406e+00
1.251367905296099536e+00
1.267138543131187678e+00
1.282078398217490367e+00
1.296551114169027574e+00
1.309337697411796508e+00
1.320010421987931615e+00
1.329569214739418026e+00
1.339064612770302531e+00
1.349108430702016026e+00
1.360036770916611681e+00
1.373034459554312470e+00
1.388132568603351658e+00
1.403768754008359654e+00
1.418149242956126432e+00
1.430280865528339662e+00
1.440200035718662841e+00
1.449041019122011331e+00
1.457806953119083371e+00
1.466379489915846879e+00
1.474970876052757118e+00
1.483798563807145143e+00
1.493296061427430876e+00
1.504266224323934198e+00
1.516676156085867477e+00
1.529691582869792121e+00
1.542130287718142867e+00
1.553452581723273385e+00
1.563181120855812845e+00
1.571646026573637611e+00
1.578801557834099700e+00
1.584910247569665254e+00
1.591312444079144406e+00
1.598459737171576966e+00
1.606910901638542111e+00
1.617358978543821380e+00
1.628918536926246219e+00
1.640947820817570069e+00
1.651508564171070725e+00
1.658817116462979913e+00
1.663783815607357885e+00
1.667306343858058426e+00
1.670465107539211402e+00
1.673984069837123112e+00
1.678558500476287518e+00
1.685127468977696275e+00
