-7.118822855390117832e-01
-7.116819507969905922e-01
-7.109903080225572491e-01
-7.172304160583717891e-01
-7.129336685525518025e-01
-7.138329819595867765e-01
-7.118485559112521788e-01
-7.117325912472912686e-01
-7.115210081112862683e-01
-7.111940162827544709e-01
-7.107534674844910860e-01
-7.101983929265065498e-01
-7.097220657647581588e-01
-7.093545795201972037e-01
-7.088348643573659791e-01
-7.081190261135191788e-01
-7.072002205438118194e-01
-7.060893443084446108e-01
-7.047918611348515938e-01
-7.032280121290777064e-01
-7.014289062635177263e-01
-6.988810918269421357e-01
-6.948055158150708843e-01
-6.904659746533418074e-01
-6.860499567960651746e-01
-6.790302705124500182e-01
-6.794551425969992398e-01
-6.852278740982630234e-01
-6.864728012146176228e-01
-6.851291363818891034e-01
-6.815857275506622681e-01
-6.732260433797442323e-01
-6.580770853871836801e-01
-6.991807586003980779e-01
-7.087231205248866184e-01
-7.097729989972817455e-01
-7.096105868317809096e-01
-7.092925590511320877e-01
-7.088809202594102965e-01
-7.084144320232398373e-01
-7.081113335082616089e-01
-7.077963899464538855e-01
-7.072649049922261622e-01
-7.063898348120410953e-01
-7.050164791673874110e-01
-7.030904148552835631e-01
-7.015080791000595228e-01
-7.008107277094441923e-01
-6.998659365800002918e-01
-6.981136651397891191e-01
-6.952983313047473857e-01
-6.915022987247809727e-01
-6.908969958410731138e-01
-6.985671545354291689e-01
-7.018163583912995218e-01
-7.013863269961119196e-01
-6.997215434322021643e-01
-6.976329051082581501e-01
-6.956004319799721225e-01
-6.927290905399439147e-01
-6.884089461553862810e-01
-6.826972229130238157e-01
-6.818297479288448759e-01
-6.867563171016806134e-01
-6.877511251356823729e-01
-6.832271757672405688e-01
-6.728252642087372282e-01
-6.499100078349534515e-01
-5.667580709680437590e-01
-1.445207141652782745e+00
-8.997698808491052525e-01
-8.688431082721634890e-01
-8.219021667499977202e-01
-7.878975597600974545e-01
-7.728082626470782479e-01
-7.647109856815380580e-01
-7.567446175786997076e-01
-7.492838973064631647e-01
-7.454468497168348362e-01
-7.462819800497426659e-01
-7.468449185201330165e-01
-7.445426440255911160e-01
-7.435189086508979806e-01
-7.434487617007133897e-01
-7.419606782768712883e-01
-7.395116168676976187e-01
-7.363158193817880282e-01
-7.330247036824278917e-01
-7.307466317709476744e-01
-7.289859727661014421e-01
-7.274531040175373775e-01
-7.261826264397268638e-01
-7.253695319984692080e-01
-7.250235133664525433e-01
-7.246058816607302555e-01
-7.238456160833945940e-01
-7.229730059199943604e-01
-7.220564167717506976e-01
-7.210695919566837420e-01
-7.202225062875002859e-01
-7.195856980879627995e-01
-7.191161485796309094e-01
-7.187971979488484431e-01
-7.185286163082331701e-01
-7.183005345885185022e-01
-7.180320611067284586e-01
-7.175960226802543529e-01
-7.170367135078001830e-01
-7.163730324266148752e-01
-7.157482281556708514e-01
-7.153096354989720851e-01
-7.150838647425799000e-01
-7.150214325836962148e-01
-7.158181594000726511e-01
-7.297554379794589652e-01
-7.039613379942392113e-01
-7.061102121567276457e-01
-7.052201980562549100e-01
-7.044300299459878012e-01
-7.052543227983306684e-01
-7.048993106594092506e-01
-7.008504130592275727e-01
-6.762590558394607765e-01
-7.594461621682619956e-01
-7.313161394231211254e-01
-7.332858321990228800e-01
-7.341723643520124964e-01
-7.228176954146561251e-01
-7.180900408487367326e-01
-7.160312226619931497e-01
-7.147695749347171557e-01
-7.139081501860469192e-01
-7.136670416127324224e-01
-7.143676271006625944e-01
-7.154086924044776863e-01
-7.142269489167966112e-01
-7.132715747365783177e-01
-7.126722193690984142e-01
-7.122185151049599261e-01
-7.118610742750198783e-01
-7.115608874735981360e-01
-7.111883182936746817e-01
-7.101964176155721731e-01
-7.080136794895204311e-01
-7.084058392890263400e-01
-7.093155071082535290e-01
-7.097538160972485244e-01
-7.099049812234897727e-01
-7.099413320294705176e-01
-7.099351744499217132e-01
-7.098528391129823589e-01
-7.097058647392220365e-01
-7.095210405192228231e-01
-7.092900422207613076e-01
-7.090391585255085838e-01
-7.087726228372269732e-01
-7.084812899494516980e-01
-7.082002568098163531e-01
-7.079693478785566985e-01
-7.077892593279582201e-01
-7.076435236080808044e-01
-7.075142159066980518e-01
-7.073857905124778522e-01
-7.072920472957913152e-01
-7.072131323896437838e-01
-7.071191466500833522e-01
-7.070232486965701835e-01
-7.069257118535148265e-01
-7.068169586402447413e-01
-7.066948422397569818e-01
