1.293189660420778452e-02
2.301778034079435611e-02
6.842175571815733992e-02
5.054357680816647103e-02
5.235574938918757804e-02
-1.934054592274690731e-02
-8.823688192576022438e-01
-1.246826295442973409e+00
-3.502509892355865628e-01
1.070235092422695267e-01
2.446153117923381137e-01
2.445127916967343440e-01
-7.904340919834636214e-02
5.950699224975541934e-03
9.141350269043535537e-02
1.441243904984833568e-01
1.392135474219595159e-01
1.316941390777550125e-01
1.175329323590973973e-01
1.122782009711645879e-01
8.580083761416643084e-02
1.295055529978417219e-01
1.079322038899248881e-01
6.370498920369357942e-02
7.442603532502593822e-02
7.827183076692348362e-02
-5.106524826275311846e-02
-1.694026771662224956e-02
3.043955429639309818e-02
5.580640756089079446e-02
8.370226042079362272e-02
1.101056622419139958e-01
9.306015691813104840e-02
-9.865311432540859737e-01
-3.018443890010789943e+00
-7.677862569265319070e-01
-8.213088424239461949e-02
-1.411114362487038698e-01
1.985619849515320168e-01
-2.479521008125390447e-02
-2.707681697039957536e-01
-2.717956696557408125e-02
1.618146855358348624e-01
4.510337062581119549e-01
5.291885982602458904e-01
4.971735216518486378e-01
2.564751586549909868e-03
5.955637497740348674e-03
1.132785272307220287e-01
2.627637846060867921e-01
2.907661314303260913e-01
2.657408689293015436e-01
-2.040480915105331028e-01
-1.352105978332848402e+00
-1.811517542674468961e-01
2.636090803852992881e-01
4.101126375819654224e-01
2.974113893168597311e-01
2.545622874568930216e-01
3.503185483790848820e-01
3.412870364008029345e-01
3.056009761842166661e-01
-1.216097829090232035e-01
-1.902321793338500877e-01
1.795434730216833585e-01
3.501800917681963110e-01
4.069651389527557672e-01
4.221369561217978572e-01
4.242462094462444155e-01
3.296374965002282775e-01
1.350358349796426938e-01
1.199252768573841610e-01
2.235920002389930605e-01
2.720583313515110846e-01
2.061297608268980452e-01
2.184313760896794965e-01
2.767241277561925394e-01
3.182811447636579860e-01
2.104008261770079768e-01
1.072329680890746761e-01
2.298044144841756564e-01
1.980465844765167127e-01
1.027069352338661479e-01
1.410530820428211041e-01
2.421197419586629818e-01
2.702705727909161526e-01
3.748344421491742740e-01
3.875938436890362659e-01
3.043088626301980737e-01
3.523362184861306146e-01
3.572833370526783958e-01
3.621813599528517225e-01
2.856338036828862670e-01
2.500291640893311795e-01
2.888082803491298090e-01
2.872820168651870065e-01
2.837919444592317264e-01
3.604515993303731292e-01
4.083500028082827082e-01
3.343534059241531908e-01
3.351391476053406926e-01
2.826425959414428091e-01
2.527250584027286862e-01
2.711799404392304380e-01
2.369790766218751732e-01
3.232875977934455136e-01
4.105277283757470808e-01
4.749345950049393972e-01
5.369363980221752985e-01
4.889890751811627467e-01
3.645011252380554456e-01
2.012403033996643109e-01
1.235115494385614632e-01
-6.025022582914096869e-01
-1.095509370256152026e+00
-2.353585055596406628e-01
3.003567638005370521e-01
5.229868714093014459e-01
2.447482818210167665e-01
8.691294627157161723e-02
5.450483551481479783e-01
7.732432296526643434e-01
7.922354540711129545e-01
6.362145683732811641e-01
4.841219647798813419e-01
7.678797818205679304e-02
5.277535240723618681e-01
7.868471930074988352e-01
7.824868248419348804e-01
7.905095131199471048e-01
8.561374264984600302e-01
8.077163811767141821e-01
-3.643938484519730903e-01
-7.566229470391776513e-01
4.144543446715996948e-01
8.230331733691071960e-01
7.609511126285408711e-01
8.495013639558461893e-01
9.453630375551724807e-01
1.002571804908167552e+00
9.318378490807178727e-01
-1.759719295226261915e-01
-1.653569033906594710e+00
2.530940462000583757e-01
9.394786624686342069e-01
1.083146724208432055e+00
1.051189167805801183e+00
1.097358573618066657e+00
1.121356877205234248e+00
1.083236174818455577e+00
8.773921005633728010e-01
8.533823140341807445e-01
8.116395191314307311e-01
7.333302826259864293e-01
7.423396676329456767e-01
6.915028854166019867e-01
6.811739564620910015e-01
7.163005969104324633e-01
7.959390974077860115e-01
8.263753895552212736e-01
9.002365496193748262e-01
9.170865304753178515e-01
9.551109735414348156e-01
1.053960094442338180e+00
1.038011607713666073e+00
1.027231580545846956e+00
1.042190542862394542e+00
1.068841979137712617e+00
1.063281038205896145e+00
1.078878182558116183e+00
