7.889553786451284191e-04
2.833726869816095839e-03
8.006557963798743155e-03
1.410500066603477543e-02
1.873034138074908955e-02
1.866255785461173530e-02
-3.798661575804601620e-02
-1.591640536019558461e-01
-2.338695482514302482e-01
-2.238123706127409240e-01
-1.817191506441719340e-01
-1.368441666549072289e-01
-1.165895101809492351e-01
-1.113186353032183384e-01
-9.663792846215217558e-02
-7.545787090069115688e-02
-5.372700276733768932e-02
-3.480418240171342936e-02
-1.890020897171660816e-02
-5.502010506262188308e-03
4.861602296488347352e-03
1.560126592578661882e-02
2.659769487860463161e-02
3.280268628923454360e-02
3.679022140139393687e-02
4.140656971441847994e-02
3.805613927424517096e-02
3.008329645353376852e-02
2.782560282016276199e-02
3.004660327550815260e-02
3.520134129563939202e-02
4.304484263361454954e-02
5.058466062527902651e-02
-9.371185629850904697e-03
-2.472613582029394019e-01
-4.371087040109423727e-01
-4.416237324723463753e-01
-4.127131417598655094e-01
-3.706210066659778590e-01
-3.284592852964344223e-01
-3.186335354701424483e-01
-3.089899029690798549e-01
-2.754814536614793585e-01
-2.173789585480412068e-01
-1.443132763455890477e-01
-7.605597541143149787e-02
-4.624121389418361927e-02
-4.619006847832630297e-02
-3.882192101288325925e-02
-1.664175284338123562e-02
1.371855964484361770e-02
4.143390519289946727e-02
3.672189893891338042e-02
-6.326860434487260876e-02
-1.453077028552597350e-01
-1.268108871964423456e-01
-7.690349467116222582e-02
-3.103546851907262177e-02
1.275186908085236548e-03
3.393186805491065633e-02
6.832168352026182778e-02
9.688440858855851268e-02
9.490964518775450720e-02
6.559107466327257496e-02
5.832355828816431637e-02
8.296376395542222337e-02
1.181867206594432729e-01
1.541225887717366794e-01
1.876927769770518339e-01
2.125992922270472374e-01
2.182957872318475323e-01
2.121257068601118956e-01
2.124740888917283632e-01
2.218351314096654592e-01
2.291939589139635469e-01
2.331512725311252476e-01
2.412052811787575857e-01
2.544616029253666811e-01
2.623449912802048867e-01
2.573843267022816184e-01
2.549103325285236310e-01
2.577764073300114478e-01
2.529338554479143575e-01
2.457723326139391873e-01
2.477650907551333104e-01
2.569940260823925238e-01
2.733340665651858292e-01
2.947555383933002648e-01
3.098271625512544203e-01
3.219185131690699420e-01
3.360451200491730850e-01
3.496093891815491017e-01
3.577142270350184283e-01
3.588858535389959359e-01
3.606334799694761450e-01
3.645472118102591752e-01
3.680168844089725111e-01
3.758559971285816981e-01
3.903212326551546707e-01
4.017123238697649645e-01
4.081469471470513533e-01
4.110569839900395372e-01
4.092017526892621215e-01
4.072530865815427448e-01
4.046683092148011807e-01
4.059033258973793190e-01
4.173165129352655600e-01
4.365323622155028449e-01
4.613798872752523650e-01
4.845086036497845972e-01
4.953704733316964814e-01
4.886295039581073363e-01
4.691186517213959406e-01
4.032684635358087522e-01
2.737620722727601708e-01
1.823001069420276399e-01
1.801371523528353114e-01
2.208314807946943625e-01
2.522165533641593793e-01
2.549835814212129126e-01
2.765191280255519524e-01
3.352551125945407717e-01
4.019692596027798492e-01
4.537636856902147464e-01
4.828643752986150339e-01
4.763372843706200066e-01
4.759434185476917323e-01
5.170322781477282303e-01
5.685644437860639666e-01
6.156656307296894948e-01
6.631134215946619115e-01
7.072079286156913724e-01
6.734523724860548288e-01
5.547586679972558166e-01
4.982662479833794289e-01
5.376842175731741946e-01
5.919208881361683883e-01
6.426723285286002341e-01
6.993651786895369593e-01
7.596241834880470556e-01
8.132965078910091572e-01
7.908011963441800019e-01
6.196146459939226858e-01
5.004293671070420002e-01
5.412715265807188647e-01
6.244496651949782429e-01
7.050385965254608589e-01
7.786958291995054182e-01
8.494420577220447299e-01
9.127772687418540531e-01
9.559336556158151144e-01
9.828173438801373063e-01
1.004134651670360645e+00
1.017178260393334366e+00
1.026014285508151103e+00
1.032200955307558177e+00
1.035064754351568306e+00
1.039898696458539495e+00
1.051680483192113602e+00
1.069136898109470213e+00
1.091592508719557708e+00
1.117497620965875349e+00
1.144652532764856012e+00
1.177862327428508493e+00
1.212937792726644926e+00
1.243667678276433763e+00
1.272404165328767656e+00
1.301523615725001637e+00
1.329689004391589435e+00
1.356509032271088433e+00
