-1.476236655733039083e+00
-1.476489291285597583e+00
-1.476606919404912954e+00
-1.476898619528773660e+00
-1.477281014358656330e+00
-1.477993119531357147e+00
-1.475013252610881231e+00
-1.476187504651071514e+00
-1.476739338814510472e+00
-1.477485912611065544e+00
-1.478580110056354036e+00
-1.480174800970302185e+00
-1.481585212012172859e+00
-1.482539167388517098e+00
-1.484223546618935075e+00
-1.487201859972543838e+00
-1.492327605114614153e+00
-1.501606691517795689e+00
-1.522722342117534655e+00
-1.620932782100141800e+00
-1.248639557325213811e+00
-1.414498280942251496e+00
-1.441420813535277956e+00
-1.449077800395289994e+00
-1.452977506467834301e+00
-1.456398502355954250e+00
-1.455783524927122485e+00
-1.451835043375558687e+00
-1.450930870854533650e+00
-1.453460079757955992e+00
-1.457317270227928230e+00
-1.461279721737171133e+00
-1.464117589415473208e+00
-1.568166703666929784e+00
-1.478760084404649122e+00
-1.478118752435037209e+00
-1.478770276466896183e+00
-1.479645105443080588e+00
-1.480751604642256858e+00
-1.482039730207695971e+00
-1.482886190971712814e+00
-1.483769490638061184e+00
-1.485385884491362329e+00
-1.488557284480437781e+00
-1.495472059891507666e+00
-1.512927335000969986e+00
-1.536902705777375422e+00
-1.539414584632127214e+00
-1.553649590920438417e+00
-1.664844425056797750e+00
-1.274355613892359074e+00
-1.407369478481089953e+00
-1.402454378923389644e+00
-1.526086690125476375e+00
-1.497283392070474228e+00
-1.500923639446410496e+00
-1.518145550534713673e+00
-1.586600037272280384e+00
-7.349355322054489381e-01
-1.393027912672442081e+00
-1.433936878291014683e+00
-1.446833308428321807e+00
-1.447437492365424294e+00
-1.437207155912641143e+00
-1.433928428413802303e+00
-1.446223238972596414e+00
-1.455352660803819642e+00
-1.460703651931942515e+00
-1.464079541698825704e+00
-1.466178047905823512e+00
-1.467202672656103601e+00
-1.467737398252282999e+00
-1.468499921452264712e+00
-1.469528649217416216e+00
-1.470454464277204609e+00
-1.471268299908561561e+00
-1.472130105209080275e+00
-1.473022978448445430e+00
-1.473815702611400047e+00
-1.474494346445586412e+00
-1.475185284896113558e+00
-1.475892344643977339e+00
-1.476596914097935809e+00
-1.477316445784224275e+00
-1.477992592756659729e+00
-1.478599985510285597e+00
-1.479113241000162393e+00
-1.479551764381612511e+00
-1.480047451524985958e+00
-1.480560580869395793e+00
-1.481031613860935847e+00
-1.481497220704763196e+00
-1.482035102435284912e+00
-1.482677739635971381e+00
-1.483304526430494930e+00
-1.483883471025380985e+00
-1.484464498723454984e+00
-1.484938949799278207e+00
-1.485255160594526114e+00
-1.485639348308141816e+00
-1.486131311024639245e+00
-1.486702988609354570e+00
-1.487393634157886835e+00
-1.488088396253854251e+00
-1.488805119526078080e+00
-1.489402138982501178e+00
-1.489668242303931578e+00
-1.489694155127442299e+00
-1.489578515850074503e+00
-1.489549388170392286e+00
-1.489871443632251324e+00
-1.490684081779319214e+00
-1.491917358530747251e+00
-1.495148487038364449e+00
-1.504799326167918894e+00
-1.519894656166886238e+00
-1.521458232887142215e+00
-1.513873613740724933e+00
-1.509771918498265197e+00
-1.510000337170794626e+00
-1.507879145797960341e+00
-1.502748460180616696e+00
-1.498770381045285038e+00
-1.496666974820920704e+00
-1.495947140144345155e+00
-1.496778238831774299e+00
-1.497351485224238443e+00
-1.496201051126156534e+00
-1.494918014278312945e+00
-1.494024810979002416e+00
-1.493294746838712328e+00
-1.492783702577672011e+00
-1.494222538120811405e+00
-1.498738901868849283e+00
-1.501936903018675773e+00
-1.500642867756882604e+00
-1.498962518035702463e+00
-1.497710922933455757e+00
-1.496505357104061851e+00
-1.495432024814182581e+00
-1.494707992808535169e+00
-1.495825925762153563e+00
-1.501940556576341290e+00
-1.508781465016963530e+00
-1.506940463471557301e+00
-1.503372818518896148e+00
-1.500769808568064301e+00
-1.498948854347228021e+00
-1.497563840973789473e+00
-1.496602733463367363e+00
-1.496220651198652662e+00
-1.496224841135174177e+00
-1.496359477652744907e+00
-1.496668515001389865e+00
-1.497064502044739065e+00
-1.497515561132536588e+00
-1.498035587005675406e+00
-1.498513217253593766e+00
-1.498839431784903864e+00
-1.499042715023445105e+00
-1.499141780494272380e+00
-1.499175848878671058e+00
-1.499194387301452602e+00
-1.499105727515193109e+00
-1.499001517157199981e+00
-1.498997218811884746e+00
-1.499042073939782060e+00
-1.499090721440726526e+00
-1.499166129839944572e+00
-1.499272898443761548e+00
