-2.095050370219067482e+00
-2.093323989684862774e+00
-2.085236486339813400e+00
-2.109380468682509946e+00
-2.100153917980108087e+00
-2.102930554748434488e+00
-2.094918503889904304e+00
-2.093838083100119984e+00
-2.091921314487248384e+00
-2.088668172738844753e+00
-2.083655840235394852e+00
-2.076268951518145389e+00
-2.070273637244627984e+00
-2.066738932498836334e+00
-2.059994725746344013e+00
-2.048642150187570010e+00
-2.031376792585514401e+00
-2.007050140848000819e+00
-1.974633222769404783e+00
-1.927642079800147012e+00
-1.866860360540986585e+00
-1.714643587278436465e+00
-6.794988540559855350e-01
-1.606561478900010513e+02
-8.456780921036754606e+00
-3.657098110930872892e+00
-6.633350941746328777e-01
-1.767225847486542545e+00
-1.837091382033174014e+00
-1.822719868777298080e+00
-1.750473239596178621e+00
-1.451110105148116336e+00
1.207307942269753909e+00
-2.029286564868709508e+00
-2.080422491015502917e+00
-2.083795632341820525e+00
-2.080654023689541887e+00
-2.076356920006800610e+00
-2.070975979527108546e+00
-2.064910140787010739e+00
-2.061495049847580141e+00
-2.057987778904599274e+00
-2.050996824510268546e+00
-2.037286743380375853e+00
-2.009960911791428106e+00
-1.956738750743545197e+00
-1.920824813338747550e+00
-1.936096801394221467e+00
-1.934086078586746416e+00
-1.899710228593515016e+00
-1.813627797365903183e+00
-1.639701209342719679e+00
-1.763672617335152237e+00
-1.996105021324490414e+00
-2.029048708978750337e+00
-2.020037107526029274e+00
-1.994790842224349880e+00
-1.959607518278287497e+00
-1.923202140573650354e+00
-1.860543271996949688e+00
-1.727959892112984175e+00
-1.447102239559795667e+00
-1.617329759927847554e+00
-1.853900065716592493e+00
-1.881746310017192725e+00
-1.789020667966196410e+00
-1.374740368320602757e+00
-4.997041823683535000e+00
-2.621935226164781696e+00
-2.414333166723702018e+00
-2.397938529124091556e+00
-2.440209077214324562e+00
-2.422891344397628988e+00
-2.374321209426103696e+00
-2.350567922944515775e+00
-2.338930304226194412e+00
-2.315262270855992011e+00
-2.285455444246596191e+00
-2.274403991775951983e+00
-2.295935478213976477e+00
-2.312015073795001818e+00
-2.297631733984019320e+00
-2.295853990143896795e+00
-2.302212349325391205e+00
-2.290939310423332209e+00
-2.270172074999869061e+00
-2.243739339205384820e+00
-2.219213204101799342e+00
-2.205049376540575423e+00
-2.194927455635026892e+00
-2.186184721260061359e+00
-2.179137062468909036e+00
-2.175796084270275266e+00
-2.176275822704897500e+00
-2.175079151944450562e+00
-2.169595015174910824e+00
-2.162967372379267950e+00
-2.156026596265142814e+00
-2.148614001408461149e+00
-2.142792298505621140e+00
-2.138889587065985420e+00
-2.136336964337070210e+00
-2.134956108022702193e+00
-2.133736848020924004e+00
-2.132681551845302614e+00
-2.130887203872580571e+00
-2.127156911256610439e+00
-2.122388941182065558e+00
-2.117064859583729142e+00
-2.112518542767689578e+00
-2.109535896478920147e+00
-2.107974306037714296e+00
-2.107415369117418891e+00
-2.117608555044959040e+00
-2.080690994869547339e+00
-2.086632169379571966e+00
-2.083735948242933844e+00
-2.076620664168066899e+00
-2.068504732699103954e+00
-2.067024852551396563e+00
-2.059859412058530737e+00
-2.013884321238496256e+00
-2.397890621944355871e+00
-2.166753337876990315e+00
-2.146697454847072972e+00
-2.160915354402380473e+00
-2.172458362676061405e+00
-2.134912111297029291e+00
-2.117838687077355342e+00
-2.109907854213671108e+00
-2.104572025961255477e+00
-2.100580528876828446e+00
-2.098327983576938838e+00
-2.097335974134282743e+00
-2.098230768564110171e+00
-2.094926109419804394e+00
-2.093355734377885913e+00
-2.091799520885071928e+00
-2.090392985438283446e+00
-2.089063733852011051e+00
-2.087531543002010270e+00
-2.083360925195295366e+00
-2.053649148291358806e+00
-2.355156255415004729e+00
-1.985794880919108607e+00
-2.062805866286763656e+00
-2.074084252585676857e+00
-2.077077562818020695e+00
-2.077936642528901423e+00
-2.078119775287261994e+00
-2.077314321823677812e+00
-2.075759597118319810e+00
-2.073793374929574718e+00
-2.071281219753268843e+00
-2.068607965173899998e+00
-2.065807931825267119e+00
-2.062736932451925131e+00
-2.059984680748043750e+00
-2.058166170266768624e+00
-2.057140952284514324e+00
-2.056521716042966297e+00
-2.055976559947467752e+00
-2.055290809586177936e+00
-2.055026479447899845e+00
-2.054808520765743829e+00
-2.054253850666536430e+00
-2.053613575801471303e+00
-2.052914652671416817e+00
-2.052029200146539445e+00
-2.050960428527912605e+00
