-1.649756375145039256e+00
-1.648423337134889755e+00
-1.647807334128698731e+00
-1.646257871114672255e+00
-1.644221961413349531e+00
-1.640376144755554044e+00
-1.655913298223762986e+00
-1.649966277282770788e+00
-1.647057545139808621e+00
-1.643047174783341724e+00
-1.637062325257277351e+00
-1.628157293606062872e+00
-1.620359861920739775e+00
-1.615328685585240454e+00
-1.606055687612266247e+00
-1.589201489755851737e+00
-1.559440596030230886e+00
-1.503670918217234753e+00
-1.367628647555603205e+00
-5.032781502934520201e-01
-2.508025300115875211e+00
-1.950124464974536398e+00
-1.826818161784077521e+00
-1.791005059361638896e+00
-1.772603643803804196e+00
-1.755443135404756827e+00
-1.761027574352362901e+00
-1.787214115779815149e+00
-1.794483326444240134e+00
-1.779161857891526921e+00
-1.755690277558012324e+00
-1.732265839135288310e+00
-1.716122898579677258e+00
-1.376877341606431937e+00
-1.637119522168412056e+00
-1.640045240518236191e+00
-1.636436520640467185e+00
-1.631627064841101538e+00
-1.625527749297912772e+00
-1.618425576640224905e+00
-1.613890551475034130e+00
-1.609172228253533454e+00
-1.600316265078936873e+00
-1.582556135598092162e+00
-1.542633643533306120e+00
-1.435725791713288402e+00
-1.289085734295545738e+00
-1.297376086021722053e+00
-1.234386614247269920e+00
-6.660031061996030122e-01
-2.760636994670047972e+00
-2.023915909046499539e+00
-2.075673912628312578e+00
-1.422941821073201663e+00
-1.547154672718889401e+00
-1.528006002902383864e+00
-1.443999663206646744e+00
-1.138572387770752536e+00
-3.094370450283613039e+01
-2.137256074676061601e+00
-1.886135703169543598e+00
-1.812635465125034262e+00
-1.812658040332199239e+00
-1.884884263492266676e+00
-1.911559753085767976e+00
-1.826349398552812531e+00
-1.768701390543853336e+00
-1.736991529262197576e+00
-1.717702980659656653e+00
-1.706079212891105090e+00
-1.700813642996852337e+00
-1.698420684911476242e+00
-1.694498837802522750e+00
-1.688829614283672065e+00
-1.683787283310888672e+00
-1.679426550912543004e+00
-1.674715974672936092e+00
-1.669767937850425099e+00
-1.665474819443977461e+00
-1.661977028360892339e+00
-1.658367515967403616e+00
-1.654598238292454671e+00
-1.650939574229408402e+00
-1.647232405588627380e+00
-1.643660949868771537e+00
-1.640389684822831651e+00
-1.637568774655230319e+00
-1.635116371486103448e+00
-1.632405860536779940e+00
-1.629628231862961574e+00
-1.627071169328929479e+00
-1.624550716044130594e+00
-1.621668556829197527e+00
-1.618260729282008370e+00
-1.614954143154095023e+00
-1.611910015151450271e+00
-1.608864304772669618e+00
-1.606388003696118005e+00
-1.604737003035627385e+00
-1.602710935526344471e+00
-1.600119156487220584e+00
-1.597115320158431162e+00
-1.593500935603687108e+00
-1.589890489413491981e+00
-1.586183328848255414e+00
-1.583132944811460829e+00
-1.581827780486552371e+00
-1.581747548588325003e+00
-1.582357159901152777e+00
-1.582463562252243161e+00
-1.580710556950128076e+00
-1.576400660222160743e+00
-1.569933454771524239e+00
-1.552940225747506675e+00
-1.501630366379632875e+00
-1.422246074613861211e+00
-1.419631156360449786e+00
-1.462153508574029148e+00
-1.483892602182703913e+00
-1.483239231289827043e+00
-1.494008425252210559e+00
-1.519095197801075825e+00
-1.538234690646040459e+00
-1.548094054051039059e+00
-1.551135488391409911e+00
-1.546434391337591530e+00
-1.543216733313056865e+00
-1.548865936932439791e+00
-1.555150300171275646e+00
-1.559427298848219845e+00
-1.562891484920518215e+00
-1.565252124433381242e+00
-1.557463049857068293e+00
-1.533638911481074452e+00
-1.517285751141548067e+00
-1.524681954692239882e+00
-1.533643765892880761e+00
-1.540115018311776662e+00
-1.546216690964247853e+00
-1.551564847599554930e+00
-1.555077023027282346e+00
-1.548992835169832993e+00
-1.516793305309956041e+00
-1.481674029312164631e+00
-1.492575303403944842e+00
-1.511484029301314980e+00
-1.524829065803691819e+00
-1.533946132981501176e+00
-1.540761097938521562e+00
-1.545393143720583007e+00
-1.547060958952678256e+00
-1.546781896331599349e+00
-1.545881335386117605e+00
-1.544120457390744328e+00
-1.541957049791159662e+00
-1.539548613293289181e+00
-1.536819347668955560e+00
-1.534349841079920784e+00
-1.532697783272935377e+00
-1.531690811635565197e+00
-1.531220186843269548e+00
-1.531070861287528118e+00
-1.530985527175405814e+00
-1.531445533383222202e+00
-1.531964620170222613e+00
-1.531949458320533308e+00
-1.531677152489904881e+00
-1.531388263147180240e+00
-1.530961987464009688e+00
-1.530377206625333164e+00
