-2.149907893207369993e-03
-4.700712359432467416e-03
-2.554295383245305112e-03
1.256314516759522021e-03
3.367426061274555061e-03
1.049625029086212816e-03
-5.750441504325100317e-02
-1.819141741866189821e-01
-2.612031397107338337e-01
-2.553984696275495847e-01
-2.165096208470122796e-01
-1.736751713465005675e-01
-1.545492131025255067e-01
-1.499693785436918836e-01
-1.356805564450721813e-01
-1.152127097471765255e-01
-9.411182103779240637e-02
-7.574876815809350461e-02
-6.094958544609831858e-02
-4.850873668916539511e-02
-3.895693607189004010e-02
-2.887033257035054312e-02
-1.804246028754094566e-02
-1.247741030839354809e-02
-9.769443702303195684e-03
-6.087574166399465497e-03
-1.025183544302595007e-02
-1.944629978406645088e-02
-2.306049567240027465e-02
-2.254021917164202027e-02
-1.949375555843241292e-02
-1.369813929161987909e-02
-7.933056172332461631e-03
-6.963779342503492731e-02
-3.113308270516477183e-01
-5.085295616503514582e-01
-5.201479886421040977e-01
-4.969743738651809517e-01
-4.603332864508860034e-01
-4.224915597240952447e-01
-4.162880019143644361e-01
-4.100311243691726615e-01
-3.787972333944247816e-01
-3.220434961172231048e-01
-2.500316289134612013e-01
-1.824658405347842072e-01
-1.526850840769330420e-01
-1.533167886570710181e-01
-1.475380844079000331e-01
-1.279386861085739235e-01
-1.006942475250256763e-01
-7.567773638634044120e-02
-8.281316317670550653e-02
-1.863730317421328775e-01
-2.743295790217977759e-01
-2.623794789848169495e-01
-2.185375437354363515e-01
-1.791132764295143287e-01
-1.525029680970022006e-01
-1.239730743638584320e-01
-9.390746245773129441e-02
-6.897393606466933891e-02
-7.358852263587042919e-02
-1.065174822009680167e-01
-1.168068723130432085e-01
-9.294387745323560990e-02
-5.870971107497697378e-02
-2.514535658526605155e-02
6.157598748869529126e-03
3.205347121697048329e-02
3.933559301536211639e-02
3.567058787802563496e-02
4.014358504784024811e-02
5.032376413911061885e-02
5.703908744294161615e-02
6.096947465001542610e-02
6.840760066063715505e-02
7.968344599721566279e-02
8.492473326587376969e-02
7.622215098081243367e-02
7.013784043328358253e-02
7.373318021520137988e-02
7.344773975296411961e-02
7.031850114189862333e-02
7.278861268116885996e-02
7.957125680123701417e-02
9.149104263317964225e-02
1.071423166982896219e-01
1.187515659268826851e-01
1.282021379039404163e-01
1.372565450595620018e-01
1.448983420514099729e-01
1.471099728143676622e-01
1.428463909642237184e-01
1.406432750801257237e-01
1.448814726654451823e-01
1.518999361484804078e-01
1.609753290217535437e-01
1.733623506395163827e-01
1.836926555915474324e-01
1.887262495180644650e-01
1.886802239755897836e-01
1.835696564390488783e-01
1.772975565742875570e-01
1.700448259543608787e-01
1.652361743770293101e-01
1.679387900658484145e-01
1.768332496086707228e-01
1.930033223222648031e-01
2.092480381502465070e-01
2.124118920738625738e-01
1.966903830615558124e-01
1.683698355125153867e-01
9.231311377444753608e-02
-4.902183176847393908e-02
-1.528391627070675163e-01
-1.674164101817147698e-01
-1.381722902929067021e-01
-1.174811094853605853e-01
-1.249703894517464470e-01
-1.149820143819667712e-01
-6.745407461167574059e-02
-1.151690558448500989e-02
2.972538419331600262e-02
5.113853397321870692e-02
4.015144572234915360e-02
3.432516795509801821e-02
6.879317590897068846e-02
1.152117164356640244e-01
1.578491144852412487e-01
2.018087518413925474e-01
2.453885857028332007e-01
2.114364580876227917e-01
9.305749892996857675e-02
3.706199338365163271e-02
7.559718232174100772e-02
1.295258206751525587e-01
1.791054047021546636e-01
2.341109405089824846e-01
2.943929664095214505e-01
3.486580378136491243e-01
3.226715762989985636e-01
1.500967605710091524e-01
3.249223149599721194e-02
7.173176064891893799e-02
1.555976674676832483e-01
2.420198924986864120e-01
3.165905004591393901e-01
3.849621195667061735e-01
4.546613483291453428e-01
5.106027575141476316e-01
5.493069523821046962e-01
5.766874470710752210e-01
5.898626353534874855e-01
5.973808892772657364e-01
6.010809362901644581e-01
5.992162238681995046e-01
6.006695996604315413e-01
6.134418383771393923e-01
6.365571868024383351e-01
6.662505005311731843e-01
6.988714372046265222e-01
7.312579030702394123e-01
7.713236238945873069e-01
8.150723529317029925e-01
8.557160837855946056e-01
8.964201918206949893e-01
9.373163824569292757e-01
9.759107825438709805e-01
1.011539347470849837e+00
