-4.094340272912292723e-03
-9.261404639821568113e-03
-8.580994676388864831e-03
-6.164581353848860509e-03
-5.832920593128180370e-03
-9.643397476373638186e-03
-6.694267864172019633e-02
-1.816805490719965444e-01
-2.442218127749743173e-01
-2.243564584913428916e-01
-1.783579248020804031e-01
-1.345432700888477551e-01
-1.177861442833623706e-01
-1.153940022580983438e-01
-1.034921250456060371e-01
-8.675227566172528937e-02
-7.040964027596696706e-02
-5.737990688028873215e-02
-4.838953198466365568e-02
-4.138346740129175694e-02
-3.678656633139779086e-02
-3.105909055286974058e-02
-2.416424737754455446e-02
-2.252603309861209505e-02
-2.341936079573529728e-02
-2.253555608507901500e-02
-2.882273504816138324e-02
-3.903359422403661350e-02
-4.300963540014780817e-02
-4.309176403714368858e-02
-4.120337307024238283e-02
-3.696961898210834180e-02
-3.307232487781250341e-02
-9.440736772948418731e-02
-3.225658115121114999e-01
-4.868069471933618164e-01
-4.683483189323959794e-01
-4.259462203888808030e-01
-3.792377558741985566e-01
-3.387498745273094247e-01
-3.329854792613387571e-01
-3.274453656179673322e-01
-2.984576112773798529e-01
-2.473479995159546807e-01
-1.859870336434329141e-01
-1.327966366185519831e-01
-1.178710635107902277e-01
-1.300622275788115567e-01
-1.331705372030840551e-01
-1.219522348517102089e-01
-1.037893409593155097e-01
-8.796575633159449403e-02
-1.029853092436107814e-01
-2.079751528371666103e-01
-2.870021975931782432e-01
-2.675425558267159332e-01
-2.224347451784685625e-01
-1.878290405365374283e-01
-1.682211183509688679e-01
-1.470619490595150292e-01
-1.259972012568160160e-01
-1.102822680051234877e-01
-1.225726779837126301e-01
-1.595583113264465169e-01
-1.702424321902555604e-01
-1.466732104029868644e-01
-1.160634025458238960e-01
-8.957459193386343999e-02
-6.677033797138841320e-02
-4.786312706082790358e-02
-4.673084118244747592e-02
-5.364825363632331340e-02
-5.000909118717929841e-02
-4.289425027421440995e-02
-4.009078506673600245e-02
-3.907404841320810673e-02
-3.466146145844657689e-02
-2.755471466726723204e-02
-2.697416546779111968e-02
-3.994660070731421292e-02
-4.852770732004779014e-02
-4.438919211452403701e-02
-4.190617346332197596e-02
-4.252197803380914493e-02
-4.007239358085274566e-02
-3.579674223586878923e-02
-2.830360222822201829e-02
-1.890058433177495972e-02
-1.244555278453319050e-02
-7.659483348334577245e-03
-4.963158154977035177e-03
-4.016175443278739536e-03
-8.038254124149334795e-03
-1.716336282531200422e-02
-2.228599970567452654e-02
-1.799903439684114731e-02
-9.446239075032881322e-03
-1.186227571243628556e-03
7.403706847762441326e-03
1.417873424242069823e-02
1.547111388728938421e-02
1.122927801314447388e-02
2.705932041174792177e-03
-6.646866171112243704e-03
-1.642564865520959594e-02
-2.408352107971241385e-02
-2.616943635377415311e-02
-2.380904449405553402e-02
-1.406344487573745437e-02
-4.369860956763777296e-03
-8.557757342399399669e-03
-3.093897767739428595e-02
-6.293823027761373534e-02
-1.393474948140222547e-01
-2.722440478616084403e-01
-3.589243242365001696e-01
-3.584103361580270319e-01
-3.213344323058794361e-01
-2.996077443149475772e-01
-3.082737952026725625e-01
-3.012618886159835752e-01
-2.607042875624078215e-01
-2.167214046658043625e-01
-1.904036196973122874e-01
-1.822459040295601462e-01
-2.022440455566201223e-01
-2.141492187127933544e-01
-1.874141475256813627e-01
-1.509179729869833120e-01
-1.201385345799003274e-01
-8.887074416104127905e-02
-5.727705999620025940e-02
-1.010290462760198710e-01
-2.170731831887957597e-01
-2.612854427323634821e-01
-2.158157419628747298e-01
-1.621438513976017348e-01
-1.185773243597283977e-01
-7.364462592315226819e-02
-2.546409681075618298e-02
1.471680236772580919e-02
-2.619166379027051267e-02
-1.979761336361051394e-01
-2.955346929265529887e-01
-2.424119976183065905e-01
-1.545323806462620964e-01
-7.067603022030942428e-02
-8.602261184855235221e-03
4.187361095207429995e-02
9.761590869924707814e-02
1.424721739028367296e-01
1.701487298049932928e-01
1.842769909664962180e-01
1.830272826971994504e-01
1.784660032334328683e-01
1.718880369968966149e-01
1.607091871733640209e-01
1.557515968794872252e-01
1.655478724686397229e-01
1.877985129383416274e-01
2.159142837171616203e-01
2.448216755287611068e-01
2.711576714754272421e-01
3.052222895265137570e-01
3.424156389728810201e-01
3.763333719451489312e-01
4.109593307662773309e-01
4.450481112109248572e-01
4.755520736120002478e-01
5.021538412039876498e-01
