-6.800915429429921786e-04
-9.269767339027349534e-04
2.772775865110852639e-03
7.842296293806325092e-03
1.136888183770991788e-02
1.033706551504494364e-02
-4.745537477677868460e-02
-1.718020343603393341e-01
-2.516505011385857249e-01
-2.463908679081214803e-01
-2.076291796126374378e-01
-1.645444516396846191e-01
-1.450005816625892785e-01
-1.401180124095733059e-01
-1.255593215114942374e-01
-1.044479330628043795e-01
-8.252105014741223377e-02
-6.321102097325770330e-02
-4.710738204939386720e-02
-3.340733402540510544e-02
-2.267691019604056030e-02
-1.152527089948308416e-02
1.287409761174165140e-04
6.720672012907369201e-03
1.068659263308846356e-02
1.538481122867857778e-02
1.208809543031596524e-02
3.760416197946453432e-03
9.529139608006856506e-04
2.429191301673931311e-03
6.665457503947235136e-03
1.368582080436113804e-02
2.061500211518031006e-02
-4.024077517001617421e-02
-2.821458152948621012e-01
-4.811134532462644220e-01
-4.946637687720262244e-01
-4.727571572690864032e-01
-4.363121466323473530e-01
-3.980380339483113872e-01
-3.911319050896463478e-01
-3.841007219273702700e-01
-3.522319056952717964e-01
-2.946424731033628897e-01
-2.210781731719736465e-01
-1.513957846118555994e-01
-1.194956272248612894e-01
-1.180461176347862989e-01
-1.101030619617053008e-01
-8.796055057688167977e-02
-5.780617515120659022e-02
-2.997667973849829984e-02
-3.454630484260732409e-02
-1.359664247385053704e-01
-2.223812029743313379e-01
-2.086376529691101600e-01
-1.624356992905278962e-01
-1.196430323750850011e-01
-8.956567004465840198e-02
-5.807190170633408366e-02
-2.465848030484244641e-02
3.463217262954391973e-03
1.484241524598657342e-03
-2.889730571563994821e-02
-3.741903117501459153e-02
-1.279627172362926904e-02
2.268684061248809822e-02
5.856252338993189754e-02
9.240499339060267991e-02
1.193768156396390889e-01
1.273790638035953993e-01
1.236668595309897145e-01
1.270302035395349249e-01
1.376915522284919702e-01
1.456173694925562145e-01
1.503832613815572483e-01
1.589136674187121290e-01
1.720105545075150399e-01
1.794534618837336226e-01
1.733842167517388455e-01
1.696690652798943655e-01
1.734316916114283791e-01
1.713552534975821273e-01
1.665679010806180305e-01
1.691113623496388052e-01
1.775186558300653472e-01
1.921953895627223907e-01
2.115021171716468806e-01
2.257804081749146263e-01
2.375337112033076292e-01
2.501610600857692712e-01
2.618443114019842199e-01
2.680866031814271300e-01
2.675220279301097071e-01
2.681520835428375382e-01
2.730367341418996063e-01
2.790740355099640135e-01
2.883325888061722408e-01
3.026531226770289851e-01
3.145154876383282616e-01
3.212552648619302342e-01
3.236497665108737376e-01
3.210237966409121846e-01
3.176473982020846520e-01
3.133730873628806091e-01
3.121565349924927402e-01
3.198403248991310566e-01
3.346912054091992772e-01
3.562252475873011193e-01
3.771725095910694603e-01
3.855263901389134329e-01
3.754746977080038461e-01
3.523729279146652349e-01
2.816124724351682374e-01
1.449401556916700695e-01
4.457430335089646034e-02
3.348871392928726848e-02
6.667693989018028122e-02
9.192176738045836071e-02
8.917235130481110383e-02
1.047372561175596711e-01
1.583609694282265834e-01
2.210448763860243804e-01
2.695493657752126015e-01
2.970029166544557175e-01
2.902405838030872598e-01
2.886108780428467968e-01
3.279777476372430778e-01
3.790101216710686227e-01
4.263159998597270683e-01
4.747345384284221703e-01
5.215276539663602495e-01
4.903744793147833958e-01
3.728666742697284708e-01
3.161039034529982694e-01
3.548353352179526299e-01
4.096109958862060862e-01
4.611969696997375023e-01
5.190881613288569341e-01
5.819798060321237365e-01
6.390317989272198407e-01
6.177563597581757771e-01
4.469824490200574596e-01
3.270430743053633349e-01
3.656998092877187245e-01
4.492666364969008508e-01
5.341832289282604229e-01
6.106918045242291093e-01
6.833575698325498049e-01
7.535014532006172328e-01
8.069463835586112577e-01
8.435545631229329766e-01
8.715303652259394074e-01
8.880062876433820751e-01
8.992327648537371543e-01
9.069522056634244933e-01
9.099512206945491455e-01
9.153684233267299630e-01
9.298227325070802518e-01
9.523344676606884107e-01
9.807534106630556581e-01
1.012535124334650760e+00
1.044987566286434744e+00
1.084488330123096533e+00
1.127008022524847553e+00
1.165966691543161016e+00
1.204058513036126765e+00
1.242518864952961710e+00
1.279423845127256154e+00
1.314208356033197411e+00
