-3.525485910652404797e+00
-3.521532792378724075e+00
-3.519866207607353914e+00
-3.514950674150623122e+00
-3.508392670762210841e+00
-3.493889739689499230e+00
-3.537475680369542186e+00
-3.524894641555067487e+00
-3.516163923735164509e+00
-3.501677084567862419e+00
-3.475238219419543917e+00
-3.424014480224979007e+00
-3.388132545390816652e+00
-3.382520632708166275e+00
-3.339531406658702295e+00
-3.222713252428617281e+00
-2.872402508615674144e+00
4.826521485097141628e-01
-4.996529618895188207e+00
-4.237763900474465828e+00
-4.056259113988470943e+00
-3.914228227464445098e+00
-3.820420957754982805e+00
-3.795542789341273870e+00
-3.782367375542503130e+00
-3.757086698468877994e+00
-3.801640973013614921e+00
-3.940943109923736198e+00
-3.968148217979547088e+00
-3.877909173992047709e+00
-3.784747246680169486e+00
-3.713163986955425599e+00
-3.672868463178271092e+00
-3.362745173613428395e+00
-3.505410263223608602e+00
-3.504359607640099128e+00
-3.489472418426093014e+00
-3.469748532537353825e+00
-3.443183553911732364e+00
-3.411987311903550868e+00
-3.400022837884782767e+00
-3.386108612431545151e+00
-3.346656027125576305e+00
-3.237354870084167668e+00
-2.744221867607390397e+00
-5.908688261471954917e+00
-5.174008574234677305e+00
1.159862481526008970e+01
1.596709221257698541e+00
-6.439846388185948456e+00
-4.383369686951064992e+00
-4.063743373178574814e+00
-4.313935672632078777e+00
-3.191222842267955606e+00
-3.339650154862514597e+00
-3.251715353588028989e+00
-2.832368679261358047e+00
-1.666033525254542980e+01
-4.637040644902580055e+00
-4.107615054714697678e+00
-3.910162874516563747e+00
-3.828715837107707021e+00
-3.878969932081063554e+00
-4.224025815733964961e+00
-4.339838129238811071e+00
-3.943828568704807580e+00
-3.782267903213422322e+00
-3.710463631857838784e+00
-3.670018406627423513e+00
-3.647339795669121365e+00
-3.640661039203057392e+00
-3.640531549703746261e+00
-3.631923291718395674e+00
-3.615860200878915798e+00
-3.602492804502248624e+00
-3.591230344918233452e+00
-3.578384487692022997e+00
-3.564904229079997933e+00
-3.553617251434919577e+00
-3.544212481185250674e+00
-3.534169899679437510e+00
-3.523832830219324030e+00
-3.513127063030458075e+00
-3.502027375137447773e+00
-3.492798419667537679e+00
-3.485324995271617432e+00
-3.479718063129453753e+00
-3.474863838888146539e+00
-3.467614900357107288e+00
-3.459829328305478402e+00
-3.452981497078098982e+00
-3.446086444157551831e+00
-3.437215557449592396e+00
-3.425987188474258538e+00
-3.415871839845344482e+00
-3.407293403240531759e+00
-3.398683840819278323e+00
-3.392967892190214663e+00
-3.390621169305446436e+00
-3.385389766297621783e+00
-3.377396844379682239e+00
-3.367621096146515391e+00
-3.355396738781894150e+00
-3.344004289160834809e+00
-3.332499677649840120e+00
-3.324865006371044540e+00
-3.325227589118943783e+00
-3.329407649745133924e+00
-3.334623508808003400e+00
-3.335911794880793479e+00
-3.328550661006354439e+00
-3.310342993611514295e+00
-3.283686735585978678e+00
-3.197688546765360407e+00
-2.772469268805936693e+00
-1.449983268769062139e+00
-2.428142071456669271e+00
-2.950823547142514158e+00
-3.070583343197156090e+00
-3.063354182023029004e+00
-3.110118933111667872e+00
-3.199424812101873350e+00
-3.253004512262146264e+00
-3.272747016035431056e+00
-3.271266890426926199e+00
-3.242425836364844383e+00
-3.226823898513011102e+00
-3.251357612868074121e+00
-3.273399412825237942e+00
-3.285182527252761275e+00
-3.293814498740294194e+00
-3.298351891773252387e+00
-3.258780402329103598e+00
-3.135071949827493043e+00
-3.071966155008664323e+00
-3.150159735441076858e+00
-3.201529556453030612e+00
-3.228438630823003308e+00
-3.249268692296493732e+00
-3.265051030387696063e+00
-3.272952394667103526e+00
-3.240243193204385364e+00
-3.063079718632468751e+00
-2.871174003341834258e+00
-3.029162833908120689e+00
-3.142744927383664955e+00
-3.195839356732556702e+00
-3.223670066381778110e+00
-3.241183625229536958e+00
-3.250774855866990443e+00
-3.249934885054145184e+00
-3.243549220352819340e+00
-3.236720662190020192e+00
-3.227781279154760874e+00
-3.218677658540151754e+00
-3.209565268097956725e+00
-3.199930979489788996e+00
-3.192323384494779148e+00
-3.188824226756800773e+00
-3.187763061862148639e+00
-3.188448036918767770e+00
-3.189666499236563979e+00
-3.190498947474466718e+00
-3.193344142583809386e+00
-3.195664088498160638e+00
-3.195277900673494376e+00
-3.193924161890926428e+00
-3.192748281374997887e+00
-3.191084112747795132e+00
-3.188926727213774903e+00
