-1.860744705183067005e+00
-1.857632052716155835e+00
-1.862529970936306345e+00
-1.859845828527395106e+00
-1.857753576177437527e+00
-1.853568869818009279e+00
-1.862663533552816553e+00
-1.860094765679473516e+00
-1.857828862680242832e+00
-1.854329763906839457e+00
-1.849017342593234359e+00
-1.841153992411522555e+00
-1.834511042514165524e+00
-1.830395925291430803e+00
-1.822726082465157216e+00
-1.809356797886038315e+00
-1.787609221007639970e+00
-1.752950579434747080e+00
-1.694369419751559747e+00
-1.571003416991919144e+00
-1.238691878513249911e+00
-4.594869205838818971e+00
-2.263053833267540949e+00
-2.144378634424450425e+00
-2.106452857851491611e+00
-2.065442761654785464e+00
-2.120633484820744652e+00
-2.459495482137442401e+00
-2.926896301841535930e+00
-2.629290827506266304e+00
-2.285524388136822793e+00
-2.104171294703554018e+00
-2.031753996503290693e+00
-1.766407287240620461e+00
-1.846795035599396506e+00
-1.850139215089343647e+00
-1.846896721757675719e+00
-1.842481406439468783e+00
-1.836901674584674682e+00
-1.830499302345698354e+00
-1.826651436536088635e+00
-1.822679230443204457e+00
-1.815014237887722981e+00
-1.799846095896357800e+00
-1.767943884086168094e+00
-1.696866851139879895e+00
-1.631990538405045488e+00
-1.647138940411462249e+00
-1.634980856180294095e+00
-1.546486981383605297e+00
-1.164262505634977574e+00
-1.003594684306836271e+01
1.853330567890738578e-01
-1.727402894451217641e+00
-1.782301403834570808e+00
-1.770443469025795524e+00
-1.731034534625593091e+00
-1.659267836717035927e+00
-1.548749044532355512e+00
-1.172686164027869848e+00
-4.712702411140764269e+00
-2.412068603866179384e+00
-2.551466687157108115e+00
-1.654520645767318943e-01
-9.901048770923938092e-01
-4.586449675276744742e+00
-2.260151496791106052e+00
-2.075961962686131645e+00
-2.009955467922325489e+00
-1.979817592135117765e+00
-1.972888108804349283e+00
-1.975686429322489168e+00
-1.971190084866145664e+00
-1.960516242480752513e+00
-1.952788169473346658e+00
-1.947406675814970178e+00
-1.939967528159282750e+00
-1.930978639990508228e+00
-1.925250587109600620e+00
-1.924921059950851721e+00
-1.923433631196301397e+00
-1.918828989146023289e+00
-1.916462823356241962e+00
-1.914995521166285020e+00
-1.910815521032531272e+00
-1.905026188304780987e+00
-1.898302589947517438e+00
-1.891678235574981937e+00
-1.886673045478906907e+00
-1.882379151478178692e+00
-1.878270995970659829e+00
-1.874474157730627422e+00
-1.871109477218828365e+00
-1.868042853156277605e+00
-1.864933792742132113e+00
-1.861794429551592245e+00
-1.858723105266449682e+00
-1.855793902161809061e+00
-1.853100489953811936e+00
-1.850414573867844803e+00
-1.847592696723352024e+00
-1.844586835821415693e+00
-1.841277115905856299e+00
-1.837909366655065213e+00
-1.834430902024063004e+00
-1.831294653211280377e+00
-1.829238760315559098e+00
-1.828027909866727807e+00
-1.827483088497367181e+00
-1.826665263530343752e+00
-1.824371105769058143e+00
-1.819878666930033528e+00
-1.813273157210452791e+00
-1.793758607680962402e+00
-1.675853367199787503e+00
-3.245567245580624594e+00
-3.225445284688517766e+00
-1.380987005725254457e+00
-1.615748806879182764e+00
-1.611154656962321852e+00
-1.666580028581017059e+00
-1.745339207975483475e+00
-1.779867572616830707e+00
-1.792637661792897852e+00
-1.795831656251663411e+00
-1.789616874759570431e+00
-1.785392090246478380e+00
-1.793022652444222764e+00
-1.800458683908575885e+00
-1.804863009717730060e+00
-1.808096772120350693e+00
-1.810171404050954225e+00
-1.802152285898562134e+00
-1.773368697925846282e+00
-1.750114662752975114e+00
-1.765287931083776352e+00
-1.779160505414091098e+00
-1.787470426528475098e+00
-1.794174040572197537e+00
-1.799457665260574268e+00
-1.802532221890844610e+00
-1.796109899207844141e+00
-1.757791087708703737e+00
-1.700411439067728736e+00
-1.727017972163260584e+00
-1.758296272649480185e+00
-1.775792117777192480e+00
-1.785422766264188610e+00
-1.791569922934288739e+00
-1.795733340489977570e+00
-1.797277236326629613e+00
-1.797003887714845316e+00
-1.795974630476153244e+00
-1.793995794708121982e+00
-1.791658460964768107e+00
-1.789101960413170378e+00
-1.786180765407057613e+00
-1.783619732668854541e+00
-1.782078788924019719e+00
-1.781356362549224803e+00
-1.781202094539589220e+00
-1.781247558950233234e+00
-1.781207958522776247e+00
-1.781688628018794684e+00
-1.782223685521393763e+00
-1.782321324686530373e+00
-1.781992411481726490e+00
-1.781240050469713232e+00
-1.780288231879441074e+00
-1.779272859455219402e+00
-1.778341365457025258e+00
-1.777596438250992561e+00
-1.777039835935249279e+00
-1.776528314409152154e+00
-1.775901036869159011e+00
-1.775052496430598703e+00
-1.773964300323243481e+00
-1.772686968828983023e+00
-1.771327629888177935e+00
-1.769928775891735917e+00
-1.768503847888293956e+00
-1.767059988023411243e+00
-1.765617495697684891e+00
-1.764288429229284860e+00
-1.763171906508046893e+00
-1.762114293380296903e+00
-1.761013067405749144e+00
-1.759775445195718380e+00
-1.758374661946575435e+00
-1.756812915207148107e+00
-1.755045781185713194e+00
-1.753105551325861322e+00
-1.751075535037185382e+00
-1.749069644832954351e+00
-1.747156278211516423e+00
-1.745455291034646583e+00
-1.743951993366317010e+00
-1.742556628344664071e+00
-1.741136404052467723e+00
-1.739482505251858768e+00
-1.737498038912244080e+00
-1.735292873827871230e+00
-1.732997401544829952e+00
-1.730660391603031201e+00
-1.728387805452943127e+00
-1.726316195172889589e+00
-1.724494950039432650e+00
-1.722752889162541656e+00
-1.720969753183789530e+00
-1.719166289385138047e+00
-1.717212619527210826e+00
-1.715032284653560168e+00
-1.712702077129848233e+00
-1.710326570926545608e+00
-1.707981984222900262e+00
-1.705723101533476616e+00
-1.703696913754618514e+00
-1.701939622885822345e+00
-1.700296443170135063e+00
-1.698558164115806735e+00
-1.696582328600755307e+00
-1.694331916047316033e+00
-1.691904753368941750e+00
-1.689419658651354794e+00
-1.686875185532653809e+00
-1.684301158292344169e+00
-1.681737274673029692e+00
-1.679247132842369705e+00
-1.676950042136306829e+00
-1.674871213778752033e+00
-1.672917452425020102e+00
-1.670931184178539475e+00
-1.668821493674702117e+00
-1.666506476157713079e+00
-1.664008172529145124e+00
-1.661312694266428691e+00
-1.658438268048965325e+00
-1.655574694374322142e+00
-1.652813438679359148e+00
-1.650264407653513565e+00
-1.648069143429009564e+00
-1.646172396768946111e+00
-1.644508845117109930e+00
-1.642762173658768532e+00
-1.640589090491642477e+00
-1.638055908621687040e+00
-1.635264844995403255e+00
-1.632376434364708695e+00
-1.629528712542683389e+00
-1.626861513213821775e+00
-1.624577351598076591e+00
