4.714840131797336936e-02
4.874953141497799514e-02
8.972089406697053571e-02
7.205327503485603469e-02
7.962064648295766323e-02
2.113498941369779116e-03
-8.663047160261643231e-01
-1.237825364018905416e+00
-3.441502863837552773e-01
1.162046932770774421e-01
2.600528624182124604e-01
2.629556843866641125e-01
-5.923168379356695545e-02
2.380911625095012002e-02
1.111273084492583330e-01
1.712222398236200593e-01
1.647484797881077767e-01
1.627300109480676882e-01
1.532070064089618988e-01
1.447444155309569047e-01
1.211300734890562725e-01
1.612354007597781858e-01
1.384365152607702765e-01
1.005161312884362557e-01
1.120127942877223032e-01
1.111299426713000110e-01
-1.649304570011522059e-02
1.724819170393751197e-02
6.459661679585014527e-02
9.424415022384083351e-02
1.247776283750947346e-01
1.511417215761072796e-01
1.341727928445991258e-01
-9.526827396729169450e-01
-2.999938711808090908e+00
-7.587187006525673016e-01
-7.024682551004529651e-02
-1.186839278598443015e-01
2.368044599321322274e-01
1.423128296371219126e-02
-2.233548632968073711e-01
1.847375038071326359e-02
2.086915089750610020e-01
5.033283640035736139e-01
5.939366013413798218e-01
5.653856399253789355e-01
6.977242263838634440e-02
7.724257419932242796e-02
1.860796311773896816e-01
3.461121204039340205e-01
3.762992199283250461e-01
3.509540474305715696e-01
-1.212431568596729625e-01
-1.273621969809788368e+00
-1.033367841945565246e-01
3.498397262558177734e-01
5.040135355490302782e-01
4.106334163667196835e-01
3.578574409508203935e-01
4.564069015704066978e-01
4.570532181912641545e-01
4.128280405519327845e-01
-1.636363327788899202e-02
-8.156905159306292175e-02
2.708250043853004940e-01
4.344525834809211950e-01
5.068830357079117110e-01
5.313446733792135390e-01
5.315010657656580317e-01
4.060427913840130021e-01
2.293945479806134835e-01
1.780304613439837036e-01
2.865680167033246573e-01
3.612716897106145186e-01
2.858317582755106057e-01
2.978230916950573848e-01
3.610833102896575664e-01
4.141455243876657200e-01
3.050892708002603815e-01
2.147869042387748617e-01
3.226317874521858475e-01
2.548600701093660659e-01
1.435930459584975616e-01
1.923124482051469242e-01
3.174006483922703348e-01
3.568632607789397060e-01
4.784019828706297384e-01
4.994923004150569334e-01
3.903236913601238478e-01
4.559687775289964495e-01
4.753733470107550096e-01
4.818831398304397329e-01
4.083029439079797762e-01
3.670287789531255229e-01
3.947970489064934752e-01
3.540493079902882756e-01
3.450666443695583618e-01
4.467923039520577122e-01
5.081817780004580509e-01
4.122339781291414207e-01
4.362756381879906442e-01
3.789032715162968801e-01
3.557658171947417625e-01
3.790215897586297622e-01
3.445705025324689030e-01
4.480298336846981200e-01
5.555347576400372356e-01
6.305717719469505766e-01
6.773268435093656725e-01
6.340453070179796757e-01
5.209521148307048044e-01
3.640756026617682495e-01
2.772604394545064577e-01
-4.330817833476499623e-01
-9.462025749604819902e-01
-8.509259130757546030e-02
4.550796761341034946e-01
6.876188550644599662e-01
4.179932638218175622e-01
2.625943881897818688e-01
7.450569048445891962e-01
9.696672442545465342e-01
1.013828367454729928e+00
8.543113655351919355e-01
6.857035558748593163e-01
2.566602438830956068e-01
7.302249095611834662e-01
9.860626994032252179e-01
9.800625385742304241e-01
9.922213926009183504e-01
1.050410706024158314e+00
9.799063166160364435e-01
-1.856901490577269054e-01
-6.282023896096560200e-01
5.495434777348651156e-01
9.645901908582299455e-01
9.039872468590897103e-01
1.012709939715472407e+00
1.107166527715249149e+00
1.157224936124663595e+00
1.093752608426727946e+00
1.985748541441179071e-02
-1.552425864186940174e+00
3.507354526824042473e-01
1.068191974444903991e+00
1.181100349649400805e+00
1.140713928319738502e+00
1.263191390041158657e+00
1.268176380255975788e+00
1.158756519806638297e+00
9.407150313284955434e-01
9.219676952624183963e-01
9.238904215344627691e-01
8.611694719310258872e-01
8.647756657635169431e-01
8.260590738495815488e-01
8.250001054827342806e-01
8.332798690495391014e-01
8.845404991797068961e-01
8.820644489695558255e-01
9.594474669418999735e-01
9.705560581925289920e-01
1.023588479492896886e+00
1.084914699074450928e+00
1.076789971211208563e+00
1.035760518192994972e+00
1.043409444515555506e+00
1.065292107441313085e+00
1.066394374996070926e+00
1.082476032222044804e+00
