-3.310946470376903428e-02
-8.809155596216745182e-03
4.074937703064848010e-02
1.976216906948539270e-02
1.256715610942289729e-02
-4.823591861135852893e-02
-8.572414423921790316e-01
-1.126428975913295272e+00
-1.951203354846459126e-01
2.205486800456267493e-01
2.985533858978732802e-01
2.536444863549200956e-01
-8.413798636665234532e-02
4.010238686703443411e-03
7.945966406719770503e-02
1.111668868896925622e-01
9.941121300008792794e-02
7.858383574004321193e-02
5.564796779351664779e-02
5.412508117579833966e-02
2.445300717441117183e-02
7.254999204396454793e-02
5.100512451011994519e-02
6.733447940868858561e-05
1.292621716195626810e-02
2.463721592683398853e-02
-1.003657722021813192e-01
-5.728610287183408256e-02
-7.749557424962649071e-03
1.017960314669973630e-02
3.142255925576668829e-02
5.348022262152332673e-02
3.289275722169178462e-02
-9.857259565779699084e-01
-2.817526473497466988e+00
-4.561635107269278455e-01
1.683646266021237015e-01
3.075144557553965985e-02
2.914820596104947259e-01
2.563904877227451973e-02
-2.390995075634016476e-01
8.197175984447357955e-04
1.645325268861511092e-01
4.080850067834040917e-01
4.274784003525677889e-01
3.608599893323635177e-01
-1.277721984964957092e-01
-1.067685282656295337e-01
9.665937574961883105e-03
1.412254129018534199e-01
1.571892651134995378e-01
1.262532420354226248e-01
-3.209673182134080149e-01
-1.374313047377927033e+00
-1.506335580152783904e-01
2.495937390018992397e-01
3.380981344292477431e-01
1.665135276070977277e-01
1.224911720805485216e-01
1.999547183874280099e-01
1.644095065292673352e-01
1.334999470521168463e-01
-2.746450351757506736e-01
-3.157757065635588556e-01
8.455580142411370237e-02
2.437724510669699307e-01
2.542957511235067192e-01
2.378764622314230859e-01
2.291562583852108093e-01
1.699700816082374555e-01
-4.324635769703482485e-02
4.207649782840647279e-03
1.021439539178128075e-01
1.100888198949303842e-01
5.718343707550468946e-02
7.077792515286351893e-02
1.194338028806487123e-01
1.395202423301607486e-01
3.363637384924217377e-02
-7.723215972567802623e-02
7.110229129929998559e-02
8.586461113077686891e-02
1.185688404601370483e-02
3.638255315321478611e-02
1.001957884999844367e-01
1.069485302404041133e-01
1.794122794195568971e-01
1.713553646637271943e-01
1.198487772751341274e-01
1.400334667488569995e-01
1.223949856443683204e-01
1.238266555704307659e-01
4.579376350353064895e-02
2.435000066918135975e-02
8.088273927700526111e-02
1.303377209645383006e-01
1.282257378671264880e-01
1.628674988014194025e-01
1.841683473082941502e-01
1.362582711773213384e-01
1.038351908900112530e-01
6.139677011786900951e-02
2.765905201114537970e-02
4.427106736203428872e-02
1.482205232670397166e-02
7.830219970530474805e-02
1.326720927908154879e-01
1.742668308864521731e-01
2.456181494728755799e-01
1.811704753424263348e-01
4.253456721262618978e-02
-1.143409199429659406e-01
-1.586008150265421357e-01
-8.529313159893942009e-01
-1.226271616366413131e+00
-3.264419132187917905e-01
1.708229580015348525e-01
3.250531836713788092e-01
2.181068048620352084e-03
-1.621545261330576693e-01
2.454433978347403400e-01
4.383289892628129958e-01
3.844496272944862292e-01
2.148549681988347615e-01
8.464941962878182180e-02
-2.703505348886203197e-01
1.584508161560202744e-01
3.985704253207565384e-01
3.685471366869830234e-01
3.504048330403824463e-01
4.076306987535779358e-01
3.736253460946729610e-01
-7.615427104600634989e-01
-9.870827854092993903e-01
1.973532795336168932e-01
5.455014939401233720e-01
4.317258368129528456e-01
4.564099529161269597e-01
5.217043506997898206e-01
5.579339075263853864e-01
4.555444195661023654e-01
-6.551917579977248884e-01
-1.855421224940834168e+00
1.172762847560645250e-01
6.931625217485898327e-01
7.974365649519544741e-01
7.113881208328964867e-01
6.076980564758596159e-01
6.288238127522766119e-01
6.630533417630003479e-01
4.592686155932891867e-01
4.256076514925194454e-01
3.270160390082986201e-01
2.392783927323139936e-01
2.674036185497344342e-01
2.095632204229089801e-01
1.967785918757574137e-01
2.736570370666655538e-01
3.857231562386602697e-01
4.470358680866974299e-01
4.974142120291227265e-01
5.045938838403351001e-01
5.065370386844695316e-01
6.385998574278943796e-01
5.916690942379608797e-01
6.079615764464296745e-01
6.184048196151128440e-01
6.377254992213006179e-01
6.114739685686150228e-01
6.176051368411946685e-01
