-2.475989507693161507e+00
-2.474884142729790959e+00
-2.474392268269074879e+00
-2.473066316788741670e+00
-2.471305964900187835e+00
-2.467734190572441477e+00
-2.480135755354848648e+00
-2.475988956427568333e+00
-2.473574965132332437e+00
-2.469938685580598037e+00
-2.463982604600480464e+00
-2.454000953809481356e+00
-2.445665598565036181e+00
-2.441703893117574964e+00
-2.431672171224729340e+00
-2.409675476941174121e+00
-2.360323402161761841e+00
-2.211321381083579229e+00
8.965806618965718400e+00
-2.826818565693187679e+00
-2.677143687442988362e+00
-2.609383555814135836e+00
-2.572480930132636789e+00
-2.560398631158973259e+00
-2.553731004480483957e+00
-2.545281338424794093e+00
-2.552914080370141559e+00
-2.578281338527589561e+00
-2.585459281261783815e+00
-2.570822188091416827e+00
-2.550732847753931498e+00
-2.532451027090450335e+00
-2.520817354930959375e+00
-2.389608264997352016e+00
-2.468732767907901415e+00
-2.469422270183293744e+00
-2.465850814218419451e+00
-2.461160161215498299e+00
-2.455038646846423589e+00
-2.447790639699998216e+00
-2.443803730220915238e+00
-2.439599691018872196e+00
-2.430340340503648111e+00
-2.408621964573990137e+00
-2.342708598328817615e+00
-1.820611048248326203e+00
-8.862822887878564870e+00
-1.450602544974401109e+00
-1.455148660073378064e+00
-3.822062056514180739e+00
-2.775884564252296460e+00
-2.652526312538599829e+00
-2.697572075171703609e+00
-2.334950470919128218e+00
-2.409620959746682001e+00
-2.388740699799683398e+00
-2.295370783122178793e+00
-1.385537755179475417e+00
-2.988824880222878733e+00
-2.684486944224275362e+00
-2.603359925106415673e+00
-2.571971542034573233e+00
-2.578553398244821437e+00
-2.639066430869873248e+00
-2.662371154627648728e+00
-2.593618313403912357e+00
-2.553143048312664476e+00
-2.532309034278854565e+00
-2.519899034086245493e+00
-2.512550532492725530e+00
-2.509560689877182060e+00
-2.508452046513212519e+00
-2.505766778227674685e+00
-2.501496769434203848e+00
-2.497729875663850407e+00
-2.494453973897473809e+00
-2.490863554052925366e+00
-2.487120243444839840e+00
-2.483857339458013680e+00
-2.481042259465785271e+00
-2.478125721734810938e+00
-2.475155867215950600e+00
-2.472091121587581153e+00
-2.468914340668016294e+00
-2.466148142936841481e+00
-2.463841928149237415e+00
-2.462059550568509891e+00
-2.460573562085841104e+00
-2.458573090749685441e+00
-2.456420748666587883e+00
-2.454487174424653251e+00
-2.452545977680934186e+00
-2.450140133275912735e+00
-2.447131962848448694e+00
-2.444298722802423107e+00
-2.441796204193229514e+00
-2.439290636246744359e+00
-2.437451263705150417e+00
-2.436487546571574736e+00
-2.434971334396863973e+00
-2.432792317800640980e+00
-2.430158159920775773e+00
-2.426878139984429694e+00
-2.423686047287429535e+00
-2.420427341518860409e+00
-2.417995181047109199e+00
-2.417516859525139505e+00
-2.418200690281781196e+00
-2.419382234192333669e+00
-2.419786814602594482e+00
-2.418102705446226075e+00
-2.413692490437762572e+00
-2.407043375677910824e+00
-2.387520189181291830e+00
-2.312572759258606059e+00
-2.152359908067733141e+00
-2.203815947055364433e+00
-2.299830608234069373e+00
-2.332398057419615256e+00
-2.332693377675365998e+00
-2.346095257574509763e+00
-2.372293277501503983e+00
-2.389583122687270134e+00
-2.397207111922182943e+00
-2.398502334676165582e+00
-2.392380643730510847e+00
-2.388556239251448332e+00
-2.394398763092687066e+00
-2.400372971880718964e+00
-2.404025614168622482e+00
-2.406839983145610429e+00
-2.408566041671919677e+00
-2.399684610271428653e+00
-2.372141851010878266e+00
-2.354715243832604887e+00
-2.367917641277573093e+00
-2.379621355369117897e+00
-2.386839644139579608e+00
-2.392917468106497303e+00
-2.397811608416718698e+00
-2.400664675937735026e+00
-2.393507983195191535e+00
-2.355187537407565923e+00
-2.311545055034522012e+00
-2.335129901812670994e+00
-2.360817341350454068e+00
-2.375475365888389145e+00
-2.384175684576081533e+00
-2.390077634104882165e+00
-2.393697364601222510e+00
-2.394418506216656528e+00
-2.393409354363797537e+00
-2.392008514648197970e+00
-2.389903680793300733e+00
-2.387572063390251742e+00
-2.385126104650860057e+00
-2.382461655932858413e+00
-2.380200355057912720e+00
-2.378905666952213505e+00
-2.378289293253642800e+00
-2.378196005883150832e+00
-2.378352631680582974e+00
-2.378494033260142082e+00
-2.379166520154663456e+00
-2.379800807839980603e+00
-2.379803466103410869e+00
-2.379534732812719433e+00
-2.379269214669516685e+00
-2.378866877248563938e+00
-2.378316344023921225e+00
