1.489143414974833069e-06
1.097862365905759630e-05
3.819738941838259793e-05
9.919299548919396177e-05
1.864413635050408188e-04
2.874836929615861149e-04
2.709223595873128804e-04
-2.662063346648167522e-04
-1.389985863411699607e-03
-2.621205441024997487e-03
-3.652871987735078867e-03
-4.415901645835891565e-03
-4.975420717081371208e-03
-5.489979835165120087e-03
-5.950378512682002845e-03
-6.312078695991373521e-03
-6.557155568818123087e-03
-6.697913427080092429e-03
-6.751927315945634687e-03
-6.736083941593128468e-03
-6.664069357907552449e-03
-6.547869959222316592e-03
-6.377381857633447441e-03
-6.167890184561999022e-03
-5.942433790692432105e-03
-5.700436138155697517e-03
-5.454635336021741027e-03
-5.255325318271918296e-03
-5.087390081027112765e-03
-4.919273306407655373e-03
-4.732037733150466254e-03
-4.510661357989522585e-03
-4.247495515799096580e-03
-4.076922068629808618e-03
-4.684915623658530634e-03
-6.683153429286822073e-03
-9.037744697053429199e-03
-1.120670744843799312e-02
-1.314986075245542195e-02
-1.479436344717006621e-02
-1.627901371408701364e-02
-1.772811026809885393e-02
-1.904503089497586871e-02
-2.011008813452750191e-02
-2.080566660411359292e-02
-2.112223464335630935e-02
-2.117052555617019924e-02
-2.119621352829092337e-02
-2.122958740532741861e-02
-2.119988996697843783e-02
-2.103322411361845112e-02
-2.072063367545101328e-02
-2.034012814964600291e-02
-2.023309046706212727e-02
-2.076190101252175374e-02
-2.139524624425289540e-02
-2.180008634716617405e-02
-2.191859859158108020e-02
-2.183088322280338223e-02
-2.158281807533559901e-02
-2.115824514676389184e-02
-2.057707440800675761e-02
-1.992257200126463026e-02
-1.939561824091028119e-02
-1.900333248760337906e-02
-1.855314538530900698e-02
-1.793646679952875383e-02
-1.713265944955491213e-02
-1.615339355718152167e-02
-1.502853491784822935e-02
-1.383745525680230709e-02
-1.267995655925156437e-02
-1.156134548870275253e-02
-1.042500658670770033e-02
-9.248320005627187063e-03
-8.057600822675037300e-03
-6.847822998914472777e-03
-5.589390498293460817e-03
-4.276848438183760738e-03
-2.970682180132665391e-03
-1.709454571853961545e-03
-4.470560019291559828e-04
8.041047935422203623e-04
2.006211449314500902e-03
3.184959671439907374e-03
4.393686329785770686e-03
5.661796693558517231e-03
7.030042786978891144e-03
8.490959293592061433e-03
1.000366431893924893e-02
1.157548302995023426e-02
1.320711592899030846e-02
1.488565032387372325e-02
1.656976340977146800e-02
1.824201696357137525e-02
1.991837068622616391e-02
2.160189730725792581e-02
2.329948622769771258e-02
2.504787200115726753e-02
2.686009045575937781e-02
2.870103352869590382e-02
3.055482126460991668e-02
3.239475883949188839e-02
3.420775550750042304e-02
3.599913752431391223e-02
3.776911859298005131e-02
3.956437376217636359e-02
4.143447814917380900e-02
4.341234360279847687e-02
4.551093481582076800e-02
4.768581079695523306e-02
4.985122104735120740e-02
5.191916827779674559e-02
5.377162937620791339e-02
5.506251032877432228e-02
5.568445313251038642e-02
5.610778558039026392e-02
5.669053973254428030e-02
5.751759923706765976e-02
5.843322875455003729e-02
5.938007196355480494e-02
6.055995291968516853e-02
6.208463111043471122e-02
6.391979875712233694e-02
6.594310788175750115e-02
6.800598735889908097e-02
6.997036805198872389e-02
7.203816225053996658e-02
7.435272466805603608e-02
7.690714099592947661e-02
7.968286405105208525e-02
8.267766528695628947e-02
8.571743668054623844e-02
8.824848976098910447e-02
9.019809028552616681e-02
9.215875393091260692e-02
9.440742378874114604e-02
9.692411922755900244e-02
9.971406059649363940e-02
1.027973207009376805e-01
1.061622852742039047e-01
1.096222798635195644e-01
1.125169219488584837e-01
1.144062004215185141e-01
1.161829990289093145e-01
1.183529556692655554e-01
1.209795141270263857e-01
1.240022657140483903e-01
1.273870574455536475e-01
1.310981527698527049e-01
1.350584628282952837e-01
1.391455733641253079e-01
1.433140583258195322e-01
1.475300719920045744e-01
1.517561783258487562e-01
1.559862162610993197e-01
1.602013245864426783e-01
1.644011659121400182e-01
1.686132354876651307e-01
1.728784618326403844e-01
1.772200034241869226e-01
1.816651566828564324e-01
1.862198579620185646e-01
1.909001364632055553e-01
1.957351383559773617e-01
2.007075886516237473e-01
2.057970959800176636e-01
2.109992960326505518e-01
2.163143289387177981e-01
2.217320708960013043e-01
